200 7988
1 2 28
1 6 8
1 21 31
1 22 19
1 23 30
1 25 20
1 27 32
1 30 22
1 35 8
1 39 14
1 40 1
1 46 35
1 48 39
1 51 28
1 53 17
1 54 39
1 57 35
1 63 16
1 64 19
1 65 7
1 69 35
1 71 20
1 72 21
1 75 26
1 84 34
1 85 7
1 87 28
1 92 14
1 94 3
1 97 33
1 98 19
1 99 40
1 106 12
1 108 9
1 109 7
1 110 10
1 114 15
1 118 27
1 119 40
1 123 2
1 126 14
1 128 1
1 132 1
1 133 17
1 134 11
1 135 31
1 139 25
1 142 18
1 144 29
1 146 27
1 148 16
1 151 6
1 152 11
1 155 17
1 157 31
1 160 32
1 164 22
1 168 22
1 171 6
1 175 3
1 190 28
1 194 30
1 195 5
1 197 38
1 199 21
1 200 15
2 3 7
2 4 6
2 6 29
2 7 39
2 10 24
2 11 14
2 13 19
2 17 19
2 20 3
2 21 24
2 26 20
2 27 13
2 36 35
2 38 35
2 41 20
2 45 22
2 50 4
2 52 9
2 54 34
2 55 7
2 59 7
2 60 38
2 61 20
2 65 30
2 71 23
2 73 27
2 76 5
2 77 35
2 78 3
2 79 8
2 84 24
2 85 27
2 89 39
2 91 28
2 92 31
2 95 15
2 99 15
2 100 33
2 101 30
2 104 17
2 105 3
2 110 22
2 112 10
2 113 34
2 115 2
2 116 18
2 117 19
2 125 38
2 126 10
2 127 10
2 130 6
2 131 24
2 135 9
2 140 6
2 144 40
2 150 19
2 151 5
2 156 17
2 158 14
2 160 14
2 161 18
2 163 7
2 166 11
2 173 30
2 176 36
2 177 28
2 179 36
2 181 34
2 182 18
2 186 13
2 187 2
2 189 6
2 190 35
2 194 39
2 197 16
2 199 20
2 200 27
3 5 32
3 7 6
3 9 30
3 10 3
3 11 2
3 18 37
3 19 11
3 20 21
3 21 8
3 23 2
3 24 9
3 26 34
3 32 40
3 36 36
3 37 10
3 38 11
3 39 13
3 40 34
3 43 15
3 47 2
3 49 37
3 51 10
3 53 8
3 56 1
3 58 23
3 59 38
3 60 37
3 61 16
3 62 30
3 64 30
3 66 8
3 67 9
3 68 38
3 70 33
3 71 18
3 74 21
3 76 40
3 77 22
3 80 8
3 84 31
3 85 12
3 86 2
3 87 14
3 90 18
3 91 7
3 93 18
3 94 23
3 95 22
3 96 17
3 98 36
3 100 15
3 102 1
3 104 34
3 107 38
3 108 5
3 109 25
3 114 2
3 117 9
3 118 22
3 125 26
3 127 11
3 128 3
3 130 1
3 131 36
3 136 12
3 140 30
3 141 25
3 143 13
3 145 38
3 152 40
3 154 36
3 161 32
3 163 38
3 164 29
3 167 14
3 168 35
3 171 23
3 172 10
3 174 29
3 175 37
3 178 24
3 180 11
3 182 8
3 183 26
3 184 22
3 186 38
3 191 37
3 194 24
3 198 10
4 6 30
4 7 36
4 8 35
4 11 37
4 13 9
4 14 16
4 15 30
4 16 37
4 20 4
4 29 14
4 36 30
4 37 12
4 38 14
4 46 2
4 47 30
4 49 2
4 50 32
4 51 32
4 52 10
4 53 1
4 54 40
4 55 17
4 60 10
4 65 13
4 72 8
4 78 13
4 82 4
4 83 9
4 92 19
4 97 34
4 98 10
4 99 14
4 100 6
4 105 11
4 106 22
4 107 27
4 108 15
4 109 14
4 113 11
4 114 6
4 118 36
4 119 15
4 127 16
4 128 7
4 129 21
4 130 21
4 131 35
4 132 26
4 140 7
4 142 30
4 143 32
4 145 4
4 148 10
4 150 12
4 151 13
4 153 40
4 154 1
4 155 1
4 156 6
4 157 30
4 163 7
4 168 33
4 172 10
4 175 10
4 176 2
4 179 6
4 180 17
4 181 35
4 184 19
4 187 27
4 188 4
4 190 17
4 191 30
4 194 5
4 195 9
4 199 6
5 11 7
5 14 15
5 15 39
5 16 11
5 19 11
5 20 33
5 21 24
5 22 19
5 23 1
5 24 17
5 31 6
5 32 40
5 34 38
5 35 13
5 37 21
5 38 20
5 40 12
5 45 9
5 46 37
5 47 35
5 48 19
5 49 12
5 56 10
5 58 36
5 59 36
5 63 38
5 67 4
5 68 33
5 71 34
5 76 37
5 77 23
5 80 17
5 85 14
5 86 34
5 87 33
5 90 8
5 94 32
5 95 37
5 96 37
5 98 21
5 99 36
5 100 6
5 101 14
5 102 18
5 104 12
5 107 16
5 108 38
5 115 8
5 117 36
5 118 22
5 122 23
5 124 30
5 125 26
5 126 34
5 129 2
5 131 33
5 134 12
5 137 3
5 140 36
5 142 7
5 143 6
5 144 8
5 147 33
5 150 36
5 151 2
5 155 7
5 156 1
5 162 5
5 165 14
5 167 24
5 170 6
5 172 39
5 173 26
5 178 16
5 179 10
5 182 28
5 183 19
5 187 33
5 188 19
5 190 33
5 196 8
6 8 11
6 10 9
6 12 34
6 17 15
6 22 30
6 23 20
6 24 33
6 26 12
6 28 38
6 31 8
6 32 19
6 33 1
6 35 13
6 40 27
6 43 12
6 44 2
6 45 39
6 47 5
6 48 17
6 50 15
6 54 11
6 55 5
6 56 24
6 57 3
6 58 7
6 59 1
6 60 17
6 63 6
6 66 26
6 67 29
6 68 11
6 69 2
6 71 26
6 72 8
6 77 15
6 78 23
6 80 29
6 81 18
6 83 7
6 88 19
6 90 6
6 92 24
6 95 12
6 99 7
6 102 3
6 103 3
6 108 12
6 109 35
6 112 20
6 119 12
6 120 40
6 121 35
6 124 38
6 125 26
6 126 23
6 128 11
6 130 30
6 134 22
6 137 15
6 138 33
6 140 9
6 147 29
6 148 38
6 153 33
6 156 25
6 162 25
6 170 27
6 171 37
6 173 28
6 174 38
6 178 13
6 180 16
6 182 3
6 187 27
6 189 11
6 194 14
6 195 13
6 196 12
6 197 18
7 9 4
7 10 18
7 13 19
7 15 8
7 21 6
7 24 26
7 25 23
7 26 13
7 27 39
7 28 10
7 29 26
7 31 30
7 35 25
7 36 6
7 37 25
7 38 32
7 41 22
7 42 38
7 43 17
7 49 9
7 52 21
7 53 33
7 58 26
7 59 18
7 61 12
7 62 19
7 67 37
7 68 17
7 72 27
7 73 32
7 75 22
7 76 15
7 80 31
7 81 30
7 84 16
7 86 30
7 89 21
7 90 27
7 91 36
7 92 29
7 94 29
7 97 24
7 100 2
7 103 24
7 107 8
7 109 35
7 110 2
7 113 32
7 114 9
7 116 14
7 118 16
7 122 16
7 127 21
7 128 12
7 131 13
7 135 10
7 141 27
7 142 39
7 143 37
7 144 2
7 146 17
7 148 37
7 156 23
7 158 8
7 160 38
7 163 17
7 165 18
7 166 15
7 167 37
7 170 13
7 171 36
7 172 12
7 174 33
7 180 11
7 181 9
7 182 29
7 185 2
7 186 25
7 187 38
7 188 11
7 189 10
7 191 3
8 9 35
8 12 8
8 13 19
8 14 6
8 15 13
8 17 28
8 24 36
8 34 40
8 35 35
8 37 11
8 39 4
8 40 32
8 45 16
8 46 11
8 47 40
8 50 33
8 51 38
8 53 2
8 57 14
8 60 17
8 61 32
8 62 9
8 65 13
8 70 22
8 71 17
8 73 24
8 77 2
8 81 7
8 84 33
8 87 16
8 90 19
8 91 33
8 96 34
8 100 7
8 101 4
8 110 39
8 112 33
8 114 32
8 117 10
8 121 17
8 124 28
8 128 38
8 129 13
8 132 30
8 133 38
8 136 8
8 137 26
8 139 21
8 141 37
8 142 6
8 144 24
8 148 16
8 153 36
8 155 6
8 156 37
8 160 16
8 162 11
8 166 5
8 167 4
8 168 13
8 170 15
8 173 7
8 174 30
8 176 38
8 177 26
8 179 7
8 181 19
8 185 10
8 189 40
8 191 40
8 193 10
8 195 40
8 197 33
8 198 20
8 200 2
9 10 14
9 11 13
9 12 27
9 13 8
9 14 34
9 15 16
9 17 5
9 19 25
9 20 37
9 22 19
9 23 2
9 24 25
9 25 1
9 28 5
9 31 23
9 32 30
9 33 27
9 34 9
9 37 12
9 39 20
9 45 32
9 51 40
9 56 19
9 57 37
9 58 2
9 59 35
9 61 23
9 62 2
9 64 22
9 67 20
9 69 36
9 70 29
9 71 8
9 72 34
9 73 20
9 75 39
9 76 16
9 78 18
9 79 4
9 84 24
9 85 8
9 87 25
9 89 35
9 91 36
9 95 11
9 97 2
9 101 37
9 105 15
9 108 26
9 113 30
9 115 30
9 116 32
9 117 24
9 121 35
9 125 31
9 128 6
9 132 1
9 138 5
9 139 7
9 140 4
9 141 33
9 143 30
9 145 3
9 146 3
9 147 31
9 152 28
9 156 33
9 157 15
9 159 33
9 160 35
9 164 1
9 165 39
9 166 25
9 167 3
9 170 5
9 173 9
9 181 26
9 184 36
9 185 25
9 186 15
9 193 33
9 199 4
10 13 29
10 15 31
10 18 11
10 23 9
10 24 5
10 26 15
10 29 11
10 30 9
10 32 16
10 37 22
10 46 5
10 50 7
10 52 40
10 58 26
10 59 20
10 60 5
10 61 23
10 62 30
10 64 21
10 67 21
10 69 14
10 71 34
10 72 8
10 75 1
10 76 30
10 78 23
10 84 40
10 85 25
10 86 39
10 87 28
10 89 5
10 93 22
10 99 12
10 105 15
10 110 1
10 115 3
10 119 35
10 121 26
10 122 34
10 123 21
10 124 28
10 125 11
10 129 10
10 131 3
10 132 15
10 134 5
10 136 29
10 142 12
10 143 24
10 147 21
10 150 36
10 154 8
10 158 25
10 162 2
10 163 14
10 164 16
10 167 4
10 168 8
10 169 16
10 172 2
10 173 39
10 174 20
10 175 22
10 179 29
10 180 14
10 184 37
10 185 22
10 186 18
10 187 14
10 189 16
10 192 20
10 199 19
10 200 35
11 12 33
11 14 38
11 16 23
11 17 27
11 22 5
11 23 18
11 24 11
11 25 36
11 26 14
11 28 37
11 30 36
11 34 2
11 35 31
11 38 38
11 40 15
11 43 28
11 47 20
11 49 28
11 50 26
11 51 40
11 54 31
11 58 28
11 61 25
11 69 3
11 71 11
11 72 13
11 75 13
11 76 24
11 77 4
11 80 26
11 84 31
11 86 19
11 87 10
11 92 3
11 95 22
11 96 22
11 98 28
11 108 39
11 110 12
11 111 36
11 112 39
11 113 6
11 120 16
11 121 34
11 122 14
11 125 40
11 128 14
11 132 11
11 134 31
11 137 11
11 139 26
11 141 10
11 143 33
11 144 24
11 145 19
11 150 33
11 151 22
11 153 28
11 156 12
11 158 28
11 161 10
11 162 40
11 165 39
11 168 25
11 172 5
11 175 33
11 176 11
11 179 26
11 189 12
11 193 36
11 194 12
11 197 13
12 16 9
12 17 8
12 18 37
12 20 38
12 21 20
12 25 22
12 27 38
12 29 23
12 32 28
12 33 16
12 34 10
12 39 20
12 40 37
12 43 28
12 44 31
12 45 26
12 47 39
12 52 37
12 53 1
12 56 18
12 62 24
12 63 40
12 64 30
12 66 25
12 72 37
12 75 36
12 80 15
12 81 23
12 84 23
12 85 29
12 90 6
12 92 33
12 93 31
12 94 3
12 96 15
12 97 11
12 99 7
12 103 22
12 109 3
12 111 35
12 114 37
12 116 15
12 119 18
12 120 26
12 122 14
12 123 35
12 124 33
12 126 28
12 127 25
12 128 35
12 130 32
12 131 1
12 132 35
12 135 18
12 141 37
12 142 17
12 144 6
12 151 40
12 154 38
12 155 17
12 156 17
12 158 39
12 167 18
12 170 15
12 171 20
12 172 33
12 173 9
12 175 39
12 176 7
12 180 31
12 182 22
12 184 25
12 189 37
12 191 35
12 193 7
12 194 15
12 196 14
12 197 38
12 198 31
13 14 21
13 16 6
13 18 13
13 23 24
13 27 1
13 29 14
13 35 16
13 38 3
13 40 12
13 45 40
13 46 6
13 47 33
13 49 32
13 54 22
13 58 8
13 59 32
13 63 15
13 64 25
13 67 15
13 69 3
13 71 25
13 75 28
13 77 3
13 80 4
13 81 25
13 82 36
13 85 15
13 87 22
13 92 26
13 101 9
13 105 7
13 108 33
13 109 6
13 111 40
13 114 12
13 122 6
13 125 37
13 127 28
13 132 35
13 135 14
13 138 4
13 139 35
13 145 2
13 147 39
13 155 12
13 156 20
13 157 21
13 158 10
13 163 34
13 164 37
13 166 24
13 168 27
13 169 18
13 173 6
13 174 7
13 177 5
13 180 11
13 181 40
13 183 40
13 184 7
13 186 29
13 188 19
13 192 5
13 194 14
13 196 5
13 197 32
13 198 39
14 15 16
14 19 24
14 20 32
14 21 30
14 29 33
14 31 38
14 35 38
14 42 37
14 43 28
14 44 29
14 45 22
14 46 12
14 47 9
14 51 7
14 55 32
14 58 28
14 59 35
14 63 26
14 65 21
14 68 15
14 74 27
14 75 33
14 77 30
14 78 18
14 79 25
14 81 2
14 84 16
14 88 27
14 90 26
14 91 25
14 94 38
14 95 19
14 96 38
14 100 12
14 104 22
14 107 26
14 108 7
14 109 1
14 110 35
14 113 9
14 115 27
14 118 28
14 120 2
14 124 32
14 125 39
14 128 16
14 129 30
14 130 34
14 138 25
14 140 10
14 142 30
14 143 9
14 151 24
14 153 3
14 155 5
14 158 20
14 159 25
14 163 17
14 166 23
14 169 17
14 175 7
14 179 29
14 181 27
14 186 36
14 188 18
14 193 6
14 198 2
14 199 23
14 200 32
15 21 12
15 22 40
15 23 22
15 26 12
15 29 29
15 38 7
15 39 15
15 40 25
15 43 1
15 46 28
15 47 30
15 49 27
15 52 30
15 53 4
15 55 31
15 57 26
15 62 18
15 68 6
15 71 33
15 72 18
15 77 31
15 80 32
15 81 12
15 82 39
15 83 24
15 84 33
15 87 25
15 88 36
15 90 24
15 93 16
15 95 8
15 99 5
15 103 23
15 105 30
15 108 14
15 109 13
15 112 25
15 115 4
15 122 15
15 126 7
15 129 27
15 130 35
15 132 40
15 133 13
15 136 25
15 137 21
15 138 4
15 141 12
15 142 13
15 143 5
15 144 3
15 145 21
15 152 9
15 154 17
15 155 40
15 158 22
15 161 24
15 163 13
15 164 21
15 167 33
15 173 20
15 176 7
15 178 17
15 183 38
15 184 25
15 185 24
15 186 32
15 187 19
15 191 19
15 194 6
16 21 34
16 26 31
16 27 19
16 31 13
16 32 14
16 33 30
16 34 13
16 35 38
16 39 19
16 40 16
16 41 40
16 43 18
16 44 1
16 49 4
16 50 40
16 55 23
16 58 7
16 59 35
16 63 14
16 66 14
16 78 7
16 79 14
16 82 3
16 83 28
16 85 36
16 86 22
16 87 9
16 89 18
16 90 24
16 92 35
16 94 21
16 96 40
16 99 1
16 100 7
16 101 24
16 106 29
16 109 21
16 111 33
16 121 10
16 124 29
16 130 13
16 133 25
16 134 6
16 135 23
16 137 24
16 141 4
16 142 22
16 143 27
16 145 9
16 154 15
16 156 5
16 158 40
16 162 31
16 164 16
16 165 35
16 167 39
16 168 27
16 169 29
16 171 38
16 172 29
16 175 23
16 176 26
16 177 2
16 180 8
16 181 32
16 186 4
16 190 2
16 191 20
16 192 31
16 193 3
16 194 32
16 195 6
16 196 3
16 198 19
16 199 2
17 18 25
17 22 18
17 24 40
17 30 22
17 35 32
17 37 40
17 39 35
17 40 2
17 43 20
17 45 31
17 47 13
17 52 27
17 54 8
17 55 32
17 56 33
17 59 37
17 62 25
17 65 28
17 66 32
17 67 30
17 70 4
17 71 11
17 77 31
17 86 19
17 87 2
17 88 25
17 89 26
17 92 21
17 94 21
17 99 29
17 106 25
17 107 5
17 109 28
17 111 24
17 113 36
17 116 33
17 118 18
17 119 32
17 120 16
17 121 7
17 127 17
17 130 39
17 132 32
17 133 3
17 138 1
17 139 5
17 140 40
17 142 8
17 144 28
17 145 31
17 153 2
17 161 35
17 162 9
17 164 11
17 168 24
17 169 1
17 170 28
17 172 10
17 177 39
17 181 24
17 184 26
17 186 35
17 187 38
17 194 5
18 23 30
18 25 34
18 26 38
18 27 24
18 28 6
18 29 24
18 30 27
18 32 40
18 33 36
18 34 37
18 35 2
18 36 35
18 38 14
18 40 10
18 41 40
18 42 24
18 48 31
18 54 9
18 55 26
18 56 37
18 57 1
18 61 4
18 63 2
18 65 3
18 67 27
18 68 12
18 70 10
18 75 27
18 76 16
18 77 24
18 79 18
18 80 13
18 81 24
18 84 19
18 85 22
18 87 19
18 90 6
18 91 36
18 92 18
18 95 39
18 99 12
18 101 24
18 105 8
18 106 38
18 107 30
18 108 37
18 109 30
18 110 38
18 111 32
18 116 36
18 121 4
18 122 11
18 128 13
18 130 13
18 134 26
18 135 8
18 138 33
18 143 23
18 145 39
18 147 28
18 153 12
18 154 31
18 155 15
18 157 6
18 159 25
18 167 7
18 171 39
18 173 15
18 174 30
18 175 19
18 177 32
18 178 2
18 180 25
18 181 11
18 182 17
18 183 11
18 189 21
18 193 30
18 194 22
18 198 16
19 25 17
19 27 33
19 30 33
19 31 33
19 33 3
19 34 17
19 35 36
19 39 27
19 41 28
19 45 16
19 48 2
19 49 29
19 52 29
19 57 20
19 59 38
19 62 9
19 63 12
19 65 23
19 68 10
19 69 28
19 74 2
19 75 9
19 77 32
19 81 6
19 82 15
19 85 5
19 91 16
19 92 20
19 94 34
19 99 31
19 101 25
19 102 24
19 103 17
19 105 39
19 107 10
19 108 15
19 109 35
19 110 39
19 115 35
19 119 25
19 120 28
19 128 9
19 131 17
19 132 32
19 135 21
19 137 35
19 140 12
19 141 14
19 142 15
19 145 15
19 146 8
19 148 19
19 149 30
19 150 16
19 152 8
19 159 26
19 168 22
19 169 24
19 170 15
19 173 30
19 174 6
19 175 24
19 178 23
19 180 37
19 186 20
19 188 31
19 195 25
19 196 10
19 198 32
19 200 7
20 23 8
20 31 25
20 38 1
20 39 15
20 40 18
20 41 9
20 43 16
20 45 34
20 48 19
20 51 38
20 52 5
20 55 31
20 62 18
20 64 32
20 66 23
20 67 14
20 69 37
20 74 21
20 77 40
20 78 35
20 79 11
20 81 18
20 82 38
20 83 21
20 84 1
20 87 37
20 88 21
20 90 2
20 93 6
20 94 10
20 100 24
20 102 33
20 103 23
20 111 39
20 112 4
20 114 32
20 116 31
20 117 31
20 118 18
20 124 40
20 126 36
20 128 35
20 130 37
20 132 5
20 134 19
20 142 12
20 145 14
20 146 39
20 148 28
20 149 38
20 154 10
20 156 13
20 158 36
20 160 38
20 163 23
20 165 3
20 168 38
20 170 2
20 175 6
20 176 31
20 181 25
20 182 33
20 186 22
20 188 21
20 193 7
20 194 8
20 195 28
21 22 7
21 27 17
21 28 1
21 29 11
21 30 26
21 31 4
21 32 33
21 35 1
21 37 26
21 38 18
21 41 27
21 43 31
21 46 22
21 48 35
21 50 31
21 53 28
21 58 8
21 60 5
21 64 26
21 65 28
21 66 24
21 67 31
21 69 9
21 72 23
21 73 31
21 77 12
21 78 12
21 80 19
21 81 34
21 82 10
21 83 14
21 87 39
21 88 21
21 89 40
21 90 9
21 94 34
21 97 24
21 98 12
21 99 6
21 100 3
21 104 20
21 106 3
21 110 28
21 112 15
21 118 24
21 121 7
21 125 33
21 126 28
21 129 36
21 130 11
21 131 5
21 138 11
21 140 1
21 141 35
21 143 14
21 145 24
21 148 36
21 150 36
21 154 25
21 158 20
21 160 38
21 165 3
21 166 12
21 168 13
21 170 16
21 177 19
21 179 6
21 182 7
21 183 32
21 184 34
21 188 27
21 190 6
21 192 5
21 196 19
21 198 17
21 200 2
22 24 4
22 27 28
22 31 4
22 32 23
22 33 31
22 35 21
22 38 1
22 40 7
22 41 20
22 42 37
22 43 4
22 44 26
22 52 35
22 58 10
22 59 34
22 62 3
22 63 25
22 64 29
22 72 13
22 83 16
22 86 29
22 90 4
22 94 5
22 96 16
22 97 29
22 99 14
22 102 16
22 104 1
22 106 38
22 111 4
22 112 16
22 113 8
22 115 33
22 116 4
22 118 30
22 119 18
22 122 14
22 123 4
22 124 37
22 127 19
22 128 17
22 129 40
22 130 22
22 132 3
22 133 11
22 135 25
22 136 10
22 140 22
22 141 1
22 142 38
22 144 24
22 145 12
22 149 4
22 153 32
22 155 37
22 167 11
22 168 19
22 174 10
22 175 35
22 176 30
22 177 12
22 179 30
22 180 26
22 181 3
22 182 25
22 183 20
22 185 8
22 186 32
22 188 14
22 190 7
22 191 20
22 192 26
22 193 8
22 196 35
22 197 27
22 200 32
23 28 4
23 30 31
23 31 1
23 34 11
23 35 16
23 38 39
23 50 20
23 51 1
23 54 22
23 61 8
23 63 26
23 64 12
23 65 36
23 66 36
23 68 27
23 69 5
23 70 39
23 72 22
23 73 7
23 77 39
23 79 38
23 82 20
23 87 34
23 88 20
23 89 29
23 90 36
23 93 2
23 95 30
23 96 2
23 98 33
23 99 4
23 100 19
23 105 16
23 106 29
23 108 14
23 110 1
23 120 32
23 121 29
23 125 21
23 126 15
23 128 5
23 131 29
23 136 28
23 142 20
23 146 16
23 149 18
23 152 6
23 155 38
23 157 16
23 158 9
23 163 38
23 165 7
23 169 2
23 170 19
23 171 31
23 172 29
23 174 23
23 175 3
23 177 3
23 178 11
23 184 9
23 191 40
23 193 22
23 195 21
23 196 27
23 199 23
23 200 16
24 29 34
24 30 9
24 33 35
24 34 39
24 35 37
24 38 12
24 42 39
24 43 33
24 44 25
24 45 12
24 46 15
24 47 23
24 51 4
24 56 28
24 58 14
24 63 24
24 64 17
24 65 14
24 68 37
24 69 31
24 70 3
24 76 12
24 77 6
24 78 14
24 80 10
24 82 2
24 83 23
24 86 3
24 92 27
24 94 4
24 95 35
24 96 15
24 98 8
24 104 29
24 108 33
24 110 19
24 118 6
24 122 3
24 124 6
24 126 30
24 128 29
24 130 36
24 131 34
24 133 2
24 135 15
24 139 38
24 141 10
24 142 25
24 147 20
24 148 16
24 149 5
24 153 38
24 156 39
24 161 2
24 163 16
24 165 38
24 167 23
24 168 39
24 169 12
24 170 36
24 171 17
24 175 12
24 176 4
24 177 20
24 178 7
24 181 24
24 183 26
24 184 27
24 185 18
24 186 22
24 187 38
24 188 28
24 190 7
24 191 21
24 192 28
24 193 1
24 194 31
24 195 3
24 198 40
24 199 34
24 200 37
25 27 34
25 33 24
25 35 35
25 41 2
25 43 25
25 45 23
25 48 5
25 51 4
25 52 31
25 53 6
25 54 39
25 57 35
25 61 40
25 62 28
25 64 16
25 65 39
25 68 8
25 71 6
25 72 26
25 74 9
25 82 8
25 85 19
25 91 9
25 92 26
25 94 12
25 95 36
25 96 27
25 101 32
25 104 39
25 105 30
25 106 15
25 109 18
25 110 12
25 111 1
25 114 7
25 115 28
25 118 15
25 123 7
25 126 31
25 129 4
25 130 38
25 131 21
25 140 31
25 141 19
25 152 3
25 153 27
25 154 9
25 159 33
25 160 8
25 169 8
25 173 12
25 174 7
25 178 20
25 179 14
25 183 8
25 186 18
25 195 38
25 198 32
25 200 24
26 29 29
26 31 12
26 32 7
26 33 23
26 35 29
26 37 9
26 38 36
26 40 13
26 41 22
26 43 31
26 44 32
26 48 29
26 51 14
26 55 40
26 56 7
26 60 11
26 62 29
26 64 28
26 65 35
26 66 33
26 69 38
26 71 35
26 72 24
26 74 14
26 76 7
26 80 10
26 85 21
26 89 22
26 96 21
26 97 6
26 99 28
26 100 11
26 102 30
26 103 40
26 104 38
26 115 31
26 117 18
26 123 11
26 127 13
26 128 30
26 131 6
26 133 16
26 138 24
26 139 16
26 140 6
26 143 40
26 144 7
26 148 6
26 149 13
26 150 6
26 151 9
26 153 11
26 157 9
26 161 6
26 163 5
26 166 5
26 170 15
26 171 1
26 172 3
26 174 19
26 176 21
26 178 8
26 182 15
26 184 4
26 195 16
26 196 19
26 197 22
26 198 10
26 199 30
26 200 9
27 29 31
27 35 31
27 37 25
27 39 2
27 44 17
27 45 13
27 48 9
27 49 13
27 51 26
27 53 40
27 55 4
27 62 40
27 65 26
27 67 18
27 69 6
27 73 28
27 77 22
27 80 16
27 84 35
27 87 5
27 88 19
27 92 9
27 93 20
27 94 40
27 97 33
27 98 23
27 101 36
27 108 38
27 109 12
27 113 24
27 114 24
27 115 32
27 117 11
27 119 22
27 120 18
27 121 32
27 123 40
27 124 18
27 128 30
27 129 21
27 130 26
27 132 10
27 134 17
27 135 27
27 137 29
27 139 8
27 140 23
27 146 39
27 148 25
27 153 24
27 155 26
27 158 34
27 159 27
27 163 23
27 165 20
27 168 7
27 171 1
27 172 10
27 181 24
27 182 8
27 183 37
27 184 18
27 185 4
27 188 18
27 191 21
27 192 38
27 193 19
27 194 40
27 195 39
27 196 32
27 198 15
27 199 7
28 29 1
28 30 19
28 32 32
28 33 30
28 36 2
28 40 8
28 43 18
28 49 8
28 50 33
28 54 28
28 57 7
28 58 40
28 62 22
28 64 8
28 65 6
28 67 29
28 74 36
28 76 25
28 79 14
28 82 39
28 85 29
28 86 40
28 89 8
28 94 18
28 95 17
28 97 24
28 99 8
28 100 15
28 103 36
28 106 27
28 107 12
28 110 4
28 121 20
28 122 12
28 123 2
28 126 18
28 129 19
28 131 21
28 134 25
28 142 2
28 147 40
28 148 6
28 149 9
28 152 6
28 157 25
28 158 38
28 159 7
28 164 25
28 165 3
28 167 31
28 168 3
28 171 26
28 175 3
28 181 29
28 184 12
28 191 7
28 192 1
28 193 10
28 195 7
28 197 15
28 199 7
28 200 25
29 32 34
29 42 17
29 43 18
29 47 6
29 48 21
29 50 24
29 52 29
29 53 16
29 54 33
29 58 8
29 60 23
29 65 34
29 69 20
29 71 17
29 74 9
29 75 22
29 81 27
29 82 28
29 85 18
29 86 16
29 87 29
29 94 3
29 98 12
29 99 15
29 104 21
29 109 31
29 114 17
29 115 27
29 116 15
29 117 10
29 129 28
29 136 38
29 137 2
29 139 4
29 142 38
29 143 39
29 147 11
29 151 30
29 158 35
29 160 13
29 162 34
29 164 31
29 165 22
29 166 15
29 167 39
29 168 40
29 169 13
29 173 35
29 176 20
29 179 24
29 180 28
29 181 35
29 182 23
29 193 27
29 195 7
29 199 14
29 200 26
30 33 23
30 34 15
30 37 22
30 40 5
30 50 31
30 52 35
30 55 38
30 58 21
30 62 36
30 67 13
30 68 21
30 69 11
30 70 28
30 72 19
30 77 13
30 81 38
30 82 10
30 83 23
30 85 30
30 88 16
30 90 1
30 91 37
30 93 19
30 98 12
30 100 33
30 101 30
30 105 35
30 108 3
30 110 22
30 112 40
30 113 8
30 115 25
30 116 35
30 117 22
30 120 1
30 124 10
30 125 18
30 127 36
30 128 13
30 130 14
30 132 27
30 140 25
30 142 18
30 145 13
30 147 33
30 149 33
30 150 26
30 152 20
30 155 1
30 158 18
30 161 2
30 165 17
30 168 18
30 170 35
30 171 31
30 173 33
30 174 38
30 175 27
30 177 23
30 183 30
30 185 13
30 188 35
30 191 40
30 194 33
30 197 2
31 32 10
31 35 22
31 36 26
31 37 38
31 42 36
31 47 2
31 48 23
31 56 14
31 57 13
31 58 5
31 63 13
31 64 32
31 66 30
31 68 1
31 70 20
31 72 18
31 76 30
31 81 17
31 83 17
31 84 17
31 86 3
31 87 10
31 92 32
31 94 38
31 96 13
31 98 27
31 101 36
31 105 39
31 110 37
31 113 1
31 118 26
31 121 35
31 124 39
31 126 5
31 129 19
31 133 20
31 134 36
31 138 16
31 142 17
31 146 23
31 149 34
31 152 2
31 154 15
31 157 11
31 158 19
31 159 34
31 160 34
31 162 40
31 165 10
31 166 25
31 171 27
31 173 25
31 175 6
31 176 40
31 178 3
31 186 11
31 188 18
31 190 7
31 192 29
31 194 5
31 196 26
32 33 17
32 34 40
32 42 5
32 45 37
32 51 21
32 55 1
32 58 8
32 64 9
32 70 38
32 71 30
32 72 23
32 78 30
32 79 8
32 80 5
32 85 36
32 87 29
32 89 35
32 90 5
32 91 14
32 100 15
32 101 21
32 103 36
32 105 25
32 106 4
32 107 20
32 110 11
32 112 36
32 113 26
32 115 12
32 116 23
32 119 31
32 120 40
32 122 5
32 123 22
32 130 3
32 132 17
32 137 26
32 141 25
32 143 1
32 145 25
32 147 36
32 148 19
32 150 39
32 154 36
32 161 34
32 162 9
32 164 37
32 166 19
32 175 4
32 176 14
32 179 13
32 180 23
32 181 16
32 182 35
32 183 7
32 185 12
32 186 3
32 187 7
32 192 2
32 193 16
32 194 9
32 198 35
32 200 17
33 35 18
33 36 14
33 38 6
33 40 10
33 41 25
33 42 37
33 45 14
33 47 29
33 48 38
33 49 37
33 50 37
33 51 4
33 53 12
33 54 21
33 57 9
33 58 32
33 59 11
33 60 29
33 66 8
33 67 21
33 68 24
33 69 17
33 71 30
33 72 31
33 75 32
33 78 32
33 83 40
33 84 33
33 89 31
33 90 39
33 92 14
33 93 20
33 94 25
33 96 10
33 100 40
33 104 16
33 106 36
33 108 39
33 111 31
33 118 40
33 121 15
33 125 6
33 127 14
33 133 5
33 137 29
33 139 7
33 145 21
33 147 15
33 148 15
33 150 38
33 151 36
33 152 13
33 154 36
33 157 23
33 161 4
33 168 18
33 169 25
33 170 11
33 173 15
33 174 3
33 175 24
33 180 20
33 181 7
33 182 6
33 185 36
33 188 7
33 190 27
33 191 33
33 193 3
33 194 33
33 196 15
33 197 40
34 35 16
34 36 25
34 38 12
34 39 5
34 40 30
34 42 28
34 43 17
34 45 22
34 48 10
34 50 38
34 56 11
34 57 25
34 58 12
34 60 17
34 63 7
34 65 14
34 68 14
34 69 29
34 72 14
34 73 29
34 74 21
34 75 25
34 76 39
34 78 35
34 80 34
34 86 16
34 87 20
34 88 2
34 89 10
34 90 16
34 91 26
34 99 2
34 100 14
34 102 24
34 103 34
34 104 9
34 105 9
34 107 29
34 108 10
34 110 12
34 111 34
34 113 20
34 117 20
34 121 31
34 123 29
34 124 34
34 125 10
34 130 29
34 131 1
34 133 3
34 137 3
34 138 9
34 140 22
34 141 6
34 142 39
34 143 9
34 144 22
34 148 34
34 150 31
34 154 1
34 155 24
34 158 1
34 160 2
34 161 16
34 162 3
34 165 4
34 171 8
34 175 28
34 177 36
34 180 30
34 182 35
34 186 29
34 187 13
34 190 26
34 194 20
34 200 20
35 38 2
35 39 6
35 41 28
35 46 25
35 48 21
35 52 7
35 56 5
35 58 11
35 63 20
35 65 20
35 70 21
35 71 6
35 72 20
35 82 11
35 83 10
35 84 9
35 86 30
35 88 33
35 91 9
35 92 6
35 97 37
35 98 3
35 104 1
35 106 7
35 107 13
35 108 39
35 110 26
35 113 19
35 114 10
35 117 28
35 119 33
35 122 36
35 123 32
35 124 7
35 128 38
35 129 30
35 130 31
35 137 9
35 142 12
35 143 26
35 145 34
35 151 21
35 153 9
35 155 10
35 156 17
35 157 14
35 158 17
35 159 10
35 160 3
35 162 18
35 164 35
35 165 34
35 169 1
35 172 8
35 174 38
35 175 38
35 176 40
35 180 6
35 181 20
35 185 23
35 186 25
35 187 15
35 188 4
35 189 38
35 190 23
35 199 32
36 40 23
36 42 25
36 43 13
36 44 14
36 45 27
36 46 12
36 47 10
36 49 18
36 54 28
36 55 16
36 56 9
36 57 2
36 59 22
36 62 33
36 64 4
36 65 22
36 66 19
36 67 12
36 72 19
36 75 35
36 77 20
36 78 3
36 80 18
36 81 22
36 82 29
36 85 1
36 86 9
36 88 10
36 90 22
36 91 24
36 94 10
36 95 33
36 97 19
36 99 1
36 102 13
36 104 1
36 105 31
36 109 35
36 111 19
36 114 13
36 115 2
36 118 36
36 122 3
36 126 30
36 127 1
36 133 6
36 135 5
36 139 12
36 143 7
36 144 15
36 151 39
36 153 26
36 156 29
36 159 34
36 162 7
36 167 5
36 174 10
36 175 38
36 176 19
36 185 7
36 189 32
36 190 12
36 192 19
36 193 10
36 195 35
36 196 35
37 39 16
37 41 26
37 45 16
37 46 19
37 49 8
37 52 14
37 56 35
37 61 14
37 65 7
37 67 1
37 68 6
37 69 28
37 80 35
37 85 27
37 91 22
37 92 11
37 98 1
37 101 33
37 102 9
37 104 13
37 106 12
37 108 22
37 109 24
37 111 15
37 113 21
37 114 3
37 119 37
37 121 25
37 122 31
37 123 1
37 125 25
37 126 16
37 128 4
37 129 24
37 132 37
37 134 4
37 137 9
37 138 30
37 145 2
37 146 38
37 147 37
37 149 37
37 150 3
37 153 31
37 155 19
37 156 9
37 157 24
37 159 21
37 164 5
37 166 23
37 167 4
37 169 13
37 170 2
37 171 21
37 172 11
37 173 31
37 175 5
37 178 9
37 181 4
37 186 7
37 189 6
37 191 20
37 192 5
37 197 14
38 46 2
38 49 17
38 51 36
38 58 36
38 61 12
38 62 13
38 65 36
38 69 33
38 71 27
38 75 1
38 77 26
38 81 12
38 84 40
38 86 31
38 87 17
38 89 32
38 90 18
38 91 22
38 92 34
38 94 32
38 95 28
38 97 20
38 98 9
38 100 34
38 111 35
38 113 31
38 118 22
38 120 37
38 121 7
38 122 40
38 124 11
38 125 31
38 129 28
38 131 25
38 132 17
38 137 37
38 139 18
38 140 14
38 145 8
38 146 4
38 152 24
38 153 32
38 159 34
38 161 12
38 164 35
38 165 17
38 166 20
38 168 11
38 174 6
38 175 14
38 176 5
38 186 32
38 188 15
38 189 20
38 190 4
38 193 14
38 198 8
38 199 9
39 42 31
39 43 13
39 46 17
39 50 26
39 51 30
39 54 4
39 56 34
39 59 2
39 60 36
39 61 8
39 63 31
39 65 32
39 69 34
39 70 15
39 71 21
39 72 26
39 73 13
39 81 18
39 85 5
39 86 37
39 87 28
39 88 5
39 90 24
39 91 40
39 94 40
39 96 36
39 102 25
39 104 36
39 105 3
39 107 1
39 111 34
39 113 1
39 115 22
39 116 25
39 117 37
39 119 20
39 120 1
39 122 12
39 123 24
39 124 32
39 126 20
39 128 21
39 129 39
39 130 36
39 136 33
39 137 40
39 138 6
39 142 17
39 147 20
39 151 6
39 152 14
39 154 12
39 160 20
39 166 20
39 169 29
39 170 22
39 173 36
39 178 32
39 181 39
39 184 14
39 185 7
39 188 18
39 190 32
39 191 23
39 193 11
39 194 10
39 198 20
40 42 25
40 43 22
40 48 3
40 54 5
40 55 23
40 56 19
40 57 1
40 58 28
40 59 28
40 60 5
40 61 21
40 62 23
40 63 13
40 65 38
40 69 30
40 70 25
40 71 10
40 75 8
40 76 16
40 79 37
40 80 7
40 81 39
40 82 17
40 84 34
40 86 23
40 87 32
40 88 25
40 90 15
40 93 11
40 95 2
40 97 36
40 99 1
40 102 13
40 106 13
40 107 28
40 109 34
40 112 20
40 117 2
40 122 1
40 128 13
40 129 37
40 131 27
40 132 38
40 133 29
40 135 17
40 137 29
40 139 11
40 140 32
40 142 22
40 144 16
40 146 33
40 148 39
40 150 13
40 157 30
40 163 38
40 170 18
40 171 23
40 173 27
40 175 15
40 179 40
40 181 33
40 183 26
40 184 39
40 186 33
40 188 8
40 189 19
40 191 18
40 195 25
41 49 32
41 50 22
41 54 30
41 55 15
41 62 31
41 67 18
41 69 3
41 74 33
41 76 15
41 77 1
41 78 10
41 88 29
41 89 8
41 90 18
41 93 19
41 96 3
41 97 25
41 102 1
41 104 3
41 105 5
41 107 31
41 109 32
41 110 30
41 111 2
41 115 14
41 117 22
41 119 30
41 120 17
41 121 12
41 125 36
41 128 27
41 129 33
41 130 23
41 133 6
41 137 26
41 139 28
41 140 32
41 143 34
41 144 15
41 145 37
41 147 28
41 150 3
41 151 11
41 154 30
41 161 21
41 162 26
41 165 10
41 166 11
41 179 3
41 181 9
41 183 3
41 184 22
41 185 14
41 188 24
41 191 1
41 193 31
41 194 39
41 195 34
41 200 15
42 46 9
42 47 32
42 50 28
42 52 31
42 54 15
42 55 33
42 57 21
42 59 38
42 65 37
42 67 5
42 70 10
42 73 24
42 74 24
42 76 19
42 77 17
42 78 2
42 79 4
42 85 19
42 87 33
42 89 6
42 91 12
42 92 28
42 94 13
42 96 31
42 103 1
42 104 14
42 109 35
42 112 33
42 114 32
42 118 28
42 119 24
42 126 38
42 128 4
42 131 4
42 133 24
42 134 20
42 136 6
42 139 6
42 140 26
42 142 25
42 144 34
42 148 1
42 149 19
42 150 2
42 154 12
42 158 36
42 160 40
42 162 32
42 166 34
42 169 19
42 170 10
42 171 37
42 174 24
42 176 6
42 181 11
42 182 23
42 187 15
42 190 17
42 191 6
42 192 9
42 196 18
42 198 28
42 200 7
43 44 28
43 45 18
43 47 25
43 48 40
43 50 9
43 53 9
43 55 39
43 58 8
43 59 18
43 60 34
43 62 8
43 63 14
43 64 29
43 65 39
43 67 5
43 68 18
43 69 19
43 70 16
43 71 21
43 77 21
43 78 4
43 80 28
43 83 30
43 87 36
43 88 19
43 90 32
43 91 6
43 92 4
43 96 23
43 100 22
43 104 26
43 105 22
43 106 39
43 107 36
43 110 34
43 112 16
43 113 6
43 120 12
43 121 3
43 124 1
43 125 3
43 128 29
43 129 35
43 136 7
43 137 27
43 138 8
43 148 27
43 151 38
43 152 29
43 163 11
43 166 6
43 167 19
43 168 21
43 170 8
43 172 21
43 175 24
43 177 17
43 178 4
43 181 24
43 182 29
43 184 22
43 185 2
43 186 18
43 187 34
43 189 19
43 190 31
43 191 39
43 192 24
43 195 28
44 45 14
44 52 18
44 56 20
44 57 23
44 62 30
44 63 24
44 64 13
44 65 7
44 68 24
44 70 22
44 71 26
44 73 9
44 76 31
44 77 16
44 84 36
44 88 8
44 89 40
44 94 10
44 96 3
44 100 10
44 101 33
44 102 25
44 104 38
44 106 11
44 108 9
44 110 6
44 113 20
44 114 28
44 115 8
44 116 12
44 118 40
44 120 24
44 122 22
44 127 21
44 128 6
44 130 35
44 131 40
44 132 25
44 134 39
44 137 9
44 138 27
44 139 31
44 145 14
44 150 35
44 154 5
44 156 20
44 160 19
44 161 32
44 162 4
44 165 32
44 171 1
44 172 24
44 174 29
44 179 2
44 182 14
44 183 23
44 184 33
44 190 31
44 193 33
44 196 12
44 197 27
45 47 28
45 48 23
45 49 5
45 50 20
45 52 30
45 57 23
45 58 3
45 62 3
45 66 7
45 67 36
45 68 1
45 69 19
45 70 31
45 78 33
45 79 8
45 80 34
45 81 2
45 85 22
45 90 39
45 91 3
45 92 21
45 94 24
45 98 39
45 101 32
45 107 27
45 109 29
45 110 17
45 112 14
45 113 15
45 115 1
45 118 33
45 121 13
45 124 28
45 125 30
45 128 19
45 129 7
45 130 5
45 131 39
45 136 8
45 137 40
45 138 26
45 139 22
45 144 27
45 149 35
45 150 25
45 151 25
45 155 24
45 157 14
45 158 23
45 161 35
45 164 40
45 168 24
45 176 7
45 180 16
45 181 33
45 187 23
45 189 6
45 194 7
45 195 22
45 198 14
45 200 14
46 48 1
46 51 7
46 55 20
46 56 12
46 58 11
46 63 35
46 64 16
46 67 2
46 68 2
46 69 10
46 73 4
46 75 3
46 77 4
46 78 32
46 79 18
46 81 15
46 83 15
46 84 3
46 86 1
46 88 21
46 89 25
46 91 37
46 92 28
46 95 40
46 97 18
46 106 21
46 107 17
46 109 3
46 112 30
46 113 10
46 115 19
46 116 33
46 118 12
46 119 17
46 120 22
46 123 29
46 126 17
46 130 34
46 131 27
46 132 27
46 134 12
46 136 20
46 137 27
46 141 2
46 142 39
46 144 17
46 148 28
46 152 22
46 153 21
46 154 34
46 157 12
46 158 7
46 159 29
46 161 4
46 164 18
46 165 2
46 166 30
46 167 22
46 169 9
46 171 6
46 174 3
46 175 13
46 176 35
46 181 24
46 182 26
46 183 31
46 188 27
46 189 33
46 190 27
46 191 24
46 195 17
46 196 21
47 49 4
47 50 28
47 51 26
47 54 17
47 60 18
47 61 40
47 62 23
47 69 36
47 70 31
47 71 8
47 75 10
47 77 36
47 78 14
47 81 24
47 83 35
47 84 30
47 86 29
47 89 17
47 90 16
47 92 15
47 94 37
47 96 40
47 97 9
47 98 20
47 100 10
47 103 17
47 104 28
47 105 6
47 110 25
47 111 38
47 113 32
47 116 36
47 120 9
47 121 24
47 123 14
47 127 20
47 132 5
47 133 37
47 138 5
47 139 30
47 141 9
47 142 13
47 143 36
47 149 38
47 151 2
47 152 35
47 153 33
47 155 18
47 162 11
47 165 1
47 166 4
47 167 19
47 168 28
47 169 9
47 172 36
47 173 31
47 177 13
47 179 17
47 181 20
47 183 40
47 185 22
47 188 25
47 190 31
47 191 13
47 192 33
47 196 30
47 198 7
47 199 23
48 49 1
48 50 3
48 53 14
48 54 6
48 55 15
48 58 33
48 60 36
48 62 23
48 64 24
48 66 2
48 73 36
48 81 26
48 86 34
48 87 2
48 88 13
48 90 20
48 92 31
48 93 38
48 98 35
48 100 37
48 105 33
48 111 7
48 112 22
48 123 5
48 130 19
48 131 32
48 133 35
48 134 31
48 138 19
48 139 20
48 144 5
48 145 15
48 146 31
48 148 4
48 151 27
48 155 40
48 159 7
48 165 2
48 166 1
48 167 21
48 168 7
48 169 23
48 175 38
48 176 28
48 180 26
48 182 25
48 186 4
48 187 2
48 192 23
48 200 32
49 51 25
49 54 17
49 55 34
49 58 38
49 59 24
49 60 35
49 66 39
49 68 12
49 69 23
49 72 27
49 73 15
49 74 26
49 75 27
49 77 1
49 79 23
49 80 38
49 85 19
49 86 23
49 88 17
49 90 39
49 94 9
49 95 27
49 98 4
49 101 14
49 103 35
49 106 23
49 109 35
49 115 17
49 118 14
49 119 29
49 121 26
49 125 1
49 130 1
49 139 25
49 140 39
49 141 24
49 144 38
49 145 10
49 146 8
49 149 30
49 150 23
49 151 10
49 152 40
49 157 15
49 161 2
49 163 1
49 164 33
49 165 5
49 167 20
49 171 35
49 173 25
49 174 10
49 182 10
49 184 7
49 189 9
49 190 27
49 193 18
49 195 39
49 197 16
50 51 20
50 52 22
50 58 31
50 60 31
50 61 22
50 63 14
50 67 4
50 68 27
50 69 13
50 70 5
50 73 21
50 75 9
50 76 27
50 77 18
50 78 19
50 84 22
50 86 28
50 92 27
50 93 36
50 94 10
50 98 26
50 99 5
50 101 3
50 105 26
50 112 21
50 113 2
50 114 39
50 115 19
50 119 40
50 120 31
50 121 30
50 127 26
50 130 9
50 132 10
50 133 38
50 140 17
50 142 13
50 149 9
50 150 4
50 152 14
50 154 24
50 155 3
50 157 33
50 159 25
50 163 7
50 165 27
50 166 1
50 169 18
50 171 40
50 172 13
50 173 27
50 176 32
50 179 18
50 181 36
50 182 20
50 184 30
50 185 33
50 191 5
50 192 13
50 193 3
50 194 27
50 199 14
50 200 1
51 53 8
51 56 29
51 60 24
51 67 32
51 68 17
51 71 25
51 76 33
51 77 27
51 80 16
51 81 13
51 82 31
51 83 9
51 84 6
51 86 25
51 87 4
51 90 26
51 93 38
51 94 4
51 97 32
51 99 16
51 105 26
51 111 13
51 113 9
51 114 2
51 117 38
51 119 31
51 120 33
51 121 13
51 125 39
51 126 11
51 127 24
51 134 36
51 135 16
51 138 27
51 140 39
51 141 27
51 142 39
51 146 21
51 147 10
51 153 24
51 156 30
51 157 20
51 159 9
51 163 20
51 166 17
51 167 20
51 176 24
51 177 23
51 178 26
51 179 22
51 182 30
51 183 11
51 186 32
51 190 35
51 191 35
51 192 11
51 194 22
52 55 4
52 58 37
52 61 9
52 63 13
52 68 5
52 69 7
52 70 30
52 73 36
52 80 37
52 81 22
52 82 38
52 85 19
52 86 18
52 89 27
52 91 20
52 93 33
52 94 38
52 96 19
52 97 7
52 98 35
52 99 33
52 101 10
52 103 26
52 104 16
52 109 38
52 112 29
52 119 16
52 120 4
52 127 4
52 129 12
52 130 38
52 131 29
52 133 4
52 136 19
52 139 25
52 140 28
52 142 34
52 144 36
52 145 10
52 149 17
52 150 30
52 153 17
52 154 1
52 157 22
52 158 37
52 162 31
52 165 34
52 169 8
52 170 2
52 172 31
52 173 4
52 175 2
52 177 29
52 178 18
52 181 40
52 182 21
52 183 2
52 189 29
52 190 27
52 192 19
52 195 25
52 197 29
52 198 39
52 200 33
53 57 40
53 58 15
53 62 27
53 63 25
53 64 5
53 72 30
53 78 15
53 79 8
53 80 22
53 82 16
53 86 4
53 88 25
53 90 33
53 91 36
53 92 16
53 95 18
53 96 14
53 97 30
53 102 5
53 104 12
53 106 1
53 109 27
53 111 31
53 113 36
53 117 26
53 121 15
53 124 26
53 129 31
53 131 37
53 135 13
53 136 8
53 139 27
53 142 37
53 143 6
53 149 5
53 150 21
53 151 33
53 152 8
53 154 21
53 157 38
53 159 34
53 160 31
53 161 19
53 172 21
53 173 12
53 177 25
53 178 26
53 179 27
53 186 27
53 187 1
53 189 27
53 192 8
53 193 40
53 195 33
53 200 16
54 56 25
54 58 5
54 61 39
54 62 3
54 66 6
54 68 36
54 69 24
54 71 30
54 73 27
54 74 26
54 75 22
54 76 27
54 77 37
54 78 13
54 79 7
54 80 36
54 81 34
54 85 7
54 88 4
54 96 7
54 103 5
54 104 40
54 106 10
54 108 38
54 110 19
54 112 40
54 114 34
54 116 18
54 120 32
54 121 36
54 125 30
54 128 6
54 136 3
54 144 29
54 145 31
54 147 12
54 154 11
54 157 1
54 160 39
54 161 8
54 162 17
54 163 15
54 165 13
54 172 22
54 174 34
54 177 17
54 179 23
54 182 17
54 187 17
54 194 13
55 57 4
55 59 11
55 60 29
55 63 1
55 65 39
55 66 14
55 68 25
55 76 26
55 78 7
55 83 6
55 84 5
55 87 40
55 89 40
55 93 18
55 98 35
55 103 3
55 105 26
55 108 12
55 109 3
55 113 39
55 115 33
55 124 27
55 125 21
55 126 11
55 127 6
55 130 4
55 132 32
55 135 38
55 139 18
55 140 3
55 141 9
55 144 35
55 145 13
55 147 20
55 149 16
55 153 26
55 155 26
55 156 34
55 157 35
55 159 31
55 160 38
55 161 30
55 164 4
55 167 33
55 169 24
55 171 14
55 173 11
55 174 32
55 178 21
55 182 19
55 183 24
55 184 6
55 187 1
55 192 18
55 193 3
55 194 21
55 198 31
55 199 8
55 200 23
56 57 11
56 58 14
56 60 35
56 62 5
56 67 13
56 69 22
56 71 13
56 77 22
56 79 8
56 85 5
56 88 17
56 93 5
56 95 19
56 97 40
56 100 24
56 102 12
56 103 21
56 105 26
56 106 33
56 107 34
56 109 8
56 114 36
56 117 12
56 118 10
56 120 34
56 121 29
56 123 18
56 124 28
56 126 1
56 127 12
56 128 15
56 131 16
56 135 23
56 138 39
56 139 33
56 143 28
56 148 24
56 152 13
56 153 6
56 154 32
56 157 10
56 159 38
56 161 17
56 163 11
56 165 24
56 166 10
56 167 38
56 169 23
56 172 4
56 174 33
56 177 11
56 180 28
56 183 33
56 185 19
56 188 22
56 193 6
56 194 13
56 197 32
56 198 15
57 60 35
57 65 3
57 71 26
57 72 23
57 73 27
57 74 35
57 77 28
57 78 5
57 83 2
57 84 7
57 92 31
57 94 20
57 97 12
57 98 24
57 99 26
57 100 22
57 101 16
57 104 29
57 105 31
57 106 2
57 107 34
57 109 36
57 111 35
57 115 9
57 124 13
57 125 35
57 126 3
57 129 8
57 130 14
57 132 36
57 136 24
57 137 13
57 141 18
57 142 17
57 143 26
57 144 14
57 146 6
57 147 28
57 150 1
57 152 31
57 153 17
57 157 29
57 158 34
57 159 25
57 160 36
57 161 20
57 163 16
57 168 29
57 172 26
57 173 14
57 177 6
57 178 3
57 180 21
57 184 29
57 187 17
57 189 35
57 190 5
57 195 33
57 198 40
58 59 40
58 60 10
58 64 28
58 65 29
58 70 20
58 71 27
58 74 18
58 75 9
58 78 21
58 81 14
58 93 27
58 95 38
58 96 5
58 98 24
58 99 8
58 100 15
58 103 2
58 107 15
58 112 20
58 114 7
58 116 40
58 120 23
58 123 16
58 124 35
58 129 33
58 133 27
58 134 23
58 138 22
58 139 24
58 141 26
58 146 23
58 149 13
58 150 13
58 152 36
58 156 20
58 160 40
58 162 8
58 163 23
58 167 9
58 168 24
58 171 29
58 172 40
58 176 3
58 178 22
58 183 23
58 184 19
58 185 24
58 186 28
58 187 33
58 189 28
58 192 12
58 194 24
58 195 10
58 196 2
58 199 32
59 61 23
59 65 35
59 68 26
59 69 11
59 70 13
59 71 26
59 74 12
59 79 10
59 80 35
59 84 13
59 85 32
59 86 18
59 88 15
59 90 14
59 91 28
59 96 38
59 97 11
59 102 17
59 104 33
59 106 2
59 107 32
59 108 20
59 110 28
59 111 35
59 115 1
59 117 31
59 122 10
59 123 9
59 126 38
59 128 13
59 129 19
59 133 3
59 134 30
59 139 20
59 140 14
59 144 40
59 146 38
59 148 28
59 149 15
59 151 35
59 152 1
59 154 7
59 157 28
59 162 19
59 163 37
59 165 15
59 168 23
59 169 22
59 170 2
59 172 19
59 173 18
59 175 1
59 181 33
59 183 36
59 185 25
59 186 4
59 190 10
59 193 32
59 194 10
59 195 21
59 196 6
59 197 26
59 198 16
59 199 33
60 63 12
60 65 7
60 68 35
60 69 27
60 70 24
60 71 38
60 74 29
60 75 14
60 76 10
60 77 1
60 78 35
60 85 34
60 86 16
60 88 33
60 90 9
60 94 36
60 95 12
60 96 37
60 98 5
60 104 10
60 105 25
60 107 11
60 108 27
60 109 24
60 113 38
60 119 16
60 120 31
60 121 38
60 125 25
60 126 14
60 130 17
60 135 14
60 136 4
60 142 16
60 145 40
60 156 9
60 159 18
60 161 31
60 163 21
60 165 23
60 167 1
60 168 12
60 169 1
60 172 1
60 174 6
60 175 1
60 176 29
60 177 8
60 180 18
60 181 38
60 182 30
60 184 5
60 187 21
60 188 26
60 189 16
60 195 25
60 196 24
60 198 33
61 63 5
61 65 1
61 68 17
61 71 20
61 73 26
61 76 9
61 80 5
61 81 14
61 82 36
61 83 11
61 84 22
61 85 39
61 86 16
61 88 20
61 89 16
61 91 8
61 93 15
61 94 24
61 96 19
61 98 25
61 100 15
61 103 20
61 104 28
61 106 12
61 107 1
61 108 10
61 117 8
61 119 38
61 121 24
61 123 32
61 124 16
61 125 36
61 126 10
61 127 15
61 131 3
61 132 24
61 133 6
61 135 6
61 137 11
61 143 7
61 144 20
61 146 23
61 148 27
61 149 18
61 153 39
61 154 27
61 155 6
61 157 18
61 160 7
61 164 35
61 171 40
61 173 37
61 176 39
61 179 28
61 180 25
61 182 1
61 184 37
61 192 28
62 64 6
62 65 10
62 68 3
62 69 12
62 74 30
62 76 39
62 78 37
62 79 6
62 80 38
62 81 27
62 84 40
62 86 5
62 87 26
62 90 9
62 92 37
62 94 12
62 96 29
62 97 22
62 98 40
62 99 24
62 102 16
62 103 12
62 104 33
62 105 34
62 106 17
62 110 11
62 113 32
62 115 2
62 124 10
62 127 1
62 128 25
62 131 17
62 132 27
62 133 12
62 134 31
62 137 25
62 141 7
62 143 30
62 144 10
62 145 28
62 146 38
62 147 29
62 149 9
62 150 25
62 155 24
62 158 9
62 160 25
62 161 31
62 166 39
62 167 35
62 170 32
62 172 38
62 178 30
62 179 32
62 182 33
62 183 5
62 184 36
62 185 5
62 186 27
62 187 24
62 189 28
62 191 1
62 194 38
62 198 19
62 199 19
63 68 35
63 72 21
63 73 6
63 75 39
63 77 34
63 78 2
63 79 36
63 80 22
63 85 38
63 88 39
63 91 33
63 93 10
63 102 37
63 103 2
63 104 14
63 108 24
63 111 32
63 112 40
63 113 2
63 115 10
63 117 39
63 120 19
63 121 30
63 128 10
63 131 9
63 136 28
63 137 40
63 141 27
63 145 28
63 147 8
63 149 19
63 156 32
63 160 14
63 161 22
63 163 12
63 168 12
63 169 40
63 173 39
63 175 31
63 181 17
63 187 32
63 188 14
63 192 38
63 196 27
63 198 28
63 199 8
64 65 35
64 66 14
64 67 40
64 68 17
64 71 39
64 74 9
64 76 24
64 80 25
64 86 20
64 90 3
64 91 7
64 92 10
64 97 33
64 98 25
64 99 8
64 104 32
64 109 18
64 112 25
64 113 37
64 115 16
64 116 2
64 118 36
64 119 29
64 120 25
64 123 24
64 125 35
64 127 15
64 128 31
64 133 15
64 134 27
64 136 23
64 137 3
64 138 37
64 139 20
64 140 36
64 141 34
64 143 18
64 147 12
64 149 13
64 150 40
64 154 6
64 157 4
64 164 37
64 168 19
64 170 34
64 171 27
64 177 6
64 180 32
64 181 13
64 189 16
64 190 11
64 192 31
64 197 27
64 199 34
65 67 36
65 70 12
65 72 22
65 76 25
65 80 28
65 81 4
65 82 4
65 83 27
65 84 5
65 86 18
65 87 40
65 88 37
65 89 7
65 94 40
65 98 20
65 102 6
65 104 13
65 106 27
65 107 19
65 109 38
65 110 16
65 113 36
65 115 32
65 116 35
65 118 21
65 121 8
65 122 33
65 123 20
65 130 8
65 131 16
65 132 17
65 133 14
65 135 35
65 136 22
65 140 22
65 141 25
65 144 10
65 147 11
65 148 15
65 150 29
65 153 11
65 154 34
65 156 3
65 159 9
65 160 31
65 164 21
65 167 14
65 168 6
65 170 11
65 172 6
65 174 16
65 176 9
65 180 3
65 184 10
65 187 39
65 188 20
65 190 11
65 194 16
65 196 33
65 197 35
65 199 21
66 68 29
66 69 17
66 81 17
66 84 7
66 92 21
66 94 21
66 95 19
66 97 37
66 100 39
66 101 33
66 103 23
66 104 16
66 106 10
66 113 31
66 116 27
66 120 26
66 122 32
66 123 36
66 125 26
66 128 2
66 131 17
66 134 15
66 136 27
66 137 27
66 138 22
66 139 25
66 140 2
66 141 11
66 142 14
66 145 5
66 148 15
66 150 40
66 151 20
66 152 26
66 154 21
66 156 9
66 158 18
66 160 1
66 162 25
66 163 22
66 167 13
66 170 40
66 175 38
66 178 35
66 182 14
66 183 37
66 184 30
66 186 19
66 188 13
66 192 25
66 193 30
66 198 24
67 68 6
67 70 31
67 72 6
67 74 35
67 77 38
67 78 23
67 80 2
67 81 13
67 85 3
67 86 24
67 88 34
67 90 37
67 93 30
67 94 4
67 95 18
67 96 8
67 99 1
67 106 3
67 111 40
67 113 3
67 116 30
67 119 4
67 126 20
67 128 19
67 130 8
67 135 15
67 141 9
67 143 15
67 146 37
67 150 8
67 151 18
67 154 29
67 160 38
67 163 38
67 165 7
67 167 30
67 169 37
67 171 1
67 173 7
67 176 40
67 177 7
67 178 37
67 182 13
67 184 6
67 185 28
67 186 5
67 191 26
67 194 1
67 196 4
67 200 19
68 69 27
68 73 13
68 74 24
68 76 3
68 79 36
68 80 24
68 82 13
68 83 37
68 86 27
68 88 27
68 93 25
68 96 40
68 98 7
68 99 31
68 102 30
68 103 21
68 105 19
68 106 4
68 111 8
68 112 26
68 114 9
68 117 37
68 118 6
68 123 13
68 124 24
68 125 10
68 126 11
68 127 6
68 128 19
68 137 2
68 138 16
68 140 37
68 141 2
68 143 19
68 144 32
68 147 35
68 148 9
68 154 38
68 155 35
68 161 19
68 162 18
68 163 21
68 164 34
68 169 7
68 171 25
68 177 3
68 178 35
68 179 2
68 183 15
68 189 39
68 192 11
68 195 39
68 196 2
68 199 5
69 70 37
69 74 14
69 82 35
69 83 10
69 84 40
69 87 36
69 90 22
69 92 14
69 93 38
69 95 32
69 101 29
69 103 26
69 107 7
69 108 9
69 110 18
69 112 1
69 114 22
69 118 25
69 120 37
69 125 13
69 126 17
69 128 17
69 130 24
69 132 14
69 135 40
69 136 28
69 138 36
69 140 9
69 144 19
69 145 8
69 147 35
69 152 8
69 153 21
69 154 36
69 164 26
69 166 10
69 168 7
69 171 23
69 172 26
69 173 29
69 176 7
69 183 29
69 185 13
69 189 23
69 190 20
69 191 33
69 192 5
69 194 24
69 195 13
69 200 16
70 74 6
70 79 32
70 80 10
70 82 36
70 83 10
70 88 31
70 89 18
70 92 39
70 93 28
70 96 17
70 98 35
70 101 19
70 102 21
70 106 30
70 107 5
70 113 35
70 115 8
70 116 28
70 118 13
70 120 26
70 122 30
70 123 25
70 124 26
70 126 36
70 127 19
70 128 9
70 129 19
70 130 30
70 131 17
70 132 25
70 134 4
70 135 3
70 138 39
70 139 26
70 140 38
70 141 27
70 142 15
70 143 29
70 151 35
70 155 32
70 158 21
70 161 7
70 162 35
70 163 11
70 166 14
70 168 21
70 169 29
70 170 34
70 172 29
70 173 29
70 175 36
70 176 12
70 180 4
70 184 14
70 187 35
70 188 21
70 190 4
70 192 2
70 195 39
70 199 32
70 200 13
71 73 10
71 76 15
71 77 40
71 78 5
71 79 32
71 82 30
71 83 20
71 84 39
71 85 33
71 93 12
71 95 27
71 96 32
71 99 37
71 100 8
71 105 35
71 106 31
71 108 14
71 111 29
71 112 35
71 113 36
71 114 21
71 115 22
71 116 11
71 117 35
71 123 17
71 124 6
71 126 13
71 128 39
71 130 38
71 131 9
71 132 33
71 137 22
71 140 8
71 141 32
71 142 20
71 144 22
71 147 40
71 151 19
71 154 8
71 155 25
71 156 40
71 165 34
71 166 30
71 167 17
71 170 33
71 172 18
71 173 32
71 175 27
71 177 40
71 178 2
71 179 15
71 185 25
71 186 35
71 187 27
71 193 16
71 195 24
71 197 22
72 73 26
72 75 21
72 77 38
72 78 11
72 80 7
72 83 6
72 85 10
72 92 5
72 94 1
72 95 26
72 96 4
72 97 36
72 99 13
72 103 19
72 106 29
72 107 28
72 109 11
72 111 29
72 112 9
72 113 21
72 115 24
72 117 19
72 122 26
72 125 37
72 127 39
72 128 18
72 132 36
72 136 7
72 138 31
72 139 21
72 142 4
72 143 40
72 144 9
72 146 39
72 147 21
72 148 3
72 149 16
72 150 9
72 151 11
72 152 18
72 154 32
72 155 36
72 157 16
72 158 26
72 159 25
72 160 36
72 164 9
72 165 32
72 167 16
72 169 15
72 172 4
72 175 17
72 177 30
72 178 38
72 181 30
72 182 37
72 183 18
72 184 8
72 186 40
72 189 5
72 194 27
72 196 39
72 198 9
72 199 24
73 75 19
73 77 29
73 81 31
73 90 21
73 91 11
73 93 24
73 95 18
73 96 37
73 99 39
73 101 20
73 102 29
73 105 1
73 110 22
73 115 35
73 118 31
73 119 2
73 126 10
73 127 27
73 132 19
73 133 10
73 135 22
73 137 37
73 140 14
73 141 26
73 144 3
73 146 35
73 147 22
73 149 7
73 152 4
73 156 20
73 157 10
73 159 9
73 160 22
73 161 27
73 168 36
73 170 39
73 171 38
73 174 22
73 176 19
73 178 19
73 179 15
73 183 11
73 184 39
73 185 1
73 186 38
73 191 24
73 192 1
73 195 38
74 76 30
74 84 33
74 86 16
74 87 21
74 91 25
74 93 39
74 96 12
74 98 37
74 100 5
74 102 21
74 105 40
74 111 6
74 113 8
74 114 9
74 115 37
74 119 1
74 121 37
74 123 11
74 124 10
74 126 18
74 128 9
74 130 29
74 135 3
74 136 13
74 142 12
74 143 35
74 147 14
74 148 2
74 153 20
74 154 17
74 155 13
74 156 35
74 158 28
74 164 38
74 167 8
74 176 9
74 177 26
74 179 12
74 180 34
74 182 18
74 184 5
74 185 3
74 186 19
74 191 34
74 199 37
75 77 22
75 78 4
75 79 35
75 80 25
75 81 27
75 82 22
75 89 7
75 93 37
75 94 9
75 95 13
75 96 2
75 100 7
75 102 38
75 105 29
75 106 39
75 107 4
75 108 2
75 109 36
75 110 5
75 111 39
75 112 9
75 114 18
75 115 21
75 117 16
75 118 37
75 122 23
75 129 12
75 130 39
75 133 12
75 136 30
75 138 26
75 139 29
75 141 15
75 142 38
75 145 23
75 148 31
75 152 28
75 154 16
75 155 3
75 158 8
75 160 14
75 161 25
75 163 38
75 164 20
75 167 7
75 168 26
75 171 16
75 172 38
75 174 23
75 175 25
75 178 2
75 179 7
75 180 4
75 181 6
75 183 18
75 184 11
75 185 20
75 189 2
75 190 15
75 193 9
75 195 12
76 77 9
76 78 12
76 79 5
76 81 23
76 83 21
76 84 33
76 85 37
76 89 3
76 93 17
76 95 33
76 96 27
76 97 2
76 100 39
76 106 38
76 110 1
76 111 22
76 112 33
76 113 27
76 116 18
76 117 17
76 118 24
76 120 28
76 124 32
76 125 18
76 127 6
76 131 31
76 132 22
76 135 28
76 136 37
76 137 12
76 138 29
76 139 32
76 140 38
76 141 13
76 144 12
76 149 15
76 151 24
76 152 4
76 153 33
76 156 20
76 158 12
76 164 25
76 168 9
76 170 7
76 177 35
76 179 33
76 181 16
76 185 35
76 186 22
76 189 34
76 191 10
76 194 20
76 195 26
77 79 24
77 83 1
77 84 38
77 86 23
77 87 29
77 88 18
77 89 7
77 93 14
77 96 23
77 100 16
77 103 24
77 115 29
77 121 29
77 123 40
77 129 37
77 137 22
77 139 28
77 141 24
77 146 28
77 151 25
77 153 25
77 156 23
77 159 11
77 165 8
77 166 23
77 168 12
77 169 7
77 170 28
77 171 10
77 172 37
77 173 39
77 174 12
77 176 19
77 179 15
77 183 40
77 184 27
77 189 20
77 190 5
77 191 5
77 192 26
77 195 34
77 197 8
78 82 14
78 83 35
78 85 9
78 86 22
78 89 32
78 91 3
78 92 10
78 93 16
78 94 23
78 97 31
78 98 6
78 101 18
78 102 1
78 103 10
78 106 26
78 107 34
78 108 18
78 110 30
78 112 33
78 114 5
78 121 29
78 123 9
78 124 3
78 126 12
78 127 29
78 135 19
78 137 28
78 138 25
78 141 35
78 143 6
78 144 12
78 145 19
78 146 18
78 157 23
78 159 20
78 161 18
78 163 24
78 166 10
78 167 22
78 168 34
78 172 30
78 175 13
78 176 23
78 177 34
78 179 20
78 180 28
78 183 29
78 184 17
78 185 27
78 186 30
78 188 7
78 189 40
78 192 17
78 193 24
78 196 23
78 197 6
78 198 1
79 81 37
79 82 9
79 85 35
79 89 22
79 90 11
79 92 32
79 93 32
79 94 35
79 99 33
79 100 3
79 105 26
79 107 37
79 112 3
79 114 12
79 115 9
79 117 27
79 121 4
79 122 12
79 123 29
79 125 37
79 128 33
79 132 19
79 134 10
79 139 26
79 141 2
79 142 25
79 145 21
79 150 23
79 153 27
79 155 39
79 157 25
79 158 6
79 162 29
79 163 3
79 166 9
79 167 8
79 171 20
79 172 17
79 175 36
79 184 37
79 189 9
79 193 16
79 200 39
80 81 25
80 82 8
80 83 14
80 84 32
80 90 39
80 92 17
80 93 27
80 96 12
80 98 5
80 104 26
80 105 4
80 106 11
80 111 2
80 115 1
80 117 25
80 118 24
80 119 37
80 121 40
80 122 4
80 123 10
80 125 27
80 129 32
80 130 4
80 133 25
80 134 19
80 135 3
80 137 6
80 139 35
80 141 1
80 144 10
80 149 4
80 153 28
80 158 1
80 159 20
80 162 31
80 163 11
80 165 36
80 167 36
80 172 32
80 173 10
80 174 4
80 175 3
80 178 12
80 179 13
80 186 22
80 189 21
80 190 9
80 191 34
80 194 37
80 196 10
80 197 34
80 199 27
81 83 17
81 84 22
81 85 16
81 89 29
81 90 22
81 92 33
81 95 14
81 96 31
81 97 23
81 98 18
81 99 24
81 100 17
81 103 34
81 104 16
81 106 34
81 113 17
81 114 13
81 115 23
81 119 31
81 120 32
81 122 29
81 124 23
81 125 6
81 126 1
81 129 23
81 130 31
81 138 39
81 144 3
81 148 39
81 149 4
81 151 36
81 156 31
81 157 27
81 160 25
81 163 28
81 167 25
81 174 36
81 175 28
81 182 17
81 184 30
81 189 29
81 190 32
81 193 35
81 199 37
82 83 13
82 91 38
82 95 6
82 97 22
82 98 2
82 99 16
82 100 18
82 102 19
82 108 13
82 109 37
82 110 33
82 113 18
82 115 21
82 117 22
82 120 1
82 122 22
82 125 20
82 126 39
82 127 22
82 128 3
82 130 8
82 134 10
82 138 29
82 141 22
82 142 11
82 146 17
82 149 20
82 151 11
82 155 17
82 156 30
82 158 26
82 159 29
82 162 13
82 164 2
82 165 22
82 171 29
82 174 15
82 176 20
82 179 38
82 186 12
82 187 31
82 191 23
82 192 30
82 194 32
82 198 8
83 85 2
83 96 19
83 102 15
83 108 31
83 110 25
83 111 8
83 112 39
83 114 21
83 117 18
83 122 2
83 123 37
83 127 5
83 129 20
83 130 18
83 134 23
83 135 17
83 136 21
83 137 4
83 144 19
83 146 25
83 148 40
83 149 25
83 154 7
83 156 28
83 157 28
83 162 11
83 163 25
83 165 37
83 168 19
83 171 33
83 174 8
83 175 31
83 178 28
83 180 21
83 181 22
83 185 6
83 186 39
83 189 25
83 190 4
83 199 32
83 200 28
84 86 11
84 89 34
84 91 33
84 92 19
84 96 8
84 98 39
84 99 1
84 103 15
84 107 27
84 108 11
84 109 12
84 112 25
84 113 22
84 114 31
84 115 2
84 122 22
84 129 21
84 131 7
84 132 31
84 134 5
84 136 36
84 140 14
84 141 31
84 145 22
84 146 39
84 150 9
84 151 36
84 153 8
84 156 11
84 157 37
84 158 16
84 159 11
84 160 18
84 165 13
84 169 38
84 170 20
84 172 20
84 173 37
84 174 34
84 181 35
84 182 17
84 184 17
84 186 2
84 188 29
84 192 5
84 193 20
84 197 25
84 198 11
85 86 33
85 90 29
85 91 17
85 97 26
85 100 10
85 107 29
85 114 5
85 115 38
85 116 21
85 117 38
85 119 17
85 122 30
85 124 35
85 126 27
85 128 2
85 130 39
85 131 30
85 133 33
85 135 18
85 136 10
85 137 19
85 138 33
85 140 18
85 141 11
85 142 27
85 147 2
85 153 30
85 158 37
85 159 25
85 160 36
85 163 15
85 165 13
85 166 31
85 170 37
85 173 33
85 174 29
85 176 26
85 179 16
85 183 14
85 185 17
85 188 2
85 192 35
85 196 36
85 199 37
86 87 24
86 90 22
86 94 35
86 96 10
86 98 19
86 100 4
86 102 13
86 104 5
86 105 14
86 106 20
86 108 37
86 110 22
86 112 9
86 113 10
86 121 39
86 124 10
86 125 24
86 133 14
86 136 36
86 138 20
86 140 10
86 142 3
86 143 17
86 145 40
86 149 24
86 151 29
86 153 30
86 155 17
86 158 11
86 161 17
86 163 40
86 164 16
86 165 20
86 166 12
86 167 7
86 168 36
86 169 28
86 171 6
86 172 18
86 175 8
86 180 19
86 181 8
86 185 5
86 188 32
86 189 34
86 190 33
86 196 21
86 197 31
86 199 17
87 90 13
87 92 16
87 93 37
87 94 3
87 95 23
87 96 30
87 97 35
87 99 7
87 102 11
87 107 22
87 108 30
87 112 19
87 116 38
87 118 30
87 121 37
87 122 14
87 123 1
87 124 13
87 127 35
87 140 4
87 142 14
87 143 28
87 149 38
87 150 15
87 156 23
87 157 38
87 161 40
87 162 7
87 163 23
87 164 16
87 167 10
87 168 29
87 169 38
87 170 16
87 172 5
87 176 22
87 177 20
87 179 6
87 180 11
87 181 39
87 182 25
87 188 30
87 189 16
87 194 32
87 196 32
87 198 9
87 199 7
88 89 25
88 91 29
88 96 27
88 98 20
88 108 21
88 109 1
88 110 13
88 112 2
88 113 23
88 114 30
88 117 9
88 121 16
88 124 24
88 131 28
88 134 30
88 135 6
88 136 37
88 138 22
88 142 38
88 146 21
88 148 24
88 151 33
88 152 28
88 153 32
88 155 34
88 162 39
88 163 2
88 164 21
88 166 29
88 169 1
88 170 38
88 171 28
88 172 10
88 173 36
88 176 24
88 177 19
88 179 19
88 181 8
88 182 13
88 186 31
88 187 6
88 189 7
88 191 27
88 196 40
88 199 40
88 200 28
89 90 36
89 92 35
89 95 36
89 102 1
89 108 33
89 109 15
89 110 40
89 114 18
89 116 23
89 119 31
89 123 25
89 124 31
89 126 25
89 128 30
89 130 28
89 131 13
89 133 23
89 137 25
89 139 26
89 143 13
89 144 37
89 145 35
89 147 28
89 151 6
89 152 31
89 153 32
89 157 2
89 158 33
89 160 19
89 162 30
89 163 36
89 172 37
89 173 23
89 175 33
89 177 25
89 180 4
89 181 18
89 183 18
89 186 13
89 191 2
89 194 35
89 196 16
89 197 40
90 92 16
90 96 2
90 98 17
90 101 2
90 107 33
90 111 34
90 114 30
90 115 30
90 116 7
90 123 12
90 124 14
90 126 38
90 128 23
90 129 7
90 136 16
90 139 5
90 140 30
90 142 11
90 154 1
90 156 1
90 158 39
90 159 20
90 160 15
90 161 28
90 163 37
90 167 3
90 170 17
90 175 2
90 177 33
90 179 28
90 181 8
90 184 5
90 185 1
90 186 15
90 191 1
90 192 33
90 194 25
90 195 7
90 197 12
91 92 7
91 94 25
91 95 14
91 96 31
91 98 40
91 99 20
91 102 35
91 108 29
91 115 6
91 117 7
91 118 38
91 120 6
91 121 39
91 122 23
91 125 10
91 126 23
91 128 33
91 130 17
91 131 37
91 135 7
91 138 3
91 141 34
91 144 21
91 146 12
91 148 36
91 153 40
91 154 32
91 156 11
91 157 19
91 159 10
91 161 15
91 162 19
91 166 7
91 167 35
91 171 27
91 174 7
91 179 13
91 182 29
91 189 37
91 192 15
91 195 29
91 196 6
91 198 6
91 199 35
92 93 26
92 94 3
92 95 2
92 102 34
92 103 2
92 109 29
92 111 17
92 112 11
92 114 26
92 116 30
92 118 30
92 120 6
92 123 30
92 125 16
92 126 35
92 131 39
92 136 23
92 137 26
92 138 16
92 140 8
92 143 12
92 146 2
92 149 20
92 150 27
92 153 18
92 154 26
92 155 10
92 157 4
92 161 39
92 165 19
92 167 16
92 170 26
92 171 15
92 172 32
92 182 14
92 183 11
92 184 32
92 186 13
92 187 3
92 190 12
92 191 23
92 194 10
92 197 8
92 198 6
92 199 40
93 95 37
93 100 35
93 101 5
93 104 7
93 105 18
93 106 4
93 109 15
93 110 40
93 113 32
93 115 35
93 116 30
93 118 3
93 120 8
93 124 25
93 127 13
93 133 15
93 136 34
93 137 14
93 141 12
93 142 11
93 144 21
93 145 3
93 146 22
93 147 1
93 149 22
93 150 16
93 152 14
93 153 8
93 155 22
93 157 1
93 159 2
93 166 22
93 167 3
93 168 17
93 169 12
93 171 1
93 172 35
93 173 3
93 175 9
93 178 38
93 179 33
93 186 38
93 187 31
93 189 37
93 192 19
93 193 1
93 194 20
93 196 26
93 197 24
93 199 17
94 99 37
94 100 3
94 102 19
94 105 33
94 106 24
94 107 1
94 108 22
94 109 5
94 111 30
94 113 30
94 114 2
94 115 18
94 116 19
94 118 30
94 121 24
94 122 30
94 125 40
94 126 31
94 132 9
94 135 32
94 140 7
94 141 33
94 142 36
94 145 25
94 146 30
94 149 39
94 152 9
94 155 7
94 157 23
94 166 12
94 167 37
94 168 2
94 171 9
94 173 8
94 174 9
94 178 25
94 180 22
94 181 4
94 190 7
94 195 34
94 199 26
95 97 22
95 99 1
95 104 10
95 105 2
95 107 9
95 108 17
95 110 7
95 114 20
95 115 17
95 117 10
95 120 31
95 122 1
95 123 29
95 126 20
95 127 26
95 130 5
95 132 37
95 134 36
95 135 28
95 140 6
95 142 19
95 146 5
95 148 10
95 152 24
95 154 40
95 157 37
95 161 26
95 163 32
95 165 1
95 174 28
95 177 26
95 178 21
95 188 13
95 189 33
95 194 33
95 197 34
95 198 15
96 97 20
96 100 19
96 101 13
96 104 12
96 106 31
96 108 16
96 109 36
96 110 34
96 113 6
96 114 31
96 117 26
96 120 7
96 121 19
96 122 23
96 127 36
96 128 26
96 132 1
96 138 4
96 139 12
96 140 27
96 143 15
96 145 20
96 146 20
96 147 19
96 148 32
96 152 4
96 153 1
96 154 5
96 159 33
96 160 12
96 161 25
96 162 36
96 163 27
96 164 5
96 165 38
96 168 16
96 169 6
96 171 10
96 172 3
96 173 29
96 174 38
96 177 4
96 179 20
96 181 25
96 182 29
96 183 15
96 184 34
96 189 11
96 190 31
96 191 12
96 192 16
96 194 39
96 197 17
96 198 20
96 200 16
97 100 8
97 101 15
97 102 35
97 103 6
97 105 23
97 106 11
97 107 37
97 114 18
97 119 40
97 123 12
97 124 6
97 127 21
97 128 28
97 130 12
97 132 35
97 134 26
97 135 36
97 137 29
97 140 22
97 141 15
97 143 22
97 145 21
97 152 17
97 153 35
97 155 34
97 158 26
97 159 37
97 160 24
97 163 37
97 164 29
97 165 11
97 167 37
97 168 26
97 169 36
97 173 24
97 175 2
97 181 39
97 184 23
97 186 17
97 188 29
97 190 28
97 191 35
97 192 11
97 198 19
97 199 1
98 100 35
98 102 34
98 103 15
98 104 19
98 106 2
98 110 27
98 111 9
98 112 12
98 113 36
98 114 13
98 118 18
98 119 37
98 120 8
98 122 19
98 123 30
98 124 33
98 126 17
98 127 15
98 129 15
98 132 21
98 133 3
98 135 33
98 136 6
98 137 21
98 138 40
98 139 4
98 140 15
98 143 15
98 145 19
98 147 29
98 148 3
98 150 30
98 151 29
98 153 18
98 155 32
98 160 11
98 167 17
98 169 6
98 175 21
98 177 33
98 181 6
98 182 37
98 183 15
98 184 5
98 189 36
98 190 11
98 192 35
98 194 33
98 195 35
98 197 19
98 198 26
99 100 29
99 104 7
99 107 31
99 108 16
99 112 31
99 116 14
99 117 20
99 120 21
99 126 40
99 127 33
99 131 9
99 133 2
99 135 39
99 136 37
99 138 28
99 140 2
99 141 16
99 142 37
99 144 23
99 147 23
99 152 18
99 154 31
99 156 1
99 157 40
99 163 6
99 168 27
99 170 19
99 171 28
99 175 30
99 177 22
99 184 3
99 185 15
99 187 30
99 188 24
99 190 2
99 192 4
99 195 5
99 197 24
99 199 33
99 200 39
100 102 31
100 106 29
100 107 13
100 114 26
100 115 8
100 120 9
100 121 12
100 122 34
100 123 20
100 125 30
100 126 28
100 128 21
100 130 23
100 132 23
100 137 24
100 140 5
100 144 21
100 146 16
100 149 5
100 150 1
100 156 8
100 157 22
100 159 2
100 161 38
100 174 25
100 175 36
100 179 34
100 180 6
100 181 27
100 182 15
100 184 28
100 189 38
100 193 8
100 194 38
100 199 15
100 200 15
101 106 32
101 107 9
101 109 40
101 111 29
101 113 34
101 114 5
101 117 33
101 121 37
101 124 17
101 126 16
101 127 28
101 130 27
101 133 37
101 135 15
101 138 13
101 139 17
101 141 13
101 143 22
101 145 40
101 146 13
101 148 5
101 150 28
101 152 32
101 155 9
101 159 2
101 161 16
101 162 10
101 164 30
101 166 6
101 167 17
101 169 10
101 170 22
101 173 11
101 176 32
101 178 35
101 180 22
101 182 2
101 184 38
101 186 24
101 187 5
101 188 24
101 190 4
101 192 15
101 195 36
101 197 12
101 199 7
102 103 18
102 105 9
102 107 6
102 108 19
102 110 39
102 116 36
102 117 22
102 119 33
102 121 20
102 126 17
102 127 4
102 128 32
102 130 4
102 135 10
102 137 4
102 139 7
102 143 7
102 144 36
102 145 13
102 147 13
102 148 1
102 150 23
102 151 40
102 153 29
102 154 4
102 155 5
102 157 30
102 160 10
102 163 32
102 167 5
102 169 9
102 170 15
102 171 34
102 173 7
102 176 26
102 177 4
102 181 7
102 182 32
102 183 14
102 185 3
102 186 39
102 187 27
102 190 6
102 191 15
102 195 30
102 198 36
102 200 29
103 106 12
103 109 23
103 113 5
103 114 12
103 117 24
103 118 28
103 119 27
103 120 16
103 123 40
103 125 1
103 129 2
103 131 36
103 137 22
103 138 30
103 139 20
103 140 23
103 142 10
103 145 39
103 147 17
103 149 10
103 151 39
103 152 7
103 153 15
103 154 6
103 155 4
103 157 38
103 161 2
103 162 2
103 163 16
103 164 18
103 165 31
103 167 37
103 171 7
103 172 32
103 173 33
103 181 38
103 182 10
103 188 37
103 192 2
103 193 23
103 194 27
103 198 7
103 199 2
104 105 24
104 108 19
104 109 27
104 120 3
104 124 8
104 126 16
104 127 32
104 129 16
104 135 20
104 136 36
104 138 22
104 141 16
104 142 8
104 143 2
104 146 32
104 147 11
104 148 3
104 150 34
104 152 3
104 154 14
104 158 30
104 159 33
104 160 35
104 161 17
104 162 9
104 165 25
104 166 5
104 167 20
104 170 36
104 171 20
104 174 31
104 178 38
104 185 35
104 186 34
104 187 3
104 189 39
104 193 14
104 196 1
104 197 34
104 198 37
105 107 3
105 111 27
105 114 12
105 115 4
105 117 23
105 118 31
105 120 13
105 123 20
105 125 13
105 126 26
105 127 32
105 129 24
105 133 29
105 134 17
105 138 37
105 139 19
105 143 10
105 146 11
105 149 27
105 150 27
105 152 35
105 160 33
105 161 14
105 166 34
105 168 34
105 170 21
105 171 18
105 174 15
105 176 11
105 180 3
105 183 13
105 184 4
105 187 8
105 189 5
105 190 2
105 191 26
105 194 32
106 107 17
106 108 11
106 111 31
106 112 40
106 116 8
106 120 27
106 126 12
106 132 19
106 142 8
106 147 32
106 149 1
106 150 21
106 154 11
106 156 7
106 157 22
106 161 35
106 163 6
106 170 10
106 172 24
106 175 21
106 177 35
106 179 21
106 180 6
106 181 4
106 185 34
106 187 39
106 192 39
106 195 24
106 197 38
106 200 27
107 109 23
107 110 10
107 112 32
107 114 2
107 116 17
107 120 9
107 123 14
107 124 9
107 125 3
107 127 14
107 128 12
107 129 31
107 130 20
107 133 11
107 138 37
107 140 4
107 141 20
107 147 11
107 152 20
107 153 30
107 154 32
107 159 6
107 161 40
107 163 21
107 166 8
107 167 19
107 174 6
107 175 23
107 177 1
107 179 38
107 182 3
107 185 23
107 187 2
107 190 40
107 192 40
107 194 26
107 195 40
107 196 27
107 198 30
107 200 4
108 110 6
108 114 30
108 115 6
108 116 1
108 119 14
108 120 9
108 121 8
108 122 30
108 125 37
108 126 5
108 127 11
108 128 36
108 129 1
108 131 13
108 137 24
108 138 23
108 139 21
108 140 35
108 152 27
108 153 6
108 154 28
108 156 22
108 158 25
108 159 27
108 160 6
108 161 7
108 162 10
108 165 10
108 166 39
108 169 19
108 175 6
108 176 6
108 177 38
108 180 10
108 181 33
108 182 24
108 187 40
108 189 11
108 191 32
108 195 34
108 196 38
108 197 40
109 110 18
109 111 13
109 113 10
109 114 34
109 124 3
109 128 16
109 130 23
109 131 11
109 134 17
109 137 10
109 144 24
109 145 18
109 146 7
109 149 10
109 151 11
109 152 17
109 154 11
109 158 34
109 165 31
109 166 39
109 167 29
109 177 24
109 182 40
109 183 13
109 186 23
109 187 37
109 195 22
109 199 32
110 113 20
110 121 36
110 125 28
110 126 19
110 131 37
110 134 7
110 138 23
110 139 26
110 142 37
110 143 5
110 145 11
110 148 29
110 149 27
110 150 11
110 151 36
110 153 16
110 155 24
110 156 30
110 157 22
110 158 28
110 162 14
110 165 40
110 166 6
110 170 7
110 172 5
110 174 22
110 177 21
110 182 31
110 185 36
110 187 5
110 194 19
110 196 37
111 112 11
111 114 14
111 115 19
111 116 16
111 121 4
111 124 3
111 125 19
111 127 33
111 129 28
111 131 24
111 132 28
111 136 27
111 138 22
111 139 32
111 140 38
111 141 22
111 142 9
111 151 29
111 154 26
111 156 22
111 159 26
111 160 3
111 163 8
111 164 3
111 165 25
111 169 39
111 170 1
111 171 20
111 172 3
111 175 37
111 176 31
111 180 38
111 181 33
111 185 20
111 191 21
111 192 15
111 193 17
111 199 23
112 113 28
112 115 22
112 118 37
112 119 36
112 121 32
112 124 3
112 125 20
112 126 6
112 128 20
112 131 26
112 138 5
112 139 5
112 143 10
112 150 39
112 155 9
112 156 25
112 157 29
112 158 30
112 161 40
112 165 5
112 167 1
112 168 28
112 169 6
112 171 35
112 178 14
112 179 27
112 181 14
112 187 1
112 192 10
112 196 33
112 198 35
112 199 9
113 118 38
113 122 4
113 124 30
113 126 2
113 127 39
113 130 22
113 134 22
113 135 1
113 143 27
113 144 23
113 149 16
113 151 2
113 155 4
113 157 22
113 159 1
113 160 39
113 161 4
113 163 40
113 167 37
113 170 5
113 171 37
113 176 1
113 177 26
113 181 7
113 184 23
113 186 11
113 188 7
113 192 39
113 193 26
113 194 40
113 195 15
113 196 26
113 198 17
114 116 37
114 117 12
114 119 22
114 123 33
114 125 14
114 127 30
114 128 14
114 131 35
114 132 8
114 135 38
114 137 31
114 138 35
114 139 19
114 140 32
114 141 37
114 142 38
114 143 30
114 144 26
114 146 25
114 150 8
114 152 9
114 154 19
114 156 30
114 159 24
114 162 35
114 168 29
114 169 10
114 171 34
114 173 37
114 176 33
114 185 4
114 186 12
114 188 39
114 192 20
114 193 40
114 199 40
115 118 18
115 120 14
115 123 31
115 130 29
115 131 36
115 137 30
115 146 24
115 147 16
115 149 13
115 152 29
115 158 36
115 159 17
115 160 35
115 162 10
115 163 4
115 165 2
115 166 35
115 167 3
115 170 21
115 174 26
115 176 1
115 178 6
115 180 26
115 181 24
115 183 22
115 185 13
115 189 9
115 190 2
115 193 5
115 194 14
115 195 3
115 196 6
115 200 36
116 117 10
116 118 40
116 119 40
116 120 15
116 122 37
116 125 17
116 128 8
116 129 9
116 131 9
116 132 7
116 140 13
116 141 16
116 144 34
116 148 37
116 152 39
116 153 38
116 154 6
116 156 33
116 158 14
116 159 16
116 160 8
116 161 6
116 162 28
116 163 40
116 164 19
116 165 34
116 168 15
116 171 13
116 172 30
116 173 32
116 177 2
116 182 16
116 183 12
116 184 7
116 185 31
116 189 7
116 190 4
116 195 25
116 199 17
117 119 5
117 122 16
117 126 25
117 128 31
117 130 24
117 132 35
117 134 3
117 138 31
117 142 25
117 146 28
117 147 30
117 150 11
117 152 24
117 154 19
117 157 29
117 158 19
117 159 15
117 160 11
117 161 30
117 162 15
117 165 2
117 166 23
117 167 3
117 169 11
117 172 17
117 174 38
117 176 20
117 178 3
117 180 23
117 182 10
117 183 19
117 185 3
117 186 30
117 190 17
117 192 21
117 196 12
117 197 18
117 198 40
118 119 19
118 120 8
118 122 8
118 123 22
118 125 30
118 131 24
118 134 32
118 137 38
118 138 17
118 139 37
118 142 17
118 143 40
118 147 27
118 149 24
118 151 31
118 152 17
118 154 19
118 155 14
118 161 2
118 163 4
118 164 10
118 170 40
118 171 30
118 173 21
118 175 27
118 180 7
118 185 18
118 186 14
118 188 18
118 194 33
118 196 10
118 198 40
119 125 13
119 127 15
119 130 18
119 132 10
119 133 31
119 135 39
119 137 19
119 140 40
119 147 32
119 149 2
119 151 23
119 152 22
119 154 3
119 155 11
119 157 12
119 167 32
119 171 22
119 174 12
119 178 8
119 179 37
119 180 17
119 183 26
119 185 15
119 186 39
119 187 13
119 188 29
119 192 2
119 196 23
119 197 24
119 198 33
120 121 1
120 125 26
120 126 12
120 130 13
120 132 39
120 133 11
120 137 27
120 138 23
120 144 32
120 146 14
120 149 8
120 150 30
120 154 35
120 156 13
120 158 27
120 159 9
120 160 25
120 162 19
120 163 39
120 167 2
120 171 7
120 172 28
120 173 9
120 175 15
120 178 39
120 179 35
120 180 7
120 190 28
120 191 11
120 192 20
120 193 35
120 194 7
120 195 33
120 196 36
120 197 23
120 198 9
120 200 24
121 122 15
121 123 37
121 124 26
121 129 20
121 133 22
121 136 27
121 137 2
121 138 34
121 143 30
121 145 23
121 149 29
121 150 30
121 151 25
121 152 32
121 154 10
121 156 5
121 158 15
121 162 7
121 163 31
121 166 25
121 169 7
121 176 7
121 177 24
121 178 37
121 179 27
121 180 5
121 182 31
121 190 26
121 193 33
121 196 21
121 197 30
122 125 35
122 126 3
122 128 6
122 130 11
122 132 8
122 137 5
122 138 9
122 140 31
122 142 7
122 148 37
122 160 15
122 163 40
122 164 3
122 165 20
122 168 15
122 169 17
122 170 32
122 174 10
122 178 2
122 181 11
122 184 40
122 186 30
122 189 28
122 192 35
122 194 8
122 196 16
122 198 11
122 199 25
123 127 19
123 128 2
123 131 11
123 135 24
123 136 38
123 138 39
123 140 15
123 141 7
123 142 32
123 147 28
123 150 15
123 151 5
123 153 33
123 156 32
123 165 10
123 168 4
123 169 21
123 170 11
123 171 31
123 172 2
123 174 35
123 180 21
123 182 32
123 185 14
123 186 7
123 194 16
123 195 1
123 200 26
124 126 7
124 127 11
124 129 40
124 130 20
124 132 18
124 140 23
124 141 6
124 145 21
124 147 18
124 148 40
124 150 28
124 154 24
124 155 27
124 157 12
124 160 27
124 161 23
124 166 39
124 167 2
124 171 2
124 172 5
124 175 12
124 177 21
124 178 2
124 179 34
124 180 17
124 181 13
124 183 21
124 185 30
124 186 15
124 189 25
124 193 3
124 196 15
124 197 12
124 199 34
125 127 34
125 129 18
125 131 19
125 136 2
125 138 24
125 140 29
125 144 23
125 145 2
125 147 20
125 150 26
125 155 8
125 157 26
125 158 38
125 167 36
125 168 30
125 172 11
125 173 11
125 174 16
125 175 20
125 178 18
125 180 18
125 181 38
125 182 15
125 184 27
125 185 33
125 187 15
125 191 29
125 192 21
125 196 7
125 197 1
125 198 25
126 127 20
126 129 13
126 130 37
126 132 11
126 136 9
126 138 3
126 145 7
126 147 29
126 149 5
126 150 16
126 154 17
126 155 29
126 156 27
126 162 35
126 163 35
126 165 37
126 167 28
126 170 14
126 172 23
126 176 39
126 177 15
126 178 17
126 182 28
126 186 37
126 188 7
126 189 12
126 190 32
126 192 14
126 193 30
126 194 19
126 195 28
126 196 21
126 199 2
127 128 31
127 129 22
127 137 28
127 144 15
127 145 34
127 151 34
127 153 20
127 158 26
127 163 24
127 167 22
127 168 6
127 176 8
127 177 18
127 180 27
127 181 7
127 182 29
127 183 9
127 185 9
127 193 22
127 195 28
127 198 27
127 199 34
128 131 14
128 135 5
128 139 14
128 145 16
128 149 20
128 150 8
128 155 3
128 159 12
128 161 16
128 166 1
128 167 15
128 171 12
128 175 40
128 176 29
128 178 21
128 185 8
128 187 8
128 191 31
128 193 33
128 195 33
128 196 28
128 197 4
128 199 5
128 200 27
129 134 5
129 135 13
129 136 38
129 139 3
129 141 21
129 143 17
129 144 28
129 148 29
129 149 34
129 154 2
129 159 7
129 160 27
129 164 18
129 165 36
129 169 30
129 173 30
129 175 10
129 179 40
129 184 16
129 188 29
129 189 18
129 190 38
129 192 1
129 193 14
129 196 7
130 137 39
130 142 25
130 144 21
130 149 10
130 152 24
130 153 22
130 154 17
130 155 1
130 157 4
130 158 27
130 160 32
130 162 13
130 165 35
130 167 1
130 168 30
130 169 36
130 171 4
130 173 14
130 175 8
130 180 25
130 181 2
130 182 32
130 184 39
130 185 9
130 188 10
130 190 20
130 191 26
130 195 21
130 196 25
130 200 1
131 132 38
131 133 13
131 134 31
131 135 23
131 136 18
131 148 34
131 149 1
131 150 4
131 151 6
131 152 36
131 153 24
131 154 27
131 156 34
131 159 30
131 162 32
131 163 27
131 164 39
131 170 40
131 173 35
131 176 37
131 177 16
131 179 36
131 182 14
131 183 20
131 184 30
131 185 12
131 189 31
131 190 5
131 191 26
131 195 25
131 197 38
132 135 5
132 142 18
132 146 18
132 147 1
132 149 33
132 150 31
132 151 18
132 154 3
132 155 8
132 157 30
132 159 27
132 160 10
132 162 13
132 171 6
132 172 23
132 176 20
132 179 5
132 182 29
132 184 17
132 187 33
132 189 1
132 191 21
132 192 34
132 193 25
132 195 24
132 197 20
132 199 26
132 200 2
133 135 34
133 140 28
133 143 32
133 147 36
133 152 8
133 153 38
133 154 6
133 157 37
133 158 1
133 159 9
133 160 28
133 168 39
133 170 13
133 171 11
133 172 24
133 173 30
133 175 20
133 176 39
133 181 31
133 183 3
133 184 22
133 187 34
133 189 20
133 191 32
133 194 33
134 140 38
134 141 17
134 142 20
134 143 36
134 144 31
134 147 7
134 148 20
134 151 27
134 153 32
134 154 17
134 159 32
134 162 3
134 163 5
134 167 21
134 168 13
134 174 18
134 178 36
134 179 34
134 180 6
134 182 17
134 186 17
134 192 15
134 193 13
134 194 32
135 140 16
135 142 1
135 151 11
135 152 30
135 154 14
135 159 14
135 160 28
135 161 3
135 165 35
135 166 16
135 167 1
135 173 22
135 178 13
135 182 37
135 183 27
135 185 21
135 186 15
135 188 39
135 191 21
135 196 38
135 197 30
135 199 29
136 137 29
136 139 5
136 144 10
136 145 29
136 146 2
136 147 4
136 148 39
136 149 18
136 150 31
136 152 4
136 154 21
136 158 16
136 161 30
136 170 32
136 176 8
136 180 38
136 182 9
136 184 15
136 190 6
136 192 17
136 194 18
136 198 8
136 199 30
137 146 9
137 147 15
137 152 20
137 155 21
137 159 29
137 161 6
137 164 29
137 171 27
137 172 5
137 177 30
137 178 14
137 183 23
137 184 6
137 188 14
137 192 13
137 193 2
137 194 12
137 195 8
137 197 15
137 198 5
137 199 4
137 200 17
138 139 34
138 141 21
138 142 24
138 143 13
138 155 13
138 156 37
138 157 16
138 163 25
138 167 20
138 172 27
138 173 33
138 179 35
138 181 7
138 182 2
138 187 11
138 189 20
138 197 13
139 143 17
139 146 37
139 148 37
139 150 16
139 151 22
139 154 11
139 155 19
139 156 11
139 159 8
139 164 6
139 166 3
139 167 28
139 170 19
139 175 32
139 185 38
139 186 16
139 188 20
139 191 40
139 192 6
139 193 6
139 195 37
140 141 9
140 147 36
140 149 40
140 150 34
140 152 6
140 153 24
140 157 11
140 159 29
140 165 28
140 166 8
140 167 38
140 168 10
140 171 26
140 181 25
140 182 39
140 183 27
140 184 36
140 187 21
140 194 1
140 197 9
140 198 2
140 200 38
141 143 25
141 145 35
141 146 7
141 150 27
141 151 19
141 153 22
141 154 32
141 158 26
141 160 32
141 163 17
141 164 24
141 165 27
141 168 14
141 169 16
141 171 8
141 173 35
141 174 15
141 176 16
141 177 18
141 178 4
141 180 13
141 181 21
141 182 19
141 188 17
141 189 12
141 191 11
141 195 22
141 199 27
141 200 7
142 145 17
142 146 18
142 151 27
142 154 36
142 156 14
142 157 23
142 165 28
142 169 30
142 170 19
142 171 16
142 175 38
142 179 32
142 180 34
142 181 7
142 184 2
142 186 33
142 190 7
142 192 8
142 197 37
142 198 24
142 200 19
143 145 36
143 149 8
143 153 15
143 155 21
143 157 18
143 158 26
143 164 28
143 165 9
143 166 40
143 168 5
143 169 37
143 171 24
143 176 39
143 177 29
143 178 40
143 183 9
143 184 40
143 185 23
143 187 17
143 195 18
143 197 9
143 198 12
143 200 16
144 146 18
144 151 25
144 152 40
144 154 40
144 158 25
144 159 1
144 161 36
144 164 12
144 165 28
144 167 27
144 170 26
144 176 39
144 180 21
144 183 26
144 186 6
144 188 29
144 191 23
144 192 11
144 193 32
144 197 1
144 198 8
144 200 14
145 149 34
145 150 38
145 152 1
145 153 39
145 154 27
145 160 17
145 162 37
145 163 37
145 165 28
145 167 6
145 169 28
145 173 30
145 174 20
145 177 20
145 182 11
145 190 10
145 193 28
145 194 38
145 195 6
146 151 10
146 154 3
146 155 7
146 156 22
146 159 14
146 161 1
146 162 6
146 164 5
146 168 13
146 169 15
146 170 34
146 173 11
146 176 15
146 177 10
146 179 39
146 183 10
146 184 26
146 187 5
146 188 34
146 190 35
146 191 1
146 197 20
146 199 34
147 148 9
147 153 7
147 155 19
147 156 22
147 157 2
147 159 19
147 161 28
147 162 37
147 165 34
147 166 34
147 167 16
147 170 19
147 171 13
147 172 40
147 173 2
147 175 5
147 180 26
147 183 29
147 185 26
147 187 19
147 189 20
147 192 3
147 196 13
147 200 7
148 150 21
148 153 4
148 154 16
148 155 9
148 159 5
148 160 27
148 161 31
148 163 25
148 164 31
148 166 33
148 167 36
148 169 23
148 170 26
148 172 1
148 174 27
148 175 38
148 176 6
148 179 20
148 180 26
148 181 13
148 184 36
148 191 24
148 193 7
148 195 25
148 198 24
148 199 30
148 200 39
149 155 26
149 157 20
149 161 24
149 162 30
149 166 9
149 168 12
149 169 39
149 170 13
149 171 38
149 172 20
149 174 10
149 177 12
149 178 25
149 182 21
149 183 30
149 185 20
149 186 6
149 188 11
149 190 4
149 195 15
149 199 19
149 200 6
150 152 2
150 155 5
150 156 1
150 160 15
150 162 32
150 165 4
150 167 20
150 168 2
150 170 32
150 171 23
150 175 3
150 176 18
150 178 9
150 179 21
150 183 4
150 189 10
150 193 16
150 195 39
150 196 32
150 198 30
151 152 25
151 156 10
151 159 39
151 160 38
151 161 10
151 164 17
151 167 15
151 168 23
151 170 7
151 172 3
151 173 32
151 174 7
151 176 5
151 178 34
151 179 10
151 180 37
151 182 17
151 183 38
151 184 1
151 186 34
151 191 39
151 194 39
151 195 32
151 199 37
151 200 14
152 154 7
152 155 28
152 156 33
152 163 11
152 164 12
152 165 35
152 166 12
152 167 31
152 171 23
152 172 40
152 174 39
152 177 27
152 179 1
152 182 1
152 185 1
152 187 12
152 188 36
152 189 28
152 194 32
152 195 21
152 196 21
152 197 18
152 200 36
153 155 39
153 158 23
153 159 15
153 160 14
153 161 15
153 163 32
153 170 23
153 171 24
153 172 20
153 177 35
153 184 31
153 186 38
153 188 23
153 192 40
153 195 25
153 197 6
153 199 23
154 157 5
154 158 37
154 161 14
154 162 15
154 163 19
154 164 32
154 166 18
154 167 13
154 168 37
154 169 28
154 170 39
154 175 8
154 177 26
154 181 40
154 182 38
154 183 21
154 187 34
154 188 30
154 193 4
154 196 18
154 198 3
155 158 11
155 160 15
155 164 27
155 167 8
155 168 3
155 170 15
155 171 23
155 173 23
155 174 15
155 175 21
155 181 19
155 186 8
155 187 18
155 189 33
155 190 33
155 191 29
155 195 13
155 196 7
155 197 11
155 199 11
156 157 40
156 158 14
156 159 22
156 163 26
156 168 21
156 169 16
156 170 21
156 172 19
156 173 6
156 175 12
156 177 2
156 181 38
156 182 27
156 185 37
156 186 9
156 189 31
156 190 39
156 196 19
156 197 14
157 169 22
157 170 37
157 171 32
157 172 2
157 174 22
157 179 34
157 180 1
157 181 13
157 184 38
157 186 22
157 191 12
157 193 12
157 195 37
157 196 12
158 159 30
158 161 38
158 167 29
158 168 29
158 171 11
158 172 31
158 179 2
158 184 14
158 185 10
158 187 11
158 189 21
158 190 24
158 191 24
158 193 30
158 200 28
159 160 36
159 163 37
159 164 1
159 166 27
159 168 23
159 169 35
159 171 3
159 177 40
159 180 31
159 182 12
159 190 13
159 194 3
159 195 24
159 200 2
160 161 28
160 162 28
160 166 17
160 170 19
160 171 33
160 173 8
160 174 15
160 175 38
160 180 8
160 181 40
160 182 14
160 184 17
160 185 23
160 187 31
160 190 27
160 191 36
160 193 1
160 194 9
160 195 3
161 163 22
161 164 7
161 166 25
161 169 28
161 175 40
161 176 15
161 178 4
161 179 12
161 180 27
161 183 3
161 187 8
161 188 30
161 190 4
161 192 32
161 195 6
161 198 12
162 164 4
162 166 29
162 168 39
162 169 22
162 170 21
162 171 1
162 172 35
162 175 21
162 177 9
162 180 20
162 181 26
162 182 16
162 184 37
162 190 30
162 196 13
162 198 31
162 199 10
163 164 4
163 167 35
163 168 2
163 169 20
163 170 27
163 172 16
163 173 33
163 175 17
163 177 35
163 181 32
163 188 33
163 194 30
163 195 38
163 198 34
163 199 20
164 165 1
164 169 29
164 171 15
164 173 40
164 174 6
164 179 29
164 182 36
164 183 5
164 187 12
164 190 5
164 198 30
165 168 7
165 169 22
165 170 2
165 171 14
165 173 20
165 179 21
165 181 9
165 182 10
165 183 1
165 184 40
165 186 33
165 188 9
165 196 2
165 197 39
165 198 9
165 199 19
166 173 1
166 179 11
166 182 37
166 186 17
166 188 2
166 193 4
166 194 18
166 195 28
166 200 12
167 169 1
167 170 24
167 171 13
167 172 17
167 174 23
167 177 15
167 178 3
167 184 6
167 185 29
167 186 34
167 189 2
167 190 36
167 192 30
167 195 19
167 196 24
167 197 4
167 199 5
167 200 32
168 173 5
168 174 29
168 179 19
168 180 37
168 181 21
168 183 2
168 184 35
168 185 34
168 186 15
168 187 4
168 189 5
168 190 15
168 197 37
168 198 26
168 199 13
169 170 26
169 175 27
169 176 1
169 178 14
169 179 28
169 181 32
169 182 26
169 183 16
169 185 25
169 189 27
169 192 32
169 196 31
169 199 15
170 172 16
170 176 32
170 177 4
170 180 3
170 183 14
170 186 38
170 187 10
170 191 21
170 194 40
170 195 35
170 199 19
170 200 22
171 179 19
171 180 3
171 183 26
171 184 37
171 185 17
171 186 35
171 188 39
171 189 36
171 190 11
171 191 13
171 192 4
171 194 22
171 196 2
171 197 9
172 174 10
172 176 14
172 178 6
172 180 16
172 183 36
172 184 40
172 187 17
172 192 19
172 194 35
172 198 34
172 199 17
172 200 9
173 175 28
173 178 16
173 180 16
173 181 3
173 182 28
173 183 24
173 185 20
173 195 13
173 198 14
173 199 23
174 184 38
174 185 2
174 187 21
174 190 35
174 195 38
174 196 37
174 198 21
174 199 24
174 200 1
175 176 40
175 178 31
175 180 17
175 186 33
175 187 33
175 191 3
175 192 36
175 193 25
175 197 9
176 178 37
176 179 31
176 181 21
176 189 27
176 191 33
176 192 33
176 196 3
176 197 22
176 198 6
176 200 13
177 178 5
177 179 18
177 181 6
177 184 11
177 185 2
177 187 15
177 189 7
177 190 21
177 191 36
177 192 1
177 193 2
177 197 23
178 179 38
178 180 30
178 183 29
178 185 24
178 186 16
178 191 8
178 195 12
178 196 3
179 180 8
179 182 34
179 183 34
179 184 35
179 185 8
179 186 34
179 189 18
179 190 24
179 192 5
179 196 30
179 197 27
180 187 16
180 189 15
180 190 24
180 193 26
180 196 14
180 197 15
181 182 29
181 187 9
181 192 37
181 196 11
181 197 10
181 199 31
182 186 37
182 188 9
182 191 14
182 192 28
182 195 18
182 199 21
183 189 8
183 191 39
183 194 16
183 195 17
183 197 31
183 200 25
184 188 25
184 189 34
184 196 22
184 199 16
185 187 10
185 188 24
185 189 10
185 190 30
185 196 18
185 197 8
185 199 32
185 200 5
186 188 16
186 195 26
186 196 32
186 198 31
187 188 24
187 189 1
187 190 1
187 192 26
187 195 17
187 200 21
188 189 31
188 190 15
188 191 7
188 194 9
189 196 7
189 198 37
190 192 18
190 195 6
190 196 4
190 198 7
190 200 31
191 200 21
192 194 18
192 195 28
192 197 23
193 196 18
193 200 15
194 195 22
194 197 19
194 198 5
194 200 9
195 198 36
195 200 15
196 199 21
197 198 32
197 199 10
199 200 33
