200 1980
1 21 9
1 28 7
1 34 7
1 54 10
1 57 4
1 58 2
1 67 5
1 82 10
1 87 7
1 112 5
1 117 3
1 124 3
1 131 3
1 146 10
1 171 3
1 178 6
1 186 3
1 188 4
1 193 2
2 36 6
2 52 10
2 55 4
2 59 6
2 64 10
2 73 7
2 74 6
2 76 9
2 87 6
2 89 2
2 101 8
2 105 1
2 131 3
2 137 4
2 138 1
2 141 2
2 143 6
2 151 6
2 163 5
2 170 3
2 175 5
2 177 9
2 194 7
2 195 1
3 7 3
3 13 1
3 16 8
3 26 7
3 31 2
3 64 1
3 68 3
3 74 1
3 76 3
3 86 7
3 98 7
3 103 4
3 105 7
3 123 4
3 129 2
3 136 3
3 144 3
3 158 5
3 161 5
3 169 1
3 171 1
3 176 5
3 180 1
4 5 5
4 11 3
4 16 4
4 21 10
4 30 9
4 38 8
4 43 9
4 48 10
4 81 6
4 82 5
4 90 8
4 97 7
4 105 1
4 117 9
4 126 6
4 131 6
4 139 1
4 142 3
4 147 3
4 148 3
4 150 7
4 159 4
4 168 10
4 173 5
4 188 7
4 191 9
4 197 2
5 6 5
5 18 1
5 19 5
5 45 3
5 51 1
5 61 6
5 70 7
5 77 4
5 87 7
5 95 10
5 102 1
5 108 4
5 122 4
5 132 7
5 135 9
5 147 8
5 183 4
5 184 4
5 192 3
6 15 2
6 35 5
6 41 9
6 45 4
6 76 7
6 91 4
6 92 7
6 126 10
6 127 10
6 142 9
6 158 10
6 168 8
6 177 8
7 9 9
7 13 9
7 29 2
7 31 10
7 38 7
7 54 8
7 72 5
7 109 3
7 124 2
7 127 9
7 132 1
7 134 3
7 136 8
7 144 9
7 148 10
7 151 5
7 165 8
7 174 9
7 180 7
7 181 10
7 195 9
7 198 2
7 199 1
8 17 2
8 52 9
8 54 1
8 61 7
8 66 6
8 67 5
8 81 9
8 96 2
8 101 3
8 109 3
8 113 6
8 133 8
8 139 3
8 165 5
8 169 6
8 175 1
8 176 5
8 177 6
8 181 4
8 182 6
8 186 10
8 190 9
8 193 1
9 29 5
9 65 10
9 70 7
9 79 2
9 91 6
9 93 4
9 96 3
9 111 1
9 113 10
9 134 9
9 138 1
9 145 8
9 155 10
9 163 7
9 172 1
9 174 9
9 181 6
9 195 5
10 12 5
10 24 3
10 25 7
10 55 3
10 57 4
10 81 4
10 107 10
10 110 10
10 128 9
10 135 6
10 158 6
10 177 2
10 188 10
10 196 8
11 18 7
11 29 8
11 36 2
11 53 7
11 65 10
11 91 5
11 102 5
11 113 4
11 117 4
11 119 4
11 120 3
11 124 2
11 137 2
11 138 8
11 146 1
11 148 7
11 163 7
11 165 4
11 166 1
11 185 1
11 188 5
12 22 7
12 24 5
12 26 8
12 44 9
12 50 5
12 55 2
12 58 2
12 97 2
12 101 6
12 129 6
12 138 8
12 145 9
12 153 1
12 156 9
12 160 9
12 173 5
12 176 1
12 182 10
12 184 7
12 185 8
13 15 5
13 44 4
13 58 6
13 66 3
13 77 10
13 103 4
13 125 1
13 134 9
13 167 8
13 182 9
13 200 6
14 18 10
14 19 7
14 20 6
14 23 2
14 42 3
14 48 7
14 52 2
14 54 3
14 57 3
14 67 10
14 73 7
14 82 4
14 96 1
14 101 1
14 109 4
14 111 8
14 114 2
14 124 1
14 129 1
14 130 6
14 146 5
14 147 7
14 164 8
14 197 9
15 38 3
15 41 3
15 47 2
15 55 7
15 123 2
15 133 10
15 137 3
15 164 3
15 166 7
15 168 10
16 21 7
16 27 10
16 29 2
16 57 7
16 60 6
16 77 2
16 78 10
16 84 8
16 88 2
16 99 10
16 122 7
16 130 1
16 131 2
16 148 4
16 153 5
16 155 4
16 163 8
16 167 7
16 181 5
16 192 2
17 18 2
17 19 4
17 39 3
17 40 8
17 46 5
17 62 6
17 66 4
17 69 8
17 74 1
17 81 8
17 84 2
17 96 8
17 118 5
17 123 9
17 125 3
17 128 5
17 137 6
17 138 6
17 144 2
17 168 3
17 171 4
17 176 7
17 179 3
17 180 8
17 191 6
18 32 5
18 35 8
18 48 8
18 51 1
18 52 3
18 66 9
18 75 7
18 81 8
18 82 5
18 86 7
18 93 7
18 96 3
18 103 7
18 105 6
18 106 8
18 112 9
18 118 7
18 129 5
18 131 6
18 137 1
18 139 3
18 141 8
18 142 8
18 148 7
18 168 1
18 186 8
18 199 6
19 23 6
19 28 7
19 30 9
19 36 2
19 50 10
19 64 8
19 66 10
19 68 2
19 98 10
19 122 6
19 126 6
19 132 2
19 139 6
19 174 9
20 28 4
20 32 1
20 34 5
20 44 5
20 51 10
20 56 4
20 63 5
20 78 10
20 85 9
20 90 6
20 91 10
20 99 2
20 101 6
20 112 9
20 134 7
20 135 4
20 141 10
20 150 9
20 153 5
20 154 5
20 158 4
20 159 10
20 167 5
20 179 9
20 192 8
21 42 4
21 53 6
21 80 6
21 146 9
21 158 5
21 175 1
21 191 4
22 30 4
22 34 2
22 37 3
22 89 2
22 100 1
22 102 9
22 106 1
22 117 4
22 133 6
22 137 3
22 139 2
22 143 5
22 167 10
22 171 5
22 179 2
22 184 8
22 187 5
23 25 4
23 30 8
23 32 1
23 33 8
23 44 3
23 46 9
23 73 9
23 94 2
23 99 4
23 117 2
23 122 5
23 128 1
23 173 3
23 190 5
23 198 4
24 54 8
24 57 9
24 68 9
24 80 4
24 89 5
24 106 2
24 129 10
24 142 2
24 143 6
24 145 10
24 153 1
24 174 3
24 175 6
24 178 3
24 180 4
25 55 5
25 57 7
25 69 2
25 73 5
25 85 10
25 87 2
25 94 4
25 101 3
25 126 6
25 134 5
25 154 7
25 170 1
25 200 10
26 29 10
26 38 3
26 44 6
26 56 5
26 60 10
26 78 10
26 97 7
26 99 10
26 115 1
26 141 1
26 175 4
26 177 1
27 35 8
27 36 5
27 43 3
27 44 9
27 62 9
27 98 10
27 116 6
27 134 8
27 156 1
27 190 5
27 199 4
28 42 1
28 52 10
28 60 10
28 62 1
28 85 2
28 86 4
28 93 9
28 106 10
28 109 5
28 110 1
28 118 6
28 152 2
28 156 4
28 178 8
28 179 7
28 182 6
28 191 3
28 199 8
29 33 9
29 42 2
29 48 10
29 50 6
29 53 4
29 75 4
29 78 1
29 84 5
29 88 8
29 127 5
29 143 5
29 148 1
29 165 4
29 167 1
29 172 7
29 175 1
29 196 3
29 198 6
30 31 3
30 39 6
30 40 6
30 50 4
30 83 1
30 90 2
30 92 3
30 115 7
30 119 4
30 127 8
30 137 1
30 144 10
30 152 9
30 156 1
30 160 7
30 164 2
30 169 9
30 171 8
30 183 10
30 189 6
30 193 1
31 50 8
31 68 10
31 78 1
31 87 4
31 90 2
31 122 5
31 123 4
31 135 9
31 148 1
31 164 7
31 166 7
31 167 9
31 173 9
31 197 2
32 44 10
32 55 7
32 56 3
32 67 7
32 79 1
32 96 1
32 105 3
32 131 9
32 132 1
32 139 3
32 146 8
32 148 5
32 168 2
32 176 8
32 186 8
32 190 8
32 196 9
33 40 7
33 48 2
33 50 5
33 62 10
33 66 2
33 79 6
33 90 2
33 96 10
33 113 9
33 127 9
33 152 7
33 153 10
33 158 5
33 184 2
33 186 1
33 191 1
34 72 3
34 73 9
34 79 3
34 82 6
34 83 7
34 95 10
34 97 1
34 110 9
34 114 4
34 115 1
34 138 7
34 139 10
34 143 6
34 152 9
34 160 4
34 190 2
34 197 1
35 54 8
35 61 1
35 89 3
35 95 4
35 97 1
35 120 9
35 122 5
35 141 6
35 173 8
35 174 5
35 176 10
35 185 1
35 191 5
35 195 2
35 196 4
35 198 5
36 40 5
36 43 9
36 69 10
36 87 7
36 103 7
36 111 2
36 127 9
36 131 3
36 143 7
36 148 8
36 149 5
36 160 8
36 163 2
36 178 3
36 190 3
36 192 1
37 47 6
37 52 1
37 63 3
37 69 5
37 73 6
37 87 7
37 92 10
37 101 2
37 103 5
37 110 7
37 116 4
37 122 4
37 133 5
37 141 3
37 148 5
37 169 8
37 171 7
37 176 3
37 195 10
38 62 8
38 65 6
38 68 7
38 77 2
38 91 1
38 94 8
38 98 2
38 134 1
38 136 5
38 140 10
38 147 3
38 164 2
38 171 6
38 186 4
38 190 2
39 44 9
39 60 3
39 62 2
39 63 9
39 64 6
39 71 9
39 83 1
39 87 9
39 93 1
39 94 8
39 101 9
39 106 3
39 118 9
39 133 2
39 151 4
39 152 3
39 161 9
39 170 9
39 181 4
40 47 3
40 51 7
40 59 4
40 64 7
40 70 3
40 91 8
40 93 2
40 95 5
40 101 7
40 132 8
40 135 5
40 142 5
40 153 7
40 178 6
40 184 7
40 185 4
40 198 4
41 51 2
41 52 4
41 57 3
41 61 10
41 72 10
41 74 4
41 79 6
41 84 6
41 90 10
41 97 4
41 103 3
41 110 9
41 113 10
41 124 2
41 127 10
41 134 9
41 151 7
41 156 9
41 157 1
41 162 7
41 164 9
41 192 7
42 65 8
42 73 8
42 90 1
42 98 2
42 99 7
42 107 2
42 126 7
42 130 1
42 140 1
42 153 10
42 160 2
42 162 6
42 173 1
42 186 7
42 188 4
42 196 3
43 60 2
43 61 10
43 62 6
43 66 1
43 71 6
43 107 7
43 117 3
43 125 7
43 131 4
43 139 4
43 147 7
43 149 1
43 177 6
43 178 1
43 185 9
44 74 8
44 83 6
44 93 4
44 105 1
44 109 10
44 114 7
44 121 10
44 129 2
44 136 10
44 144 3
44 152 7
44 163 4
44 172 4
44 198 5
45 55 2
45 63 3
45 74 2
45 84 5
45 87 2
45 101 1
45 104 1
45 111 9
45 116 1
45 118 7
45 126 4
45 132 3
45 134 1
45 151 1
45 158 6
45 160 7
45 166 8
45 167 6
45 168 5
46 77 9
46 78 2
46 81 9
46 121 10
46 137 9
46 161 8
46 174 3
46 177 1
46 196 10
47 49 4
47 51 6
47 54 1
47 73 8
47 77 8
47 79 10
47 93 10
47 94 5
47 113 3
47 114 2
47 117 9
47 130 7
47 133 6
47 146 6
47 163 10
47 169 2
47 178 2
47 194 2
48 50 5
48 57 6
48 61 6
48 65 2
48 89 9
48 90 4
48 100 1
48 105 5
48 109 2
48 112 1
48 126 6
48 136 3
48 150 4
48 177 3
48 194 2
48 197 5
49 50 3
49 70 10
49 75 5
49 95 8
49 97 9
49 99 10
49 100 10
49 127 8
49 133 2
49 137 2
49 146 6
49 169 7
49 171 7
49 172 1
49 175 4
49 177 8
49 178 3
49 179 3
49 188 8
49 193 1
49 200 6
50 58 1
50 64 5
50 65 1
50 71 10
50 73 4
50 77 4
50 97 3
50 101 10
50 130 10
50 140 1
50 170 3
50 177 6
50 183 7
50 192 10
50 200 2
51 53 1
51 61 9
51 69 6
51 74 3
51 81 10
51 90 10
51 100 10
51 103 1
51 114 6
51 122 2
51 124 8
51 125 9
51 156 2
51 168 10
52 68 8
52 71 1
52 76 2
52 111 8
52 117 10
52 125 9
52 130 3
52 140 2
52 141 10
52 143 1
52 144 1
52 160 2
52 162 3
52 170 9
52 175 6
52 184 3
52 189 5
52 194 2
52 196 2
53 67 9
53 72 8
53 77 6
53 101 6
53 128 8
53 131 5
53 149 8
53 150 9
53 166 10
53 167 7
53 168 5
53 172 8
53 191 9
54 80 3
54 92 1
54 113 8
54 124 10
54 127 4
54 128 8
54 140 9
54 158 9
54 160 6
54 162 10
54 168 5
54 170 6
54 186 3
55 64 1
55 71 5
55 76 9
55 80 8
55 89 9
55 93 7
55 115 6
55 121 5
55 131 2
55 147 9
55 180 8
55 184 5
55 191 5
56 69 2
56 70 9
56 77 9
56 98 4
56 107 2
56 120 8
56 171 6
56 175 7
56 179 7
56 183 2
56 193 5
56 198 6
56 199 2
57 65 1
57 67 1
57 78 5
57 82 2
57 87 3
57 97 6
57 103 8
57 105 4
57 109 3
57 118 7
57 127 10
57 129 10
57 142 5
57 149 8
57 161 4
57 164 1
57 167 10
58 61 5
58 92 7
58 97 6
58 105 7
58 124 9
58 133 6
58 146 6
58 161 2
58 188 6
58 195 7
59 61 9
59 66 1
59 79 1
59 89 9
59 90 9
59 91 1
59 93 4
59 98 2
59 100 9
59 106 8
59 118 1
59 130 7
59 140 10
59 156 6
59 160 1
59 161 10
59 182 7
59 187 4
59 198 2
60 61 4
60 64 4
60 66 10
60 74 1
60 84 4
60 85 9
60 92 1
60 97 10
60 126 4
60 134 2
60 135 7
60 154 7
60 169 1
60 179 2
60 185 10
60 190 1
61 72 4
61 73 4
61 77 10
61 82 3
61 83 7
61 101 1
61 103 9
61 104 1
61 116 3
61 127 8
61 132 6
61 133 6
61 150 6
61 165 10
61 175 1
61 182 6
61 190 3
62 65 1
62 74 1
62 91 4
62 99 1
62 121 9
62 130 2
62 131 4
62 136 7
62 141 6
62 167 10
62 179 6
62 187 10
63 98 4
63 99 3
63 103 3
63 112 9
63 115 10
63 129 10
63 136 9
63 149 5
63 165 3
63 171 6
63 194 3
63 199 4
64 70 8
64 79 4
64 101 1
64 108 5
64 112 3
64 119 7
64 123 4
64 135 10
64 136 2
64 138 3
64 154 9
64 165 2
64 180 9
64 191 5
64 192 7
65 91 10
65 92 5
65 93 5
65 102 8
65 108 6
65 111 6
65 134 2
65 157 6
65 168 9
65 170 10
65 179 4
65 194 4
66 91 6
66 104 2
66 106 10
66 109 2
66 122 3
66 129 6
66 148 3
66 154 8
66 155 6
66 162 5
66 173 3
66 174 3
66 178 2
66 189 6
67 72 8
67 78 7
67 86 3
67 90 7
67 101 3
67 109 6
67 115 5
67 116 10
67 123 10
67 132 4
67 140 3
67 148 1
67 162 7
67 166 2
67 167 5
67 187 8
67 195 4
67 198 6
68 77 3
68 79 8
68 82 9
68 92 10
68 94 2
68 106 1
68 113 9
68 116 8
68 118 10
68 119 6
68 121 9
68 132 4
68 134 2
68 145 4
68 149 4
68 150 1
68 159 5
68 161 4
68 162 1
68 167 1
68 172 1
68 180 8
69 76 4
69 80 8
69 92 4
69 96 4
69 107 3
69 110 7
69 117 4
69 123 1
69 128 9
69 156 9
69 179 5
69 186 1
69 190 10
69 195 10
70 75 4
70 77 5
70 105 10
70 106 2
70 107 9
70 120 8
70 136 3
70 139 7
70 147 10
70 152 2
70 158 10
71 94 7
71 98 7
71 120 9
71 135 1
71 136 8
71 137 4
71 144 3
71 145 5
71 147 7
71 160 6
71 171 2
71 176 10
71 184 3
71 191 6
72 75 8
72 76 3
72 102 1
72 103 5
72 126 10
72 130 6
72 144 6
72 150 1
72 155 8
72 184 7
73 91 5
73 96 1
73 102 8
73 123 7
73 136 5
73 144 9
73 150 5
73 162 3
73 167 9
74 87 2
74 91 2
74 96 1
74 106 4
74 119 9
74 120 7
74 128 5
74 134 8
74 135 4
74 154 1
74 161 1
74 165 6
74 169 1
74 197 7
75 89 2
75 93 6
75 94 7
75 97 8
75 99 5
75 106 6
75 116 9
75 120 9
75 142 5
75 143 5
75 147 9
75 164 5
75 186 5
76 79 3
76 83 9
76 119 1
76 132 1
76 143 3
76 151 4
76 160 4
76 163 8
76 164 9
76 165 9
76 184 8
76 193 5
77 92 9
77 112 3
77 113 7
77 114 3
77 118 2
77 119 3
77 121 9
77 142 5
77 145 9
77 147 5
77 151 3
77 161 3
77 183 4
77 185 6
77 189 1
77 190 9
78 92 8
78 104 8
78 117 7
78 125 5
78 126 4
78 127 3
78 143 10
78 159 9
78 173 4
78 179 5
78 190 4
79 88 5
79 101 1
79 113 9
79 118 3
79 123 5
79 128 1
79 136 8
79 151 5
79 152 1
79 153 8
79 175 6
79 177 4
79 184 8
79 189 7
79 194 1
80 91 6
80 93 9
80 103 6
80 110 3
80 146 6
80 149 4
80 153 7
80 169 5
80 189 7
81 101 9
81 112 9
81 115 1
81 128 2
81 167 9
81 168 6
81 169 3
81 171 10
81 179 5
81 181 4
81 183 4
81 185 4
81 190 9
82 118 7
82 137 10
82 145 7
82 152 6
82 161 3
82 165 10
82 174 6
83 108 10
83 112 2
83 113 4
83 116 2
83 121 5
83 134 6
83 136 7
83 161 5
83 170 1
83 171 7
83 181 4
83 191 6
83 193 5
84 108 8
84 129 7
84 135 6
84 149 4
84 151 2
84 164 9
84 175 1
84 179 7
84 181 6
84 183 10
84 191 3
84 193 1
85 90 1
85 91 4
85 100 4
85 103 9
85 108 2
85 135 9
85 148 1
85 154 5
85 156 4
85 163 1
85 171 3
85 177 4
85 188 2
85 191 9
86 103 10
86 115 9
86 143 8
86 154 2
86 158 3
86 160 9
86 161 4
86 175 4
86 181 1
86 185 7
86 193 6
86 196 1
87 89 3
87 98 1
87 105 1
87 115 6
87 120 5
87 137 2
87 143 10
87 147 2
87 148 3
87 167 2
87 171 2
87 172 9
87 193 2
88 113 9
88 126 6
88 128 10
88 137 2
88 152 10
88 155 10
88 167 10
88 172 9
88 173 7
88 183 2
88 187 5
88 196 10
89 108 2
89 145 3
89 161 8
89 177 3
90 98 5
90 100 4
90 116 4
90 125 5
90 129 3
90 137 4
90 156 3
90 171 7
90 199 3
91 93 7
91 103 6
91 104 5
91 105 8
91 106 5
91 121 8
91 122 10
91 130 5
91 145 7
91 153 1
91 159 3
91 160 10
91 161 9
91 163 1
91 183 2
91 186 6
92 101 1
92 107 7
92 117 1
92 122 1
92 126 9
92 127 2
92 173 2
92 190 8
92 196 2
92 199 3
93 106 10
93 118 5
93 125 5
93 127 6
93 143 1
93 148 7
93 149 10
93 161 4
94 98 10
94 100 2
94 101 6
94 113 1
94 117 7
94 127 9
94 139 4
94 141 4
94 143 7
94 154 6
94 167 2
94 171 4
94 186 10
95 105 7
95 113 6
95 115 9
95 124 5
95 143 4
95 168 4
95 172 7
95 189 3
96 103 3
96 119 9
96 128 8
96 132 9
96 149 9
96 155 5
96 181 10
96 185 9
97 101 1
97 119 6
97 120 6
97 126 6
97 133 6
97 138 9
97 141 2
97 147 4
97 148 3
97 153 4
97 154 9
97 168 9
97 170 2
97 179 10
97 180 9
97 185 1
97 191 6
97 193 2
98 109 3
98 145 10
98 152 6
98 158 3
98 175 4
98 197 10
98 199 9
99 104 10
99 115 9
99 140 5
99 148 8
99 156 10
99 157 7
99 158 8
99 182 8
99 189 8
100 114 7
100 121 8
100 128 1
100 141 6
100 142 8
100 151 8
100 161 10
100 163 5
100 174 7
100 178 8
100 186 2
100 193 8
101 103 6
101 132 2
101 142 6
101 147 2
101 172 1
101 174 10
101 182 3
101 187 3
101 191 7
101 196 8
101 199 10
102 104 4
102 117 7
102 119 10
102 123 2
102 144 4
102 146 1
102 150 8
102 161 5
102 163 2
102 164 1
102 165 7
102 174 6
102 182 2
102 197 4
103 127 1
103 134 9
103 147 8
103 178 8
103 186 5
104 110 6
104 111 10
104 120 7
104 122 4
104 127 1
104 144 7
104 150 9
104 162 3
104 175 7
104 200 9
105 119 7
105 122 3
105 176 7
105 177 1
105 178 6
105 188 8
106 126 3
106 146 4
106 158 8
106 170 1
106 180 4
106 183 1
106 194 8
107 114 5
107 122 10
107 136 3
107 143 7
107 147 7
107 156 4
107 200 8
108 109 5
108 117 8
108 128 10
108 130 7
108 140 10
108 160 6
108 164 5
108 166 1
108 192 2
108 195 9
109 110 10
109 120 10
109 124 6
109 132 6
109 137 1
109 141 10
109 152 1
109 157 2
109 159 8
109 160 9
110 123 6
110 131 1
110 138 9
110 174 7
110 188 4
110 189 5
111 112 3
111 139 4
111 142 6
111 156 6
111 176 7
111 181 1
111 183 10
111 197 9
112 123 4
112 126 3
112 144 5
112 163 1
112 182 8
112 183 4
112 197 6
113 116 1
113 123 4
113 126 10
113 132 5
113 149 2
113 157 9
113 184 6
114 159 5
114 163 2
114 172 7
114 199 1
115 119 3
115 120 7
115 142 1
115 144 9
115 146 8
115 159 8
115 183 3
116 129 9
116 132 10
116 133 7
116 136 9
116 165 3
116 166 9
116 175 9
117 122 10
117 125 9
117 138 10
117 144 5
117 146 7
117 175 2
118 122 2
118 127 5
118 136 8
118 138 3
118 147 3
118 148 9
118 166 6
118 173 7
118 181 9
118 199 2
119 121 6
119 122 5
119 125 8
119 127 1
119 139 1
119 143 7
119 152 6
119 154 5
119 163 1
119 165 9
119 175 9
119 188 3
120 131 3
120 137 1
120 141 10
120 144 2
120 151 2
120 165 9
120 172 6
120 190 6
121 139 7
121 149 3
121 182 8
121 184 4
121 197 3
122 139 1
122 141 7
122 160 10
122 176 10
122 184 3
122 192 6
122 196 7
122 200 8
123 124 4
123 170 6
123 175 4
123 178 4
123 181 3
123 190 3
123 195 7
124 126 7
124 127 3
124 169 10
124 173 7
124 180 8
124 183 2
124 198 7
124 199 5
125 150 2
125 151 8
125 155 3
125 161 2
125 179 2
126 133 1
126 137 10
126 140 5
126 142 5
126 157 3
126 160 7
126 180 4
126 186 3
126 193 4
126 200 6
127 130 6
127 159 2
127 167 9
127 168 5
127 170 10
127 179 4
127 186 4
128 133 2
128 140 5
128 154 1
128 156 4
128 157 2
128 169 10
128 182 2
128 186 5
129 130 9
129 140 10
129 154 7
129 170 6
129 174 5
130 148 9
130 150 4
130 160 6
130 163 10
130 188 2
130 196 2
131 139 6
131 175 4
131 180 4
131 181 9
131 184 10
131 200 4
132 147 6
132 168 6
132 172 7
132 173 6
132 183 3
132 190 7
132 198 5
133 134 8
133 138 7
133 147 8
133 174 6
133 187 7
134 135 9
134 150 8
134 165 5
134 169 1
134 186 2
134 188 10
134 200 6
135 144 7
135 149 4
135 156 1
135 162 6
135 164 1
135 171 8
135 179 8
135 181 10
136 137 10
136 141 5
136 147 2
136 162 1
136 166 9
136 167 2
136 171 9
136 196 4
137 155 9
137 158 1
137 170 3
137 171 5
137 173 7
137 178 3
137 192 8
137 193 6
137 197 7
138 141 8
138 144 4
138 160 9
138 166 9
138 169 10
138 175 3
138 176 10
138 177 2
138 181 4
138 182 10
139 145 9
139 156 10
139 157 9
139 163 9
139 181 9
140 170 10
140 186 3
140 191 4
141 144 5
141 164 10
141 179 5
141 188 5
141 191 2
141 193 3
142 146 5
142 154 3
142 169 8
142 189 10
143 152 2
143 153 8
143 160 6
143 164 6
143 173 7
143 185 4
143 188 7
143 199 2
144 150 7
144 166 9
144 168 2
144 180 2
144 187 8
144 191 4
145 167 7
145 182 9
145 184 2
146 147 9
146 164 3
146 166 7
146 177 3
146 180 8
146 183 3
147 149 1
147 150 7
147 152 10
147 163 3
147 165 5
147 168 2
147 170 3
147 189 7
147 196 1
147 200 5
148 170 2
148 176 2
148 187 1
148 200 6
149 150 3
149 157 6
149 163 5
149 165 8
149 191 5
150 152 5
150 155 3
150 157 7
150 171 4
150 172 9
150 183 1
151 153 4
151 154 4
151 159 8
151 168 4
151 169 8
151 173 4
151 176 6
151 185 5
152 153 6
153 155 6
153 156 3
153 170 1
153 183 6
153 187 8
154 171 9
155 185 4
155 196 3
156 175 1
156 179 4
156 189 3
157 158 2
157 163 10
157 164 9
157 168 7
157 182 5
157 188 5
158 161 4
158 166 4
158 179 5
158 182 5
159 162 5
159 176 6
159 186 7
159 189 8
160 162 3
160 169 4
160 177 9
160 182 8
161 166 6
161 174 1
161 180 4
161 187 8
161 189 8
162 193 6
162 195 9
163 169 4
163 192 7
164 169 7
164 172 1
164 173 6
164 183 9
164 191 2
164 200 1
165 177 1
165 178 9
165 198 2
166 170 9
166 185 2
166 199 7
168 182 3
168 198 5
169 171 4
169 178 1
169 197 8
170 179 8
170 186 6
170 187 9
170 195 9
170 196 9
170 198 4
171 185 10
171 189 2
171 197 5
172 173 3
172 175 1
172 184 9
172 197 10
173 178 8
173 187 5
174 175 2
174 186 4
175 176 3
175 181 5
175 184 5
175 191 6
176 177 8
176 190 10
176 193 3
177 181 6
177 195 8
178 196 1
179 181 7
179 182 5
180 184 6
180 193 1
182 187 2
182 197 5
184 185 9
184 192 6
184 193 1
184 198 4
184 199 9
187 192 7
188 192 3
188 198 2
189 196 1
190 191 5
190 192 10
192 193 3
195 200 3
