100 3918
1 2 9
1 4 34
1 5 43
1 6 1
1 7 71
1 8 76
1 9 62
1 10 9
1 12 22
1 14 54
1 15 44
1 16 49
1 17 71
1 18 4
1 19 7
1 20 62
1 21 36
1 24 10
1 25 19
1 26 18
1 27 56
1 28 22
1 29 43
1 30 31
1 31 53
1 32 2
1 33 44
1 34 43
1 36 68
1 37 61
1 38 60
1 39 19
1 40 38
1 42 75
1 46 29
1 48 51
1 49 46
1 50 7
1 51 52
1 52 41
1 53 48
1 54 71
1 55 78
1 56 74
1 58 34
1 59 73
1 60 52
1 61 79
1 62 4
1 63 63
1 64 80
1 65 78
1 66 61
1 68 42
1 69 56
1 70 39
1 71 78
1 73 20
1 74 18
1 75 63
1 77 13
1 78 53
1 79 16
1 80 32
1 82 10
1 83 14
1 85 29
1 86 23
1 87 11
1 88 21
1 89 61
1 90 27
1 91 76
1 92 6
1 93 20
1 96 12
1 97 60
1 98 3
1 100 62
2 3 71
2 4 10
2 5 18
2 6 48
2 7 54
2 9 10
2 11 38
2 12 67
2 13 21
2 14 51
2 15 30
2 17 56
2 18 41
2 19 80
2 20 61
2 21 25
2 22 71
2 23 19
2 24 30
2 25 28
2 26 6
2 27 34
2 28 46
2 29 5
2 30 57
2 31 30
2 34 17
2 35 6
2 36 5
2 38 56
2 41 29
2 42 41
2 43 31
2 45 19
2 47 34
2 49 55
2 50 21
2 51 32
2 52 36
2 53 71
2 55 43
2 56 22
2 57 18
2 58 29
2 60 5
2 61 48
2 62 8
2 63 49
2 64 72
2 65 31
2 67 78
2 68 32
2 69 43
2 71 18
2 72 55
2 73 33
2 74 50
2 76 60
2 77 36
2 78 28
2 79 42
2 80 23
2 81 39
2 82 7
2 83 1
2 84 26
2 86 44
2 87 61
2 88 8
2 89 80
2 90 11
2 91 53
2 92 30
2 93 32
2 94 17
2 96 10
2 97 26
2 98 43
3 4 32
3 5 38
3 6 19
3 7 21
3 8 9
3 9 3
3 10 20
3 12 55
3 14 48
3 15 30
3 19 73
3 20 56
3 21 54
3 22 56
3 24 4
3 25 47
3 27 62
3 28 33
3 30 52
3 32 3
3 33 71
3 35 28
3 36 66
3 37 65
3 38 71
3 39 69
3 41 21
3 42 72
3 44 1
3 45 6
3 46 53
3 47 30
3 48 24
3 49 63
3 50 8
3 51 59
3 52 21
3 53 17
3 54 31
3 55 64
3 56 40
3 58 64
3 59 36
3 60 22
3 63 48
3 64 60
3 65 39
3 67 73
3 68 4
3 69 2
3 70 75
3 71 11
3 72 5
3 74 44
3 75 41
3 78 72
3 80 35
3 81 76
3 82 18
3 83 13
3 84 21
3 85 39
3 86 3
3 87 20
3 90 74
3 92 10
3 93 59
3 94 7
3 95 65
3 96 20
3 97 41
3 98 19
3 99 9
3 100 33
4 5 63
4 6 78
4 7 10
4 8 16
4 9 74
4 10 34
4 11 40
4 12 39
4 13 37
4 15 10
4 16 17
4 18 80
4 19 13
4 20 75
4 21 51
4 23 41
4 24 20
4 25 54
4 26 72
4 27 12
4 28 62
4 30 50
4 32 48
4 33 56
4 34 11
4 35 40
4 36 56
4 37 28
4 38 46
4 39 62
4 40 9
4 41 78
4 42 36
4 43 49
4 46 12
4 47 62
4 48 43
4 50 63
4 52 77
4 53 68
4 54 10
4 55 51
4 58 43
4 59 73
4 60 71
4 61 14
4 62 1
4 63 65
4 66 40
4 67 32
4 68 60
4 69 80
4 70 45
4 71 22
4 73 36
4 74 45
4 75 34
4 76 30
4 78 65
4 79 59
4 80 80
4 81 75
4 82 50
4 83 49
4 85 20
4 86 16
4 87 9
4 88 74
4 89 29
4 90 4
4 91 27
4 92 55
4 93 38
4 94 43
4 96 40
4 97 56
4 98 28
4 100 57
5 7 36
5 10 74
5 11 72
5 12 38
5 13 27
5 14 33
5 15 37
5 16 21
5 18 23
5 19 15
5 20 72
5 22 57
5 23 26
5 24 62
5 25 10
5 28 28
5 29 68
5 30 47
5 31 43
5 32 66
5 37 8
5 40 16
5 41 71
5 42 50
5 44 22
5 45 61
5 47 50
5 48 65
5 50 57
5 52 78
5 53 4
5 54 55
5 55 27
5 56 66
5 57 55
5 58 15
5 59 76
5 60 1
5 61 34
5 62 11
5 63 56
5 65 5
5 66 13
5 70 30
5 71 36
5 73 76
5 74 23
5 75 16
5 76 41
5 77 68
5 78 1
5 79 8
5 80 32
5 81 6
5 82 77
5 83 30
5 85 68
5 86 33
5 89 69
5 90 74
5 91 6
5 92 60
5 93 52
5 94 53
5 95 33
5 96 63
5 97 33
5 99 80
5 100 2
6 8 39
6 9 39
6 10 25
6 11 23
6 12 55
6 13 53
6 16 27
6 17 4
6 18 30
6 19 80
6 20 46
6 21 58
6 22 66
6 23 20
6 24 71
6 25 75
6 26 26
6 27 39
6 29 13
6 30 1
6 31 3
6 32 40
6 33 40
6 34 21
6 37 23
6 38 39
6 40 73
6 41 73
6 43 54
6 44 77
6 45 50
6 46 54
6 47 38
6 48 57
6 49 75
6 50 28
6 51 35
6 52 58
6 53 78
6 56 58
6 57 43
6 58 12
6 59 17
6 60 63
6 64 56
6 65 34
6 66 2
6 67 7
6 68 10
6 69 73
6 70 57
6 71 41
6 72 2
6 73 53
6 75 14
6 76 10
6 77 76
6 79 79
6 81 15
6 82 77
6 83 78
6 84 68
6 85 79
6 87 79
6 88 28
6 90 53
6 91 66
6 92 3
6 94 16
6 95 43
6 97 43
6 98 61
6 99 41
6 100 65
7 8 78
7 9 48
7 10 60
7 13 53
7 14 10
7 16 34
7 17 52
7 18 14
7 19 60
7 20 46
7 21 75
7 23 34
7 24 30
7 26 20
7 27 49
7 28 12
7 29 18
7 31 80
7 32 60
7 33 72
7 34 74
7 35 55
7 37 68
7 38 57
7 39 72
7 40 32
7 41 32
7 42 10
7 43 57
7 45 32
7 47 62
7 48 59
7 49 40
7 50 27
7 51 27
7 55 1
7 56 66
7 57 40
7 58 80
7 59 25
7 60 1
7 61 51
7 62 44
7 64 12
7 67 33
7 68 66
7 69 16
7 71 48
7 72 45
7 73 57
7 74 10
7 75 10
7 76 65
7 78 27
7 79 13
7 80 73
7 81 28
7 82 22
7 83 7
7 84 23
7 86 59
7 87 1
7 89 23
7 90 71
7 91 69
7 92 43
7 93 35
7 94 21
7 95 44
7 96 15
7 97 33
7 98 45
7 100 75
8 10 79
8 11 80
8 13 40
8 14 34
8 15 30
8 16 68
8 17 75
8 18 41
8 19 42
8 20 2
8 22 1
8 24 48
8 25 64
8 26 46
8 27 80
8 28 26
8 29 25
8 30 22
8 31 49
8 32 2
8 34 12
8 35 52
8 36 1
8 37 37
8 38 33
8 40 44
8 42 70
8 43 52
8 44 69
8 45 51
8 47 11
8 48 25
8 52 52
8 53 56
8 54 59
8 56 55
8 57 26
8 58 6
8 59 65
8 60 63
8 61 51
8 62 57
8 63 5
8 64 80
8 65 61
8 66 56
8 67 18
8 68 47
8 69 47
8 70 77
8 71 8
8 72 29
8 73 61
8 74 52
8 75 47
8 76 28
8 77 30
8 78 59
8 79 15
8 80 5
8 81 73
8 82 11
8 83 78
8 84 63
8 85 45
8 88 17
8 89 75
8 90 59
8 91 28
8 92 21
8 94 19
8 95 80
8 96 23
8 97 76
8 99 3
9 10 39
9 11 65
9 12 16
9 13 4
9 14 52
9 15 45
9 16 27
9 17 73
9 18 18
9 21 5
9 22 33
9 24 71
9 25 73
9 26 8
9 27 78
9 28 75
9 29 2
9 30 31
9 31 78
9 33 4
9 34 2
9 37 53
9 38 64
9 40 19
9 41 2
9 42 25
9 43 15
9 44 2
9 46 6
9 47 47
9 50 12
9 51 77
9 52 73
9 56 71
9 57 8
9 58 12
9 59 22
9 60 75
9 61 53
9 62 27
9 63 49
9 65 37
9 66 77
9 67 33
9 69 62
9 71 62
9 72 32
9 73 51
9 74 48
9 75 76
9 76 51
9 78 57
9 79 45
9 81 42
9 82 48
9 83 70
9 84 68
9 85 5
9 86 33
9 87 28
9 88 18
9 89 70
9 90 27
9 91 45
9 93 20
9 94 26
9 95 4
9 96 78
9 97 6
9 98 56
9 100 52
10 11 67
10 12 19
10 14 77
10 15 13
10 16 32
10 17 17
10 18 66
10 19 59
10 20 6
10 21 10
10 22 9
10 23 27
10 24 77
10 25 20
10 26 54
10 27 9
10 28 14
10 29 21
10 30 62
10 31 10
10 34 24
10 35 54
10 36 32
10 38 27
10 40 76
10 41 25
10 43 72
10 44 8
10 45 62
10 46 9
10 47 77
10 48 16
10 49 68
10 51 16
10 54 62
10 55 76
10 56 11
10 57 78
10 58 53
10 59 77
10 60 5
10 63 3
10 64 4
10 66 72
10 68 72
10 70 76
10 71 66
10 73 80
10 74 43
10 75 14
10 76 25
10 77 62
10 79 38
10 80 54
10 82 68
10 84 42
10 85 66
10 86 43
10 88 53
10 89 71
10 90 28
10 91 38
10 93 60
10 94 37
10 95 3
10 96 42
10 97 38
10 98 58
10 99 76
10 100 1
11 13 40
11 14 77
11 15 37
11 16 33
11 19 51
11 20 65
11 21 52
11 22 80
11 23 23
11 24 7
11 26 46
11 28 33
11 29 44
11 30 58
11 32 33
11 33 10
11 34 22
11 36 34
11 37 30
11 38 34
11 39 14
11 41 40
11 42 78
11 43 31
11 44 30
11 45 42
11 46 62
11 47 67
11 48 20
11 49 44
11 50 45
11 51 20
11 52 52
11 53 27
11 54 20
11 56 56
11 57 52
11 58 4
11 59 20
11 60 75
11 61 77
11 62 15
11 63 76
11 64 76
11 65 31
11 66 24
11 67 60
11 68 61
11 70 50
11 71 70
11 72 58
11 75 37
11 76 20
11 78 76
11 79 63
11 80 48
11 81 62
11 82 36
11 83 55
11 84 53
11 85 1
11 89 46
11 91 55
11 93 79
11 94 24
11 96 50
11 97 21
11 98 46
11 99 28
11 100 13
12 15 16
12 17 2
12 20 40
12 21 19
12 23 41
12 25 39
12 26 23
12 27 32
12 29 30
12 31 44
12 32 12
12 33 29
12 34 53
12 35 50
12 36 53
12 37 20
12 38 5
12 39 16
12 41 7
12 42 53
12 43 56
12 47 53
12 49 50
12 50 17
12 52 4
12 54 79
12 55 43
12 57 59
12 58 72
12 59 5
12 62 55
12 63 62
12 64 10
12 65 39
12 66 64
12 68 6
12 69 62
12 70 17
12 71 15
12 72 44
12 73 5
12 74 47
12 75 24
12 76 68
12 77 1
12 78 59
12 81 32
12 82 65
12 83 55
12 85 13
12 86 67
12 87 27
12 88 12
12 89 23
12 92 70
12 93 74
12 94 42
12 95 64
12 96 19
12 97 21
12 98 62
12 100 26
13 14 50
13 15 16
13 16 34
13 18 62
13 20 68
13 21 34
13 22 14
13 24 24
13 25 54
13 26 74
13 27 58
13 28 50
13 29 24
13 30 30
13 31 40
13 32 15
13 33 80
13 34 66
13 37 64
13 40 75
13 41 23
13 42 50
13 43 4
13 44 79
13 49 13
13 52 54
13 53 3
13 55 49
13 56 34
13 58 3
13 59 59
13 60 28
13 61 58
13 62 52
13 65 14
13 66 12
13 67 32
13 68 61
13 69 26
13 70 25
13 71 21
13 72 49
13 73 44
13 74 47
13 75 40
13 76 69
13 77 47
13 79 24
13 80 30
13 81 42
13 83 56
13 86 61
13 87 43
13 88 22
13 89 9
13 91 7
13 92 27
13 93 63
13 95 64
13 97 48
13 98 12
13 99 34
13 100 78
14 15 39
14 16 51
14 17 42
14 18 68
14 19 17
14 20 53
14 21 34
14 22 17
14 23 44
14 24 50
14 25 23
14 27 50
14 28 33
14 29 25
14 30 1
14 31 57
14 33 77
14 35 23
14 36 30
14 37 1
14 39 21
14 40 70
14 42 12
14 43 71
14 44 70
14 45 43
14 46 31
14 48 41
14 49 6
14 50 3
14 51 33
14 54 52
14 55 45
14 56 73
14 60 73
14 61 70
14 62 43
14 63 15
14 65 24
14 67 25
14 68 3
14 71 9
14 72 49
14 75 24
14 76 33
14 77 12
14 78 44
14 79 26
14 81 78
14 83 44
14 84 66
14 86 26
14 87 24
14 90 44
14 91 3
14 93 29
14 94 10
14 95 45
14 96 74
14 97 40
14 98 72
14 99 23
14 100 77
15 16 56
15 17 42
15 18 16
15 21 24
15 23 39
15 24 43
15 26 28
15 27 47
15 28 43
15 29 27
15 30 43
15 31 52
15 33 77
15 34 14
15 35 78
15 36 19
15 37 40
15 38 5
15 39 6
15 40 62
15 41 50
15 42 64
15 44 1
15 45 9
15 46 10
15 47 27
15 48 21
15 49 29
15 50 45
15 51 53
15 52 43
15 53 54
15 55 7
15 58 37
15 59 56
15 60 25
15 61 57
15 62 37
15 65 14
15 66 47
15 67 23
15 68 24
15 69 44
15 70 68
15 71 61
15 72 62
15 74 21
15 76 22
15 77 8
15 81 31
15 82 73
15 83 80
15 85 52
15 86 22
15 87 18
15 88 72
15 90 75
15 91 10
15 92 80
15 93 32
15 94 71
15 95 62
15 96 24
15 97 11
15 98 64
15 99 24
16 17 33
16 18 43
16 19 58
16 20 41
16 21 46
16 22 49
16 24 61
16 25 75
16 27 45
16 29 18
16 30 60
16 31 76
16 32 66
16 34 51
16 37 73
16 38 14
16 39 50
16 41 76
16 43 44
16 45 22
16 46 4
16 47 49
16 48 40
16 49 37
16 50 25
16 51 79
16 53 71
16 54 66
16 55 48
16 56 58
16 58 25
16 59 2
16 60 11
16 61 60
16 62 43
16 64 48
16 65 13
16 68 74
16 69 79
16 70 68
16 71 38
16 72 68
16 73 72
16 74 3
16 75 75
16 76 42
16 77 20
16 79 27
16 80 5
16 81 53
16 82 12
16 83 26
16 84 70
16 86 6
16 87 44
16 88 32
16 90 76
16 91 14
16 93 24
16 94 9
16 95 61
16 96 34
16 98 7
16 99 48
16 100 73
17 18 14
17 19 15
17 20 49
17 21 74
17 23 75
17 24 4
17 25 42
17 27 29
17 28 65
17 30 11
17 33 40
17 34 9
17 38 12
17 39 2
17 40 15
17 41 22
17 42 56
17 43 32
17 44 69
17 45 57
17 46 22
17 48 14
17 49 57
17 50 12
17 51 56
17 52 11
17 53 72
17 55 2
17 56 64
17 57 76
17 59 15
17 60 2
17 61 12
17 63 27
17 64 51
17 65 43
17 66 13
17 67 78
17 68 38
17 69 23
17 70 59
17 71 10
17 74 58
17 75 62
17 76 19
17 78 20
17 79 80
17 81 4
17 82 4
17 83 70
17 84 77
17 85 69
17 86 44
17 87 27
17 88 4
17 89 7
17 90 12
17 91 45
17 92 67
17 93 61
17 94 52
17 95 17
17 97 61
17 98 52
17 99 3
17 100 61
18 20 10
18 21 43
18 22 56
18 23 63
18 26 27
18 28 40
18 30 65
18 31 75
18 32 49
18 33 80
18 34 52
18 35 79
18 36 40
18 37 15
18 38 43
18 39 78
18 41 9
18 43 64
18 44 60
18 45 70
18 47 21
18 48 26
18 50 7
18 51 76
18 52 8
18 53 57
18 54 23
18 55 62
18 56 30
18 59 53
18 61 22
18 64 69
18 66 45
18 67 21
18 68 13
18 70 38
18 71 29
18 72 47
18 73 21
18 74 61
18 75 72
18 77 55
18 78 36
18 79 42
18 80 52
18 81 13
18 83 8
18 85 7
18 86 15
18 87 62
18 88 44
18 89 76
18 90 76
18 91 43
18 92 55
18 93 56
18 94 36
18 95 35
18 96 69
18 97 14
18 98 79
18 99 39
18 100 25
19 20 4
19 21 40
19 23 72
19 25 67
19 26 73
19 27 75
19 28 15
19 30 26
19 32 19
19 33 57
19 35 10
19 36 1
19 37 71
19 38 56
19 39 4
19 40 34
19 41 80
19 42 79
19 43 72
19 44 73
19 45 67
19 46 50
19 49 38
19 50 56
19 51 53
19 52 29
19 53 44
19 54 38
19 55 7
19 57 15
19 58 67
19 59 51
19 60 18
19 61 36
19 62 77
19 63 6
19 64 48
19 65 66
19 66 43
19 67 11
19 68 30
19 69 64
19 70 61
19 71 55
19 72 63
19 73 67
19 74 43
19 75 54
19 76 60
19 77 62
19 78 70
19 80 73
19 82 76
19 83 46
19 84 78
19 85 69
19 86 53
19 87 7
19 88 41
19 89 18
19 90 15
19 92 64
19 94 51
19 95 56
19 96 62
19 97 63
19 98 68
19 99 52
19 100 50
20 22 50
20 23 15
20 24 8
20 25 21
20 26 20
20 27 57
20 29 3
20 30 27
20 31 42
20 32 7
20 33 64
20 34 31
20 36 28
20 37 12
20 41 2
20 43 47
20 44 45
20 45 66
20 46 29
20 47 59
20 48 54
20 49 25
20 50 58
20 51 1
20 52 59
20 54 30
20 56 57
20 57 16
20 59 62
20 60 69
20 61 36
20 62 38
20 63 32
20 64 74
20 67 28
20 68 79
20 69 52
20 70 29
20 71 73
20 73 14
20 75 34
20 76 54
20 79 7
20 80 65
20 81 72
20 82 8
20 83 6
20 84 36
20 85 79
20 86 14
20 88 6
20 89 61
20 90 48
20 92 44
20 93 57
20 94 28
20 96 57
20 97 58
20 98 76
20 99 80
20 100 67
21 22 23
21 23 36
21 24 78
21 25 28
21 27 14
21 28 4
21 29 8
21 31 10
21 33 60
21 34 40
21 35 75
21 36 10
21 37 25
21 38 18
21 41 73
21 42 60
21 43 78
21 44 47
21 46 14
21 47 59
21 48 22
21 49 32
21 50 56
21 51 70
21 52 18
21 53 12
21 54 61
21 55 23
21 56 31
21 59 42
21 60 39
21 61 26
21 62 30
21 65 51
21 67 16
21 68 31
21 69 53
21 70 28
21 71 39
21 72 14
21 73 80
21 74 31
21 75 67
21 76 61
21 77 75
21 78 63
21 79 75
21 80 47
21 81 38
21 82 65
21 83 16
21 84 34
21 86 71
21 87 19
21 88 44
21 89 78
21 90 70
21 91 60
21 92 19
21 93 37
21 94 80
21 95 1
21 97 42
21 98 33
21 99 26
21 100 34
22 25 50
22 26 30
22 27 65
22 28 45
22 29 63
22 30 76
22 31 32
22 32 75
22 34 28
22 35 29
22 36 58
22 37 29
22 38 26
22 39 70
22 43 78
22 44 21
22 45 15
22 46 10
22 48 7
22 49 70
22 50 45
22 51 10
22 52 80
22 55 73
22 56 53
22 57 76
22 58 61
22 59 28
22 62 33
22 63 14
22 65 1
22 66 33
22 67 51
22 68 3
22 69 63
22 70 57
22 71 26
22 72 48
22 73 53
22 75 51
22 76 42
22 77 70
22 78 33
22 79 21
22 80 69
22 81 9
22 82 28
22 83 17
22 85 41
22 86 61
22 87 42
22 89 66
22 91 42
22 92 9
22 93 33
22 95 45
22 96 17
22 98 27
22 100 21
23 26 11
23 27 42
23 28 17
23 29 37
23 30 37
23 31 25
23 32 43
23 33 61
23 34 37
23 35 80
23 36 70
23 37 17
23 38 16
23 39 67
23 40 1
23 42 53
23 43 44
23 44 22
23 45 79
23 46 35
23 47 18
23 48 73
23 49 21
23 50 45
23 51 77
23 52 2
23 54 67
23 55 75
23 56 18
23 57 49
23 58 4
23 59 16
23 60 29
23 61 69
23 63 29
23 66 71
23 67 29
23 68 24
23 69 54
23 70 7
23 71 44
23 73 24
23 74 78
23 75 16
23 77 51
23 78 63
23 79 73
23 80 62
23 81 36
23 82 1
23 83 16
23 84 20
23 85 69
23 86 55
23 87 11
23 88 54
23 89 76
23 90 36
23 93 34
23 94 60
23 96 21
23 97 50
23 98 39
23 100 32
24 26 34
24 27 15
24 28 37
24 31 18
24 32 66
24 33 16
24 36 6
24 37 7
24 38 36
24 39 67
24 40 78
24 41 78
24 45 10
24 47 42
24 48 16
24 49 15
24 50 20
24 51 75
24 52 17
24 53 64
24 55 43
24 57 50
24 58 1
24 59 42
24 61 46
24 62 58
24 63 5
24 64 74
24 65 25
24 66 41
24 70 29
24 71 24
24 72 38
24 73 71
24 74 63
24 75 66
24 77 50
24 78 41
24 79 76
24 80 77
24 83 56
24 84 39
24 85 18
24 86 21
24 87 43
24 88 49
24 89 14
24 90 2
24 91 55
24 92 70
24 93 79
24 95 3
24 96 13
24 98 22
24 99 4
25 26 73
25 27 37
25 28 51
25 29 67
25 32 65
25 33 56
25 34 20
25 35 69
25 36 67
25 37 70
25 38 36
25 40 62
25 41 72
25 43 22
25 44 10
25 45 31
25 46 40
25 47 72
25 48 17
25 49 47
25 50 61
25 51 51
25 52 46
25 53 60
25 54 55
25 55 28
25 57 22
25 58 20
25 59 79
25 61 17
25 63 23
25 64 28
25 65 56
25 67 38
25 69 34
25 70 28
25 71 36
25 73 70
25 74 5
25 75 23
25 77 79
25 79 38
25 80 24
25 84 64
25 85 73
25 86 43
25 87 18
25 88 77
25 89 56
25 90 51
25 91 32
25 92 7
25 93 7
25 94 3
25 95 38
25 96 48
25 97 32
25 98 59
25 99 38
25 100 9
26 27 42
26 28 14
26 29 75
26 30 5
26 31 43
26 32 50
26 33 33
26 34 53
26 35 21
26 36 59
26 37 66
26 40 29
26 41 42
26 42 2
26 44 45
26 45 62
26 46 55
26 47 17
26 48 7
26 49 9
26 50 7
26 51 39
26 52 35
26 53 15
26 54 51
26 55 80
26 56 51
26 57 75
26 59 12
26 60 28
26 62 80
26 63 35
26 64 30
26 65 52
26 69 27
26 70 1
26 71 79
26 72 8
26 73 25
26 74 69
26 75 56
26 76 16
26 78 13
26 79 71
26 80 3
26 81 47
26 83 68
26 84 55
26 86 46
26 87 57
26 88 36
26 89 7
26 90 8
26 91 48
26 92 49
26 94 43
26 95 33
26 96 23
26 97 26
26 98 15
26 99 68
26 100 46
27 28 14
27 29 13
27 30 44
27 32 4
27 33 62
27 34 2
27 36 65
27 37 12
27 38 73
27 39 50
27 40 23
27 41 30
27 42 4
27 44 2
27 45 56
27 46 46
27 47 3
27 49 46
27 50 45
27 52 77
27 53 68
27 54 59
27 55 57
27 56 52
27 57 36
27 58 73
27 59 65
27 60 73
27 61 36
27 62 77
27 63 66
27 64 10
27 65 56
27 66 14
27 67 15
27 68 78
27 69 68
27 70 53
27 71 42
27 73 80
27 74 55
27 76 3
27 77 20
27 79 79
27 80 73
27 81 14
27 82 32
27 83 17
27 84 67
27 85 26
27 86 63
27 87 4
27 90 38
27 91 73
27 92 61
27 94 45
27 95 21
27 96 29
27 98 53
27 99 12
27 100 49
28 30 13
28 31 27
28 32 6
28 33 35
28 34 35
28 35 2
28 36 2
28 37 40
28 38 60
28 39 44
28 40 52
28 41 24
28 43 29
28 44 9
28 46 25
28 47 65
28 48 29
28 49 5
28 50 6
28 52 59
28 53 68
28 55 61
28 57 4
28 58 9
28 59 56
28 60 4
28 61 48
28 62 59
28 63 25
28 64 52
28 65 75
28 67 40
28 68 21
28 69 57
28 70 2
28 72 10
28 73 48
28 75 17
28 76 62
28 77 63
28 78 28
28 79 68
28 80 53
28 81 7
28 82 1
28 83 1
28 84 2
28 85 66
28 86 52
28 87 15
28 88 27
28 89 1
28 90 6
28 91 63
28 92 69
28 93 71
28 94 32
28 96 17
28 97 36
28 98 79
28 100 52
29 32 39
29 33 63
29 34 28
29 35 32
29 37 25
29 38 78
29 39 68
29 40 22
29 41 54
29 42 52
29 44 18
29 45 56
29 48 40
29 49 21
29 50 79
29 51 78
29 54 69
29 55 16
29 56 10
29 58 71
29 59 53
29 60 9
29 61 63
29 62 53
29 63 42
29 64 72
29 65 68
29 66 8
29 69 12
29 70 46
29 71 55
29 72 40
29 73 13
29 74 58
29 75 43
29 77 9
29 78 18
29 80 15
29 81 67
29 84 28
29 85 59
29 86 19
29 87 44
29 88 55
29 89 29
29 90 54
29 91 69
29 92 75
29 93 11
29 94 50
29 95 59
29 96 16
29 97 44
29 98 62
29 99 51
30 31 58
30 32 22
30 33 30
30 34 10
30 38 74
30 39 14
30 40 62
30 41 44
30 42 34
30 43 17
30 44 72
30 45 8
30 46 53
30 47 73
30 48 48
30 49 58
30 50 76
30 51 22
30 53 40
30 54 53
30 55 44
30 56 15
30 57 8
30 58 61
30 59 25
30 60 12
30 61 6
30 62 63
30 63 7
30 64 46
30 65 12
30 66 6
30 68 56
30 69 69
30 70 46
30 71 13
30 72 50
30 75 35
30 78 65
30 79 14
30 80 22
30 81 12
30 82 72
30 83 40
30 85 42
30 86 20
30 87 75
30 88 6
30 89 32
30 90 37
30 92 38
30 93 30
30 94 49
30 95 17
30 96 39
30 98 78
30 99 7
31 32 76
31 33 39
31 35 59
31 36 71
31 37 68
31 38 6
31 39 69
31 40 62
31 41 60
31 42 57
31 43 43
31 44 61
31 45 70
31 46 75
31 47 18
31 48 45
31 49 9
31 50 32
31 51 6
31 52 17
31 53 10
31 55 74
31 56 49
31 57 73
31 58 57
31 60 38
31 62 13
31 63 52
31 64 39
31 65 39
31 66 27
31 68 60
31 69 4
31 70 5
31 71 12
31 72 9
31 73 67
31 75 57
31 77 64
31 78 10
31 79 19
31 80 42
31 81 22
31 82 69
31 84 13
31 85 70
31 86 60
31 87 51
31 89 16
31 91 27
31 92 30
31 93 46
31 95 48
31 96 28
31 97 76
31 98 37
32 33 74
32 34 42
32 35 4
32 37 45
32 38 67
32 39 20
32 40 20
32 41 61
32 43 57
32 44 77
32 46 33
32 47 73
32 48 60
32 49 17
32 50 1
32 51 64
32 53 20
32 54 57
32 55 15
32 56 45
32 57 5
32 58 79
32 60 32
32 62 45
32 63 1
32 64 64
32 67 40
32 68 68
32 69 50
32 70 66
32 71 30
32 73 2
32 74 52
32 75 8
32 76 57
32 78 38
32 80 36
32 82 55
32 83 56
32 84 58
32 85 23
32 86 20
32 88 8
32 89 67
32 90 73
32 91 52
32 92 43
32 94 9
32 96 52
32 97 75
32 99 20
32 100 1
33 35 9
33 36 18
33 38 66
33 40 18
33 41 49
33 42 73
33 43 30
33 44 65
33 45 50
33 46 78
33 47 24
33 48 52
33 49 45
33 51 16
33 52 73
33 55 18
33 56 50
33 58 58
33 60 55
33 61 27
33 62 74
33 63 79
33 64 61
33 65 23
33 67 4
33 68 38
33 69 46
33 70 4
33 71 56
33 72 30
33 73 69
33 74 20
33 76 73
33 77 22
33 78 23
33 79 51
33 80 51
33 81 44
33 82 77
33 83 46
33 84 1
33 85 68
33 86 51
33 87 31
33 88 62
33 90 43
33 91 74
33 92 78
33 93 71
33 94 57
33 95 75
33 96 39
33 97 13
33 99 21
34 36 65
34 37 37
34 38 60
34 39 22
34 40 74
34 42 47
34 43 7
34 45 54
34 46 73
34 47 77
34 48 28
34 49 11
34 52 70
34 53 3
34 54 45
34 55 59
34 56 53
34 57 72
34 58 77
34 59 21
34 60 69
34 61 44
34 63 64
34 64 16
34 67 66
34 70 33
34 71 70
34 72 5
34 73 20
34 74 8
34 75 36
34 76 34
34 77 6
34 78 27
34 79 1
34 81 80
34 82 20
34 83 4
34 84 66
34 86 57
34 87 49
34 88 11
34 89 15
34 90 74
34 92 12
34 93 14
34 94 13
34 96 68
34 97 19
34 98 55
34 99 50
34 100 63
35 36 72
35 39 11
35 40 1
35 41 25
35 42 13
35 45 30
35 46 78
35 47 66
35 48 40
35 49 30
35 51 21
35 53 56
35 54 31
35 55 3
35 56 37
35 57 16
35 59 74
35 60 6
35 61 52
35 62 25
35 66 42
35 67 30
35 68 80
35 69 3
35 70 41
35 72 62
35 73 56
35 74 68
35 75 46
35 76 30
35 77 42
35 78 45
35 79 31
35 80 60
35 84 17
35 85 54
35 86 42
35 87 19
35 88 14
35 89 34
35 90 29
35 93 73
35 95 18
35 98 26
35 99 36
36 37 43
36 39 11
36 41 2
36 44 2
36 45 29
36 46 63
36 47 79
36 48 49
36 49 54
36 50 38
36 51 53
36 52 43
36 53 1
36 55 64
36 56 29
36 57 71
36 58 52
36 59 48
36 60 2
36 61 40
36 62 10
36 63 43
36 65 37
36 66 17
36 67 4
36 68 41
36 69 35
36 70 70
36 71 27
36 72 61
36 73 11
36 75 40
36 76 56
36 77 49
36 78 12
36 80 32
36 81 61
36 82 53
36 83 36
36 84 50
36 85 77
36 86 53
36 87 65
36 88 79
36 89 54
36 90 39
36 92 9
36 94 30
36 97 56
36 99 63
36 100 10
37 38 9
37 39 10
37 40 29
37 41 30
37 43 30
37 44 13
37 45 62
37 46 36
37 47 66
37 48 40
37 49 57
37 50 43
37 51 23
37 53 46
37 54 8
37 55 74
37 56 7
37 57 77
37 58 52
37 59 58
37 60 67
37 61 44
37 62 39
37 63 29
37 65 54
37 67 10
37 68 68
37 69 36
37 70 25
37 71 27
37 72 9
37 73 16
37 74 47
37 75 24
37 76 44
37 77 35
37 78 49
37 79 28
37 80 16
37 81 47
37 83 72
37 84 80
37 85 72
37 87 20
37 89 73
37 91 15
37 92 19
37 94 33
37 95 11
37 96 46
37 97 51
37 99 78
38 40 62
38 41 1
38 42 65
38 43 76
38 44 50
38 45 62
38 46 50
38 47 15
38 48 24
38 49 69
38 50 28
38 51 36
38 52 62
38 53 61
38 54 6
38 56 35
38 58 30
38 59 59
38 60 58
38 61 28
38 62 31
38 63 49
38 64 29
38 65 7
38 66 54
38 68 25
38 69 24
38 70 72
38 71 79
38 73 67
38 74 12
38 75 27
38 76 38
38 77 49
38 78 13
38 79 15
38 80 58
38 81 41
38 82 18
38 83 60
38 84 77
38 85 6
38 87 3
38 88 48
38 90 52
38 93 18
38 94 51
38 96 8
38 97 54
38 98 65
38 99 67
39 40 42
39 41 74
39 42 27
39 44 30
39 45 21
39 46 62
39 47 71
39 48 7
39 49 80
39 50 11
39 51 8
39 52 7
39 53 73
39 54 36
39 55 8
39 56 29
39 57 63
39 58 52
39 61 57
39 62 29
39 63 16
39 64 24
39 65 80
39 66 43
39 67 7
39 69 76
39 70 40
39 71 6
39 72 32
39 73 20
39 74 59
39 75 77
39 76 9
39 77 31
39 78 68
39 79 1
39 81 80
39 84 21
39 85 10
39 87 39
39 88 47
39 91 19
39 92 63
39 93 68
39 94 23
39 97 58
39 98 42
39 99 22
39 100 56
40 41 12
40 42 33
40 43 71
40 44 7
40 46 2
40 47 6
40 48 25
40 49 79
40 50 55
40 51 9
40 53 67
40 54 71
40 55 22
40 56 77
40 57 47
40 58 52
40 59 61
40 60 80
40 62 30
40 63 56
40 65 37
40 66 45
40 67 38
40 68 27
40 69 41
40 70 9
40 72 55
40 74 30
40 75 61
40 77 25
40 78 13
40 79 21
40 81 34
40 82 67
40 83 62
40 84 13
40 85 71
40 86 24
40 87 53
40 90 28
40 91 80
40 92 6
40 93 66
40 94 22
40 95 62
40 96 52
40 97 39
40 98 14
40 99 19
41 42 52
41 43 48
41 44 20
41 45 28
41 47 54
41 49 43
41 51 55
41 52 59
41 53 60
41 54 67
41 55 33
41 56 69
41 59 20
41 60 76
41 61 8
41 62 61
41 64 3
41 65 55
41 66 9
41 67 71
41 68 70
41 69 69
41 71 10
41 73 77
41 74 29
41 76 52
41 77 68
41 78 44
41 80 37
41 81 71
41 83 19
41 84 41
41 85 8
41 87 59
41 88 49
41 89 69
41 92 20
41 93 38
41 95 56
41 98 79
41 99 8
41 100 80
42 43 67
42 44 70
42 45 3
42 46 7
42 48 33
42 49 77
42 50 31
42 51 33
42 52 74
42 55 35
42 56 72
42 57 33
42 58 45
42 59 22
42 60 67
42 61 30
42 64 55
42 65 8
42 66 68
42 67 46
42 68 72
42 70 13
42 71 77
42 72 18
42 73 60
42 74 76
42 75 64
42 76 51
42 77 29
42 78 54
42 79 63
42 80 60
42 81 48
42 84 54
42 85 6
42 87 77
42 88 19
42 91 57
42 92 67
42 93 42
42 95 26
42 96 57
42 97 16
42 98 44
42 99 64
42 100 24
43 44 18
43 45 21
43 47 63
43 49 47
43 51 1
43 52 14
43 53 28
43 55 11
43 56 65
43 58 4
43 59 17
43 61 42
43 62 51
43 64 23
43 65 63
43 66 34
43 67 2
43 68 32
43 69 43
43 70 71
43 72 37
43 73 65
43 75 15
43 76 36
43 78 10
43 79 64
43 80 42
43 81 63
43 82 55
43 84 76
43 85 42
43 86 78
43 87 23
43 89 24
43 90 65
43 91 9
43 93 58
43 94 14
43 95 10
43 96 12
43 97 80
43 100 65
44 45 22
44 46 6
44 47 13
44 48 19
44 49 63
44 50 80
44 51 56
44 52 31
44 53 39
44 54 38
44 55 71
44 56 25
44 57 54
44 58 34
44 60 57
44 61 45
44 62 19
44 63 49
44 67 66
44 68 50
44 69 23
44 71 58
44 73 51
44 74 22
44 75 51
44 77 76
44 78 70
44 79 49
44 80 9
44 81 10
44 83 14
44 84 54
44 87 35
44 88 28
44 89 37
44 90 66
44 91 74
44 92 72
44 93 20
44 94 34
44 95 30
44 96 50
44 97 38
44 98 72
44 99 42
44 100 9
45 46 55
45 48 69
45 49 17
45 50 9
45 52 66
45 54 74
45 55 73
45 56 48
45 57 54
45 58 23
45 59 33
45 63 79
45 64 32
45 65 42
45 66 58
45 67 30
45 68 74
45 69 38
45 70 13
45 72 74
45 73 76
45 74 19
45 75 2
45 76 18
45 78 21
45 79 69
45 80 60
45 81 67
45 83 27
45 84 74
45 85 45
45 88 25
45 90 23
45 91 56
45 92 14
45 94 49
45 95 27
45 96 11
45 98 5
45 99 25
45 100 72
46 47 58
46 49 28
46 50 48
46 51 67
46 53 55
46 54 50
46 55 20
46 56 3
46 58 7
46 59 18
46 62 27
46 63 40
46 64 51
46 65 49
46 66 51
46 69 58
46 71 69
46 73 28
46 74 27
46 75 45
46 76 75
46 77 25
46 78 56
46 81 26
46 82 70
46 83 78
46 84 16
46 86 39
46 87 73
46 88 80
46 90 24
46 91 28
46 92 9
46 93 8
46 96 49
46 97 5
46 98 30
47 48 77
47 49 10
47 50 15
47 51 41
47 52 60
47 54 57
47 55 56
47 58 38
47 59 16
47 60 30
47 61 32
47 62 28
47 63 37
47 64 47
47 65 75
47 66 35
47 68 20
47 69 35
47 70 23
47 71 56
47 72 3
47 75 5
47 76 38
47 77 28
47 79 58
47 80 7
47 81 28
47 82 34
47 83 44
47 84 71
47 85 2
47 86 12
47 87 20
47 88 52
47 89 1
47 90 30
47 91 57
47 92 10
47 93 7
47 96 52
47 97 53
47 98 68
47 99 21
47 100 73
48 50 69
48 51 2
48 52 50
48 53 12
48 54 40
48 55 31
48 56 10
48 58 60
48 59 67
48 60 54
48 61 37
48 62 63
48 63 41
48 64 35
48 65 30
48 67 19
48 68 39
48 69 59
48 71 27
48 72 66
48 73 25
48 75 15
48 76 8
48 77 40
48 78 79
48 79 5
48 81 4
48 82 76
48 83 49
48 84 4
48 85 67
48 86 33
48 87 34
48 91 51
48 92 47
48 94 61
48 95 48
48 97 45
48 98 67
48 99 17
48 100 50
49 50 9
49 52 79
49 53 45
49 54 36
49 55 30
49 56 7
49 57 23
49 58 34
49 59 13
49 60 21
49 61 73
49 62 15
49 63 36
49 64 3
49 65 4
49 67 69
49 68 3
49 69 34
49 70 68
49 71 33
49 72 41
49 74 2
49 75 22
49 76 72
49 77 23
49 78 24
49 79 5
49 80 62
49 81 72
49 82 57
49 83 41
49 84 4
49 85 38
49 86 45
49 87 11
49 88 20
49 89 1
49 91 12
49 92 45
49 93 50
49 94 6
49 95 70
49 96 5
49 98 78
49 99 11
49 100 2
50 51 39
50 53 13
50 54 14
50 56 4
50 57 22
50 58 13
50 59 31
50 60 21
50 61 77
50 62 9
50 64 22
50 66 19
50 67 76
50 69 34
50 70 76
50 71 52
50 73 56
50 75 17
50 76 6
50 78 63
50 79 5
50 80 14
50 82 20
50 83 78
50 84 78
50 86 17
50 87 73
50 88 6
50 89 30
50 90 12
50 91 62
50 92 29
50 93 68
50 94 65
50 96 22
50 98 30
50 99 79
50 100 42
51 52 38
51 53 13
51 54 47
51 56 3
51 57 25
51 58 44
51 59 2
51 60 73
51 62 42
51 63 17
51 64 3
51 65 5
51 66 46
51 67 29
51 68 12
51 69 57
51 70 9
51 71 52
51 73 7
51 74 65
51 75 70
51 78 53
51 79 4
51 80 23
51 82 41
51 84 57
51 85 38
51 86 33
51 87 30
51 88 59
51 89 73
51 90 17
51 92 31
51 93 66
51 94 35
51 95 53
51 96 6
51 97 34
51 98 2
51 99 46
51 100 16
52 54 79
52 56 57
52 57 56
52 58 50
52 59 64
52 60 11
52 61 41
52 62 35
52 63 69
52 64 79
52 66 19
52 67 37
52 68 57
52 71 19
52 72 68
52 73 7
52 74 58
52 75 33
52 76 44
52 77 72
52 78 25
52 79 61
52 80 49
52 83 46
52 84 59
52 85 48
52 88 34
52 89 31
52 90 67
52 91 35
52 92 35
52 93 62
52 94 73
52 96 61
52 97 63
52 98 68
52 99 32
52 100 51
53 54 32
53 56 52
53 58 39
53 59 41
53 60 40
53 61 61
53 63 78
53 64 36
53 65 50
53 67 77
53 68 10
53 69 72
53 70 10
53 71 66
53 72 35
53 73 43
53 75 42
53 76 19
53 77 57
53 78 73
53 79 3
53 80 77
53 81 54
53 82 49
53 84 56
53 85 58
53 86 74
53 87 51
53 88 38
53 90 33
53 92 39
53 93 8
53 94 60
53 96 6
53 97 20
53 98 48
53 99 26
53 100 64
54 55 25
54 56 70
54 59 50
54 60 67
54 61 3
54 62 32
54 63 7
54 64 43
54 65 38
54 66 74
54 68 67
54 69 43
54 70 32
54 71 24
54 72 77
54 73 28
54 75 27
54 76 55
54 79 67
54 80 72
54 81 57
54 82 58
54 83 36
54 84 20
54 88 4
54 89 63
54 90 29
54 91 76
54 92 47
54 93 37
54 94 25
54 96 4
54 97 77
54 98 33
54 99 52
54 100 43
55 56 22
55 57 78
55 58 20
55 59 15
55 60 40
55 62 76
55 63 66
55 65 2
55 66 7
55 68 65
55 69 50
55 70 59
55 71 67
55 72 5
55 73 74
55 74 4
55 75 70
55 76 59
55 77 47
55 78 28
55 79 24
55 80 76
55 81 79
55 83 32
55 84 70
55 85 66
55 86 1
55 87 68
55 88 4
55 89 69
55 90 25
55 91 67
55 93 3
55 94 39
55 95 44
55 96 26
55 97 38
55 98 80
55 99 48
55 100 5
56 57 26
56 58 20
56 59 50
56 60 1
56 61 65
56 63 25
56 64 71
56 65 65
56 66 18
56 67 42
56 68 50
56 69 35
56 70 51
56 71 17
56 72 11
56 73 64
56 74 25
56 75 11
56 76 73
56 77 12
56 78 10
56 79 73
56 80 3
56 81 48
56 82 55
56 83 27
56 84 25
56 85 70
56 86 69
56 88 10
56 89 24
56 90 30
56 91 3
56 92 21
56 93 71
56 94 67
56 97 54
56 98 61
56 99 51
56 100 61
57 59 25
57 60 38
57 61 17
57 62 43
57 63 1
57 64 67
57 65 65
57 66 11
57 67 61
57 68 48
57 69 5
57 71 61
57 72 18
57 76 63
57 78 80
57 79 50
57 80 42
57 81 59
57 83 27
57 84 7
57 85 56
57 86 27
57 87 59
57 88 37
57 90 75
57 91 38
57 92 57
57 93 3
57 95 15
57 97 29
57 98 46
57 100 59
58 60 57
58 61 48
58 62 10
58 63 64
58 64 45
58 65 51
58 66 35
58 67 61
58 69 72
58 70 77
58 71 28
58 73 22
58 74 10
58 75 61
58 76 16
58 77 9
58 79 57
58 80 71
58 81 44
58 82 74
58 83 9
58 84 26
58 86 52
58 87 44
58 88 30
58 89 23
58 90 42
58 91 4
58 92 53
58 94 75
58 95 13
58 96 57
58 97 11
58 98 77
58 100 36
59 60 51
59 61 36
59 62 3
59 63 49
59 64 68
59 65 5
59 66 65
59 67 47
59 68 78
59 71 46
59 72 44
59 73 11
59 74 49
59 75 29
59 76 39
59 80 80
59 81 2
59 82 70
59 83 73
59 86 7
59 87 6
59 88 17
59 90 62
59 91 29
59 92 3
59 93 60
59 94 11
59 95 28
59 96 61
59 97 69
59 98 59
59 100 80
60 61 46
60 62 79
60 63 80
60 64 54
60 65 75
60 67 30
60 69 42
60 70 18
60 71 44
60 72 79
60 73 42
60 74 48
60 75 3
60 76 77
60 78 6
60 79 74
60 80 60
60 81 29
60 82 27
60 83 57
60 84 35
60 86 74
60 87 12
60 88 74
60 90 28
60 91 23
60 92 27
60 93 53
60 95 44
60 96 21
60 98 25
60 99 63
60 100 76
61 62 55
61 63 74
61 66 55
61 67 3
61 69 64
61 70 54
61 71 13
61 72 10
61 73 23
61 74 57
61 75 43
61 76 33
61 77 19
61 78 38
61 79 57
61 80 60
61 81 40
61 82 58
61 83 8
61 86 16
61 87 68
61 88 69
61 89 29
61 90 32
61 91 15
61 93 1
61 94 11
61 96 48
61 97 73
61 98 37
61 99 7
62 63 59
62 64 10
62 65 49
62 66 5
62 67 59
62 68 54
62 69 35
62 70 20
62 71 18
62 72 74
62 76 37
62 77 4
62 78 41
62 79 71
62 80 65
62 81 50
62 82 60
62 84 2
62 85 2
62 86 50
62 87 79
62 88 34
62 89 47
62 90 35
62 91 64
62 92 4
62 94 54
62 95 33
62 96 38
62 97 18
62 98 19
62 100 35
63 65 18
63 66 45
63 67 77
63 68 13
63 70 70
63 72 70
63 74 19
63 75 27
63 76 57
63 77 25
63 78 7
63 79 12
63 80 42
63 81 35
63 82 21
63 83 5
63 85 69
63 86 36
63 87 5
63 88 22
63 89 7
63 90 44
63 91 27
63 92 10
63 93 54
63 94 5
63 96 46
63 97 76
63 99 80
63 100 64
64 65 1
64 66 2
64 70 34
64 71 25
64 72 29
64 73 41
64 74 57
64 75 64
64 76 47
64 77 12
64 78 34
64 81 12
64 83 32
64 85 6
64 86 57
64 87 65
64 88 16
64 90 16
64 92 21
64 93 54
64 94 64
64 97 24
64 98 28
64 99 10
64 100 38
65 66 12
65 67 40
65 68 35
65 70 56
65 72 48
65 73 60
65 74 17
65 76 49
65 77 35
65 78 59
65 80 25
65 81 5
65 82 62
65 83 3
65 84 43
65 85 21
65 86 13
65 87 61
65 88 35
65 89 28
65 90 39
65 91 63
65 92 12
65 94 25
65 95 56
65 96 46
65 97 7
65 99 37
65 100 76
66 67 77
66 68 49
66 70 79
66 71 60
66 72 40
66 73 37
66 75 68
66 76 66
66 77 62
66 78 10
66 79 68
66 80 69
66 81 27
66 82 9
66 83 62
66 84 55
66 85 44
66 87 26
66 88 80
66 89 20
66 90 22
66 91 19
66 92 22
66 93 35
66 96 51
66 97 68
66 98 24
66 99 57
66 100 57
67 68 36
67 69 68
67 70 65
67 71 24
67 75 15
67 76 46
67 79 77
67 81 52
67 82 11
67 83 71
67 85 72
67 87 57
67 89 4
67 90 72
67 91 40
67 92 23
67 93 71
67 94 33
67 95 59
67 98 51
67 99 62
67 100 63
68 69 20
68 70 14
68 71 47
68 72 78
68 74 28
68 76 7
68 77 27
68 78 73
68 79 28
68 81 6
68 82 46
68 83 58
68 84 7
68 85 38
68 86 10
68 87 2
68 89 78
68 90 75
68 92 58
68 94 56
68 95 66
68 96 16
68 98 63
68 99 69
68 100 50
69 70 8
69 71 66
69 72 2
69 73 75
69 74 79
69 78 56
69 79 5
69 80 67
69 81 36
69 82 77
69 83 49
69 85 63
69 86 48
69 87 36
69 88 76
69 89 46
69 91 17
69 92 32
69 93 48
69 94 23
69 95 7
69 96 51
69 97 48
69 98 12
69 100 30
70 71 41
70 72 35
70 73 57
70 74 22
70 75 65
70 76 80
70 77 47
70 78 11
70 79 8
70 80 74
70 82 35
70 83 3
70 85 12
70 86 65
70 88 42
70 89 12
70 91 22
70 92 33
70 93 9
70 94 61
70 95 22
70 96 45
70 97 52
70 98 18
70 99 53
70 100 41
71 72 58
71 73 76
71 74 62
71 75 18
71 76 19
71 77 72
71 78 17
71 79 8
71 80 76
71 81 2
71 82 19
71 83 69
71 84 8
71 85 33
71 86 65
71 87 73
71 88 59
71 89 64
71 90 15
71 92 21
71 93 70
71 94 28
71 95 40
71 96 33
71 97 25
71 98 72
72 73 11
72 74 11
72 75 24
72 77 60
72 78 2
72 79 60
72 80 28
72 81 19
72 82 63
72 83 53
72 84 23
72 85 39
72 86 46
72 87 4
72 88 25
72 89 7
72 91 31
72 92 64
72 94 10
72 95 53
72 96 10
72 97 57
72 98 63
72 99 3
72 100 3
73 74 42
73 75 32
73 76 31
73 77 8
73 78 7
73 79 30
73 80 25
73 81 68
73 83 67
73 84 16
73 86 46
73 87 1
73 88 56
73 90 58
73 91 53
73 92 14
73 93 73
73 94 10
73 95 63
73 96 68
73 97 36
73 98 22
73 99 67
73 100 40
74 75 6
74 76 60
74 77 17
74 79 52
74 82 51
74 83 21
74 84 68
74 85 37
74 87 15
74 89 66
74 90 29
74 91 78
74 92 40
74 93 63
74 94 39
74 95 79
74 96 46
74 97 60
74 98 68
74 99 61
74 100 1
75 76 23
75 77 16
75 78 70
75 79 28
75 80 40
75 82 20
75 83 6
75 85 6
75 86 70
75 87 43
75 88 66
75 90 11
75 91 49
75 92 78
75 93 24
75 94 10
75 95 15
75 96 14
75 97 4
75 99 23
76 78 49
76 80 44
76 81 69
76 82 15
76 83 62
76 84 56
76 85 17
76 86 14
76 87 71
76 88 67
76 89 69
76 90 14
76 91 29
76 92 43
76 93 33
76 95 24
76 96 55
76 97 35
76 98 2
76 99 16
76 100 33
77 78 70
77 79 7
77 80 67
77 81 17
77 82 36
77 83 2
77 84 21
77 85 13
77 87 58
77 89 61
77 90 80
77 91 52
77 92 79
77 93 30
77 94 50
77 95 75
77 96 14
77 98 56
77 100 15
78 81 77
78 82 39
78 84 42
78 85 24
78 86 26
78 87 4
78 88 70
78 91 76
78 92 70
78 93 34
78 94 31
78 95 4
78 96 10
78 97 43
78 98 54
78 99 59
78 100 74
79 80 63
79 81 40
79 82 36
79 83 4
79 84 42
79 85 48
79 86 19
79 87 8
79 88 2
79 91 1
79 93 17
79 94 59
79 95 41
79 96 16
79 98 5
79 99 52
80 82 28
80 83 49
80 85 71
80 86 2
80 87 67
80 89 60
80 90 2
80 92 28
80 94 54
80 96 36
80 98 4
80 99 76
80 100 15
81 82 59
81 83 27
81 85 26
81 86 30
81 87 44
81 88 42
81 90 69
81 91 67
81 92 79
81 93 43
81 94 28
81 95 33
81 97 67
81 99 54
81 100 3
82 83 69
82 85 37
82 86 28
82 87 16
82 88 41
82 89 36
82 90 45
82 92 27
82 93 69
82 94 66
82 95 69
82 96 37
82 98 80
82 99 78
82 100 31
83 84 68
83 85 41
83 86 11
83 89 17
83 90 17
83 91 24
83 92 9
83 93 32
83 94 15
83 97 41
83 98 10
83 99 64
83 100 23
84 86 3
84 87 12
84 88 21
84 89 14
84 90 77
84 91 10
84 92 3
84 93 47
84 94 22
84 96 63
84 97 6
84 99 18
84 100 30
85 86 55
85 87 32
85 88 50
85 90 36
85 91 24
85 94 10
85 95 29
85 96 76
85 97 59
85 98 42
85 99 59
86 87 3
86 88 48
86 89 72
86 90 23
86 91 62
86 92 35
86 94 43
86 95 57
86 96 22
86 97 66
86 98 25
86 99 7
87 88 27
87 89 13
87 90 6
87 91 32
87 92 67
87 93 68
87 94 14
87 95 9
87 96 53
87 97 35
87 98 53
87 99 12
87 100 55
88 89 28
88 91 54
88 93 47
88 94 70
88 96 70
88 97 49
88 98 53
88 99 2
89 90 72
89 92 10
89 93 25
89 94 4
89 95 19
89 96 1
89 97 44
89 98 8
89 99 31
89 100 13
90 91 38
90 92 76
90 93 52
90 94 46
90 95 66
90 96 21
90 98 43
90 99 27
91 92 70
91 93 64
91 94 34
91 95 56
91 96 21
91 97 69
91 98 69
91 99 68
91 100 33
92 93 11
92 94 18
92 96 75
92 97 20
92 98 23
92 99 13
93 95 75
93 97 14
93 98 34
93 100 53
94 95 80
94 97 68
94 98 10
94 100 58
95 98 56
95 99 74
95 100 24
96 97 54
96 98 66
96 99 14
96 100 46
97 98 44
97 99 15
97 100 1
98 99 72
98 100 22
99 100 79
