100 506
1 2 34
1 12 35
1 14 17
1 18 22
1 44 32
1 64 73
1 81 65
1 88 35
1 89 20
1 98 57
2 9 49
2 22 32
2 24 70
2 31 9
2 58 43
2 80 36
2 88 3
2 91 76
3 4 30
3 25 8
3 26 71
3 43 18
3 78 56
3 86 15
3 90 23
4 10 10
4 24 58
4 27 22
4 34 15
4 67 12
4 68 18
4 85 66
4 86 8
4 98 68
5 29 53
5 31 64
5 33 24
5 49 1
5 60 37
5 74 43
5 89 26
6 12 14
6 24 67
6 28 30
6 39 21
6 40 16
6 53 5
6 57 24
6 62 30
6 73 63
6 94 71
7 24 67
7 32 17
7 36 33
7 46 37
8 14 15
8 27 5
8 29 27
8 48 51
8 53 17
8 54 15
8 64 69
8 72 3
8 93 52
9 14 14
9 24 42
9 41 64
9 58 33
9 75 58
9 89 21
9 94 76
9 95 44
9 97 75
10 13 34
10 20 46
10 39 67
10 44 40
10 46 53
10 69 31
11 16 35
11 20 4
11 48 79
11 66 23
11 71 47
11 89 61
11 96 73
12 23 70
12 24 43
12 26 2
12 39 32
12 45 45
12 64 6
12 69 73
12 80 14
12 85 57
12 89 58
12 93 63
12 97 70
13 17 72
13 25 53
13 32 75
13 37 62
13 46 25
13 60 34
13 64 24
13 70 49
13 100 65
14 18 42
14 25 77
14 27 21
14 33 10
14 34 76
14 51 13
14 57 77
14 63 57
14 83 6
14 91 58
15 54 63
15 59 59
15 66 14
15 70 75
15 78 19
15 85 48
15 95 3
16 19 18
16 31 44
16 41 19
16 55 37
16 58 20
16 69 42
16 87 42
16 97 7
17 22 68
17 38 69
17 54 34
17 60 56
17 62 11
17 64 49
17 67 58
17 83 52
17 91 58
18 19 57
18 30 63
18 31 1
18 33 45
18 48 52
18 66 77
18 69 21
18 73 17
18 85 49
18 86 68
18 93 22
18 95 54
18 96 77
19 20 64
19 26 76
19 61 4
19 64 78
19 69 36
19 75 49
19 78 65
19 91 9
19 97 33
20 24 67
20 35 61
20 36 61
20 56 19
20 79 65
20 95 27
21 60 4
21 69 46
21 72 9
22 31 72
22 32 49
22 34 76
22 48 39
22 53 68
22 98 63
23 26 50
23 41 46
23 45 50
23 46 78
23 63 74
23 69 28
23 73 19
23 76 78
23 77 60
23 87 21
23 92 55
23 96 61
24 32 80
24 37 17
24 40 45
24 52 78
24 54 67
24 62 4
24 76 55
24 85 33
24 87 31
25 26 50
25 66 46
25 67 61
25 90 47
25 91 2
26 36 45
26 40 8
26 42 57
26 49 28
26 55 63
26 59 79
26 86 42
26 87 75
26 92 77
26 94 27
27 41 72
27 47 45
27 49 68
27 72 17
27 93 17
28 29 7
28 52 15
29 30 38
29 31 51
29 42 61
29 73 59
29 85 36
29 87 12
30 52 31
30 55 80
30 58 14
30 59 75
30 65 5
30 79 6
30 83 27
31 43 68
31 46 60
31 48 4
31 49 73
31 62 28
31 63 64
31 66 48
31 73 69
31 77 75
31 81 62
31 88 17
31 89 33
31 90 35
31 97 2
32 37 33
32 38 74
32 43 69
32 69 17
32 76 5
32 79 23
32 85 41
32 100 56
33 47 72
33 56 12
33 69 23
33 77 11
34 52 12
34 54 6
34 72 80
34 75 20
34 87 34
34 93 36
34 97 13
34 100 65
35 55 48
35 57 32
35 60 29
35 65 41
35 70 38
35 82 6
35 89 1
36 38 56
36 49 77
36 53 35
36 57 25
36 63 20
36 71 76
36 93 35
37 72 7
37 79 60
37 93 47
38 41 20
38 63 47
38 69 71
38 79 56
38 81 41
38 87 23
38 92 62
38 96 53
38 100 22
39 42 17
39 46 34
39 50 15
39 61 76
39 68 62
39 69 26
39 78 28
39 79 72
39 85 5
39 90 20
39 91 31
39 95 41
39 96 60
40 77 65
40 78 18
40 85 22
40 92 7
40 98 63
41 43 54
41 48 73
41 49 27
41 97 9
41 98 52
42 64 38
42 68 14
42 89 16
42 90 73
43 44 33
43 64 37
43 65 9
43 76 5
43 88 41
43 93 20
44 49 45
44 61 33
44 80 56
44 90 60
44 95 37
44 99 50
45 47 69
45 58 31
45 61 51
45 63 33
45 66 21
45 70 2
45 73 15
45 76 54
45 84 70
45 85 74
46 58 58
46 59 49
46 61 23
46 73 28
46 75 47
46 79 21
46 80 1
46 81 18
46 93 37
47 51 15
47 53 57
47 60 40
47 62 35
47 82 4
47 87 54
47 93 41
47 94 11
47 95 18
48 50 36
48 60 38
48 90 55
49 69 61
49 84 7
49 95 3
50 51 18
50 59 46
50 72 60
50 79 64
50 87 74
50 90 65
51 61 65
51 65 21
51 66 59
51 69 5
51 78 17
51 97 50
52 55 75
52 65 69
52 73 26
52 86 18
52 89 57
52 97 18
53 76 19
53 77 66
53 88 39
54 73 21
54 83 16
55 62 70
55 63 78
55 70 15
55 74 49
55 86 72
55 88 52
55 89 3
56 60 16
56 63 23
56 70 42
56 84 70
56 95 67
57 71 19
57 79 53
58 61 44
58 71 75
58 89 35
58 94 23
59 89 39
59 98 29
59 100 58
60 81 18
60 86 8
60 87 57
60 92 42
61 62 17
61 67 75
61 74 26
61 83 48
61 87 79
61 91 36
61 97 6
62 70 79
62 81 52
62 85 79
62 91 49
62 95 42
63 90 1
63 93 66
63 97 7
64 68 30
64 87 18
64 91 1
65 88 46
65 97 37
65 98 38
66 67 50
66 94 31
66 95 78
67 77 54
67 84 22
67 85 50
67 87 28
67 94 27
68 71 12
68 72 4
68 85 11
68 88 40
68 92 30
68 93 17
69 92 4
69 93 80
70 71 66
70 76 57
70 87 51
71 72 57
71 94 74
71 98 16
72 85 78
72 86 79
73 77 27
73 78 79
73 91 65
73 94 62
73 99 8
74 79 50
74 82 42
74 84 72
74 91 25
74 92 78
75 78 26
75 79 40
75 88 31
76 91 68
77 82 64
77 89 32
77 91 48
77 95 31
77 97 27
78 79 65
78 82 37
78 90 56
78 99 42
81 84 1
81 94 44
81 96 36
81 99 38
82 83 63
82 89 66
82 90 1
82 96 70
83 86 20
83 92 80
84 86 10
84 88 47
84 98 3
85 94 20
85 95 71
86 92 15
86 96 70
87 92 15
88 98 26
90 92 55
91 95 19
94 95 61
96 100 18
