400 4010
1 29 21
1 34 36
1 44 3
1 85 37
1 94 3
1 118 18
1 137 7
1 141 38
1 155 7
1 183 20
1 188 38
1 225 15
1 226 11
1 277 29
1 278 15
1 287 37
1 299 18
1 315 5
1 330 21
1 344 2
1 366 34
2 25 10
2 48 34
2 55 29
2 63 3
2 77 33
2 105 12
2 111 16
2 130 21
2 156 6
2 167 37
2 183 10
2 235 12
2 237 20
2 239 16
2 249 21
2 253 18
2 263 8
2 269 24
2 276 31
2 355 8
2 362 18
2 371 32
2 395 28
3 6 35
3 17 6
3 60 10
3 118 23
3 177 37
3 186 19
3 191 40
3 217 18
3 233 6
3 266 33
3 268 4
3 269 21
3 283 40
3 308 21
3 311 20
3 346 32
3 363 28
3 370 30
4 10 31
4 68 17
4 100 30
4 133 23
4 150 3
4 167 17
4 221 35
4 227 31
4 238 15
4 239 6
4 270 35
4 288 29
4 300 17
4 317 26
4 321 33
4 331 26
4 351 6
4 356 5
4 387 32
5 38 19
5 44 11
5 72 6
5 74 13
5 79 7
5 80 27
5 91 24
5 92 18
5 121 38
5 127 3
5 138 36
5 167 30
5 177 19
5 194 36
5 210 17
5 215 28
5 260 36
5 305 33
5 311 23
5 349 1
5 352 11
5 354 13
5 389 12
5 390 9
6 54 14
6 81 10
6 97 28
6 122 13
6 130 8
6 237 34
6 238 9
6 263 28
6 275 12
6 378 10
6 380 40
6 383 33
7 9 7
7 19 27
7 27 26
7 30 32
7 63 18
7 72 38
7 86 30
7 98 25
7 102 35
7 110 38
7 122 17
7 123 22
7 191 14
7 224 32
7 236 33
7 254 17
7 295 32
7 311 26
7 323 16
7 337 40
7 364 3
7 366 5
7 393 8
8 11 25
8 14 33
8 22 20
8 40 24
8 43 18
8 46 21
8 52 18
8 71 14
8 106 22
8 107 17
8 110 22
8 127 6
8 137 29
8 164 36
8 208 29
8 222 27
8 227 10
8 292 3
8 317 7
8 318 28
8 322 24
8 366 10
8 387 23
8 392 15
8 394 28
9 11 21
9 12 24
9 14 31
9 37 13
9 50 7
9 101 35
9 114 11
9 125 23
9 173 30
9 175 22
9 187 21
9 189 23
9 202 3
9 210 10
9 216 6
9 264 19
9 277 8
9 299 33
9 302 32
9 331 31
9 346 35
9 352 40
9 355 3
9 361 40
9 378 40
9 394 26
10 24 6
10 54 38
10 76 18
10 164 8
10 166 30
10 195 28
10 198 30
10 227 9
10 251 4
10 311 34
10 316 21
10 365 13
10 382 13
11 12 23
11 22 14
11 75 11
11 79 14
11 107 21
11 112 9
11 200 6
11 202 36
11 203 40
11 227 9
11 237 24
11 279 37
11 290 23
11 300 40
11 308 9
11 324 5
11 339 27
11 354 37
11 369 36
11 378 13
12 25 38
12 70 1
12 79 7
12 91 2
12 100 8
12 103 31
12 119 35
12 209 9
12 292 26
12 306 40
12 310 12
12 340 12
12 366 3
12 382 5
13 62 33
13 114 2
13 117 34
13 121 40
13 160 38
13 211 11
13 212 19
13 217 21
13 225 25
13 266 34
13 267 16
13 314 20
13 327 17
13 361 18
13 371 9
13 381 10
13 386 26
13 397 3
14 24 20
14 32 14
14 37 4
14 49 27
14 53 28
14 65 12
14 67 32
14 75 26
14 84 1
14 98 25
14 121 16
14 125 8
14 129 23
14 140 19
14 168 15
14 200 12
14 215 22
14 238 22
14 270 35
14 297 10
14 351 30
14 356 25
15 36 20
15 52 2
15 71 35
15 94 37
15 107 15
15 114 20
15 125 28
15 149 15
15 168 36
15 169 2
15 172 3
15 173 20
15 203 15
15 205 9
15 211 29
15 217 40
15 226 18
15 250 9
15 290 9
15 294 27
15 297 37
15 304 33
15 324 36
15 337 38
15 342 39
15 365 13
15 394 31
16 26 4
16 51 28
16 53 15
16 77 5
16 82 27
16 97 28
16 103 18
16 185 2
16 217 2
16 269 12
16 305 28
16 323 28
16 370 34
17 64 11
17 81 12
17 100 12
17 103 22
17 159 39
17 163 40
17 196 8
17 226 30
17 235 2
17 254 27
17 255 16
17 291 8
17 313 38
17 381 37
18 25 31
18 27 24
18 43 11
18 44 1
18 51 12
18 101 20
18 105 24
18 110 32
18 121 29
18 130 13
18 169 4
18 176 25
18 178 4
18 199 33
18 203 35
18 229 8
18 270 35
18 290 38
18 321 13
18 339 31
18 347 37
18 351 37
18 365 29
19 59 1
19 62 40
19 72 1
19 87 20
19 91 5
19 164 30
19 182 11
19 194 24
19 266 10
19 293 34
19 297 38
19 334 22
19 346 4
19 380 31
19 391 32
20 45 32
20 51 30
20 54 33
20 60 29
20 77 4
20 85 7
20 113 5
20 123 27
20 129 21
20 172 16
20 233 28
20 255 38
20 260 11
20 311 1
20 314 37
20 319 23
20 324 21
20 332 7
20 351 29
20 358 13
21 66 34
21 107 7
21 117 5
21 215 15
21 220 38
21 267 34
21 275 10
21 293 21
21 302 30
21 312 20
21 315 1
21 332 36
21 338 27
21 373 22
21 389 2
21 390 22
22 27 15
22 51 6
22 55 12
22 64 39
22 68 20
22 90 16
22 92 34
22 100 39
22 105 26
22 178 12
22 210 18
22 261 11
22 272 4
22 277 39
22 291 35
22 293 7
22 317 27
22 322 7
22 327 40
22 350 27
22 365 16
22 381 24
22 400 8
23 47 35
23 55 37
23 59 21
23 88 21
23 120 21
23 132 23
23 135 5
23 147 21
23 180 25
23 183 27
23 198 35
23 200 2
23 234 1
23 244 5
23 275 30
23 292 8
23 293 37
23 314 4
23 339 20
23 349 11
23 360 34
23 374 37
24 39 5
24 58 34
24 93 3
24 113 12
24 144 31
24 163 35
24 177 18
24 179 27
24 215 11
24 226 12
24 244 7
24 295 19
24 313 20
24 329 31
24 345 3
24 354 30
24 372 15
25 40 23
25 43 38
25 48 3
25 132 4
25 144 7
25 145 4
25 155 12
25 159 40
25 165 33
25 220 26
25 224 15
25 234 4
25 260 32
25 263 26
25 268 17
25 275 6
25 292 17
25 340 26
25 364 16
25 378 39
26 27 26
26 69 7
26 73 28
26 75 5
26 111 35
26 115 32
26 150 18
26 188 19
26 209 22
26 258 6
26 283 39
26 291 7
26 335 23
26 358 26
26 377 37
27 36 34
27 56 24
27 65 29
27 72 3
27 89 3
27 104 36
27 135 35
27 147 16
27 173 40
27 193 7
27 248 8
27 277 7
27 278 3
27 280 14
27 285 27
27 311 29
27 325 8
27 341 13
27 388 19
28 30 35
28 39 28
28 59 13
28 64 2
28 74 15
28 75 37
28 88 11
28 104 9
28 136 33
28 138 37
28 140 4
28 152 26
28 162 36
28 175 20
28 178 24
28 190 19
28 204 32
28 242 15
28 293 31
28 303 34
28 315 24
28 338 24
28 346 8
28 347 38
28 392 15
28 397 37
29 72 35
29 83 14
29 99 11
29 119 11
29 169 29
29 190 36
29 197 9
29 205 39
29 208 28
29 230 21
29 278 19
29 282 33
29 370 11
29 396 33
29 398 4
30 43 4
30 65 29
30 69 19
30 74 23
30 122 5
30 237 13
30 251 9
30 287 7
30 288 2
30 310 34
30 323 5
30 330 30
30 355 39
30 362 39
30 398 13
31 42 25
31 81 35
31 133 23
31 147 12
31 162 14
31 166 34
31 204 32
31 205 15
31 224 1
31 245 38
31 264 16
31 277 7
31 281 40
31 282 2
31 316 39
31 351 34
31 375 3
31 385 23
32 35 14
32 37 21
32 55 25
32 59 19
32 64 30
32 125 31
32 136 11
32 138 32
32 147 37
32 152 1
32 158 4
32 224 4
32 237 37
32 241 25
32 243 3
32 291 25
32 317 12
32 325 23
32 336 37
33 55 9
33 93 20
33 99 17
33 113 37
33 120 11
33 133 5
33 158 13
33 174 26
33 176 22
33 215 17
33 233 28
33 242 4
33 280 34
33 341 3
33 385 31
34 43 29
34 70 22
34 72 12
34 79 2
34 89 35
34 130 38
34 133 31
34 137 8
34 151 23
34 162 29
34 184 25
34 196 17
34 220 20
34 225 28
34 254 30
34 302 17
34 329 5
34 338 36
34 361 37
34 382 10
34 383 32
34 394 17
34 396 21
35 45 23
35 65 13
35 83 31
35 97 13
35 101 26
35 138 36
35 148 15
35 163 40
35 173 23
35 185 10
35 202 1
35 209 16
35 225 31
35 226 2
35 265 1
35 314 2
35 346 19
36 61 40
36 67 6
36 68 16
36 162 22
36 167 38
36 168 6
36 174 4
36 185 1
36 186 38
36 208 37
36 251 36
36 297 19
36 298 27
36 313 22
36 324 1
36 334 32
36 335 34
36 336 9
36 343 20
36 345 25
37 40 6
37 62 25
37 128 26
37 132 39
37 139 32
37 154 2
37 196 10
37 227 34
37 247 37
37 264 26
37 268 15
37 276 31
37 312 12
37 322 34
37 323 39
37 350 31
37 398 12
38 70 11
38 93 7
38 96 6
38 112 36
38 140 40
38 161 6
38 176 5
38 178 33
38 188 16
38 218 25
38 235 12
38 237 25
38 246 16
38 310 18
38 317 36
38 324 7
38 370 15
38 387 26
39 76 40
39 103 26
39 117 18
39 149 29
39 157 8
39 258 31
39 277 36
39 323 24
39 325 28
39 338 13
39 339 2
39 348 18
39 349 19
39 362 34
39 367 11
39 390 29
40 43 16
40 74 19
40 94 24
40 116 38
40 136 2
40 137 2
40 158 21
40 161 39
40 166 33
40 184 27
40 187 1
40 230 7
40 262 10
40 310 9
40 333 16
40 335 33
40 339 37
40 352 1
40 371 30
40 373 33
41 60 6
41 66 31
41 92 16
41 96 12
41 123 40
41 139 24
41 150 27
41 152 4
41 169 39
41 217 10
41 219 38
41 222 21
41 246 16
41 247 2
41 251 2
41 276 25
41 299 6
41 325 20
41 394 32
42 52 29
42 62 17
42 64 11
42 73 24
42 77 7
42 86 40
42 102 31
42 140 2
42 151 36
42 160 33
42 186 35
42 197 15
42 224 4
42 225 5
42 256 37
42 271 10
42 311 12
42 330 18
42 339 17
42 341 11
42 389 34
43 54 21
43 100 3
43 115 10
43 135 17
43 208 18
43 213 11
43 228 8
43 272 36
43 274 38
43 278 16
43 298 6
43 331 36
43 342 20
43 356 12
44 47 23
44 50 33
44 61 8
44 79 27
44 83 13
44 85 10
44 130 10
44 134 19
44 138 2
44 139 22
44 153 18
44 156 39
44 178 33
44 211 13
44 269 3
44 274 32
44 324 21
44 339 16
44 340 21
44 361 1
45 62 28
45 81 6
45 84 20
45 91 23
45 92 22
45 144 7
45 148 22
45 151 22
45 153 29
45 170 16
45 184 22
45 195 25
45 260 11
45 264 5
45 267 17
45 306 24
45 318 8
45 360 15
45 400 2
46 79 18
46 87 8
46 88 4
46 99 23
46 103 10
46 106 15
46 125 32
46 136 10
46 152 17
46 183 29
46 205 5
46 210 15
46 213 24
46 265 22
46 288 30
46 293 4
46 299 10
46 371 14
46 380 12
46 387 38
46 389 2
46 394 19
46 397 28
47 67 4
47 83 5
47 94 10
47 109 10
47 120 34
47 121 4
47 126 3
47 136 33
47 140 13
47 163 2
47 269 19
47 271 10
47 324 33
47 335 30
47 392 6
47 399 3
48 60 36
48 63 33
48 72 22
48 80 9
48 83 36
48 99 33
48 123 33
48 174 7
48 197 5
48 264 2
48 277 1
48 281 28
48 301 33
48 309 18
48 316 7
48 346 14
48 349 26
48 362 15
48 384 4
48 390 34
48 398 9
48 400 23
49 81 16
49 113 16
49 117 14
49 125 12
49 129 19
49 132 15
49 136 2
49 178 23
49 180 17
49 214 7
49 265 11
49 272 31
49 289 16
49 291 35
49 312 26
49 347 25
49 354 10
49 365 18
49 374 25
49 399 28
50 58 2
50 106 17
50 129 30
50 135 20
50 180 1
50 191 16
50 222 29
50 299 26
50 304 8
50 309 6
50 322 26
50 325 38
50 352 2
50 360 28
50 361 27
50 370 2
50 372 33
51 72 38
51 114 9
51 123 36
51 146 11
51 150 3
51 152 39
51 158 32
51 161 27
51 164 27
51 166 12
51 176 39
51 183 37
51 195 35
51 201 17
51 202 4
51 213 39
51 233 38
51 244 13
51 247 19
51 272 10
51 292 27
51 317 9
51 333 29
51 337 18
51 338 9
51 396 10
51 399 37
52 71 39
52 181 34
52 182 6
52 192 35
52 212 40
52 234 15
52 248 14
52 265 30
52 267 40
52 294 35
52 317 29
52 352 17
52 357 1
52 366 26
52 393 6
53 70 37
53 124 22
53 130 33
53 147 17
53 163 2
53 214 25
53 269 5
53 287 35
53 318 17
53 335 2
53 355 13
53 361 8
53 365 17
53 387 35
54 57 21
54 111 27
54 138 20
54 155 12
54 173 39
54 190 35
54 216 11
54 240 37
54 266 18
54 300 18
54 349 30
54 350 39
54 352 13
54 366 37
54 392 5
55 85 36
55 117 39
55 126 35
55 138 37
55 169 12
55 172 6
55 195 11
55 206 3
55 272 2
55 383 9
55 393 3
55 399 2
56 60 4
56 74 36
56 80 31
56 100 10
56 145 13
56 148 34
56 171 5
56 194 6
56 220 36
56 224 11
56 230 7
56 251 35
56 254 28
56 264 3
56 273 32
56 316 19
56 321 18
56 332 14
56 348 22
56 356 11
56 367 2
56 384 34
57 153 40
57 225 40
57 228 35
57 237 17
57 268 9
57 272 34
57 275 16
57 305 27
57 306 7
57 332 39
57 334 9
57 342 22
57 380 23
57 400 35
58 76 34
58 80 28
58 82 36
58 181 16
58 216 29
58 314 4
58 316 4
58 331 14
58 367 39
59 117 33
59 128 40
59 134 30
59 143 35
59 181 19
59 191 1
59 193 5
59 216 13
59 241 23
59 247 17
59 264 6
59 282 21
59 314 20
59 327 37
59 336 10
59 346 15
59 350 3
59 355 2
59 378 28
60 61 3
60 98 40
60 113 13
60 149 32
60 159 29
60 160 26
60 182 37
60 184 34
60 208 34
60 213 31
60 227 23
60 280 38
60 304 9
60 314 2
60 322 40
60 325 38
60 351 22
60 373 26
60 380 25
60 381 1
60 397 14
61 71 39
61 110 3
61 149 9
61 190 22
61 288 24
61 301 15
61 309 23
61 324 8
61 345 27
61 357 27
61 380 9
62 67 30
62 88 2
62 100 23
62 134 36
62 139 29
62 148 37
62 153 28
62 181 32
62 235 18
62 251 7
62 281 24
62 292 37
62 314 25
62 316 12
62 351 7
62 362 40
62 379 17
62 385 6
62 386 17
62 389 16
62 397 8
63 86 7
63 97 30
63 98 15
63 101 15
63 113 13
63 116 6
63 135 18
63 145 25
63 175 16
63 207 6
63 216 31
63 250 40
63 273 30
63 293 1
63 298 40
63 333 16
63 343 12
63 371 36
63 390 9
63 399 29
64 89 31
64 108 8
64 158 19
64 223 28
64 252 10
64 289 11
64 297 32
64 324 25
64 328 25
64 331 19
64 351 32
64 372 7
64 389 23
65 125 8
65 137 25
65 141 29
65 147 39
65 149 23
65 182 15
65 196 21
65 204 33
65 221 8
65 232 36
65 239 7
65 298 7
65 307 18
65 318 37
65 319 30
65 344 9
65 347 8
65 351 27
65 362 9
66 96 17
66 130 17
66 171 15
66 179 23
66 185 6
66 203 1
66 216 4
66 228 2
66 282 31
66 296 31
66 321 8
66 328 12
66 333 16
66 382 13
66 399 11
67 71 39
67 114 4
67 117 11
67 125 22
67 128 21
67 179 32
67 213 16
67 214 35
67 221 25
67 312 35
67 327 2
67 349 40
67 384 28
67 387 18
68 71 20
68 114 30
68 139 22
68 148 18
68 149 24
68 163 37
68 169 24
68 177 31
68 190 38
68 217 1
68 220 11
68 227 28
68 265 33
68 274 40
68 288 27
68 306 35
68 313 30
68 317 38
68 318 12
68 328 10
68 337 13
68 350 24
68 364 3
68 371 22
68 394 20
69 90 25
69 115 18
69 151 13
69 180 37
69 214 14
69 241 26
69 251 39
69 273 29
69 283 18
69 288 3
69 328 28
69 353 35
69 363 6
69 364 40
69 372 12
69 373 39
70 72 17
70 82 23
70 101 6
70 119 6
70 137 17
70 144 28
70 172 25
70 180 7
70 211 35
70 255 31
70 271 15
70 280 3
70 304 9
70 309 9
70 341 27
70 357 4
70 376 6
70 390 11
71 74 17
71 86 4
71 105 28
71 144 29
71 158 24
71 169 11
71 175 29
71 223 10
71 285 26
71 307 6
71 369 15
72 80 15
72 90 8
72 142 7
72 151 2
72 183 13
72 192 35
72 195 5
72 235 22
72 248 5
72 275 3
72 276 6
72 309 10
72 318 39
72 336 24
72 360 1
72 372 6
73 98 4
73 121 10
73 123 23
73 144 36
73 178 2
73 232 33
73 242 29
73 260 38
73 279 1
73 293 2
73 298 17
73 305 7
73 333 34
73 339 21
73 353 6
73 362 28
73 372 16
73 379 20
73 385 27
73 397 23
74 78 22
74 103 30
74 106 16
74 127 31
74 133 18
74 134 40
74 181 16
74 198 16
74 214 40
74 265 17
74 270 6
74 289 31
74 327 3
74 338 18
74 350 27
74 366 40
74 369 26
74 374 16
75 80 29
75 101 9
75 149 21
75 162 32
75 187 24
75 228 39
75 260 24
75 265 4
75 289 12
75 327 12
75 340 7
75 341 39
75 360 4
75 363 5
75 372 38
75 396 24
76 103 26
76 128 39
76 143 10
76 152 35
76 175 32
76 183 1
76 220 34
76 240 15
76 244 26
76 252 3
76 261 2
76 293 17
76 302 13
76 362 40
76 369 24
76 398 6
77 115 22
77 131 15
77 132 11
77 134 25
77 164 37
77 185 20
77 218 22
77 236 5
77 241 13
77 306 1
77 323 22
77 332 40
77 361 23
77 362 4
77 365 7
77 389 8
77 398 6
78 104 35
78 146 34
78 152 11
78 153 7
78 164 38
78 227 22
78 237 4
78 241 19
78 262 26
78 267 31
78 311 16
78 313 15
78 379 40
78 380 19
79 93 33
79 97 33
79 98 37
79 127 7
79 162 12
79 181 23
79 216 14
79 241 35
79 260 31
79 334 31
79 350 14
79 360 31
80 89 25
80 101 37
80 126 33
80 154 33
80 157 33
80 159 2
80 205 28
80 210 12
80 225 19
80 239 31
80 253 35
80 312 4
80 324 13
80 333 32
80 354 27
80 368 30
80 373 32
80 374 6
80 377 34
80 400 1
81 82 4
81 112 17
81 114 1
81 128 30
81 138 19
81 141 19
81 151 28
81 153 38
81 157 20
81 178 15
81 185 13
81 186 12
81 196 10
81 199 23
81 206 36
81 208 15
81 233 38
81 245 4
81 298 11
81 306 37
81 341 28
81 382 22
82 92 10
82 121 9
82 134 29
82 143 19
82 155 12
82 184 22
82 191 2
82 224 39
82 243 37
82 292 3
82 295 8
82 308 25
82 341 5
82 353 19
82 354 40
82 372 32
83 85 9
83 124 30
83 125 18
83 143 9
83 183 5
83 187 24
83 196 7
83 198 6
83 266 12
83 290 20
83 291 35
83 311 22
83 315 6
83 322 14
83 347 37
83 354 28
83 369 2
83 378 5
83 379 12
84 93 23
84 108 9
84 178 4
84 188 18
84 194 28
84 208 23
84 229 17
84 236 16
84 242 8
84 253 21
84 297 1
84 310 1
84 311 36
84 312 28
84 314 19
84 316 33
84 339 22
84 341 23
84 358 37
84 397 39
85 98 38
85 150 33
85 183 40
85 216 33
85 239 25
85 246 38
85 252 22
85 269 2
85 282 36
85 299 29
85 311 34
85 317 28
85 334 30
85 379 3
86 134 39
86 146 26
86 199 16
86 251 7
86 260 23
86 267 39
86 294 12
86 318 40
86 325 31
86 331 35
86 385 35
86 398 10
87 119 16
87 129 13
87 144 21
87 165 25
87 175 4
87 190 25
87 200 28
87 224 17
87 231 31
87 289 8
87 295 25
87 298 1
87 299 24
87 308 40
87 336 31
87 337 13
87 360 3
87 370 36
87 392 40
88 121 18
88 128 3
88 131 24
88 134 35
88 166 6
88 168 17
88 185 29
88 187 30
88 191 34
88 204 36
88 268 40
88 287 15
88 296 30
88 297 16
88 329 36
88 331 4
88 342 27
88 368 24
88 377 13
89 93 10
89 121 16
89 122 7
89 128 26
89 129 26
89 160 36
89 166 19
89 174 31
89 184 13
89 188 23
89 263 34
89 297 7
89 330 15
89 341 12
89 357 34
89 386 2
89 399 31
90 108 8
90 114 9
90 118 13
90 119 12
90 120 26
90 158 1
90 163 23
90 206 27
90 219 23
90 268 25
90 285 28
90 306 12
90 308 6
90 362 6
90 399 12
91 117 7
91 201 15
91 227 34
91 250 36
91 271 15
91 310 13
91 336 21
91 338 10
91 347 30
91 360 20
91 375 17
91 386 37
91 396 18
92 147 13
92 172 1
92 195 13
92 200 9
92 217 27
92 257 25
92 259 33
92 266 28
92 292 9
92 313 12
92 336 29
92 371 14
93 98 24
93 108 14
93 188 11
93 234 33
93 259 8
93 285 34
93 296 17
93 340 9
93 383 2
93 388 36
94 169 9
94 186 8
94 210 32
94 214 5
94 245 20
94 248 30
94 266 12
94 269 18
94 278 10
94 294 1
94 333 39
94 362 26
94 380 17
94 395 16
95 108 27
95 129 38
95 131 39
95 205 23
95 262 27
95 293 16
95 306 12
95 380 3
95 383 32
95 387 29
95 390 38
95 395 32
95 398 14
95 399 36
96 109 40
96 185 12
96 202 11
96 213 12
96 294 15
96 300 25
96 330 12
96 332 29
96 357 14
96 363 30
96 377 18
96 396 24
97 104 25
97 179 6
97 180 17
97 190 19
97 203 12
97 227 13
97 243 11
97 265 40
97 295 14
97 311 32
97 341 29
97 345 18
97 365 6
97 372 24
98 112 11
98 134 34
98 149 30
98 152 38
98 193 28
98 214 32
98 255 17
98 270 28
98 273 17
98 294 6
98 308 19
98 345 34
98 374 34
99 124 27
99 131 19
99 136 21
99 140 30
99 147 4
99 151 3
99 159 6
99 187 14
99 209 10
99 210 29
99 218 36
99 273 15
99 274 2
99 278 30
99 297 36
99 376 23
99 383 34
100 103 5
100 108 26
100 153 14
100 177 36
100 181 32
100 205 38
100 206 34
100 219 40
100 253 7
100 277 25
100 306 28
100 341 1
100 351 35
100 372 7
101 108 2
101 116 24
101 155 14
101 157 19
101 188 1
101 190 14
101 241 38
101 245 33
101 266 29
101 286 37
101 329 29
101 354 9
101 355 19
101 361 40
101 371 3
101 385 28
101 390 11
101 399 5
101 400 12
102 110 1
102 112 23
102 138 1
102 147 29
102 177 17
102 182 40
102 233 12
102 236 30
102 237 15
102 273 6
102 298 14
102 299 7
102 301 5
102 339 11
102 364 18
102 366 39
102 375 10
102 389 10
103 121 12
103 137 25
103 185 19
103 200 22
103 251 9
103 266 26
103 294 12
103 323 8
103 370 18
103 399 30
104 110 40
104 117 4
104 142 10
104 243 30
104 264 4
104 294 23
104 308 10
104 315 23
104 322 7
104 323 34
104 355 1
104 373 23
105 110 1
105 124 9
105 129 26
105 185 32
105 191 4
105 197 1
105 211 33
105 234 40
105 272 8
105 273 1
105 299 6
105 309 35
105 321 14
105 348 37
105 352 29
105 363 1
105 386 12
105 388 38
105 392 11
106 131 25
106 154 28
106 165 17
106 228 35
106 270 29
106 284 29
106 298 2
106 311 27
106 315 14
106 332 24
106 345 21
106 354 34
106 359 21
106 381 27
107 134 27
107 145 38
107 151 20
107 152 39
107 158 19
107 176 24
107 190 29
107 246 1
107 267 19
107 272 26
107 275 14
107 313 28
107 320 21
107 371 24
107 379 14
107 395 18
108 117 10
108 138 21
108 159 7
108 168 28
108 206 29
108 209 14
108 254 11
108 286 26
108 287 32
108 302 21
108 303 40
108 382 27
108 395 23
108 399 35
109 122 32
109 138 8
109 139 13
109 150 9
109 172 12
109 194 37
109 198 2
109 248 7
109 292 21
109 294 11
109 302 3
109 326 8
109 352 12
109 361 14
109 369 33
109 400 40
110 147 40
110 157 16
110 169 8
110 177 12
110 181 40
110 197 26
110 232 35
110 249 15
110 257 17
110 265 39
110 319 18
110 324 22
110 354 4
110 379 15
110 396 14
111 162 5
111 171 8
111 209 40
111 216 8
111 232 2
111 233 18
111 244 7
111 266 11
111 272 9
111 325 38
111 327 38
111 341 34
111 370 34
111 398 13
112 123 33
112 151 9
112 164 37
112 171 11
112 176 3
112 193 23
112 207 13
112 217 26
112 236 28
112 240 2
112 252 26
112 275 6
112 296 22
112 298 26
112 325 6
112 332 35
112 342 4
112 347 21
112 396 6
113 118 31
113 152 4
113 167 3
113 197 33
113 226 10
113 275 28
113 293 38
113 338 27
113 384 21
113 398 3
114 127 11
114 128 5
114 143 4
114 157 35
114 182 12
114 202 21
114 231 29
114 249 4
114 261 31
114 348 37
114 350 35
114 367 36
114 387 29
114 389 20
114 398 26
115 123 28
115 173 8
115 214 28
115 280 15
116 119 10
116 128 8
116 131 29
116 133 16
116 137 29
116 139 13
116 160 15
116 169 38
116 181 20
116 182 12
116 187 1
116 205 31
116 236 30
116 240 18
116 267 8
116 284 24
116 288 23
116 307 9
116 354 4
116 376 31
117 121 31
117 134 39
117 137 28
117 154 16
117 169 7
117 192 25
117 194 23
117 214 8
117 215 29
117 235 28
117 255 23
117 262 17
117 281 2
117 356 39
117 364 29
117 367 33
117 370 7
117 396 24
118 140 28
118 200 3
118 220 21
118 222 9
118 228 22
118 247 15
118 274 29
118 290 20
118 294 24
118 302 6
118 345 3
118 358 35
118 380 33
118 389 1
119 128 38
119 138 2
119 153 20
119 154 3
119 161 33
119 197 5
119 200 25
119 206 32
119 222 15
119 249 19
119 334 22
119 364 38
120 134 5
120 146 7
120 161 32
120 162 3
120 167 32
120 185 13
120 201 24
120 219 8
120 220 8
120 279 37
120 294 30
120 296 29
120 306 29
120 377 22
121 181 38
121 194 16
121 206 20
121 213 31
121 231 22
121 243 10
121 250 21
121 299 1
121 311 9
121 323 11
121 383 24
122 126 26
122 140 12
122 208 8
122 221 31
122 257 20
122 275 17
122 305 38
122 309 1
122 321 1
122 327 10
122 342 32
122 358 19
122 362 40
122 367 26
122 374 26
122 392 37
122 395 26
123 134 21
123 147 4
123 166 27
123 193 11
123 210 39
123 231 18
123 262 38
123 271 28
123 275 21
123 282 16
123 288 16
123 315 40
123 350 11
123 359 36
123 365 5
123 372 26
123 379 40
124 155 36
124 190 40
124 224 19
124 237 39
124 248 10
124 250 22
124 260 16
124 267 18
124 301 22
125 153 18
125 159 21
125 164 9
125 171 13
125 253 40
125 267 36
125 268 34
125 273 17
125 280 11
125 284 1
125 302 26
125 308 36
125 333 22
125 335 22
125 391 33
126 131 10
126 140 26
126 168 37
126 170 10
126 172 22
126 179 11
126 204 7
126 216 3
126 270 22
126 301 24
126 332 32
126 338 36
126 355 30
126 382 10
126 389 21
126 392 18
126 393 26
127 142 21
127 156 39
127 159 28
127 188 19
127 202 32
127 208 34
127 214 25
127 237 12
127 239 29
127 242 36
127 253 4
127 274 1
127 340 37
128 135 30
128 145 32
128 178 10
128 180 14
128 188 17
128 191 33
128 199 3
128 210 33
128 211 30
128 215 4
128 236 15
128 242 28
128 278 27
128 282 37
128 294 6
128 300 22
128 324 35
128 339 13
128 372 5
129 136 5
129 180 26
129 195 8
129 215 25
129 224 34
129 247 27
129 279 28
129 291 38
129 293 9
129 314 25
129 323 39
129 339 31
129 347 23
129 378 39
130 149 39
130 170 32
130 179 9
130 182 37
130 199 30
130 230 4
130 232 19
130 353 12
130 381 20
131 151 17
131 152 35
131 172 39
131 178 11
131 179 2
131 214 37
131 222 40
131 241 4
131 246 2
131 265 28
131 276 3
131 309 3
131 339 16
131 363 21
132 186 40
132 266 9
132 290 38
132 300 34
132 322 11
132 355 6
132 396 22
133 161 39
133 203 40
133 206 30
133 210 21
133 222 5
133 287 23
133 324 26
133 337 24
133 368 10
133 372 13
133 397 29
134 160 32
134 196 30
134 199 27
134 226 31
134 237 23
134 262 34
134 270 18
134 284 6
134 296 12
134 301 30
134 312 35
134 335 13
134 337 31
134 364 30
134 370 1
135 140 20
135 171 28
135 174 25
135 191 12
135 206 36
135 211 8
135 247 5
135 251 13
135 267 25
135 278 6
135 290 24
135 291 9
135 300 1
135 312 10
135 327 37
135 350 19
135 373 39
136 158 3
136 204 35
136 230 25
136 235 32
136 238 22
136 243 14
136 254 11
136 261 13
136 262 8
136 290 36
136 318 18
136 353 21
136 363 38
136 369 29
136 374 23
136 385 21
137 150 29
137 155 32
137 161 1
137 170 21
137 197 5
137 198 27
137 233 29
137 248 18
137 258 13
137 266 4
137 274 3
137 303 2
137 305 2
137 308 32
137 357 16
137 369 35
137 387 22
138 164 15
138 166 34
138 175 39
138 186 8
138 206 8
138 256 26
138 272 21
138 277 11
138 312 2
138 321 29
138 335 35
138 337 38
138 340 33
138 348 36
138 384 1
138 392 9
139 158 32
139 169 16
139 189 15
139 194 38
139 203 7
139 243 39
139 244 8
139 277 9
139 280 11
139 296 34
139 310 31
139 350 10
139 354 21
139 368 8
139 379 36
140 153 40
140 264 32
140 287 36
140 314 32
140 360 11
140 363 15
140 392 26
141 146 25
141 168 31
141 255 37
141 276 9
141 279 37
141 286 31
141 302 29
141 304 27
141 330 8
141 361 35
141 380 12
142 143 33
142 175 2
142 204 14
142 211 5
142 231 6
142 282 32
142 285 20
142 286 8
142 309 9
142 310 23
142 319 28
142 323 23
142 347 23
142 364 14
142 367 28
142 368 28
142 383 19
142 396 22
143 150 6
143 177 22
143 178 12
143 186 26
143 262 38
143 284 35
143 285 5
143 306 23
143 354 4
143 360 33
143 379 28
144 197 5
144 213 7
144 215 37
144 220 36
144 225 23
144 237 36
144 276 9
144 287 39
144 298 20
144 303 35
144 318 36
144 357 10
144 368 38
144 373 10
144 375 33
144 385 25
144 399 22
145 151 22
145 171 11
145 180 37
145 193 27
145 238 27
145 256 29
145 309 40
145 321 14
145 330 5
145 361 20
145 376 14
146 175 35
146 188 10
146 192 16
146 209 11
146 213 25
146 215 36
146 226 23
146 246 7
146 264 11
146 298 2
146 312 25
146 330 14
146 333 6
146 341 10
146 352 12
146 357 18
146 358 7
146 393 36
147 165 37
147 199 3
147 204 16
147 206 5
147 233 24
147 242 24
147 243 35
147 266 29
147 311 34
147 367 38
147 386 2
147 398 13
148 160 33
148 163 9
148 170 2
148 196 12
148 223 17
148 224 31
148 248 6
148 284 12
148 322 38
148 325 2
148 332 14
148 340 24
148 345 2
149 230 13
149 235 26
149 245 34
149 258 33
149 265 8
149 281 38
149 316 15
149 397 35
150 157 23
150 186 35
150 204 29
150 246 11
150 301 32
150 302 38
150 303 31
150 304 23
150 314 31
150 334 8
150 339 9
150 387 8
151 155 22
151 165 33
151 171 9
151 188 21
151 192 27
151 219 38
151 232 11
151 253 36
151 288 25
151 302 14
151 322 7
151 362 3
151 369 21
151 375 5
152 311 15
152 323 19
152 336 11
152 346 15
152 368 27
152 371 39
152 387 17
153 182 20
153 247 29
153 257 20
153 302 3
153 310 8
153 347 9
153 354 21
153 358 22
153 370 36
153 394 7
154 182 13
154 187 21
154 190 11
154 196 15
154 211 37
154 215 20
154 218 40
154 230 8
154 244 24
154 301 20
154 325 12
154 351 27
154 377 6
155 174 33
155 178 21
155 189 30
155 231 11
155 232 31
155 270 16
155 306 3
155 341 1
155 342 8
155 362 15
155 367 17
156 187 11
156 189 31
156 216 31
156 235 23
156 236 31
156 264 15
156 271 23
156 286 38
156 297 35
156 329 29
156 339 5
157 164 39
157 169 8
157 175 9
157 197 33
157 201 6
157 203 15
157 211 30
157 212 3
157 264 39
157 288 12
157 303 30
157 338 29
157 368 6
157 389 28
157 399 28
157 400 5
158 160 14
158 179 38
158 190 23
158 245 3
158 266 2
158 282 15
158 284 15
158 310 33
158 321 14
158 327 34
158 342 40
158 346 17
158 349 21
158 358 25
158 376 32
158 377 32
158 381 3
159 196 18
159 224 26
159 231 25
159 241 2
159 249 16
159 253 39
159 256 25
159 273 11
159 274 30
159 318 35
159 323 6
159 348 23
159 363 38
159 376 29
159 377 34
160 171 29
160 216 36
160 231 31
160 235 25
160 247 36
160 324 15
160 367 35
160 394 27
161 168 9
161 210 25
161 222 40
161 224 28
161 228 1
161 265 32
161 301 10
161 306 9
161 337 33
161 344 34
161 359 33
161 380 30
161 392 28
161 394 21
161 395 1
162 176 3
162 189 26
162 207 23
162 230 3
162 241 20
162 264 4
162 270 4
162 281 24
162 298 39
162 323 19
162 340 6
162 356 8
162 364 15
162 379 26
162 386 40
163 179 37
163 183 4
163 203 17
163 213 36
163 272 6
163 286 14
163 303 10
163 313 20
163 323 10
163 328 10
163 348 3
163 349 38
163 357 9
164 177 16
164 195 9
164 202 23
164 229 17
164 258 12
164 265 36
164 279 8
164 284 24
164 315 35
164 327 30
164 340 17
164 351 20
165 195 35
165 203 8
165 206 28
165 218 27
165 256 12
165 288 24
165 303 1
165 333 40
165 337 37
165 343 21
165 379 20
166 175 31
166 181 23
166 211 3
166 216 2
166 236 13
166 265 40
166 277 21
166 326 4
166 330 27
166 363 10
166 367 31
167 177 11
167 189 3
167 228 37
167 235 7
167 244 15
167 258 38
167 262 2
167 270 23
167 271 18
167 274 37
167 291 6
167 299 16
167 302 12
167 377 11
167 379 28
167 385 1
167 397 35
168 197 28
168 199 22
168 200 10
168 215 30
168 225 22
168 272 5
168 273 8
168 289 9
168 295 3
168 329 24
168 351 23
168 387 13
168 396 31
169 176 10
169 209 20
169 251 34
169 263 28
169 265 36
169 266 16
169 274 12
169 289 5
169 300 18
169 306 8
169 311 10
169 340 20
169 342 1
170 172 27
170 179 40
170 194 11
170 246 37
170 247 14
170 251 20
170 292 26
170 298 30
170 315 13
170 318 35
170 334 15
170 342 27
170 371 38
170 373 7
170 377 20
170 395 29
171 178 40
171 181 29
171 182 30
171 188 2
171 195 39
171 200 29
171 225 24
171 234 7
171 255 34
171 304 2
171 310 14
171 335 1
171 338 30
171 342 27
171 354 34
171 362 31
171 372 30
171 382 25
172 184 2
172 213 38
172 286 27
172 344 8
172 352 3
172 383 14
172 390 27
172 396 29
173 183 30
173 221 21
173 241 9
173 257 15
173 305 37
173 310 33
173 353 33
173 368 28
173 382 6
173 398 29
174 188 37
174 215 39
174 217 5
174 235 35
174 257 23
174 299 10
174 300 23
174 315 19
174 319 15
174 341 20
174 352 22
174 363 22
174 374 32
174 389 7
174 393 10
174 400 11
175 212 33
175 240 22
175 252 32
175 273 9
175 315 8
175 343 24
176 182 34
176 188 40
176 190 34
176 227 10
176 248 8
176 250 32
176 251 13
176 263 24
176 275 21
176 293 35
176 330 19
176 334 31
176 391 10
177 202 39
177 211 30
177 221 6
177 279 6
177 297 24
177 340 7
177 380 20
178 202 37
178 206 26
178 213 25
178 230 1
178 251 34
178 257 4
178 260 10
178 265 30
178 276 10
178 337 1
178 343 1
178 391 36
178 399 8
179 198 10
179 203 17
179 220 38
179 222 10
179 293 31
179 305 22
179 355 19
180 235 15
180 242 39
180 264 14
180 271 16
180 273 17
180 283 6
180 288 34
180 294 30
180 312 16
180 314 21
180 321 20
180 336 39
180 360 20
180 373 20
180 380 34
181 197 7
181 214 14
181 250 33
181 252 18
181 260 8
181 270 9
181 277 39
181 326 30
181 353 7
181 377 14
181 385 7
182 191 31
182 231 1
182 287 32
182 302 40
182 307 2
182 337 23
182 349 21
182 353 23
182 384 14
182 387 31
182 399 15
183 213 17
183 247 22
183 251 39
183 293 24
183 330 22
183 355 20
184 191 32
184 195 33
184 197 17
184 210 36
184 213 34
184 219 10
184 308 11
184 336 16
185 186 8
185 213 16
185 231 29
185 236 20
185 250 11
185 263 8
185 265 27
185 306 20
185 307 5
185 313 25
185 359 26
185 371 21
185 378 26
185 391 9
186 193 5
186 203 19
186 205 13
186 233 29
186 258 19
186 263 38
186 285 33
186 296 25
186 316 18
186 390 21
186 396 30
187 236 26
187 256 32
187 280 24
187 318 39
187 326 16
187 346 6
187 354 12
187 364 6
187 368 32
187 372 7
187 389 31
187 394 11
188 192 17
188 215 33
188 221 29
188 223 12
188 288 10
188 303 23
188 327 15
188 332 8
188 389 33
189 209 6
189 222 33
189 235 21
189 262 40
189 290 7
189 307 38
189 337 11
189 364 3
189 365 23
189 371 5
190 191 19
190 222 33
190 231 9
190 259 26
190 291 5
190 314 7
191 195 39
191 208 34
191 227 33
191 245 19
191 259 24
191 308 18
191 311 15
191 329 18
191 359 26
191 386 18
192 207 31
192 213 25
192 256 38
192 300 11
192 302 28
192 316 28
192 344 21
192 357 1
192 367 3
192 370 32
192 391 17
193 195 23
193 218 29
193 238 1
193 283 4
193 285 1
193 294 28
193 308 25
193 312 24
193 320 13
193 325 10
193 338 24
193 365 5
193 390 30
194 224 22
194 239 27
194 243 37
194 273 4
194 307 34
194 315 5
194 321 5
194 342 10
194 346 33
194 361 17
195 222 14
195 233 2
195 243 35
195 267 5
195 305 28
195 310 3
195 318 9
195 337 3
195 345 30
195 356 5
195 371 37
195 374 20
195 381 17
196 203 15
196 256 4
196 260 34
196 319 12
196 326 5
196 376 29
196 395 27
196 399 3
197 198 6
197 211 9
197 218 7
197 234 29
197 263 38
197 283 32
197 284 5
197 285 12
197 307 37
197 318 18
197 326 17
197 346 20
197 354 4
197 374 12
197 378 29
198 199 11
198 210 23
198 212 30
198 226 13
198 234 31
198 265 4
198 266 23
198 278 26
198 291 29
198 292 3
198 295 31
198 303 30
198 358 9
198 371 36
199 200 23
199 214 29
199 216 5
199 221 6
199 239 25
199 279 22
199 311 11
199 335 32
199 339 13
199 359 31
199 382 39
199 398 7
199 399 6
200 211 16
200 255 30
200 256 8
200 261 6
200 275 18
200 283 27
200 311 37
200 363 39
200 382 33
201 233 15
201 271 14
201 312 19
201 317 27
201 342 32
201 344 15
201 345 31
201 387 30
201 397 8
202 230 29
202 243 5
202 244 15
202 267 9
202 277 39
202 278 7
202 299 39
202 304 20
202 331 34
202 365 39
202 378 20
203 213 34
203 293 33
203 296 18
203 304 32
203 358 31
203 369 18
203 379 35
203 382 15
204 223 27
204 228 32
204 241 13
204 267 34
204 323 17
204 342 10
204 344 35
204 358 3
204 367 26
205 221 28
205 224 23
205 226 36
205 269 17
205 289 29
205 305 40
205 313 6
205 374 26
205 383 33
205 397 26
205 399 16
206 209 36
206 213 4
206 236 14
206 276 35
206 289 34
206 308 10
206 338 27
206 339 6
206 343 14
206 351 37
206 391 2
207 246 8
207 259 24
207 261 29
207 284 31
207 287 8
207 296 19
207 335 16
207 366 26
207 370 39
207 375 28
207 385 11
208 213 7
208 241 37
208 293 36
208 383 25
208 396 18
209 213 18
209 235 22
209 238 35
209 282 24
209 283 20
209 368 16
209 388 34
209 394 18
210 239 30
210 244 20
210 252 8
210 258 19
210 325 12
210 350 18
211 288 26
211 315 36
211 354 23
211 365 12
211 378 6
211 379 29
211 386 2
212 221 24
212 250 32
212 358 26
212 391 20
213 221 40
213 229 3
213 235 14
213 249 25
213 308 23
213 353 1
213 382 17
214 221 11
214 318 6
214 320 25
214 338 7
214 391 19
214 396 25
215 262 35
215 270 20
215 275 17
215 290 5
215 329 3
215 331 7
215 351 2
215 359 38
215 382 16
216 225 7
216 245 18
216 247 3
216 251 25
216 273 23
216 308 28
216 311 34
216 328 14
216 353 8
216 382 28
216 392 24
217 219 18
217 236 8
217 243 8
217 262 11
217 266 16
217 287 35
217 299 26
217 301 17
217 344 15
217 384 7
217 400 20
218 228 10
218 230 30
218 236 2
218 271 15
218 313 18
218 325 34
218 342 13
218 351 10
219 248 35
219 263 9
219 277 3
219 283 8
219 301 29
219 334 12
219 337 40
219 356 23
219 372 10
219 381 1
219 382 25
219 384 14
220 234 7
220 276 29
220 289 13
220 356 36
220 382 37
221 245 8
221 251 1
221 259 38
221 278 12
221 287 25
221 319 24
221 371 9
221 382 33
222 239 38
222 255 18
222 269 16
222 296 5
222 306 30
222 318 35
222 320 7
222 340 1
222 351 33
222 371 2
222 383 7
222 397 35
223 251 6
223 270 36
223 297 23
223 301 16
223 311 17
223 325 1
223 342 3
223 345 19
223 360 13
223 376 7
223 394 17
223 396 3
224 302 16
224 347 35
224 372 1
225 239 3
225 284 6
225 285 28
225 290 32
225 324 32
225 329 23
225 352 32
225 353 15
225 358 35
225 368 37
225 379 21
225 397 23
226 239 24
226 273 6
226 280 22
226 327 27
226 359 14
227 236 3
227 255 3
227 279 16
227 298 19
227 320 19
227 332 8
227 333 17
227 371 16
228 239 3
228 240 14
228 259 9
228 266 32
228 272 28
228 312 22
228 337 10
228 339 28
228 347 27
228 374 37
228 385 7
229 280 19
229 310 2
229 370 19
230 306 14
230 330 8
230 354 1
230 365 29
230 383 2
230 384 12
230 397 23
231 237 28
231 279 9
231 324 38
231 334 2
231 344 18
231 346 19
231 375 19
232 242 5
232 262 22
232 282 13
232 321 2
232 331 4
232 335 2
232 343 25
232 361 20
232 385 28
232 387 25
233 242 2
233 302 29
233 331 22
233 345 1
233 350 38
233 351 29
233 395 28
234 237 30
234 261 10
234 271 34
234 292 5
234 299 8
234 358 20
234 374 2
234 381 40
234 383 37
234 400 11
235 241 25
235 250 32
235 257 39
235 291 14
235 321 38
235 347 31
235 391 3
235 396 37
235 399 14
236 305 16
236 352 32
236 357 34
236 361 14
236 372 23
236 379 26
236 380 12
237 274 37
237 308 17
237 314 15
237 338 22
237 347 6
237 352 21
237 385 29
237 392 29
237 397 4
238 241 17
238 348 38
238 368 1
238 369 33
238 370 35
238 381 37
238 386 40
238 396 29
239 254 5
239 273 15
239 379 28
239 388 20
240 254 33
240 323 35
240 331 23
240 355 26
241 258 5
241 271 36
241 293 36
241 294 28
241 301 33
241 307 29
241 342 21
241 355 5
241 371 30
241 395 33
242 272 4
242 289 17
242 333 22
242 351 5
242 383 16
242 384 10
242 390 6
243 268 8
243 269 23
243 287 38
243 352 40
243 355 15
243 363 3
243 381 23
243 396 30
243 398 28
244 261 14
244 267 21
244 299 27
244 344 30
244 352 22
244 362 13
244 388 16
244 392 40
245 246 22
245 249 2
245 296 12
245 305 24
245 315 30
245 388 34
246 254 35
246 292 32
246 302 28
246 308 37
246 335 33
246 362 25
246 382 21
247 261 14
247 275 28
247 291 26
247 324 18
247 326 11
247 339 9
247 378 24
248 250 10
248 289 12
248 305 5
248 338 13
248 385 24
249 270 19
249 286 16
249 331 18
249 335 16
249 341 28
249 363 39
249 369 24
249 376 9
249 387 1
250 259 40
250 271 23
250 333 37
250 343 23
250 367 1
250 376 36
250 391 36
251 252 38
251 264 23
251 294 31
251 340 26
251 374 32
251 390 12
252 313 19
252 334 7
252 348 37
252 362 10
252 371 15
252 386 37
252 391 21
252 392 16
253 269 23
253 280 8
253 310 10
253 327 30
253 341 26
253 347 38
253 379 9
253 387 8
254 270 33
254 305 19
254 359 3
254 388 11
254 396 14
255 291 15
255 314 13
255 322 3
255 374 5
255 379 37
255 382 36
255 386 18
256 282 4
256 292 25
256 310 5
256 312 17
256 314 28
256 333 1
257 269 21
257 280 38
257 295 30
257 306 13
257 340 9
257 350 11
257 369 29
257 375 31
257 381 25
257 387 34
257 391 28
258 284 1
258 288 37
258 336 34
258 350 6
258 364 5
258 367 23
258 377 33
259 311 33
259 317 12
259 334 13
259 337 10
259 367 37
259 371 5
259 393 9
260 281 32
260 284 40
260 292 31
260 298 2
260 318 30
260 327 40
260 330 25
260 346 8
260 361 39
260 367 13
260 377 30
260 382 6
260 386 26
260 387 39
261 274 6
261 289 28
261 316 18
261 331 30
261 347 33
261 372 17
261 392 31
262 268 40
262 272 8
262 275 1
262 288 19
262 300 39
262 307 33
262 368 25
263 274 36
263 308 33
263 325 30
263 363 19
263 369 33
264 268 33
264 336 37
264 340 4
264 357 39
264 368 32
265 338 19
265 346 3
265 350 4
265 372 2
265 388 31
266 272 18
266 301 32
266 314 38
266 336 20
266 350 18
266 351 3
266 352 28
266 384 4
267 276 26
267 300 25
267 303 35
267 333 27
267 360 23
267 370 17
267 380 7
268 283 24
268 299 33
268 300 22
268 331 35
268 341 15
268 364 27
268 382 9
268 393 32
269 307 7
269 333 25
269 351 4
269 366 34
269 374 28
269 389 16
270 298 17
270 306 32
270 311 27
270 312 9
270 327 5
270 332 11
270 340 23
270 394 7
271 296 9
271 326 17
271 338 40
271 352 32
271 354 12
271 369 4
271 385 21
271 390 15
272 285 5
272 290 24
272 300 32
272 305 33
272 331 34
272 361 18
272 374 28
272 376 26
273 285 3
273 290 36
273 300 10
273 329 32
273 332 27
273 346 29
273 379 11
274 294 11
274 302 40
274 312 10
274 344 2
274 359 28
274 371 36
274 372 6
274 375 17
274 389 13
274 398 38
275 278 6
275 318 17
275 331 7
275 352 23
276 277 2
276 306 17
276 318 7
276 322 15
276 372 39
276 383 6
276 386 2
276 397 14
277 346 36
277 352 3
277 365 24
277 374 16
277 396 14
278 295 7
278 310 27
278 349 19
278 356 12
278 368 25
278 369 37
279 298 26
279 338 3
279 344 11
279 383 1
279 393 4
279 399 34
280 299 36
280 312 14
280 366 9
280 379 11
280 390 12
281 290 24
281 302 27
281 334 23
281 359 18
281 381 22
281 396 16
282 305 24
282 336 1
282 341 29
282 358 1
282 373 13
282 374 7
282 378 38
282 387 39
282 388 33
283 292 1
283 297 28
283 298 40
283 300 13
283 326 37
283 352 29
283 362 18
283 372 2
283 392 25
283 393 36
284 291 13
284 323 2
284 325 5
284 397 29
285 324 34
285 353 4
285 355 39
285 357 18
285 400 33
286 298 18
286 311 1
286 348 20
286 362 39
286 378 9
287 350 4
288 290 33
288 306 17
288 330 12
288 339 34
288 346 21
288 360 19
288 386 8
289 317 26
289 320 6
289 342 27
289 349 38
289 356 29
289 361 13
289 394 29
290 310 39
290 328 23
290 338 13
290 347 24
290 371 27
290 373 30
290 376 8
291 299 17
291 324 5
291 349 16
291 359 14
291 381 6
291 387 1
291 396 10
291 397 31
292 304 35
292 312 3
292 326 32
292 354 30
292 370 25
292 400 37
293 326 36
293 352 28
293 356 12
293 360 6
293 372 16
293 385 37
294 376 14
294 378 23
295 318 16
295 319 15
295 330 40
295 352 32
295 355 34
295 375 14
295 380 10
296 298 17
296 314 26
296 321 26
296 344 3
296 356 25
296 378 19
296 385 20
297 315 34
297 328 24
297 340 4
297 372 1
298 303 39
298 322 9
299 315 1
299 318 28
299 334 34
299 363 38
300 305 17
300 323 21
300 373 9
301 302 21
301 303 19
301 308 15
301 339 13
301 355 6
301 359 23
301 367 34
301 369 3
302 353 18
302 361 8
303 324 3
303 325 40
303 329 36
303 343 27
303 351 11
303 381 31
303 399 17
304 307 15
304 312 1
304 341 32
304 342 38
304 343 33
304 362 22
304 363 7
304 386 20
305 329 19
305 338 2
305 356 15
305 368 5
305 374 19
306 311 21
306 331 40
306 334 30
306 352 26
306 355 26
306 361 13
306 371 35
306 389 7
307 364 24
307 392 16
308 309 33
308 334 7
308 359 25
308 367 13
308 374 1
309 341 30
309 358 11
309 400 27
310 313 14
310 331 34
310 346 7
310 370 39
310 385 5
310 395 38
311 336 20
311 359 33
311 360 4
311 382 13
312 326 3
312 330 18
312 334 27
312 342 22
312 362 22
312 363 19
312 364 8
312 371 35
312 380 20
313 322 29
313 325 8
313 336 12
313 390 3
313 392 15
314 317 25
314 326 24
314 374 14
314 396 11
314 400 40
315 331 24
315 339 22
315 349 4
315 382 35
316 339 3
316 380 30
316 387 17
316 394 8
316 395 20
317 323 31
317 335 26
317 383 18
318 379 12
318 387 36
319 329 17
319 343 11
319 349 13
319 380 8
320 333 2
320 360 25
320 382 27
321 330 32
321 337 9
321 362 15
321 388 10
322 334 11
322 354 19
322 396 13
323 343 36
323 373 18
323 396 26
324 338 25
324 353 12
324 380 10
324 397 30
325 395 39
325 398 5
326 327 6
326 356 10
326 365 26
327 338 33
327 391 1
327 396 18
328 398 40
329 332 17
329 346 32
329 350 34
329 351 25
329 370 20
329 371 38
330 370 17
330 381 37
331 372 13
331 392 21
331 397 38
332 356 29
332 369 26
332 370 19
332 373 38
333 356 9
333 365 34
333 386 26
334 335 29
334 336 5
334 337 19
334 363 9
334 385 34
336 357 25
336 358 39
336 398 28
337 345 22
337 391 31
337 397 1
339 375 35
339 384 12
340 349 38
340 366 32
340 371 39
340 389 37
340 394 17
341 342 16
341 343 21
341 359 38
341 361 16
341 363 30
341 393 31
342 348 6
343 397 4
344 353 23
344 361 11
345 351 9
345 356 12
345 394 10
345 399 8
346 378 34
346 397 27
347 383 19
347 389 1
349 376 38
349 379 9
349 387 33
349 396 23
349 400 24
350 360 7
352 393 38
352 399 17
353 363 7
353 367 16
353 368 21
355 359 34
355 386 5
355 397 17
356 386 37
356 389 25
357 375 7
357 376 15
357 382 22
357 385 40
357 387 5
357 391 15
358 381 21
359 370 22
360 397 4
361 380 17
361 383 19
361 395 1
361 398 31
362 373 28
362 390 9
363 371 13
363 393 28
364 381 16
364 396 36
365 374 28
365 380 2
365 389 14
366 378 7
367 368 12
367 384 5
367 386 20
367 396 35
368 374 2
368 386 7
369 376 34
369 386 31
369 396 28
370 377 18
370 396 10
371 373 8
371 383 23
371 388 26
372 390 5
372 392 12
373 395 3
375 386 39
375 391 27
376 389 19
376 399 24
380 389 31
380 394 7
380 398 22
382 398 18
384 400 32
385 399 30
387 398 19
387 400 16
390 396 21
395 397 22
