100 3934
1 4 3
1 5 1
1 6 5
1 7 2
1 8 5
1 9 3
1 10 2
1 13 1
1 15 3
1 16 1
1 17 2
1 19 5
1 20 3
1 21 2
1 22 3
1 23 2
1 24 1
1 25 1
1 26 1
1 27 4
1 28 3
1 29 5
1 30 2
1 31 1
1 32 3
1 34 3
1 35 2
1 38 2
1 39 1
1 40 4
1 41 4
1 42 5
1 43 3
1 44 4
1 45 3
1 46 2
1 47 4
1 48 2
1 50 2
1 51 3
1 52 2
1 53 5
1 54 5
1 55 1
1 56 3
1 57 1
1 58 3
1 59 5
1 61 4
1 62 2
1 63 2
1 64 4
1 66 3
1 67 3
1 68 5
1 69 3
1 70 3
1 72 1
1 73 2
1 74 2
1 75 2
1 76 1
1 78 1
1 79 1
1 81 5
1 82 5
1 84 3
1 85 3
1 86 3
1 87 5
1 88 5
1 89 3
1 90 3
1 91 3
1 93 4
1 94 4
1 96 3
1 97 3
1 98 5
1 99 5
2 3 2
2 4 3
2 5 5
2 6 3
2 7 1
2 8 5
2 9 4
2 10 4
2 11 1
2 12 2
2 13 2
2 14 3
2 15 1
2 16 2
2 17 2
2 18 1
2 19 1
2 21 2
2 22 5
2 23 1
2 25 5
2 26 1
2 27 5
2 28 5
2 29 5
2 31 3
2 33 4
2 34 5
2 35 4
2 39 3
2 42 4
2 43 5
2 45 4
2 48 5
2 49 2
2 51 4
2 53 1
2 54 2
2 55 3
2 56 5
2 57 2
2 58 4
2 59 3
2 60 2
2 61 5
2 62 5
2 63 1
2 64 1
2 66 3
2 67 1
2 68 4
2 69 1
2 71 5
2 72 1
2 74 3
2 75 4
2 77 2
2 78 5
2 79 4
2 80 5
2 81 4
2 82 2
2 83 2
2 84 5
2 85 1
2 86 5
2 87 5
2 88 3
2 89 5
2 90 4
2 91 4
2 92 2
2 95 1
2 96 3
2 98 4
2 99 5
2 100 1
3 4 1
3 7 1
3 9 2
3 10 1
3 11 5
3 14 4
3 16 2
3 20 2
3 21 5
3 22 4
3 23 5
3 24 1
3 25 4
3 26 1
3 27 1
3 28 3
3 29 1
3 30 5
3 31 3
3 32 1
3 33 3
3 37 2
3 38 4
3 39 1
3 40 2
3 41 4
3 42 3
3 43 2
3 44 3
3 45 4
3 46 5
3 47 3
3 49 2
3 51 1
3 55 4
3 56 3
3 57 2
3 58 4
3 59 2
3 60 2
3 61 5
3 62 5
3 64 1
3 65 3
3 66 1
3 67 2
3 68 2
3 70 2
3 71 2
3 72 4
3 73 5
3 75 4
3 76 2
3 77 4
3 78 1
3 79 3
3 80 5
3 81 4
3 82 4
3 83 3
3 84 5
3 86 3
3 87 2
3 88 3
3 89 4
3 90 2
3 91 3
3 92 5
3 95 3
3 96 2
3 97 2
3 99 4
3 100 1
4 5 1
4 6 4
4 7 5
4 8 3
4 9 5
4 10 4
4 12 3
4 14 3
4 16 4
4 17 3
4 18 5
4 19 5
4 20 3
4 21 4
4 24 2
4 25 4
4 26 2
4 28 4
4 29 2
4 30 5
4 31 1
4 32 2
4 33 1
4 34 4
4 35 1
4 36 3
4 37 2
4 38 3
4 39 4
4 40 1
4 41 1
4 42 3
4 43 5
4 44 3
4 46 3
4 48 5
4 50 5
4 51 2
4 52 1
4 54 5
4 55 5
4 56 4
4 57 1
4 58 4
4 59 2
4 60 1
4 61 4
4 62 3
4 63 4
4 64 4
4 65 2
4 66 4
4 67 4
4 68 4
4 69 4
4 70 3
4 71 4
4 72 3
4 73 3
4 74 5
4 75 4
4 76 4
4 78 3
4 79 5
4 80 2
4 81 3
4 82 5
4 83 5
4 84 3
4 86 3
4 87 2
4 90 2
4 91 4
4 92 3
4 93 3
4 94 3
4 95 1
4 96 4
4 97 5
4 98 2
4 99 1
4 100 2
5 6 4
5 8 4
5 9 2
5 11 1
5 12 5
5 13 5
5 14 4
5 16 3
5 19 5
5 20 3
5 21 4
5 23 3
5 24 5
5 25 1
5 27 2
5 28 5
5 29 4
5 30 4
5 31 3
5 32 1
5 33 5
5 34 5
5 35 3
5 36 2
5 37 3
5 39 2
5 40 2
5 41 2
5 44 1
5 45 2
5 46 1
5 47 4
5 48 4
5 49 5
5 50 1
5 51 3
5 52 4
5 53 4
5 54 1
5 55 5
5 56 3
5 57 5
5 58 5
5 59 1
5 60 5
5 61 5
5 63 1
5 64 4
5 65 3
5 66 1
5 68 2
5 69 3
5 70 5
5 71 5
5 72 2
5 74 2
5 75 4
5 76 1
5 78 3
5 79 4
5 80 3
5 82 3
5 83 5
5 84 3
5 85 3
5 86 4
5 87 3
5 88 2
5 89 1
5 90 3
5 91 3
5 92 4
5 93 1
5 94 4
5 96 5
5 97 4
5 99 1
5 100 1
6 8 2
6 9 2
6 10 3
6 11 5
6 12 5
6 13 4
6 15 2
6 17 4
6 18 2
6 19 4
6 20 3
6 21 3
6 22 2
6 23 5
6 25 5
6 26 1
6 27 5
6 28 3
6 29 1
6 30 5
6 31 2
6 34 4
6 35 1
6 36 2
6 37 1
6 38 5
6 40 3
6 41 4
6 42 4
6 44 4
6 45 5
6 46 5
6 47 4
6 48 2
6 52 3
6 53 1
6 54 5
6 56 5
6 58 5
6 59 2
6 60 5
6 61 1
6 62 3
6 64 1
6 65 4
6 66 5
6 69 1
6 70 1
6 71 3
6 72 2
6 74 1
6 75 2
6 76 3
6 77 3
6 78 5
6 79 1
6 80 2
6 81 3
6 82 5
6 83 3
6 84 5
6 85 5
6 86 1
6 87 1
6 88 4
6 90 3
6 91 4
6 93 1
6 94 4
6 95 4
6 96 3
6 97 2
6 98 3
6 99 2
6 100 4
7 8 4
7 9 3
7 10 3
7 11 1
7 12 3
7 13 4
7 14 4
7 15 3
7 16 1
7 17 5
7 19 2
7 21 4
7 22 3
7 23 4
7 24 2
7 25 4
7 26 5
7 28 3
7 30 1
7 31 5
7 32 4
7 34 4
7 35 1
7 36 5
7 37 5
7 38 3
7 40 3
7 42 2
7 43 4
7 44 1
7 46 5
7 49 2
7 50 3
7 51 2
7 52 4
7 54 4
7 55 2
7 56 3
7 57 5
7 60 4
7 62 4
7 63 4
7 64 1
7 65 4
7 66 3
7 67 1
7 68 1
7 70 5
7 71 5
7 72 2
7 73 3
7 75 3
7 76 1
7 78 5
7 79 2
7 80 3
7 81 3
7 84 5
7 86 3
7 87 1
7 88 1
7 89 2
7 91 2
7 92 2
7 94 3
7 95 4
7 96 3
7 97 1
7 99 3
8 9 2
8 11 4
8 12 3
8 13 1
8 16 1
8 18 2
8 19 2
8 20 4
8 21 4
8 22 2
8 23 2
8 24 5
8 25 4
8 26 4
8 27 1
8 28 1
8 29 3
8 30 4
8 31 1
8 33 4
8 34 5
8 35 1
8 38 1
8 40 1
8 43 1
8 46 4
8 47 4
8 48 5
8 50 1
8 51 5
8 52 3
8 53 4
8 54 5
8 55 2
8 56 4
8 57 3
8 58 3
8 59 4
8 60 2
8 61 2
8 62 3
8 63 1
8 64 3
8 66 2
8 67 5
8 68 3
8 69 3
8 70 1
8 71 4
8 72 4
8 74 4
8 75 4
8 76 5
8 77 2
8 78 3
8 79 3
8 83 4
8 84 5
8 85 5
8 87 1
8 88 5
8 89 3
8 91 2
8 92 1
8 93 4
8 95 4
8 98 2
8 99 4
8 100 5
9 10 4
9 12 1
9 13 3
9 14 5
9 15 5
9 16 1
9 17 2
9 18 2
9 19 2
9 20 4
9 21 5
9 22 1
9 23 2
9 24 1
9 25 3
9 26 2
9 27 4
9 28 5
9 29 4
9 30 1
9 31 4
9 32 1
9 33 2
9 35 4
9 37 5
9 38 1
9 39 4
9 41 1
9 42 3
9 43 1
9 44 3
9 45 3
9 46 5
9 47 5
9 48 3
9 49 5
9 50 1
9 51 1
9 52 1
9 53 1
9 54 2
9 56 3
9 59 1
9 60 2
9 62 5
9 63 1
9 64 4
9 65 2
9 66 4
9 67 3
9 68 1
9 69 3
9 70 1
9 71 5
9 74 1
9 76 4
9 77 2
9 78 4
9 79 2
9 80 5
9 81 2
9 83 2
9 84 4
9 85 5
9 86 4
9 87 1
9 88 1
9 89 3
9 90 2
9 92 3
9 93 1
9 96 5
9 97 2
9 98 2
9 100 4
10 11 5
10 12 5
10 13 3
10 16 2
10 17 2
10 18 2
10 20 4
10 21 5
10 22 3
10 23 2
10 25 2
10 26 4
10 27 2
10 28 5
10 29 3
10 30 4
10 31 3
10 32 2
10 33 5
10 34 1
10 37 4
10 38 3
10 39 4
10 40 2
10 42 2
10 43 3
10 45 2
10 46 5
10 47 3
10 48 1
10 49 5
10 51 2
10 52 5
10 54 3
10 55 5
10 56 3
10 58 4
10 59 5
10 61 1
10 62 3
10 64 1
10 67 4
10 68 4
10 69 3
10 70 2
10 71 3
10 72 5
10 74 5
10 75 4
10 76 1
10 77 2
10 78 1
10 79 1
10 81 2
10 84 3
10 85 2
10 86 4
10 87 1
10 88 4
10 90 5
10 92 1
10 95 5
10 96 4
10 97 3
10 98 4
10 99 4
11 12 3
11 13 4
11 14 4
11 15 2
11 16 1
11 17 2
11 18 4
11 19 4
11 20 5
11 21 5
11 22 1
11 25 2
11 26 5
11 27 5
11 28 2
11 29 1
11 30 1
11 31 2
11 32 4
11 33 2
11 34 3
11 35 5
11 36 4
11 37 2
11 38 1
11 39 2
11 41 2
11 42 5
11 43 2
11 44 4
11 46 1
11 47 3
11 48 2
11 50 3
11 51 2
11 52 3
11 53 3
11 54 4
11 55 4
11 56 4
11 57 1
11 58 1
11 59 4
11 61 1
11 63 5
11 65 1
11 66 3
11 67 2
11 68 2
11 70 5
11 72 5
11 73 3
11 74 2
11 75 3
11 78 5
11 79 1
11 80 5
11 81 3
11 82 4
11 83 4
11 84 5
11 85 2
11 86 2
11 87 4
11 88 3
11 89 2
11 90 1
11 91 5
11 93 2
11 94 4
11 95 3
11 97 4
11 99 5
11 100 3
12 15 5
12 16 5
12 17 4
12 18 2
12 19 1
12 21 5
12 22 4
12 23 3
12 25 3
12 26 5
12 27 5
12 30 1
12 31 2
12 34 2
12 35 4
12 36 4
12 37 1
12 38 2
12 39 1
12 40 4
12 41 3
12 42 3
12 43 4
12 44 3
12 45 4
12 46 1
12 47 4
12 49 2
12 50 3
12 51 1
12 52 1
12 54 2
12 55 3
12 58 1
12 59 1
12 60 3
12 61 4
12 62 3
12 64 1
12 65 5
12 66 4
12 67 2
12 68 2
12 69 4
12 70 4
12 72 5
12 73 4
12 75 1
12 76 5
12 77 4
12 78 4
12 79 3
12 80 5
12 84 3
12 85 1
12 86 1
12 87 1
12 88 2
12 89 3
12 92 2
12 94 3
12 98 1
12 99 5
12 100 3
13 14 5
13 15 4
13 16 5
13 18 4
13 22 1
13 23 1
13 24 1
13 25 1
13 26 4
13 27 1
13 29 3
13 30 4
13 31 2
13 32 2
13 33 4
13 34 1
13 36 2
13 37 4
13 38 4
13 39 4
13 40 1
13 41 1
13 42 4
13 43 1
13 44 2
13 45 3
13 46 4
13 47 4
13 49 5
13 50 2
13 51 2
13 52 4
13 53 2
13 54 3
13 55 4
13 56 4
13 57 3
13 58 5
13 61 4
13 62 1
13 63 4
13 64 1
13 65 5
13 67 3
13 68 5
13 69 3
13 70 1
13 71 2
13 72 4
13 73 5
13 74 4
13 76 1
13 77 3
13 78 4
13 79 4
13 80 3
13 81 2
13 82 4
13 83 5
13 84 5
13 85 1
13 86 5
13 87 4
13 88 1
13 89 5
13 90 1
13 91 3
13 94 2
13 95 1
13 96 5
13 97 3
13 98 5
13 99 5
13 100 4
14 15 2
14 16 2
14 18 4
14 20 2
14 21 3
14 22 5
14 23 1
14 24 4
14 25 1
14 26 3
14 27 4
14 28 1
14 29 2
14 30 3
14 33 3
14 35 4
14 36 4
14 37 3
14 38 3
14 39 3
14 40 4
14 41 1
14 42 4
14 44 2
14 45 4
14 46 2
14 47 4
14 48 4
14 49 2
14 51 2
14 52 1
14 55 5
14 56 5
14 58 2
14 59 5
14 60 2
14 61 3
14 63 5
14 64 2
14 65 5
14 66 4
14 67 4
14 68 2
14 69 1
14 70 5
14 71 1
14 72 1
14 73 1
14 74 5
14 77 2
14 80 2
14 81 5
14 82 3
14 83 1
14 84 5
14 85 2
14 86 3
14 87 2
14 88 1
14 89 2
14 90 1
14 91 4
14 92 4
14 93 5
14 94 2
14 95 5
14 96 4
14 97 5
14 98 2
14 99 4
14 100 1
15 17 1
15 18 1
15 19 1
15 20 4
15 21 2
15 22 4
15 23 2
15 25 4
15 26 4
15 27 1
15 28 5
15 30 2
15 32 5
15 33 5
15 34 1
15 35 1
15 36 3
15 38 3
15 39 1
15 40 3
15 41 5
15 43 4
15 44 5
15 46 5
15 47 2
15 48 3
15 49 4
15 51 5
15 52 2
15 53 4
15 54 5
15 55 4
15 56 2
15 57 2
15 59 3
15 60 2
15 61 1
15 62 2
15 63 5
15 64 3
15 65 2
15 66 2
15 67 1
15 68 1
15 69 1
15 70 1
15 72 3
15 73 1
15 74 2
15 76 3
15 77 4
15 78 5
15 80 2
15 81 5
15 83 5
15 84 5
15 85 1
15 86 5
15 87 1
15 88 4
15 91 4
15 92 4
15 94 1
15 95 2
15 98 5
15 99 5
15 100 2
16 17 2
16 18 4
16 19 3
16 20 1
16 21 5
16 22 3
16 23 5
16 24 5
16 25 5
16 26 2
16 27 2
16 29 5
16 30 5
16 32 3
16 33 1
16 35 4
16 36 4
16 39 1
16 40 3
16 41 4
16 42 1
16 43 5
16 44 4
16 48 4
16 49 3
16 50 5
16 51 2
16 52 3
16 53 2
16 54 1
16 55 3
16 56 1
16 57 5
16 58 4
16 60 1
16 61 4
16 62 2
16 64 1
16 65 1
16 66 2
16 67 3
16 68 5
16 69 4
16 70 1
16 71 5
16 72 5
16 73 4
16 74 1
16 75 4
16 77 5
16 78 3
16 79 5
16 83 4
16 85 2
16 86 1
16 87 3
16 88 4
16 89 1
16 90 4
16 91 4
16 92 3
16 93 4
16 94 3
16 95 5
16 96 3
16 97 2
16 98 5
16 99 2
16 100 5
17 19 4
17 21 2
17 22 2
17 23 1
17 24 3
17 26 1
17 29 1
17 30 4
17 32 2
17 33 5
17 34 4
17 35 5
17 37 2
17 38 1
17 39 2
17 40 1
17 41 2
17 42 4
17 43 3
17 44 5
17 45 5
17 46 1
17 47 1
17 48 4
17 49 1
17 53 1
17 55 5
17 57 2
17 58 1
17 59 4
17 62 3
17 63 3
17 64 4
17 65 5
17 66 5
17 67 4
17 68 1
17 70 2
17 71 2
17 72 3
17 73 4
17 74 3
17 75 2
17 76 3
17 77 2
17 78 3
17 79 5
17 80 5
17 81 5
17 83 5
17 84 4
17 86 2
17 87 5
17 88 4
17 89 4
17 91 4
17 93 5
17 94 3
17 95 2
17 96 4
17 97 5
17 99 1
17 100 2
18 19 1
18 20 3
18 21 4
18 22 1
18 23 1
18 24 4
18 25 3
18 28 5
18 29 4
18 32 1
18 36 5
18 37 1
18 38 1
18 39 5
18 40 2
18 41 3
18 42 3
18 43 3
18 45 3
18 46 5
18 47 4
18 48 5
18 49 3
18 50 3
18 51 3
18 52 1
18 53 4
18 54 2
18 55 4
18 58 2
18 59 5
18 60 3
18 62 4
18 63 5
18 64 1
18 65 5
18 67 3
18 68 4
18 70 5
18 71 3
18 72 3
18 73 1
18 75 1
18 76 5
18 77 3
18 78 3
18 79 1
18 81 2
18 82 1
18 83 4
18 84 1
18 85 4
18 86 5
18 87 1
18 88 1
18 89 4
18 90 4
18 91 3
18 92 5
18 93 2
18 94 1
18 95 1
18 97 3
18 98 3
18 99 4
18 100 1
19 20 5
19 21 5
19 22 5
19 24 3
19 25 3
19 26 5
19 28 3
19 29 2
19 30 5
19 31 3
19 32 5
19 34 5
19 35 4
19 36 3
19 37 3
19 38 5
19 40 3
19 41 4
19 42 5
19 43 3
19 44 4
19 45 2
19 47 5
19 48 5
19 49 5
19 50 4
19 53 2
19 54 2
19 55 2
19 56 2
19 58 1
19 59 3
19 60 5
19 61 2
19 62 1
19 63 4
19 64 4
19 66 4
19 68 2
19 69 3
19 70 3
19 71 2
19 72 4
19 73 2
19 75 2
19 76 5
19 77 2
19 78 3
19 80 4
19 81 2
19 83 1
19 85 5
19 86 4
19 87 1
19 88 1
19 89 1
19 90 2
19 91 2
19 92 2
19 93 3
19 94 5
19 95 3
19 96 1
19 97 1
19 98 1
19 99 3
19 100 5
20 21 3
20 22 2
20 23 3
20 24 3
20 26 2
20 27 2
20 28 2
20 29 2
20 31 3
20 33 4
20 34 5
20 35 4
20 36 1
20 37 5
20 40 1
20 41 5
20 42 1
20 43 4
20 46 1
20 47 3
20 49 5
20 51 4
20 52 3
20 53 2
20 54 5
20 56 4
20 57 5
20 58 3
20 59 5
20 60 1
20 61 3
20 62 2
20 63 3
20 66 3
20 68 2
20 70 3
20 71 1
20 73 3
20 74 3
20 75 4
20 78 2
20 79 2
20 80 2
20 81 2
20 83 4
20 84 1
20 91 4
20 92 2
20 93 2
20 95 3
20 96 4
20 97 2
20 98 5
20 99 4
20 100 2
21 22 4
21 23 3
21 25 4
21 26 1
21 27 1
21 28 2
21 29 5
21 30 3
21 31 5
21 33 5
21 34 3
21 36 3
21 39 2
21 40 2
21 41 2
21 42 4
21 43 1
21 44 3
21 45 2
21 46 2
21 48 3
21 49 2
21 51 1
21 52 4
21 54 2
21 56 5
21 57 2
21 58 5
21 59 2
21 60 3
21 61 5
21 62 1
21 63 4
21 64 3
21 65 1
21 66 3
21 67 3
21 68 5
21 69 2
21 71 3
21 72 2
21 75 2
21 76 5
21 77 4
21 78 2
21 79 3
21 80 1
21 81 4
21 82 2
21 84 2
21 86 3
21 87 2
21 89 3
21 90 5
21 92 2
21 94 3
21 95 3
21 96 1
21 97 3
21 98 3
22 23 5
22 26 4
22 27 1
22 28 2
22 29 2
22 30 2
22 31 1
22 32 5
22 33 5
22 35 3
22 36 2
22 37 1
22 38 4
22 39 4
22 40 1
22 42 3
22 44 1
22 45 4
22 46 3
22 47 2
22 49 4
22 50 5
22 51 3
22 53 4
22 54 1
22 55 4
22 56 3
22 57 4
22 58 4
22 59 4
22 60 5
22 61 1
22 62 5
22 64 4
22 65 5
22 66 3
22 67 1
22 68 3
22 69 4
22 70 4
22 71 3
22 72 3
22 73 3
22 74 3
22 75 1
22 76 2
22 77 1
22 78 5
22 79 2
22 80 3
22 81 4
22 83 2
22 84 1
22 86 3
22 87 1
22 89 4
22 90 4
22 91 2
22 92 5
22 93 3
22 94 2
22 95 4
22 96 4
22 99 1
22 100 1
23 24 4
23 25 4
23 26 2
23 27 2
23 28 3
23 29 3
23 30 1
23 31 2
23 33 4
23 34 1
23 36 5
23 37 1
23 38 3
23 40 2
23 41 5
23 43 5
23 44 5
23 45 4
23 46 4
23 47 4
23 48 2
23 49 1
23 50 2
23 52 3
23 54 1
23 55 4
23 56 1
23 57 2
23 58 4
23 59 3
23 60 3
23 61 1
23 62 1
23 63 2
23 64 2
23 67 5
23 68 1
23 70 1
23 71 4
23 72 2
23 73 1
23 74 2
23 75 3
23 76 2
23 77 3
23 78 2
23 79 3
23 82 2
23 83 4
23 84 2
23 85 3
23 86 2
23 87 3
23 89 4
23 90 4
23 91 3
23 92 4
23 94 2
23 95 2
23 98 1
23 99 2
23 100 2
24 25 1
24 26 5
24 27 1
24 29 4
24 30 5
24 32 2
24 33 1
24 34 5
24 35 3
24 36 3
24 37 2
24 39 5
24 42 1
24 43 2
24 44 2
24 45 3
24 46 1
24 47 5
24 50 5
24 51 2
24 54 4
24 55 1
24 56 3
24 57 2
24 58 3
24 60 4
24 61 2
24 62 5
24 64 5
24 65 5
24 67 3
24 68 1
24 69 1
24 70 2
24 72 4
24 73 2
24 74 3
24 75 1
24 77 2
24 79 1
24 82 5
24 83 1
24 84 1
24 85 2
24 86 2
24 87 3
24 88 4
24 91 2
24 92 5
24 93 5
24 94 3
24 95 4
24 96 3
24 98 5
24 99 5
24 100 4
25 26 2
25 27 2
25 28 4
25 29 1
25 30 2
25 31 1
25 32 1
25 33 1
25 34 5
25 35 3
25 36 2
25 37 1
25 38 2
25 39 3
25 41 4
25 42 5
25 44 1
25 46 1
25 48 4
25 50 5
25 51 4
25 52 2
25 54 2
25 55 1
25 57 2
25 58 3
25 59 5
25 60 5
25 63 4
25 64 2
25 66 3
25 67 4
25 68 3
25 69 5
25 70 2
25 71 4
25 72 5
25 73 2
25 76 2
25 78 4
25 81 2
25 82 5
25 84 4
25 85 1
25 86 4
25 87 5
25 88 2
25 90 4
25 92 5
25 93 2
25 94 2
25 95 2
25 97 5
25 98 2
25 99 4
25 100 4
26 27 2
26 30 5
26 31 5
26 33 1
26 34 5
26 35 4
26 36 4
26 37 4
26 38 3
26 40 3
26 42 2
26 43 3
26 44 4
26 46 1
26 48 4
26 49 2
26 50 5
26 51 5
26 52 4
26 53 2
26 55 4
26 56 1
26 57 5
26 58 1
26 59 1
26 60 2
26 61 3
26 62 1
26 63 2
26 64 3
26 65 3
26 66 5
26 67 2
26 70 4
26 71 2
26 73 5
26 74 1
26 75 1
26 76 3
26 77 3
26 78 5
26 80 5
26 82 3
26 83 5
26 84 1
26 86 4
26 87 2
26 88 1
26 91 4
26 92 2
26 93 3
26 95 5
26 96 1
26 97 3
26 98 5
26 99 4
26 100 3
27 28 4
27 29 4
27 30 2
27 31 3
27 32 5
27 33 5
27 34 4
27 37 4
27 38 2
27 39 2
27 40 4
27 41 4
27 42 4
27 43 5
27 46 4
27 48 3
27 49 2
27 50 2
27 51 4
27 54 1
27 55 1
27 56 5
27 57 1
27 58 2
27 59 1
27 60 3
27 61 1
27 62 3
27 63 5
27 65 4
27 66 2
27 68 5
27 69 4
27 70 2
27 71 4
27 72 1
27 74 5
27 75 2
27 77 5
27 78 1
27 80 2
27 81 4
27 82 5
27 83 2
27 84 1
27 85 3
27 86 3
27 87 3
27 88 1
27 89 4
27 90 2
27 91 3
27 93 5
27 94 4
27 95 5
27 96 2
27 97 5
27 98 3
27 99 2
27 100 5
28 31 3
28 32 1
28 33 4
28 34 4
28 35 2
28 36 2
28 37 4
28 38 2
28 39 1
28 40 1
28 41 3
28 43 4
28 44 1
28 45 2
28 46 3
28 48 4
28 49 5
28 50 4
28 51 3
28 52 1
28 53 5
28 54 1
28 55 2
28 56 2
28 58 2
28 59 1
28 60 4
28 61 1
28 62 3
28 64 1
28 65 1
28 66 4
28 67 5
28 68 5
28 69 1
28 70 2
28 71 5
28 72 3
28 73 2
28 74 5
28 75 5
28 76 1
28 77 3
28 78 4
28 79 2
28 80 3
28 81 5
28 82 5
28 83 4
28 84 1
28 85 2
28 87 4
28 88 3
28 90 5
28 91 5
28 92 5
28 93 2
28 94 2
28 95 3
28 96 5
28 97 1
28 98 3
28 99 1
28 100 1
29 31 1
29 32 2
29 33 5
29 34 5
29 35 5
29 36 5
29 37 5
29 38 5
29 39 1
29 40 5
29 42 1
29 44 2
29 45 4
29 48 1
29 49 1
29 50 5
29 51 1
29 54 5
29 55 1
29 57 4
29 58 3
29 59 4
29 60 5
29 61 3
29 64 3
29 65 5
29 66 4
29 69 4
29 70 1
29 71 1
29 73 4
29 74 2
29 75 1
29 76 3
29 77 5
29 78 5
29 79 1
29 80 3
29 81 3
29 82 1
29 85 2
29 87 3
29 88 5
29 90 4
29 91 1
29 92 5
29 93 1
29 94 1
29 95 4
29 96 4
29 97 2
29 98 3
29 99 4
29 100 4
30 31 4
30 32 1
30 33 5
30 34 1
30 36 1
30 37 2
30 39 1
30 40 4
30 41 5
30 42 3
30 43 5
30 44 3
30 45 2
30 46 5
30 47 5
30 48 2
30 50 5
30 51 5
30 52 5
30 55 3
30 56 3
30 57 4
30 59 1
30 61 5
30 62 2
30 63 3
30 65 2
30 66 3
30 67 2
30 68 3
30 69 4
30 70 2
30 71 5
30 72 5
30 73 2
30 74 5
30 75 3
30 76 5
30 77 2
30 79 4
30 80 4
30 81 4
30 82 2
30 84 2
30 87 1
30 88 5
30 89 5
30 90 4
30 91 2
30 92 3
30 95 4
30 97 2
30 98 1
30 99 4
30 100 1
31 32 1
31 33 5
31 34 2
31 35 4
31 36 4
31 37 4
31 38 2
31 39 2
31 40 4
31 41 3
31 42 4
31 43 2
31 44 4
31 45 3
31 46 2
31 47 1
31 49 2
31 50 4
31 51 5
31 52 4
31 53 4
31 54 3
31 56 5
31 58 5
31 59 1
31 60 5
31 61 3
31 62 2
31 63 1
31 64 2
31 66 5
31 68 5
31 70 2
31 72 4
31 73 5
31 74 2
31 76 5
31 77 1
31 78 5
31 79 2
31 80 2
31 82 1
31 83 3
31 84 5
31 86 2
31 87 4
31 88 3
31 89 3
31 90 1
31 91 5
31 92 2
31 93 5
31 94 3
31 95 5
31 96 1
31 97 4
31 98 2
31 99 3
32 33 5
32 34 1
32 35 1
32 36 1
32 37 1
32 39 3
32 40 5
32 41 4
32 42 3
32 44 3
32 45 4
32 50 3
32 52 5
32 53 2
32 54 1
32 55 3
32 57 5
32 58 2
32 60 1
32 61 3
32 63 3
32 64 5
32 65 3
32 66 3
32 67 4
32 68 3
32 69 3
32 70 5
32 71 4
32 72 4
32 73 3
32 74 2
32 75 3
32 76 5
32 78 1
32 79 2
32 80 2
32 81 4
32 82 3
32 84 3
32 85 1
32 88 1
32 89 4
32 91 4
32 92 2
32 93 2
32 94 3
32 95 4
32 96 2
32 97 4
32 98 1
32 99 3
32 100 2
33 34 1
33 35 3
33 37 2
33 39 2
33 40 4
33 43 4
33 44 2
33 46 5
33 47 4
33 48 1
33 49 2
33 50 3
33 51 1
33 52 5
33 53 4
33 54 2
33 55 1
33 57 3
33 58 1
33 59 4
33 60 4
33 62 3
33 63 2
33 64 5
33 65 2
33 66 2
33 67 4
33 68 3
33 69 5
33 71 4
33 72 1
33 73 3
33 74 1
33 75 4
33 76 1
33 77 5
33 78 1
33 80 2
33 81 5
33 82 3
33 85 5
33 86 3
33 87 3
33 88 2
33 89 1
33 90 4
33 91 1
33 92 2
33 93 4
33 94 5
33 97 4
33 98 2
33 99 3
33 100 1
34 37 2
34 38 1
34 39 2
34 40 4
34 41 2
34 42 5
34 43 2
34 44 5
34 45 1
34 46 1
34 48 2
34 49 3
34 50 3
34 52 5
34 53 4
34 55 2
34 57 4
34 58 2
34 59 2
34 60 2
34 61 5
34 62 2
34 63 2
34 64 1
34 65 2
34 66 2
34 67 2
34 68 2
34 69 5
34 71 3
34 72 3
34 73 2
34 74 4
34 76 5
34 77 3
34 78 3
34 79 3
34 80 5
34 81 4
34 82 1
34 83 1
34 84 5
34 85 5
34 86 3
34 87 4
34 89 4
34 90 2
34 92 4
34 94 3
34 95 5
34 96 3
34 98 1
34 99 2
34 100 5
35 36 1
35 37 1
35 38 4
35 39 2
35 40 4
35 41 5
35 42 4
35 44 4
35 45 5
35 46 1
35 47 1
35 48 2
35 50 1
35 51 4
35 52 3
35 53 5
35 54 3
35 55 2
35 56 2
35 57 3
35 58 4
35 59 3
35 60 3
35 61 2
35 64 2
35 65 3
35 66 2
35 67 1
35 69 2
35 70 5
35 71 3
35 72 1
35 75 3
35 76 2
35 78 2
35 79 5
35 80 1
35 81 1
35 83 1
35 84 4
35 85 3
35 86 3
35 88 2
35 89 3
35 90 1
35 91 2
35 92 3
35 93 1
35 94 2
35 95 4
35 96 2
35 97 3
35 98 4
35 99 4
35 100 5
36 37 5
36 38 5
36 39 3
36 41 2
36 42 5
36 43 2
36 44 1
36 45 4
36 47 5
36 48 5
36 49 1
36 50 2
36 53 4
36 54 5
36 55 3
36 57 2
36 58 5
36 59 5
36 60 1
36 61 3
36 62 4
36 63 4
36 64 4
36 65 3
36 66 2
36 67 2
36 70 1
36 71 5
36 72 4
36 73 5
36 75 1
36 77 5
36 78 1
36 80 4
36 82 5
36 83 4
36 84 1
36 85 2
36 86 3
36 87 1
36 88 2
36 90 1
36 91 5
36 92 3
36 93 5
36 95 1
36 96 1
36 97 3
36 99 2
36 100 2
37 38 3
37 41 1
37 42 2
37 43 1
37 44 2
37 45 3
37 46 3
37 47 5
37 48 2
37 49 4
37 50 3
37 52 1
37 53 1
37 54 5
37 57 3
37 58 2
37 60 2
37 62 2
37 63 4
37 64 5
37 66 2
37 67 1
37 70 4
37 71 1
37 72 1
37 74 5
37 76 5
37 77 4
37 78 3
37 79 1
37 80 4
37 81 5
37 82 1
37 85 1
37 87 1
37 89 3
37 90 5
37 92 4
37 93 4
37 94 4
37 95 4
37 96 3
37 97 5
37 98 1
37 99 3
37 100 1
38 39 1
38 40 4
38 41 5
38 42 1
38 43 4
38 44 2
38 46 4
38 48 2
38 49 1
38 50 2
38 51 2
38 53 1
38 54 1
38 55 2
38 56 4
38 57 3
38 58 3
38 59 4
38 62 1
38 63 2
38 64 4
38 65 1
38 66 5
38 67 5
38 68 2
38 69 3
38 70 2
38 71 4
38 72 3
38 73 5
38 75 5
38 76 2
38 77 4
38 78 3
38 79 1
38 80 3
38 81 1
38 82 3
38 83 3
38 84 3
38 85 4
38 86 3
38 87 4
38 88 3
38 89 2
38 90 5
38 91 1
38 92 5
38 93 4
38 94 4
38 97 5
38 98 5
38 99 5
39 40 3
39 41 3
39 42 4
39 43 2
39 44 2
39 45 4
39 46 4
39 47 5
39 48 2
39 50 5
39 53 1
39 54 5
39 55 5
39 59 3
39 60 3
39 61 3
39 62 3
39 64 4
39 65 1
39 66 2
39 67 3
39 68 4
39 70 3
39 71 4
39 72 3
39 73 1
39 74 2
39 75 5
39 76 3
39 77 2
39 78 2
39 80 3
39 81 2
39 83 4
39 85 1
39 86 4
39 87 3
39 88 3
39 89 3
39 92 1
39 93 2
39 94 4
39 95 5
39 96 2
39 97 3
39 98 1
39 99 3
39 100 1
40 41 1
40 42 3
40 43 1
40 44 5
40 45 3
40 46 2
40 47 3
40 48 2
40 49 3
40 50 1
40 51 5
40 53 3
40 54 4
40 55 5
40 56 2
40 58 2
40 61 1
40 63 4
40 64 5
40 65 5
40 67 1
40 68 4
40 69 3
40 70 4
40 71 5
40 72 3
40 73 4
40 74 4
40 75 5
40 76 2
40 78 5
40 79 1
40 80 4
40 81 2
40 82 2
40 84 5
40 85 4
40 86 4
40 87 3
40 88 5
40 89 4
40 90 5
40 91 1
40 92 2
40 93 3
40 94 3
40 95 1
40 96 2
40 97 1
40 99 2
40 100 2
41 42 2
41 43 4
41 44 3
41 45 2
41 46 5
41 47 3
41 48 3
41 49 3
41 50 5
41 51 3
41 55 2
41 57 1
41 58 2
41 59 1
41 60 1
41 61 2
41 64 1
41 65 2
41 66 1
41 67 3
41 68 4
41 69 2
41 70 4
41 71 3
41 72 1
41 73 3
41 74 3
41 76 3
41 77 5
41 78 4
41 79 4
41 80 4
41 83 3
41 84 1
41 85 2
41 86 1
41 87 1
41 88 2
41 90 5
41 91 1
41 93 1
41 96 2
41 97 5
41 98 2
41 99 2
41 100 4
42 43 4
42 44 4
42 45 2
42 46 1
42 47 3
42 48 1
42 49 5
42 50 1
42 51 1
42 52 5
42 53 1
42 54 2
42 55 3
42 57 5
42 58 5
42 59 3
42 60 5
42 63 4
42 64 3
42 65 2
42 67 1
42 68 4
42 69 4
42 70 5
42 72 5
42 74 2
42 75 5
42 76 4
42 79 4
42 80 2
42 81 1
42 83 2
42 84 5
42 85 4
42 87 5
42 88 4
42 89 3
42 90 3
42 91 2
42 92 2
42 93 4
42 94 5
42 95 2
42 96 5
42 97 4
42 98 1
42 99 1
42 100 5
43 44 5
43 45 5
43 46 5
43 47 3
43 50 2
43 51 5
43 52 3
43 53 1
43 55 5
43 56 1
43 57 1
43 58 2
43 60 5
43 61 5
43 62 2
43 63 3
43 64 1
43 66 3
43 67 3
43 68 4
43 69 1
43 70 5
43 71 3
43 72 2
43 75 5
43 76 2
43 78 4
43 80 2
43 81 5
43 82 4
43 83 5
43 84 2
43 85 5
43 86 3
43 89 5
43 90 3
43 91 2
43 92 4
43 95 3
43 96 2
43 97 2
43 98 5
43 99 1
44 45 2
44 46 2
44 47 5
44 48 1
44 50 3
44 51 2
44 52 1
44 54 1
44 56 1
44 57 4
44 58 1
44 59 4
44 60 2
44 62 4
44 64 3
44 66 5
44 67 1
44 69 2
44 70 4
44 71 3
44 73 3
44 74 4
44 75 5
44 76 4
44 77 4
44 78 2
44 79 3
44 81 2
44 82 3
44 83 1
44 85 4
44 86 2
44 87 5
44 88 4
44 89 4
44 90 2
44 91 2
44 92 5
44 93 1
44 95 4
44 96 1
44 97 5
44 98 5
44 99 1
45 46 5
45 47 4
45 48 2
45 49 3
45 50 2
45 51 4
45 52 3
45 53 3
45 54 3
45 55 4
45 56 1
45 57 5
45 58 1
45 59 3
45 60 5
45 61 2
45 62 2
45 63 5
45 64 1
45 65 1
45 66 1
45 68 5
45 69 3
45 71 3
45 72 3
45 73 3
45 74 1
45 75 5
45 77 4
45 78 4
45 80 4
45 81 3
45 84 5
45 85 4
45 86 5
45 87 5
45 90 4
45 93 4
45 94 4
45 96 5
45 98 1
45 99 3
45 100 5
46 47 3
46 48 4
46 50 1
46 51 3
46 53 5
46 54 4
46 55 3
46 56 5
46 57 2
46 60 3
46 61 1
46 62 3
46 64 5
46 65 3
46 66 2
46 67 3
46 68 3
46 69 3
46 70 5
46 72 4
46 74 2
46 75 2
46 77 5
46 78 1
46 79 1
46 82 3
46 83 2
46 85 3
46 86 5
46 87 3
46 88 1
46 91 5
46 92 1
46 93 4
46 95 4
46 96 2
46 97 4
46 98 1
46 99 1
46 100 2
47 48 3
47 49 5
47 50 3
47 53 2
47 54 5
47 55 2
47 58 3
47 59 1
47 60 1
47 61 2
47 62 5
47 63 3
47 64 4
47 66 1
47 67 3
47 69 4
47 70 3
47 71 3
47 73 4
47 74 4
47 75 5
47 76 3
47 77 1
47 78 5
47 79 2
47 81 5
47 82 1
47 83 2
47 85 5
47 86 2
47 87 2
47 88 3
47 90 4
47 91 1
47 92 3
47 94 3
47 95 2
47 96 4
47 97 4
47 99 3
48 49 3
48 50 5
48 51 5
48 53 2
48 55 2
48 57 4
48 58 4
48 59 2
48 61 3
48 62 1
48 63 1
48 64 4
48 65 3
48 67 5
48 69 4
48 70 1
48 71 1
48 72 4
48 73 3
48 74 5
48 75 1
48 76 2
48 77 1
48 79 2
48 81 4
48 82 1
48 83 4
48 84 5
48 85 5
48 86 1
48 87 1
48 88 2
48 89 5
48 90 5
48 92 4
48 93 1
48 94 5
48 95 3
48 96 3
48 97 4
48 98 5
48 99 2
48 100 3
49 50 2
49 51 5
49 52 3
49 53 1
49 54 3
49 55 4
49 56 4
49 57 3
49 58 1
49 59 5
49 60 3
49 61 4
49 62 3
49 63 2
49 64 3
49 65 2
49 66 1
49 69 2
49 70 2
49 71 4
49 72 2
49 73 1
49 75 4
49 76 5
49 77 5
49 78 4
49 79 5
49 80 2
49 81 4
49 82 3
49 83 3
49 85 4
49 86 2
49 87 1
49 88 1
49 89 5
49 90 3
49 91 4
49 93 5
49 94 3
49 96 1
49 98 4
50 51 2
50 53 2
50 54 5
50 55 2
50 56 1
50 57 4
50 58 4
50 59 5
50 60 5
50 61 2
50 62 4
50 63 2
50 64 3
50 65 3
50 66 2
50 69 4
50 70 2
50 71 2
50 72 5
50 73 1
50 74 4
50 75 3
50 76 2
50 79 1
50 80 5
50 81 2
50 83 5
50 84 1
50 85 5
50 86 3
50 87 2
50 88 3
50 89 1
50 90 3
50 91 4
50 92 4
50 94 1
50 97 2
50 98 4
50 99 5
51 53 5
51 54 4
51 56 4
51 57 2
51 58 2
51 60 5
51 61 2
51 62 4
51 63 4
51 64 5
51 66 1
51 67 2
51 68 1
51 69 1
51 70 5
51 71 1
51 73 2
51 74 4
51 75 3
51 76 1
51 77 1
51 78 1
51 79 3
51 80 1
51 81 2
51 83 5
51 84 5
51 85 5
51 86 2
51 87 1
51 88 3
51 90 2
51 91 5
51 92 3
51 93 5
51 94 5
51 95 3
51 97 3
51 98 4
51 99 1
52 54 5
52 56 5
52 59 1
52 60 1
52 61 2
52 64 3
52 65 5
52 66 4
52 67 2
52 68 1
52 69 3
52 70 2
52 71 1
52 72 1
52 73 3
52 74 5
52 75 3
52 76 5
52 77 5
52 78 5
52 79 3
52 80 5
52 81 5
52 82 5
52 83 1
52 85 1
52 86 1
52 87 1
52 88 4
52 89 2
52 90 5
52 91 3
52 92 5
52 93 5
52 94 2
52 95 3
52 96 2
52 98 5
52 100 4
53 54 1
53 55 3
53 56 3
53 57 3
53 58 5
53 59 1
53 60 2
53 61 4
53 62 4
53 63 3
53 65 4
53 66 1
53 68 4
53 69 5
53 70 3
53 71 1
53 72 2
53 73 5
53 74 2
53 75 2
53 76 2
53 77 1
53 78 5
53 79 3
53 80 4
53 81 1
53 82 1
53 83 2
53 85 2
53 86 2
53 87 2
53 88 5
53 89 4
53 90 5
53 91 5
53 92 3
53 93 1
53 94 3
53 95 2
53 96 5
53 97 3
53 99 4
53 100 1
54 55 5
54 56 3
54 57 1
54 58 4
54 61 3
54 62 1
54 63 4
54 64 1
54 65 3
54 66 2
54 67 1
54 68 1
54 69 3
54 70 1
54 71 5
54 72 5
54 73 3
54 74 3
54 75 1
54 76 4
54 77 3
54 78 5
54 79 4
54 80 2
54 81 1
54 83 3
54 84 4
54 85 3
54 86 2
54 87 1
54 88 2
54 89 1
54 90 2
54 91 1
54 92 1
54 94 1
54 96 1
54 97 4
54 98 2
54 99 5
55 56 1
55 57 2
55 58 4
55 59 4
55 60 1
55 61 4
55 62 4
55 63 1
55 64 2
55 66 3
55 68 3
55 70 2
55 71 3
55 72 4
55 73 4
55 75 4
55 77 5
55 80 3
55 81 5
55 83 4
55 84 4
55 85 1
55 88 4
55 89 5
55 90 1
55 91 3
55 92 4
55 93 2
55 96 2
55 97 1
55 98 4
55 99 4
56 57 5
56 58 2
56 59 4
56 60 4
56 61 5
56 62 4
56 63 3
56 64 2
56 65 4
56 67 1
56 68 4
56 69 4
56 71 1
56 72 1
56 73 2
56 74 4
56 76 5
56 77 5
56 78 3
56 79 3
56 81 1
56 82 5
56 84 3
56 85 4
56 86 1
56 88 3
56 89 5
56 90 2
56 91 2
56 92 3
56 94 1
56 95 3
56 96 1
56 97 5
56 98 5
56 99 1
56 100 2
57 58 2
57 59 5
57 60 2
57 61 3
57 62 2
57 63 4
57 64 4
57 65 1
57 66 5
57 68 3
57 69 4
57 70 5
57 71 3
57 73 2
57 74 3
57 75 4
57 76 2
57 77 5
57 78 3
57 81 2
57 82 4
57 83 5
57 84 5
57 85 3
57 86 4
57 87 4
57 88 1
57 89 5
57 90 4
57 91 5
57 92 4
57 93 2
57 94 3
57 96 1
57 97 4
57 98 2
57 99 1
57 100 4
58 59 3
58 60 2
58 61 2
58 62 3
58 65 4
58 66 3
58 67 5
58 68 4
58 69 4
58 70 4
58 72 3
58 73 3
58 74 5
58 75 1
58 76 1
58 77 1
58 78 4
58 79 1
58 81 5
58 82 4
58 83 5
58 84 2
58 85 3
58 86 3
58 87 2
58 88 2
58 89 5
58 90 1
58 92 1
58 93 1
58 94 3
58 95 4
58 96 1
58 98 2
58 100 4
59 60 1
59 61 5
59 62 1
59 63 2
59 65 1
59 67 5
59 68 4
59 69 5
59 70 3
59 71 4
59 72 3
59 73 1
59 74 2
59 75 3
59 76 4
59 77 2
59 78 2
59 79 2
59 80 3
59 81 4
59 83 1
59 84 2
59 85 5
59 87 3
59 88 3
59 89 5
59 90 4
59 91 2
59 93 4
59 94 4
59 96 3
59 97 1
59 98 3
59 99 5
60 62 3
60 63 1
60 64 3
60 65 1
60 66 1
60 67 4
60 68 3
60 69 3
60 70 1
60 73 2
60 75 2
60 76 3
60 77 3
60 78 1
60 80 1
60 81 2
60 82 2
60 83 5
60 84 5
60 85 3
60 86 4
60 88 2
60 89 5
60 91 1
60 92 4
60 93 1
60 94 4
60 95 3
60 96 5
60 98 3
61 62 3
61 63 4
61 64 5
61 66 4
61 67 2
61 68 1
61 69 1
61 70 4
61 71 1
61 72 5
61 73 5
61 74 5
61 75 1
61 76 2
61 77 5
61 78 3
61 81 4
61 82 1
61 84 4
61 85 1
61 86 4
61 87 2
61 89 2
61 91 1
61 92 2
61 93 5
61 94 5
61 95 5
61 97 3
61 98 4
61 99 4
61 100 2
62 64 2
62 65 2
62 66 1
62 67 3
62 69 4
62 70 3
62 71 4
62 72 3
62 73 5
62 75 3
62 76 2
62 77 2
62 78 3
62 79 1
62 81 5
62 83 4
62 84 2
62 85 4
62 87 3
62 88 4
62 90 3
62 91 3
62 92 5
62 93 2
62 94 1
62 95 4
62 97 5
62 98 1
62 99 3
63 64 3
63 65 2
63 66 1
63 67 3
63 69 1
63 70 4
63 71 1
63 72 4
63 74 1
63 75 2
63 76 2
63 77 5
63 78 3
63 79 1
63 81 1
63 82 2
63 83 4
63 84 5
63 85 1
63 86 4
63 87 5
63 89 3
63 90 4
63 91 3
63 92 4
63 94 4
63 95 5
63 96 3
63 97 1
63 99 2
64 66 4
64 67 5
64 69 2
64 71 4
64 72 3
64 75 2
64 76 4
64 79 5
64 81 4
64 82 3
64 83 3
64 84 5
64 85 1
64 86 2
64 87 5
64 88 1
64 91 1
64 93 2
64 94 4
64 95 5
64 96 5
64 97 5
64 99 1
64 100 5
65 67 1
65 68 4
65 69 2
65 70 4
65 72 4
65 73 3
65 74 5
65 75 4
65 76 5
65 77 5
65 79 1
65 80 2
65 81 5
65 82 3
65 84 1
65 86 5
65 87 1
65 88 3
65 90 5
65 91 2
65 93 2
65 94 3
65 95 3
65 96 5
65 97 1
65 98 4
65 99 3
65 100 5
66 67 1
66 69 3
66 70 5
66 72 2
66 73 5
66 74 5
66 75 1
66 76 2
66 77 4
66 78 4
66 79 3
66 80 1
66 82 1
66 84 2
66 85 2
66 86 4
66 87 2
66 88 4
66 89 5
66 90 5
66 91 5
66 93 4
66 95 2
66 96 5
66 97 1
66 98 3
66 99 3
66 100 1
67 68 2
67 70 1
67 72 4
67 73 3
67 74 5
67 76 4
67 77 3
67 78 4
67 79 1
67 80 5
67 81 1
67 82 4
67 83 1
67 84 2
67 85 2
67 86 4
67 87 2
67 88 2
67 89 2
67 90 2
67 91 1
67 92 3
67 93 1
67 94 5
67 95 4
67 96 1
67 97 2
67 98 5
67 99 1
67 100 4
68 69 2
68 70 1
68 71 2
68 72 2
68 73 3
68 74 5
68 75 4
68 76 2
68 77 4
68 79 3
68 81 1
68 83 1
68 84 2
68 86 2
68 87 5
68 88 4
68 90 2
68 92 3
68 93 1
68 94 5
68 95 4
68 96 4
68 99 5
68 100 4
69 70 5
69 71 1
69 73 5
69 74 2
69 76 2
69 77 5
69 78 4
69 80 2
69 81 1
69 82 4
69 84 1
69 85 5
69 89 1
69 90 3
69 92 2
69 95 5
69 96 3
69 97 2
69 99 1
69 100 3
70 71 5
70 72 3
70 73 2
70 74 5
70 75 4
70 76 1
70 79 2
70 80 5
70 81 5
70 82 4
70 83 5
70 85 3
70 86 4
70 89 4
70 90 5
70 91 4
70 92 4
70 93 2
70 94 5
70 95 5
70 96 5
70 97 3
70 98 4
70 100 2
71 72 4
71 73 2
71 75 5
71 76 1
71 79 2
71 80 2
71 81 1
71 83 2
71 84 2
71 85 2
71 86 1
71 87 4
71 88 4
71 89 2
71 90 5
71 91 5
71 92 2
71 94 2
71 95 2
71 96 2
71 97 4
71 98 5
71 99 3
71 100 2
72 73 1
72 74 4
72 75 2
72 78 5
72 79 5
72 80 4
72 81 3
72 82 3
72 84 5
72 85 5
72 86 4
72 87 1
72 88 3
72 89 1
72 90 1
72 91 2
72 93 4
72 94 4
72 95 5
72 96 2
72 97 1
72 98 1
73 74 4
73 75 4
73 77 1
73 78 4
73 79 2
73 80 2
73 81 4
73 82 1
73 83 2
73 84 5
73 85 2
73 86 3
73 87 2
73 88 4
73 89 5
73 90 3
73 92 4
73 94 5
73 95 1
73 96 2
73 97 3
73 98 1
73 99 1
74 75 3
74 76 3
74 77 1
74 78 3
74 80 1
74 81 3
74 82 4
74 83 3
74 85 4
74 86 1
74 87 2
74 88 2
74 91 3
74 92 3
74 93 5
74 94 3
74 95 1
74 96 2
74 97 1
74 98 5
74 100 2
75 77 5
75 78 5
75 80 2
75 82 4
75 83 2
75 84 1
75 87 5
75 89 4
75 90 5
75 92 3
75 93 5
75 95 1
75 96 2
75 97 5
75 98 3
75 99 5
75 100 2
76 77 1
76 78 5
76 79 4
76 81 5
76 82 3
76 83 5
76 85 3
76 87 4
76 88 1
76 89 4
76 91 1
76 93 3
76 94 2
76 95 1
76 96 4
76 97 3
76 98 1
76 100 3
77 78 3
77 79 4
77 80 5
77 81 2
77 82 5
77 83 3
77 84 5
77 85 2
77 86 1
77 87 3
77 88 1
77 90 2
77 91 2
77 92 1
77 93 3
77 94 5
77 95 4
77 96 5
77 99 5
77 100 5
78 79 3
78 80 1
78 81 5
78 82 3
78 83 4
78 85 1
78 86 4
78 87 3
78 88 5
78 89 1
78 91 1
78 92 2
78 93 3
78 94 4
78 96 2
78 97 1
78 98 5
78 99 3
78 100 1
79 80 4
79 81 1
79 83 3
79 84 5
79 85 4
79 86 3
79 87 3
79 88 2
79 89 4
79 91 1
79 92 4
79 93 4
79 94 4
79 95 2
79 96 1
79 97 2
79 98 2
79 99 4
79 100 4
80 81 2
80 82 1
80 83 3
80 84 3
80 86 3
80 87 2
80 88 3
80 89 1
80 90 5
80 91 5
80 92 5
80 93 2
80 94 3
80 97 4
80 98 5
81 83 4
81 84 4
81 85 3
81 86 2
81 87 3
81 88 3
81 89 1
81 90 3
81 91 5
81 93 4
81 94 4
81 96 3
81 97 2
81 98 2
81 99 1
82 84 5
82 85 3
82 86 5
82 87 5
82 89 3
82 90 2
82 91 2
82 92 2
82 93 3
82 94 5
82 95 1
82 96 4
82 97 2
82 98 2
82 99 4
82 100 5
83 84 4
83 85 1
83 87 1
83 88 2
83 89 3
83 90 4
83 91 3
83 92 3
83 93 5
83 94 3
83 96 2
83 97 5
83 99 1
84 85 1
84 86 2
84 87 3
84 88 3
84 89 1
84 90 2
84 92 2
84 93 4
84 94 2
84 96 4
84 97 4
84 98 2
84 99 5
85 87 3
85 89 5
85 90 3
85 91 3
85 92 1
85 95 4
85 96 4
85 97 3
85 99 5
85 100 1
86 87 3
86 89 2
86 90 4
86 91 5
86 92 1
86 94 3
86 95 3
86 96 5
86 97 5
86 98 1
86 99 5
86 100 4
87 88 5
87 89 3
87 90 2
87 91 2
87 92 3
87 96 5
87 97 3
87 98 4
87 99 1
87 100 4
88 89 3
88 90 2
88 91 1
88 94 2
88 97 3
88 98 5
88 99 1
88 100 2
89 90 1
89 91 4
89 92 1
89 95 4
89 96 5
89 97 1
89 99 5
90 91 1
90 93 5
90 94 1
90 95 2
90 96 2
90 97 1
90 98 1
90 99 1
90 100 3
91 95 4
91 96 1
91 98 1
91 99 4
91 100 3
92 93 2
92 96 4
92 97 3
92 99 5
92 100 1
93 94 5
93 95 5
93 96 4
93 97 4
93 98 1
93 99 4
94 95 1
94 97 3
94 98 5
94 99 2
94 100 2
95 96 2
95 97 4
95 98 5
95 100 4
96 98 2
96 99 4
97 98 3
97 99 4
97 100 3
98 99 5
99 100 1
