50 67
1 2 1
1 7 134
1 31 131
1 38 103
1 48 121
2 13 62
2 27 153
2 40 151
2 47 36
3 50 111
4 29 110
4 30 12
5 12 106
7 22 60
8 36 46
9 20 102
9 25 52
9 27 104
9 42 14
10 32 92
10 43 70
11 24 157
11 43 134
11 46 79
12 37 145
13 25 39
13 28 91
14 49 142
14 50 152
16 26 141
16 27 64
17 25 69
17 27 137
17 31 133
17 49 18
18 29 21
18 33 118
18 38 84
19 21 95
20 50 57
21 31 42
21 50 45
23 38 117
23 39 95
23 47 128
24 25 34
25 26 22
25 47 81
26 31 74
26 49 72
26 50 58
27 35 36
29 48 22
30 32 114
30 49 122
31 33 2
31 43 94
32 42 14
33 38 106
35 40 80
38 42 6
38 44 35
38 46 122
39 40 96
41 49 116
42 47 74
44 49 19
