50 956
1 2 238
1 5 293
1 8 282
1 10 87
1 11 75
1 12 69
1 13 136
1 14 167
1 15 84
1 16 18
1 17 66
1 18 284
1 19 314
1 20 147
1 21 175
1 22 220
1 23 281
1 24 158
1 25 37
1 26 69
1 27 247
1 29 5
1 30 275
1 31 207
1 32 169
1 33 241
1 34 271
1 35 284
1 37 301
1 38 208
1 39 6
1 40 9
1 41 276
1 42 240
1 45 48
1 46 133
1 48 57
1 49 160
1 50 161
2 3 258
2 4 217
2 6 107
2 7 14
2 8 81
2 10 118
2 11 55
2 12 302
2 13 138
2 14 156
2 16 150
2 17 191
2 18 130
2 19 189
2 20 184
2 21 285
2 23 291
2 24 23
2 25 63
2 28 206
2 29 269
2 30 98
2 31 239
2 32 64
2 34 94
2 36 213
2 37 307
2 38 131
2 39 310
2 40 227
2 42 39
2 43 240
2 44 237
2 45 281
2 46 233
2 47 315
2 48 284
2 49 227
2 50 164
3 4 15
3 5 151
3 6 158
3 7 111
3 8 123
3 9 299
3 10 308
3 11 320
3 12 309
3 13 246
3 14 91
3 16 179
3 17 29
3 20 147
3 23 57
3 24 250
3 26 106
3 27 304
3 28 97
3 30 138
3 31 51
3 32 1
3 33 68
3 36 295
3 37 258
3 38 119
3 40 121
3 41 108
3 42 28
3 43 251
3 44 134
3 45 96
3 46 262
3 47 289
3 48 249
3 49 254
4 6 75
4 8 189
4 10 164
4 11 13
4 13 231
4 14 145
4 16 67
4 18 83
4 19 269
4 21 313
4 22 90
4 23 175
4 24 247
4 25 177
4 26 101
4 28 219
4 29 78
4 31 79
4 32 106
4 33 289
4 34 254
4 35 60
4 36 235
4 38 238
4 40 308
4 41 158
4 42 156
4 43 309
4 44 304
4 46 48
4 47 154
4 48 25
4 49 112
5 6 217
5 7 281
5 8 302
5 9 274
5 11 105
5 12 253
5 15 178
5 17 137
5 18 167
5 19 39
5 20 279
5 21 259
5 22 78
5 23 224
5 24 227
5 25 262
5 26 131
5 27 157
5 28 190
5 29 220
5 30 121
5 31 23
5 32 110
5 33 299
5 34 192
5 36 96
5 37 99
5 38 263
5 41 18
5 42 46
5 43 175
5 44 66
5 45 305
5 47 47
6 7 210
6 8 14
6 9 1
6 10 271
6 11 210
6 12 149
6 13 65
6 14 65
6 15 223
6 16 228
6 17 144
6 18 266
6 19 286
6 20 167
6 21 212
6 22 148
6 23 267
6 24 87
6 26 216
6 27 141
6 28 248
6 31 283
6 32 296
6 34 101
6 35 144
6 36 301
6 39 105
6 40 50
6 41 165
6 42 67
6 43 40
6 44 160
6 47 170
6 48 70
6 49 174
6 50 77
7 8 320
7 9 122
7 10 12
7 11 171
7 12 154
7 14 275
7 15 4
7 16 47
7 17 249
7 18 4
7 19 122
7 20 239
7 21 13
7 22 233
7 23 58
7 24 130
7 25 315
7 26 235
7 27 55
7 29 36
7 30 85
7 31 174
7 32 312
7 34 87
7 36 104
7 39 235
7 42 234
7 43 212
7 45 204
7 46 128
7 48 205
7 49 115
7 50 248
8 9 8
8 10 130
8 11 196
8 12 319
8 13 64
8 14 303
8 15 120
8 17 194
8 18 78
8 19 105
8 20 266
8 21 312
8 24 51
8 25 211
8 26 264
8 27 82
8 28 73
8 29 66
8 30 272
8 31 258
8 32 151
8 34 288
8 35 103
8 36 199
8 38 84
8 41 317
8 42 244
8 43 165
8 44 202
8 45 191
8 46 127
8 47 284
8 48 88
8 50 155
9 10 59
9 13 104
9 14 35
9 15 229
9 16 285
9 17 26
9 18 217
9 21 151
9 22 57
9 23 74
9 24 200
9 25 13
9 26 69
9 27 71
9 28 166
9 29 114
9 30 224
9 34 161
9 35 276
9 36 16
9 37 183
9 38 300
9 39 301
9 40 116
9 41 122
9 43 199
9 44 157
9 45 272
9 46 131
9 47 252
9 48 133
9 50 65
10 11 131
10 12 29
10 13 77
10 14 267
10 15 110
10 16 231
10 19 226
10 21 102
10 25 194
10 26 161
10 27 205
10 28 152
10 29 213
10 32 114
10 34 295
10 35 144
10 36 55
10 37 255
10 38 101
10 40 291
10 42 286
10 43 268
10 44 217
10 47 282
10 48 207
10 49 205
10 50 65
11 12 217
11 13 138
11 14 92
11 16 148
11 17 97
11 18 298
11 19 255
11 20 110
11 21 253
11 22 110
11 23 205
11 24 36
11 26 216
11 27 203
11 28 69
11 31 64
11 32 283
11 33 185
11 34 119
11 35 33
11 37 174
11 38 236
11 39 121
11 41 11
11 43 30
11 44 4
11 46 77
11 47 30
11 48 170
11 49 70
12 13 257
12 14 182
12 15 69
12 16 82
12 17 44
12 18 23
12 20 199
12 21 57
12 23 271
12 24 59
12 26 158
12 27 80
12 29 313
12 31 188
12 32 288
12 33 294
12 34 40
12 35 59
12 36 195
12 37 120
12 38 111
12 39 15
12 40 89
12 41 248
12 42 133
12 43 309
12 44 92
12 45 181
12 46 278
12 47 264
12 48 53
12 49 219
12 50 187
13 14 22
13 17 252
13 18 265
13 19 228
13 21 153
13 22 107
13 23 262
13 24 5
13 25 94
13 26 301
13 27 288
13 28 221
13 29 268
13 30 48
13 31 49
13 32 150
13 33 153
13 34 87
13 35 224
13 36 265
13 37 166
13 38 301
13 39 120
13 41 35
13 42 268
13 43 94
13 44 158
13 45 72
13 46 80
13 49 139
14 17 306
14 18 141
14 19 287
14 21 93
14 22 117
14 23 62
14 24 198
14 25 105
14 26 268
14 27 186
14 28 143
14 30 219
14 31 272
14 32 21
14 33 277
14 34 167
14 35 120
14 36 319
14 37 261
14 38 70
14 39 100
14 41 117
14 43 72
14 44 235
14 45 288
14 46 45
14 47 290
14 48 86
14 49 145
14 50 175
15 16 17
15 17 4
15 18 135
15 19 73
15 21 139
15 22 72
15 23 8
15 25 254
15 26 98
15 27 117
15 28 99
15 30 14
15 31 68
15 32 48
15 33 17
15 37 286
15 38 33
15 39 94
15 40 175
15 41 179
15 42 245
15 44 222
15 46 314
15 47 51
15 49 281
16 18 232
16 19 316
16 20 309
16 21 151
16 22 268
16 23 262
16 25 249
16 26 175
16 27 55
16 29 228
16 30 232
16 31 118
16 33 307
16 34 297
16 35 286
16 37 244
16 38 271
16 39 91
16 40 32
16 42 177
16 43 82
16 44 194
16 45 45
16 46 272
16 47 260
16 50 253
17 19 114
17 20 17
17 22 35
17 23 173
17 24 81
17 25 204
17 27 228
17 28 133
17 29 176
17 30 75
17 31 123
17 32 241
17 33 237
17 34 85
17 35 141
17 37 50
17 39 57
17 40 192
17 41 35
17 42 151
17 44 282
17 47 290
17 49 156
18 19 15
18 21 15
18 22 285
18 23 170
18 24 19
18 25 306
18 26 236
18 27 190
18 29 307
18 31 153
18 32 155
18 34 203
18 35 257
18 36 65
18 37 63
18 38 100
18 39 129
18 40 304
18 41 158
18 42 151
18 43 184
18 46 3
18 47 114
18 49 199
19 20 278
19 21 260
19 24 149
19 25 247
19 26 32
19 27 7
19 28 19
19 29 232
19 30 116
19 31 286
19 32 307
19 33 182
19 34 55
19 36 189
19 37 5
19 38 280
19 39 163
19 41 262
19 42 192
19 43 204
19 44 193
19 45 105
19 46 313
19 48 303
19 49 233
19 50 312
20 21 223
20 22 158
20 24 143
20 26 230
20 27 218
20 28 187
20 29 256
20 31 148
20 32 33
20 33 198
20 34 211
20 35 29
20 36 218
20 37 290
20 38 30
20 39 309
20 41 150
20 42 158
20 43 121
20 44 49
20 45 230
20 46 59
20 47 310
20 48 154
20 50 105
21 22 114
21 23 301
21 24 156
21 25 165
21 26 57
21 29 203
21 31 169
21 32 305
21 33 110
21 34 299
21 35 157
21 36 71
21 37 289
21 39 292
21 40 279
21 41 202
21 42 264
21 44 38
21 45 57
21 47 165
21 48 217
21 49 214
21 50 303
22 23 9
22 24 162
22 25 4
22 26 58
22 27 113
22 31 103
22 32 278
22 33 277
22 35 219
22 36 37
22 37 283
22 38 250
22 39 147
22 40 76
22 41 123
22 42 174
22 43 19
22 44 147
22 45 248
22 49 292
23 24 278
23 26 289
23 27 97
23 28 246
23 29 259
23 30 37
23 31 292
23 32 184
23 33 268
23 34 31
23 35 164
23 36 52
23 37 242
23 38 171
23 40 158
23 41 129
23 42 262
23 43 58
23 44 9
23 45 183
23 46 191
23 47 63
23 48 17
23 49 1
23 50 286
24 25 220
24 26 286
24 27 196
24 28 282
24 30 276
24 32 128
24 33 209
24 34 51
24 35 127
24 36 169
24 37 136
24 38 83
24 41 197
24 42 16
24 43 199
24 46 99
24 47 44
24 48 268
24 49 40
24 50 130
25 26 126
25 27 157
25 28 133
25 29 37
25 30 260
25 31 316
25 32 195
25 33 309
25 35 135
25 37 118
25 39 279
25 42 116
25 43 5
25 44 221
25 45 53
25 46 219
25 47 95
25 48 72
25 49 185
25 50 255
26 28 298
26 32 257
26 33 69
26 34 60
26 35 277
26 37 114
26 38 173
26 39 302
26 40 103
26 41 249
26 42 100
26 43 212
26 46 78
26 47 146
26 49 136
26 50 258
27 28 272
27 29 292
27 31 157
27 32 20
27 33 287
27 34 75
27 35 309
27 36 133
27 40 35
27 41 100
27 43 123
27 44 79
27 46 205
27 48 182
27 49 113
27 50 278
28 29 145
28 30 204
28 31 76
28 32 6
28 33 159
28 34 169
28 35 318
28 36 293
28 38 187
28 39 69
28 40 7
28 42 95
28 43 215
28 44 303
28 46 203
28 48 173
28 49 91
28 50 114
29 33 257
29 34 173
29 35 262
29 37 34
29 38 282
29 40 308
29 41 146
29 42 296
29 43 276
29 45 207
29 46 104
29 47 155
29 48 303
29 49 104
29 50 314
30 31 255
30 32 120
30 33 103
30 34 271
30 36 275
30 37 164
30 38 259
30 39 211
30 40 246
30 41 299
30 42 207
30 43 234
30 45 95
30 47 26
30 48 11
30 49 176
30 50 242
31 32 129
31 33 109
31 34 148
31 36 56
31 37 217
31 39 240
31 40 157
31 41 150
31 42 87
31 43 296
31 45 160
31 46 171
31 47 105
31 48 279
31 49 305
31 50 205
32 33 91
32 34 57
32 36 187
32 37 201
32 38 269
32 40 45
32 41 315
32 42 76
32 43 299
32 44 307
32 45 127
32 46 157
32 47 94
32 48 114
32 49 181
32 50 31
33 35 83
33 36 79
33 37 287
33 39 204
33 40 171
33 41 106
33 44 52
33 45 301
33 47 237
33 48 108
33 49 84
33 50 262
34 35 99
34 36 57
34 37 190
34 38 153
34 39 135
34 40 182
34 41 181
34 42 222
34 43 123
34 44 268
34 46 11
34 48 260
34 49 133
34 50 132
35 36 283
35 37 283
35 38 190
35 39 58
35 40 32
35 42 120
35 43 106
35 44 76
35 46 78
35 48 304
35 49 27
35 50 21
36 37 104
36 39 11
36 40 109
36 41 316
36 42 318
36 43 264
36 44 282
36 45 196
36 46 240
36 47 164
36 48 223
36 50 33
37 39 193
37 40 144
37 42 123
37 43 18
37 44 295
37 46 171
37 47 113
37 48 266
37 49 214
37 50 138
38 39 157
38 40 182
38 41 6
38 42 209
38 44 319
38 45 26
38 46 174
38 47 67
38 48 267
38 49 18
38 50 314
39 40 243
39 42 9
39 43 17
39 44 63
39 48 56
39 50 116
40 42 238
40 43 142
40 46 147
40 48 89
40 49 225
40 50 177
41 42 25
41 43 279
41 44 124
41 45 178
41 46 106
41 48 151
41 49 207
41 50 106
42 43 130
42 44 159
42 45 317
42 46 215
42 47 141
42 49 229
42 50 15
43 44 69
43 45 61
43 47 34
43 48 285
43 49 179
44 47 21
44 48 85
44 49 43
44 50 115
45 46 70
45 47 25
45 48 67
45 49 121
45 50 178
46 47 268
46 49 307
47 48 176
47 49 104
48 49 37
48 50 267
49 50 215
