100 230
1 10 11
1 74 4
2 21 4
2 36 1
2 60 14
2 77 18
2 100 19
3 6 7
3 22 15
3 24 6
3 44 17
3 49 16
3 60 13
4 64 8
4 68 12
4 72 20
4 93 13
5 9 12
5 38 5
5 39 20
5 65 19
6 18 6
6 74 10
6 78 12
7 20 10
7 21 13
7 23 9
7 68 5
7 81 13
8 20 7
8 53 11
8 59 10
8 61 13
8 79 4
8 93 4
9 22 4
9 35 1
9 43 4
9 78 17
10 14 7
10 26 16
11 19 7
11 42 3
12 15 19
12 33 5
12 53 19
12 61 12
12 65 19
12 79 9
13 23 12
13 63 16
13 65 13
13 82 4
13 86 11
13 100 20
14 18 2
14 44 2
14 48 7
14 74 14
14 97 8
14 100 3
15 18 1
15 29 6
15 60 3
15 75 9
16 28 11
16 42 9
17 32 2
17 46 10
17 60 12
17 76 19
17 83 19
17 90 15
17 92 3
18 29 13
18 58 1
18 65 19
19 28 10
19 37 7
19 47 12
19 85 6
19 89 18
20 68 9
20 95 19
20 100 2
21 36 7
21 89 19
21 95 17
21 99 2
22 29 7
22 45 4
22 61 20
22 65 1
23 36 2
23 53 15
23 58 14
23 84 8
23 86 12
23 97 4
24 64 12
24 92 3
24 94 18
24 95 20
25 43 18
25 75 12
25 92 1
25 98 1
26 34 3
26 50 20
27 42 5
27 73 13
27 100 8
28 38 5
28 49 6
28 80 19
28 84 20
28 100 8
29 82 11
30 57 5
31 67 4
31 83 11
31 86 7
31 98 1
32 85 8
32 86 5
33 45 3
33 60 15
33 96 4
34 35 14
34 39 19
35 37 11
35 44 16
35 46 6
35 65 5
35 94 19
36 38 4
36 59 12
36 60 6
36 91 11
36 93 8
37 39 17
37 46 1
37 60 18
38 81 2
38 87 18
38 91 1
39 93 14
40 46 5
41 51 12
41 57 2
41 93 1
41 100 13
42 45 2
42 49 13
42 80 8
42 98 1
43 78 20
43 94 2
44 48 18
44 65 15
44 76 10
45 60 17
45 62 13
45 68 11
45 69 16
46 77 14
46 83 8
46 98 18
47 57 19
47 77 2
47 89 15
47 98 16
48 54 9
50 54 10
52 86 15
52 94 4
53 66 12
53 67 10
53 79 8
53 95 20
54 86 11
55 78 1
56 72 18
57 63 15
57 95 2
58 65 15
58 79 20
60 74 12
60 93 1
60 99 7
61 74 6
61 86 20
62 93 1
63 86 17
64 76 9
66 90 7
67 74 15
68 72 12
68 80 17
68 81 3
69 71 3
69 99 11
70 95 4
70 96 16
71 73 5
73 90 5
73 92 9
73 93 13
74 96 20
74 98 2
75 78 4
75 89 14
76 89 2
77 80 1
77 84 13
78 79 2
78 81 9
78 90 14
78 96 6
79 80 17
79 94 4
79 96 7
80 94 8
85 98 7
86 99 4
87 90 1
90 97 12
90 100 12
94 96 9
95 98 6
