400 3919
1 20 5
1 53 7
1 64 2
1 115 16
1 118 5
1 143 15
1 144 11
1 160 8
1 165 15
1 170 9
1 171 15
1 175 6
1 179 14
1 181 8
1 194 20
1 229 9
1 232 4
1 234 20
1 251 13
1 253 3
1 284 19
1 321 6
1 368 15
1 387 13
1 392 19
2 15 5
2 27 14
2 72 16
2 82 3
2 83 1
2 91 16
2 121 13
2 153 7
2 172 4
2 207 16
2 224 2
2 229 16
2 231 18
2 251 15
2 253 14
2 296 9
2 312 10
2 338 4
3 8 3
3 10 11
3 18 4
3 38 4
3 47 14
3 51 3
3 127 12
3 141 11
3 152 4
3 154 1
3 212 15
3 222 11
3 225 18
3 252 8
3 268 8
3 295 16
3 314 17
3 319 8
3 324 3
3 337 6
4 18 14
4 22 1
4 50 12
4 59 13
4 65 5
4 75 13
4 92 11
4 93 10
4 100 9
4 112 13
4 115 1
4 151 5
4 181 20
4 226 10
4 227 19
4 252 5
4 303 5
4 317 15
4 377 17
4 398 20
5 26 1
5 29 3
5 45 11
5 81 13
5 92 11
5 129 13
5 132 12
5 166 19
5 172 18
5 182 17
5 186 7
5 199 10
5 200 15
5 250 6
5 265 7
5 268 11
5 281 14
5 285 5
5 296 17
5 299 19
5 300 18
5 340 4
5 353 5
5 393 20
6 44 19
6 49 7
6 51 20
6 105 15
6 140 1
6 238 19
6 241 18
6 242 19
6 246 1
6 266 13
6 280 3
6 283 2
6 297 4
6 299 15
6 337 3
7 37 20
7 50 3
7 62 20
7 89 7
7 143 2
7 193 20
7 197 12
7 202 7
7 211 4
7 214 4
7 223 2
7 229 7
7 237 13
7 238 19
7 298 9
7 303 12
7 313 4
7 327 18
7 382 15
7 389 1
7 394 13
8 27 6
8 43 20
8 52 13
8 60 18
8 76 16
8 105 9
8 121 7
8 139 20
8 163 14
8 179 19
8 188 16
8 192 16
8 212 8
8 236 16
8 256 12
8 283 13
8 296 2
8 301 17
8 304 16
8 306 11
8 317 1
8 334 8
8 344 20
8 347 13
8 351 20
8 359 2
8 368 1
8 385 6
9 11 8
9 47 7
9 61 16
9 65 17
9 126 16
9 157 5
9 197 14
9 203 10
9 214 3
9 224 6
9 247 16
9 259 7
9 266 20
9 301 15
9 334 4
9 335 12
9 361 7
10 16 3
10 42 11
10 52 19
10 58 11
10 63 16
10 64 3
10 109 6
10 121 1
10 125 14
10 147 9
10 161 2
10 173 15
10 208 16
10 237 11
10 246 7
10 278 3
10 291 14
10 321 15
10 367 5
10 370 16
10 371 20
10 376 14
10 387 7
10 396 4
11 12 6
11 18 14
11 40 8
11 64 15
11 66 1
11 68 11
11 91 16
11 152 16
11 178 9
11 187 17
11 229 3
11 235 20
11 282 11
11 285 17
11 306 17
11 328 19
11 329 9
11 352 18
11 388 5
12 84 14
12 88 14
12 119 17
12 131 5
12 157 14
12 172 11
12 175 7
12 203 17
12 238 20
12 269 12
12 276 17
12 284 4
12 285 3
12 312 13
12 350 8
12 371 10
12 374 1
13 26 19
13 33 3
13 34 7
13 37 18
13 48 4
13 51 20
13 54 8
13 60 17
13 68 20
13 73 11
13 82 12
13 84 18
13 104 12
13 130 1
13 131 14
13 159 5
13 166 2
13 194 3
13 203 19
13 227 15
13 232 1
13 235 13
13 274 13
13 280 3
13 370 12
13 386 8
13 388 12
13 397 9
14 24 19
14 39 9
14 51 20
14 58 15
14 67 3
14 70 12
14 93 9
14 97 5
14 129 15
14 132 17
14 181 9
14 217 18
14 249 2
14 288 19
14 291 7
14 293 16
14 313 4
14 324 11
14 337 3
14 338 20
14 359 4
14 376 20
14 378 19
14 387 8
14 396 1
15 18 11
15 21 8
15 24 1
15 28 14
15 30 9
15 39 1
15 84 18
15 101 1
15 114 4
15 151 11
15 177 1
15 205 9
15 208 15
15 238 14
15 243 2
15 255 7
15 273 13
15 276 15
15 299 19
15 309 9
15 318 11
15 324 13
15 339 8
15 345 11
15 392 16
16 29 16
16 45 20
16 72 3
16 84 3
16 95 18
16 105 19
16 124 14
16 149 7
16 226 9
16 232 8
16 239 11
16 250 13
16 299 14
16 303 6
16 354 7
16 381 16
16 395 10
16 397 17
17 85 15
17 86 12
17 97 10
17 122 16
17 221 12
17 244 14
17 252 7
17 256 11
17 271 1
17 317 15
17 318 11
17 346 9
17 354 20
17 400 10
18 21 4
18 76 12
18 79 9
18 114 7
18 120 5
18 141 14
18 237 3
18 260 2
18 295 3
18 390 13
19 25 12
19 42 3
19 82 1
19 105 15
19 116 16
19 122 4
19 137 10
19 151 6
19 152 18
19 163 17
19 170 6
19 252 6
19 259 8
19 285 20
19 287 7
19 291 6
19 372 14
19 389 7
20 26 10
20 55 1
20 66 8
20 104 9
20 124 2
20 128 9
20 148 20
20 162 20
20 182 15
20 207 17
20 219 5
20 258 4
20 261 19
20 278 19
20 317 8
20 322 10
20 328 3
20 355 5
20 364 9
20 372 20
20 391 4
21 55 13
21 56 10
21 65 19
21 66 1
21 102 2
21 113 7
21 141 19
21 175 15
21 185 14
21 190 6
21 194 11
21 201 10
21 272 19
21 288 12
21 339 13
21 341 15
21 342 1
22 77 15
22 92 5
22 106 17
22 110 14
22 114 8
22 116 11
22 125 10
22 132 1
22 190 3
22 232 3
22 233 10
22 259 13
22 354 14
22 365 9
22 371 15
22 387 16
23 25 16
23 48 10
23 103 8
23 124 20
23 127 18
23 144 9
23 148 3
23 157 12
23 175 11
23 200 15
23 216 8
23 239 2
23 271 15
23 295 1
23 302 12
23 308 8
23 312 10
23 330 9
23 346 1
23 354 17
23 373 20
23 381 10
23 391 7
23 394 5
24 56 16
24 57 4
24 74 12
24 93 19
24 103 18
24 112 5
24 120 2
24 125 16
24 154 3
24 186 14
24 197 15
24 265 9
24 302 8
24 387 3
24 391 6
25 63 19
25 89 11
25 92 20
25 107 8
25 115 9
25 132 16
25 161 18
25 164 3
25 264 9
25 294 6
25 315 3
25 368 13
26 38 12
26 44 9
26 51 12
26 94 13
26 111 7
26 117 13
26 120 1
26 182 7
26 184 10
26 210 2
26 219 17
26 223 3
26 229 14
26 242 14
26 255 16
26 273 7
26 286 3
26 332 10
26 335 10
26 365 12
26 375 4
26 385 14
26 398 17
27 38 2
27 40 16
27 58 20
27 59 10
27 68 17
27 80 12
27 94 11
27 113 9
27 134 19
27 167 5
27 181 8
27 190 8
27 285 5
27 295 13
27 354 13
27 371 5
28 43 9
28 49 9
28 110 19
28 142 12
28 150 13
28 182 11
28 197 20
28 204 12
28 235 4
28 243 3
28 253 11
28 267 10
28 291 8
28 305 11
28 321 2
28 324 16
29 35 2
29 62 17
29 74 1
29 79 7
29 110 2
29 122 12
29 147 6
29 155 12
29 177 4
29 279 17
29 285 10
29 293 18
29 302 5
29 308 9
29 323 6
29 344 18
29 351 1
29 370 9
29 398 18
30 63 14
30 64 17
30 77 13
30 104 10
30 112 10
30 121 12
30 139 2
30 165 14
30 167 11
30 172 3
30 180 13
30 183 4
30 205 3
30 208 1
30 217 8
30 231 15
30 249 11
30 268 19
30 270 18
30 272 1
30 293 7
30 302 1
30 309 17
30 310 7
30 312 9
30 339 2
30 366 16
30 377 17
30 390 5
30 396 14
31 89 5
31 104 5
31 123 5
31 141 17
31 166 9
31 167 18
31 168 6
31 170 10
31 181 6
31 185 4
31 206 9
31 209 18
31 279 17
31 304 5
31 305 2
31 320 17
31 331 7
31 342 6
31 389 8
32 40 1
32 75 5
32 95 16
32 118 13
32 123 12
32 220 6
32 228 14
32 248 15
32 256 1
32 259 14
32 261 17
32 268 3
32 278 13
32 362 8
32 369 8
32 389 18
32 400 4
33 59 16
33 64 6
33 69 9
33 72 20
33 79 1
33 88 15
33 112 2
33 124 18
33 183 14
33 196 14
33 214 18
33 224 19
33 258 17
33 285 14
33 296 5
33 304 16
33 328 4
33 355 3
33 390 10
34 82 13
34 84 4
34 86 3
34 94 14
34 126 14
34 127 5
34 140 1
34 154 14
34 159 8
34 160 12
34 167 12
34 186 2
34 188 16
34 195 2
34 206 4
34 223 20
34 362 2
34 381 3
34 389 7
34 395 6
35 48 20
35 104 2
35 108 19
35 132 6
35 181 1
35 189 11
35 194 20
35 228 1
35 242 2
35 289 14
35 320 4
35 342 2
35 358 14
35 389 9
36 75 10
36 92 17
36 134 12
36 149 18
36 200 19
36 216 13
36 274 11
36 293 4
36 310 9
36 360 12
36 363 8
37 39 6
37 46 2
37 66 19
37 68 13
37 106 3
37 163 12
37 182 18
37 184 12
37 198 12
37 209 15
37 213 10
37 242 2
37 301 16
37 317 8
37 344 14
37 352 9
37 354 2
37 366 8
37 369 13
37 377 15
37 389 3
38 65 7
38 117 2
38 148 8
38 153 7
38 169 1
38 184 1
38 216 4
38 270 13
38 297 17
38 315 18
38 317 20
38 318 15
38 358 17
38 361 9
38 377 13
38 390 9
39 56 14
39 75 14
39 78 14
39 79 6
39 92 10
39 109 13
39 118 6
39 240 13
39 319 6
39 322 4
39 349 12
39 361 7
39 362 16
39 391 18
40 66 8
40 68 2
40 98 10
40 101 5
40 120 19
40 188 6
40 213 20
40 236 2
40 264 18
40 271 13
40 275 20
40 298 20
40 320 3
40 358 4
40 374 10
40 389 8
41 43 17
41 44 17
41 71 5
41 85 6
41 111 4
41 151 7
41 168 4
41 201 11
41 208 18
41 214 19
41 215 14
41 228 8
41 236 20
41 286 20
41 289 2
41 313 17
41 319 3
41 330 19
41 343 12
41 361 14
41 362 6
41 378 14
41 384 12
41 391 16
41 392 3
42 55 16
42 76 11
42 93 7
42 97 18
42 113 1
42 152 20
42 223 9
42 244 15
42 291 15
42 315 14
42 356 4
42 359 10
42 367 3
42 381 5
42 389 13
42 397 10
43 67 18
43 74 6
43 78 3
43 106 8
43 121 11
43 139 15
43 157 11
43 169 17
43 174 19
43 195 7
43 308 6
43 310 7
43 315 17
43 316 15
43 318 9
43 320 5
43 334 1
43 350 17
43 361 16
43 362 20
44 49 7
44 60 8
44 86 9
44 97 7
44 105 13
44 108 16
44 127 14
44 132 16
44 151 10
44 154 6
44 155 19
44 165 15
44 167 18
44 193 8
44 213 6
44 224 5
44 231 20
44 242 20
44 278 19
44 305 16
44 318 3
44 336 5
44 340 12
44 345 9
44 367 7
44 391 6
44 396 19
45 49 3
45 67 17
45 72 13
45 80 15
45 103 8
45 124 12
45 149 3
45 163 18
45 201 1
45 269 15
45 270 19
45 278 11
45 290 20
45 292 13
45 320 11
45 329 8
45 396 16
46 61 9
46 76 3
46 81 6
46 93 17
46 116 9
46 132 16
46 146 7
46 147 5
46 153 12
46 162 1
46 172 2
46 244 13
46 307 1
46 313 1
46 318 8
46 325 7
46 329 6
46 388 2
47 63 20
47 126 1
47 143 2
47 145 13
47 152 2
47 154 16
47 171 3
47 182 4
47 237 10
47 303 6
47 311 11
47 319 19
47 328 16
47 348 4
47 370 10
47 396 8
48 70 16
48 104 20
48 137 18
48 172 6
48 173 18
48 193 15
48 197 16
48 213 16
48 244 12
48 264 9
48 304 12
48 316 2
48 320 4
48 332 14
48 336 2
48 351 3
48 357 13
48 397 8
49 61 2
49 64 13
49 68 6
49 71 6
49 97 10
49 99 5
49 100 3
49 150 16
49 163 11
49 193 19
49 226 8
49 248 4
49 284 20
49 317 11
49 329 14
49 333 8
49 336 9
49 342 7
49 357 7
49 366 15
49 368 1
49 369 15
49 374 18
49 387 20
49 390 15
49 393 18
50 56 17
50 68 20
50 84 20
50 99 18
50 107 2
50 121 1
50 153 11
50 172 10
50 175 20
50 178 18
50 180 16
50 206 2
50 258 12
50 269 1
50 281 19
50 282 12
50 295 1
50 323 18
50 346 15
50 357 14
50 364 18
51 156 3
51 174 1
51 176 7
51 213 10
51 237 1
51 256 6
51 269 2
51 271 2
51 276 20
51 295 19
51 325 11
51 328 11
51 337 1
51 366 9
52 60 7
52 72 5
52 74 16
52 87 8
52 108 2
52 122 11
52 143 10
52 223 1
52 228 14
52 248 11
52 297 1
52 305 7
52 320 15
52 329 20
52 335 6
52 347 18
53 56 18
53 82 16
53 103 20
53 106 12
53 141 5
53 154 16
53 184 12
53 194 8
53 205 10
53 241 3
53 248 3
53 264 3
53 274 1
53 294 14
53 330 9
53 336 5
53 365 4
53 373 7
54 72 8
54 78 7
54 85 11
54 96 5
54 100 8
54 117 14
54 118 9
54 155 17
54 170 16
54 238 15
54 246 1
54 267 3
54 311 14
54 343 11
54 357 7
54 360 6
54 389 3
55 75 6
55 82 9
55 100 13
55 107 18
55 123 6
55 133 9
55 135 20
55 136 2
55 147 12
55 158 10
55 194 1
55 230 10
55 234 12
55 249 1
55 269 8
55 289 9
55 306 1
55 318 10
55 359 18
55 373 4
55 378 5
55 383 7
56 100 15
56 113 2
56 115 7
56 158 12
56 159 8
56 175 8
56 191 3
56 210 2
56 211 20
56 246 11
56 271 2
56 279 15
56 301 7
56 315 3
56 322 10
56 325 20
56 341 14
56 347 2
56 357 7
56 375 6
56 385 16
56 388 8
56 396 4
57 73 16
57 95 1
57 169 18
57 216 13
57 227 6
57 243 1
57 278 11
57 321 20
57 345 16
57 398 3
57 400 9
58 102 5
58 104 10
58 109 18
58 150 14
58 175 17
58 193 5
58 228 6
58 246 19
58 278 18
58 325 16
58 375 6
59 94 1
59 102 12
59 106 1
59 144 11
59 159 4
59 190 16
59 195 3
59 221 3
59 223 1
59 230 9
59 232 9
59 235 3
59 247 10
59 265 16
59 266 9
59 298 10
59 306 7
59 335 13
59 343 15
59 350 7
59 361 2
59 398 9
59 399 1
60 81 18
60 115 6
60 116 15
60 126 19
60 151 8
60 185 9
60 186 8
60 195 19
60 204 9
60 223 16
60 243 14
60 261 11
60 288 16
60 316 20
60 318 12
60 344 8
60 350 10
60 359 5
60 374 6
60 390 6
60 394 4
61 72 4
61 73 9
61 76 2
61 78 19
61 96 12
61 104 14
61 180 19
61 184 2
61 247 14
61 252 12
61 296 6
61 323 4
61 347 10
61 353 10
61 355 20
61 357 4
61 365 19
62 65 12
62 79 14
62 87 9
62 101 19
62 117 6
62 146 17
62 159 16
62 168 13
62 230 5
62 264 7
62 270 6
62 273 12
62 326 19
62 354 4
62 374 1
62 386 9
63 66 17
63 103 15
63 122 12
63 128 17
63 141 1
63 145 6
63 152 13
63 182 3
63 184 7
63 189 1
63 218 4
63 254 5
63 282 6
63 306 11
63 308 5
63 335 17
63 349 2
63 383 10
64 88 10
64 121 9
64 131 6
64 143 13
64 149 19
64 163 2
64 189 2
64 194 15
64 218 19
64 235 16
64 262 13
64 275 16
64 302 11
64 313 6
64 324 14
64 374 13
64 383 12
65 83 3
65 110 17
65 112 18
65 140 16
65 146 13
65 202 3
65 214 12
65 272 6
65 305 2
65 307 6
65 312 10
65 317 1
65 322 3
65 343 18
65 393 9
66 100 2
66 166 17
66 171 15
66 227 20
66 232 9
66 289 15
66 293 5
66 307 14
66 328 7
66 348 3
66 351 16
67 78 3
67 86 15
67 128 11
67 165 10
67 233 7
67 279 16
67 282 12
67 283 11
67 288 7
67 325 3
67 352 3
67 387 10
68 79 9
68 118 11
68 176 5
68 181 8
68 222 6
68 283 14
68 290 4
68 302 3
68 342 17
68 361 9
68 374 12
69 99 4
69 162 3
69 163 20
69 205 2
69 275 1
69 300 2
69 304 6
69 365 6
69 366 2
70 103 11
70 114 12
70 128 9
70 171 13
70 178 2
70 184 18
70 207 7
70 211 19
70 220 5
70 228 20
70 231 19
70 256 2
70 268 9
70 272 14
70 279 4
70 281 11
70 286 3
70 297 7
70 299 15
70 311 14
70 318 8
70 331 19
70 335 5
70 398 17
71 72 10
71 74 1
71 80 14
71 93 15
71 95 17
71 98 1
71 130 6
71 144 17
71 154 10
71 159 10
71 176 15
71 187 17
71 194 18
71 201 14
71 247 12
71 252 20
71 278 2
71 286 14
71 292 10
71 297 14
71 318 4
71 344 16
71 355 20
71 382 5
72 124 12
72 218 10
72 241 7
72 281 13
72 303 4
72 318 10
72 323 5
72 389 16
73 80 1
73 93 13
73 105 5
73 109 7
73 120 6
73 133 18
73 215 1
73 230 20
73 274 6
73 276 16
73 278 19
73 279 19
73 283 3
73 284 6
73 316 11
73 319 16
73 361 16
73 376 14
73 400 11
74 89 12
74 143 10
74 147 16
74 213 5
74 248 5
74 258 19
74 262 17
74 316 2
74 329 17
74 345 7
74 351 4
74 375 14
74 388 1
75 82 8
75 83 10
75 107 11
75 126 18
75 130 20
75 146 4
75 147 15
75 151 12
75 154 20
75 156 16
75 211 13
75 222 4
75 226 9
75 236 11
75 253 12
75 259 18
75 289 2
75 301 5
75 303 19
75 328 12
75 334 7
75 361 10
75 376 5
75 396 15
75 398 2
76 99 5
76 111 8
76 150 4
76 152 8
76 191 3
76 222 6
76 223 1
76 236 2
76 261 6
76 298 13
76 320 10
76 361 17
76 377 19
77 117 17
77 128 14
77 140 3
77 144 20
77 207 16
77 234 19
77 257 12
77 267 2
77 282 7
77 350 7
77 360 11
77 365 12
77 390 7
78 81 7
78 106 4
78 121 12
78 123 8
78 140 7
78 150 10
78 164 12
78 180 6
78 211 18
78 216 17
78 229 14
78 240 7
78 246 18
78 260 10
78 315 4
78 381 2
78 393 4
79 82 7
79 132 13
79 176 14
79 178 3
79 186 19
79 200 13
79 210 18
79 228 8
79 242 13
79 264 4
79 278 1
79 296 16
79 323 20
79 372 20
79 377 10
79 390 18
80 85 14
80 98 18
80 143 3
80 145 19
80 150 10
80 151 6
80 165 1
80 179 12
80 245 14
80 250 4
80 256 18
80 261 10
80 269 19
80 302 18
80 310 14
80 314 17
80 325 11
80 344 20
80 385 10
81 105 11
81 110 4
81 140 10
81 193 17
81 214 14
81 233 13
81 279 5
81 284 17
81 315 9
81 327 8
81 332 13
81 340 3
81 366 6
81 375 5
81 384 7
82 92 6
82 116 3
82 129 20
82 140 10
82 163 5
82 175 19
82 177 2
82 200 6
82 202 8
82 220 20
82 246 6
82 263 2
82 267 14
82 277 8
82 288 5
82 289 7
82 354 19
82 368 20
82 383 12
82 399 10
83 89 3
83 99 11
83 161 16
83 179 4
83 186 20
83 204 10
83 208 6
83 233 6
83 236 11
83 242 14
83 262 8
83 273 19
83 295 12
83 305 13
83 308 3
83 319 5
83 340 19
83 347 5
84 112 15
84 125 14
84 128 12
84 146 10
84 162 10
84 213 11
84 234 6
84 240 20
84 255 16
84 331 17
84 342 19
84 363 18
84 391 12
84 394 6
85 101 11
85 124 5
85 145 16
85 159 4
85 160 12
85 165 14
85 176 6
85 182 18
85 185 12
85 196 11
85 205 19
85 217 5
85 223 13
85 251 8
85 283 11
85 358 14
85 374 15
85 392 18
86 122 6
86 131 8
86 132 19
86 141 2
86 164 9
86 198 17
86 222 15
86 225 4
86 231 3
86 279 13
86 301 3
86 313 16
86 323 6
86 343 3
87 109 4
87 112 4
87 122 6
87 126 8
87 134 19
87 148 14
87 177 5
87 213 10
87 228 5
87 266 7
87 279 6
87 285 10
87 293 5
87 294 14
87 301 14
87 338 1
87 345 14
87 352 9
88 98 6
88 102 20
88 108 5
88 123 16
88 126 5
88 137 20
88 168 10
88 178 1
88 185 3
88 241 1
88 253 13
88 257 6
88 303 18
88 317 18
88 322 1
88 327 13
88 336 17
88 355 19
88 364 10
88 368 10
88 371 19
88 400 9
89 101 13
89 106 2
89 113 4
89 115 18
89 165 14
89 167 15
89 191 11
89 198 19
89 199 3
89 203 6
89 221 11
89 347 18
89 353 19
89 363 7
89 367 9
89 395 8
90 134 12
90 146 10
90 154 15
90 188 13
90 225 15
90 231 8
90 253 13
90 261 7
90 307 1
90 313 11
90 319 10
90 323 1
90 337 18
90 355 9
91 105 19
91 107 12
91 110 3
91 137 17
91 154 4
91 215 1
91 228 3
91 241 5
91 297 11
91 316 6
91 361 6
91 398 2
91 399 7
92 116 9
92 125 8
92 136 7
92 166 3
92 167 11
92 181 4
92 195 6
92 206 2
92 213 13
92 235 9
92 249 8
92 257 15
92 262 10
92 283 14
92 318 1
92 340 14
92 359 15
92 376 5
93 99 3
93 140 16
93 150 2
93 160 19
93 164 19
93 184 17
93 195 13
93 240 18
93 276 14
93 308 19
93 331 15
93 335 11
93 358 4
93 375 15
93 397 1
94 113 2
94 114 15
94 124 7
94 146 9
94 147 10
94 149 13
94 193 18
94 209 18
94 212 20
94 252 17
94 261 11
94 283 20
94 321 18
94 342 3
94 345 12
94 349 5
94 351 3
94 363 10
94 383 9
94 385 10
95 127 9
95 137 19
95 173 16
95 176 9
95 197 3
95 208 12
95 222 2
95 238 15
95 250 9
95 255 4
95 276 15
95 300 19
95 325 15
95 337 5
95 352 4
95 368 13
95 374 13
95 399 9
96 109 20
96 112 1
96 120 6
96 148 16
96 184 14
96 190 5
96 227 7
96 247 14
96 251 17
96 270 4
96 276 14
96 286 18
96 305 1
96 312 15
96 325 6
96 330 4
96 354 5
96 366 9
96 367 19
96 371 6
96 387 10
97 98 9
97 149 1
97 167 14
97 176 7
97 178 2
97 223 18
97 257 9
97 262 15
97 267 1
97 300 18
97 308 7
97 344 3
97 356 20
97 360 5
97 370 16
97 379 9
97 399 18
98 101 4
98 108 17
98 124 19
98 132 19
98 135 8
98 186 14
98 190 2
98 205 20
98 217 16
98 274 8
98 281 13
98 284 18
98 286 20
98 297 14
99 129 12
99 130 2
99 135 1
99 155 10
99 173 17
99 189 9
99 229 19
99 245 11
99 301 20
99 330 9
99 367 4
99 395 9
100 107 19
100 145 2
100 149 9
100 154 18
100 170 7
100 249 7
100 270 12
100 299 4
100 314 2
100 328 19
100 384 7
101 122 5
101 132 5
101 136 3
101 156 13
101 161 15
101 168 13
101 186 18
101 190 1
101 204 16
101 228 9
101 231 11
101 241 12
101 270 10
101 298 2
101 342 15
101 350 16
101 359 9
101 400 7
102 155 7
102 178 13
102 208 9
102 241 19
102 259 1
102 278 18
102 318 7
102 325 9
102 333 8
102 358 8
102 359 10
102 369 18
102 386 3
102 394 2
103 120 1
103 155 6
103 161 2
103 163 17
103 168 11
103 218 14
103 235 6
103 236 12
103 251 10
103 289 8
103 314 6
103 323 15
103 353 5
103 369 2
104 153 11
104 158 5
104 262 13
104 285 11
104 287 12
104 305 4
104 354 3
104 355 10
104 377 10
104 385 11
104 389 18
105 124 1
105 127 5
105 139 12
105 202 13
105 239 12
105 258 14
105 271 9
105 300 4
105 303 8
105 329 11
105 362 11
105 381 18
105 395 17
106 161 10
106 208 8
106 228 12
106 241 13
106 254 3
106 266 11
106 271 2
106 272 19
106 303 9
106 307 10
106 312 18
106 313 3
106 327 19
106 364 12
107 135 12
107 141 18
107 173 19
107 211 20
107 213 17
107 244 6
107 245 20
107 273 1
107 275 12
107 300 13
107 328 16
107 364 1
107 379 12
108 170 10
108 182 4
108 185 4
108 233 17
108 240 12
108 244 7
108 251 2
108 254 1
108 272 4
108 282 4
108 285 17
108 295 5
108 314 15
108 372 5
109 110 7
109 115 1
109 147 14
109 185 6
109 216 11
109 234 2
109 249 2
109 260 13
109 292 8
109 299 6
109 301 20
109 339 6
109 360 18
109 371 15
109 375 9
110 115 3
110 118 10
110 182 20
110 246 11
110 267 12
110 276 3
110 311 15
110 335 6
110 379 4
111 162 3
111 168 17
111 179 14
111 227 16
111 288 3
111 327 8
111 346 16
111 366 10
111 375 4
111 385 9
112 136 8
112 202 8
112 213 12
112 217 8
112 233 20
112 269 5
112 301 1
112 313 20
112 354 17
112 380 5
113 155 2
113 158 17
113 166 3
113 180 14
113 188 1
113 194 3
113 247 11
113 259 7
113 262 20
113 283 5
113 300 12
113 303 7
113 312 11
113 336 2
113 346 5
113 369 5
113 379 5
113 387 1
113 391 14
113 396 17
114 125 10
114 131 11
114 140 10
114 167 11
114 176 1
114 188 10
114 189 13
114 214 15
114 266 20
114 275 7
114 288 6
114 299 14
114 301 3
114 318 1
114 366 18
114 374 17
114 378 2
115 117 5
115 146 3
115 171 7
115 213 3
115 227 11
115 293 9
115 310 10
115 312 13
115 337 15
115 338 20
115 361 18
115 376 14
115 379 13
116 120 13
116 137 10
116 140 19
116 182 15
116 191 8
116 193 7
116 207 5
116 255 15
116 271 19
116 278 6
116 290 16
116 300 6
116 332 12
116 341 20
117 139 7
117 188 15
117 192 18
117 203 6
117 299 3
117 339 8
117 343 12
117 345 5
117 360 16
117 380 4
118 166 1
118 180 4
118 190 20
118 207 3
118 227 10
118 246 14
118 259 10
118 324 9
118 330 9
118 342 17
118 344 14
118 348 14
118 351 19
118 353 2
118 374 7
118 380 3
118 392 15
119 121 3
119 189 11
119 273 16
119 284 3
119 294 15
119 304 18
119 311 12
119 313 9
119 333 19
119 339 3
119 341 13
119 381 1
120 133 6
120 149 4
120 151 8
120 184 10
120 196 7
120 218 20
120 264 16
120 274 3
120 286 12
120 294 14
120 305 5
120 307 19
120 314 20
120 347 4
120 384 5
121 169 15
121 215 10
121 232 12
121 241 12
121 265 14
121 323 20
121 339 16
121 348 16
121 352 2
121 361 16
121 374 14
122 145 13
122 169 3
122 176 2
122 183 2
122 187 15
122 190 15
122 240 3
122 279 6
122 307 11
122 309 18
122 317 16
122 354 19
122 380 6
122 383 16
122 389 20
122 394 12
123 163 17
123 169 19
123 175 9
123 317 19
123 337 14
123 373 9
123 393 15
124 162 17
124 163 20
124 198 2
124 227 5
124 242 11
124 277 15
124 281 19
124 299 7
124 332 17
124 396 3
125 151 13
125 156 14
125 184 5
125 194 2
125 212 2
125 236 16
125 270 7
125 286 5
125 291 20
125 306 20
125 311 6
125 315 2
125 348 14
125 354 3
125 400 11
126 154 6
126 171 1
126 172 8
126 203 14
126 235 8
126 273 4
126 329 15
126 347 6
126 355 4
126 358 10
126 372 4
126 382 1
127 160 10
127 209 2
127 213 6
127 268 18
127 275 3
127 302 12
127 309 4
127 314 7
127 340 4
127 375 12
128 168 16
128 217 5
128 268 12
128 295 20
128 324 7
129 132 2
129 138 4
129 140 2
129 144 14
129 203 6
129 208 19
129 225 2
129 235 17
129 268 13
129 274 5
129 276 9
129 321 12
129 322 5
129 337 9
129 356 16
129 371 2
129 382 18
129 396 14
130 137 10
130 143 16
130 145 3
130 160 20
130 165 4
130 226 14
130 244 19
130 288 12
130 308 13
130 311 19
130 326 6
130 336 4
130 341 7
131 138 13
131 141 4
131 149 4
131 183 8
131 220 9
131 279 7
131 280 4
131 317 7
131 331 11
131 339 6
131 343 10
131 354 19
131 365 15
131 375 11
131 377 17
132 188 9
132 201 1
132 274 5
132 276 9
132 317 20
132 333 17
132 336 19
132 358 2
132 361 1
133 134 11
133 145 18
133 149 10
133 163 1
133 184 6
133 185 4
133 187 7
133 197 18
133 198 6
133 247 16
133 252 18
133 282 1
133 289 7
133 315 2
133 334 8
133 384 14
134 155 15
134 164 10
134 178 20
134 193 13
134 243 10
134 259 3
134 302 17
134 313 18
134 322 14
134 324 10
134 330 9
134 341 16
134 360 15
135 156 12
135 191 9
135 255 17
135 289 3
135 351 17
135 362 12
135 372 20
136 197 20
136 236 15
136 237 4
136 244 14
136 259 13
136 272 9
136 289 12
136 323 4
136 358 19
137 208 14
137 217 20
137 221 6
137 222 12
137 229 4
137 250 16
137 259 10
137 274 20
137 319 10
137 327 10
137 384 14
137 390 20
138 141 9
138 157 20
138 210 4
138 217 7
138 245 9
138 260 13
138 267 3
138 361 9
138 374 3
138 376 3
138 385 13
139 145 6
139 148 6
139 175 20
139 205 12
139 217 7
139 243 8
139 292 14
139 335 4
139 352 8
139 396 12
140 147 12
140 168 14
140 169 15
140 236 5
140 294 18
140 304 4
140 312 9
140 372 6
140 394 12
141 149 1
141 152 7
141 181 9
141 194 17
141 211 13
141 261 13
141 263 16
141 264 7
141 267 3
141 279 7
141 287 8
141 306 8
141 311 4
141 353 18
141 372 9
141 376 19
141 379 15
141 382 7
142 157 13
142 158 2
142 159 20
142 177 14
142 209 11
142 230 6
142 245 4
142 287 7
142 299 11
142 335 5
142 344 14
142 378 4
142 380 12
142 395 19
143 161 3
143 163 9
143 170 8
143 177 17
143 214 9
143 260 7
143 295 5
143 311 13
143 323 13
143 324 13
143 332 11
143 364 13
143 365 16
143 366 6
143 397 11
144 167 17
144 175 4
144 181 15
144 214 3
144 227 10
144 239 19
144 240 1
144 251 13
144 258 2
144 298 14
144 326 3
145 184 5
145 195 14
145 214 17
145 215 8
145 244 8
145 251 17
145 282 8
145 308 2
145 337 9
145 365 15
145 374 8
145 375 3
145 391 13
146 160 9
146 196 3
146 216 7
146 227 19
146 255 17
146 262 18
146 301 9
146 314 3
146 323 10
146 359 14
146 371 14
147 188 19
147 198 7
147 211 5
147 214 4
147 258 13
147 394 10
148 172 15
148 230 14
148 247 13
148 249 18
148 294 8
148 301 6
148 304 19
148 315 8
148 329 6
148 368 4
148 392 11
149 167 18
149 168 2
149 184 12
149 223 18
149 226 18
149 254 3
149 270 4
149 278 17
149 280 3
149 300 11
149 308 1
149 318 16
149 319 16
149 391 11
150 153 7
150 158 19
150 200 13
150 219 12
150 229 8
150 268 17
150 278 19
150 302 19
150 354 1
150 382 17
151 158 19
151 170 12
151 191 7
151 200 13
151 230 10
151 231 15
151 233 2
151 271 5
151 284 3
151 302 17
151 306 12
151 317 6
151 340 13
151 353 7
151 392 12
152 198 3
152 206 2
152 210 1
152 223 7
152 244 13
152 250 16
152 286 12
152 290 11
152 299 8
152 319 15
152 338 1
152 339 1
152 353 16
152 392 7
153 155 16
153 170 17
153 195 18
153 199 7
153 234 13
153 251 14
153 277 4
153 300 11
153 307 2
153 315 1
153 332 9
153 334 7
153 346 16
153 357 14
153 367 7
154 177 5
154 179 13
154 185 19
154 247 9
154 259 3
154 274 18
154 288 8
154 301 6
154 309 16
154 327 15
154 358 14
154 392 14
155 161 20
155 164 13
155 166 13
155 197 10
155 213 13
155 240 13
155 262 11
155 322 8
155 328 9
155 346 11
155 354 2
155 355 6
155 364 19
155 376 9
155 393 12
156 157 11
156 173 19
156 189 13
156 198 10
156 209 20
156 266 17
156 324 12
156 382 18
156 384 18
157 182 1
157 192 14
157 209 5
157 215 5
157 236 10
157 246 5
157 254 15
157 258 7
157 310 18
157 390 14
158 163 12
158 220 10
158 238 15
158 268 18
158 277 1
158 284 2
158 291 4
158 296 5
158 300 6
158 320 5
158 329 16
158 333 19
158 339 17
158 340 13
158 341 16
158 359 9
158 378 18
158 380 12
158 391 4
159 179 2
159 194 7
159 197 2
159 205 6
159 210 20
159 233 8
159 249 8
159 260 11
159 346 11
160 192 15
160 194 3
160 205 7
160 228 5
160 271 11
160 289 4
160 294 16
160 301 10
160 344 6
161 165 12
161 191 7
161 210 1
161 233 8
161 240 16
161 253 6
161 269 14
161 280 15
161 281 4
161 291 7
161 295 14
161 345 11
162 283 8
162 289 18
162 313 9
162 324 18
162 350 14
162 353 4
162 372 13
162 380 1
162 385 13
162 391 20
163 167 1
163 168 10
163 187 1
163 210 9
163 216 12
163 231 5
163 251 13
163 256 1
163 260 5
163 268 12
163 291 7
163 318 11
163 357 11
163 376 2
164 191 2
164 227 7
164 237 7
164 245 1
164 262 3
164 298 19
164 300 17
164 310 17
164 333 1
164 339 14
164 348 17
164 349 12
164 375 18
164 387 5
165 167 1
165 184 2
165 186 3
165 199 2
165 230 4
165 247 4
165 267 15
165 270 3
165 294 7
165 332 18
165 354 12
165 388 20
165 389 12
166 173 4
166 195 7
166 204 1
166 239 4
166 245 17
166 311 11
166 316 9
166 331 17
166 344 8
167 175 12
167 189 8
167 228 15
167 240 9
167 249 16
167 257 2
167 289 17
167 296 7
167 378 1
167 385 1
168 181 14
168 191 15
168 194 12
168 196 10
168 206 10
168 247 16
168 256 7
168 264 20
168 271 7
168 276 6
168 284 1
168 324 5
169 172 3
169 218 18
169 220 20
169 251 16
169 262 9
169 281 10
169 357 18
169 374 2
169 391 11
170 177 15
170 212 14
170 214 14
170 228 18
170 240 5
170 277 15
170 287 19
170 291 9
170 292 18
170 308 10
170 342 17
170 368 8
171 187 2
171 299 17
171 305 9
171 310 6
171 314 1
171 317 9
171 333 1
171 348 10
172 192 11
172 217 15
172 218 15
172 298 16
172 327 2
172 336 5
172 350 14
172 375 13
173 179 7
173 224 10
173 238 16
173 290 2
173 306 16
173 317 12
173 340 12
173 353 16
174 185 4
174 263 10
174 286 18
174 287 11
174 290 5
174 294 12
174 334 4
174 340 1
174 344 11
174 347 6
174 362 10
175 180 9
175 251 8
175 272 11
175 281 10
175 283 8
175 296 6
175 306 18
175 320 11
175 329 13
175 331 4
175 343 13
175 350 19
175 360 10
175 361 7
175 379 17
176 192 13
176 194 13
176 223 2
176 241 10
176 277 15
176 298 10
176 322 6
176 351 20
176 374 1
176 382 5
177 193 10
177 217 18
177 247 6
177 258 9
177 314 20
177 346 13
178 193 14
178 210 9
178 226 8
178 255 6
178 262 4
178 267 12
178 291 19
178 297 20
178 316 10
178 323 10
178 348 19
178 394 9
179 243 17
179 274 6
179 276 7
179 321 20
179 336 7
179 338 8
179 361 15
179 379 5
180 192 14
180 206 14
180 209 18
180 218 6
180 284 19
180 296 6
180 311 7
180 317 16
180 320 12
180 324 15
180 327 7
180 366 15
180 372 12
181 187 12
181 237 2
181 256 17
181 261 2
181 270 15
181 295 5
181 307 19
181 355 12
181 361 13
181 376 1
181 396 7
182 212 12
182 228 18
182 234 7
182 246 6
182 259 20
182 264 20
182 272 8
182 273 17
182 282 20
182 306 13
182 309 20
182 320 18
182 367 3
182 381 10
182 391 19
183 203 5
183 207 16
183 223 13
183 232 13
183 233 10
183 240 10
183 316 9
183 320 12
183 348 15
183 352 16
183 362 15
184 188 2
184 212 5
184 231 6
184 235 4
184 259 18
184 285 1
184 345 14
184 353 15
185 194 2
185 198 20
185 227 15
185 245 2
185 261 20
185 310 6
185 340 14
185 343 2
185 350 16
185 384 6
186 220 6
186 268 10
186 269 6
186 271 2
186 301 13
186 318 10
186 328 9
186 333 5
186 337 13
186 384 4
186 391 12
187 194 17
187 195 20
187 197 7
187 219 6
187 263 6
187 265 10
187 349 7
188 217 10
188 241 16
188 256 13
188 257 14
188 288 11
188 322 5
188 330 2
188 377 16
188 398 16
189 193 15
189 197 15
189 203 14
189 211 17
189 216 13
189 241 17
189 274 8
189 278 19
189 280 18
189 297 8
189 329 15
190 224 17
190 229 13
190 254 20
190 257 12
190 301 10
190 305 2
190 307 12
190 312 10
190 314 16
190 334 14
190 347 12
190 352 15
190 378 8
190 384 15
191 235 4
191 251 14
191 268 18
191 279 5
191 309 20
191 337 10
191 352 5
191 381 19
192 222 17
192 225 1
192 241 5
192 247 5
192 259 10
192 263 12
192 289 2
192 307 7
192 332 13
192 339 14
192 399 5
192 400 4
193 235 12
193 247 12
193 252 5
193 253 9
193 263 3
193 307 1
193 317 1
193 319 4
193 333 16
193 344 16
193 370 19
193 385 7
194 211 1
194 213 3
194 239 20
194 256 18
194 272 10
194 317 3
194 361 4
194 362 1
195 201 20
195 207 16
195 259 15
195 308 10
195 333 15
195 358 11
195 370 3
195 378 20
195 382 9
196 226 11
196 228 17
196 258 3
196 277 7
196 284 10
196 289 10
196 314 13
196 348 16
196 366 13
197 209 6
197 232 1
197 240 8
197 252 4
197 271 2
197 278 4
197 293 3
197 297 10
197 304 19
197 309 1
197 325 16
197 333 1
197 400 4
198 261 20
198 311 2
198 318 20
198 324 11
198 336 4
198 381 19
199 205 15
199 210 15
199 218 12
199 227 6
199 261 8
199 267 5
199 290 15
199 305 3
199 333 13
199 337 13
199 353 15
199 389 11
200 203 13
200 241 12
200 273 2
200 286 9
200 301 3
200 341 19
200 361 12
200 381 2
200 382 9
200 384 3
201 216 5
201 230 14
201 240 16
201 244 8
201 266 13
201 313 18
201 326 12
201 331 16
201 336 18
201 365 13
201 386 7
201 388 10
202 252 16
202 271 13
202 276 6
202 277 2
202 300 2
202 322 13
202 396 6
202 399 12
203 272 20
203 305 20
203 306 1
203 339 1
203 386 19
204 209 15
204 215 6
204 227 1
204 256 3
204 306 17
204 326 1
204 364 12
204 370 3
204 388 6
204 397 10
205 211 2
205 221 4
205 247 9
205 249 2
205 255 3
205 300 8
205 302 7
205 317 16
205 323 18
205 345 15
205 348 16
205 396 2
206 224 18
206 251 5
206 328 1
206 334 16
206 363 9
206 365 2
206 370 15
206 378 14
207 258 14
207 286 11
207 301 8
207 340 7
207 366 12
208 209 15
208 223 14
208 246 19
208 308 17
208 323 17
208 325 18
208 338 19
208 351 14
208 363 7
208 396 6
209 235 10
209 283 19
209 297 15
209 325 9
209 357 12
209 367 4
209 384 4
209 396 11
210 236 6
210 257 4
210 277 19
210 285 7
210 316 6
210 329 6
210 347 16
211 250 12
211 292 12
211 357 13
211 383 9
211 393 4
212 220 1
212 239 13
212 273 7
212 288 18
212 290 6
212 292 3
212 296 13
212 311 18
212 324 14
212 342 6
212 360 11
212 363 1
212 369 12
212 379 12
213 264 7
213 303 17
213 324 14
213 337 16
213 349 20
213 352 12
213 363 6
213 364 10
213 369 8
213 374 16
214 218 14
214 225 8
214 232 8
214 247 9
214 248 9
214 282 13
214 302 7
214 315 12
214 340 2
214 377 8
214 383 7
214 385 7
214 389 6
214 390 20
214 395 14
215 250 9
215 253 10
215 259 13
215 262 6
215 273 2
215 303 14
215 325 8
215 336 10
215 351 11
215 376 9
215 385 15
216 225 6
216 228 10
216 250 14
216 273 18
216 274 2
216 279 2
216 335 17
216 361 4
216 395 5
217 266 10
217 290 10
217 291 5
217 295 8
217 300 20
217 336 20
217 358 16
217 361 15
217 365 11
217 386 6
217 392 13
217 395 16
218 235 1
218 274 1
218 301 1
218 317 12
218 369 10
218 373 11
218 377 6
219 222 8
219 236 5
219 277 6
219 331 2
219 344 17
219 392 12
220 233 3
220 265 12
220 286 11
220 299 10
220 360 13
220 378 2
220 379 4
221 243 5
221 246 14
221 256 17
221 269 14
221 273 13
221 319 4
221 323 4
221 339 3
221 343 13
221 365 14
221 373 10
222 231 18
222 270 11
222 301 5
222 306 13
222 311 14
222 322 12
222 367 2
222 385 19
222 400 7
223 249 17
223 256 18
223 290 9
223 294 13
223 311 10
223 346 1
223 354 15
224 238 2
224 247 19
224 263 2
224 275 8
224 276 10
224 283 2
224 285 10
224 290 1
224 302 6
224 307 8
224 317 5
224 338 14
224 342 2
224 360 15
224 366 17
224 385 9
225 227 15
225 246 10
225 252 12
225 274 2
225 276 12
225 318 7
225 322 17
225 344 16
225 355 14
225 385 6
226 253 7
226 262 9
226 267 9
226 299 9
226 335 20
226 395 1
227 232 13
227 238 7
227 244 2
227 249 18
227 306 18
227 346 15
227 349 13
227 383 20
227 391 5
228 261 3
228 270 5
228 289 5
228 315 18
228 353 20
228 372 5
228 375 5
228 395 13
229 232 5
229 242 14
229 252 8
229 256 20
229 257 19
229 268 3
229 283 9
229 289 17
229 292 3
229 297 1
229 322 15
229 385 6
229 396 12
230 233 18
230 276 9
230 277 5
230 324 7
230 325 9
230 326 6
230 373 7
231 233 16
231 283 17
231 303 17
231 323 2
231 330 1
231 349 5
232 280 17
232 290 5
232 320 2
232 321 1
232 325 19
233 248 17
233 268 7
233 290 19
233 293 11
233 311 4
233 313 2
233 358 16
233 379 13
233 387 19
234 239 1
234 248 9
234 266 15
234 295 16
234 308 1
234 367 7
234 390 3
235 264 12
235 300 10
235 321 13
235 339 4
235 353 1
235 384 11
236 259 6
236 262 13
236 267 19
236 295 15
236 331 2
236 341 6
237 241 16
237 279 9
237 297 2
237 308 17
237 314 16
237 349 14
237 354 18
237 357 5
237 358 20
237 381 1
238 294 14
238 297 3
238 327 12
238 341 12
238 344 8
238 354 19
238 373 18
239 253 10
239 259 13
239 269 16
239 302 19
239 318 9
239 352 5
239 370 5
239 396 18
240 266 11
240 320 5
240 327 15
240 338 17
240 350 11
240 361 7
240 367 16
240 384 6
240 392 15
241 270 12
241 299 16
241 340 5
241 346 2
241 375 15
241 378 8
241 380 15
242 298 6
242 305 19
242 367 1
242 383 9
242 385 17
242 396 20
243 276 11
243 309 11
243 332 1
243 342 10
243 351 18
243 383 6
244 266 16
244 282 16
244 283 19
244 284 8
244 324 19
244 331 19
244 332 7
244 347 11
244 368 17
244 369 17
245 267 15
245 317 2
245 329 5
245 335 5
245 343 2
246 254 18
246 269 8
246 281 16
246 295 7
246 316 8
246 330 14
246 334 10
246 392 5
247 250 10
247 267 16
247 274 11
247 334 11
247 338 4
247 351 15
248 283 7
248 292 19
248 353 9
248 370 6
248 386 13
249 276 10
249 280 8
249 342 12
249 396 14
250 252 17
250 257 7
250 265 19
250 284 20
250 300 3
250 309 1
250 326 13
250 346 2
250 375 3
250 376 20
250 380 15
250 395 9
250 399 2
251 263 17
251 264 17
251 269 17
251 311 18
251 382 5
251 397 18
252 295 16
252 302 9
252 330 18
252 376 19
253 283 9
253 390 12
254 256 16
255 274 2
255 279 17
255 283 3
255 340 19
255 367 17
255 378 10
255 397 12
256 277 12
256 279 1
256 295 4
256 359 6
256 364 12
256 389 2
256 400 11
257 260 13
257 277 18
257 300 8
257 302 8
257 303 5
257 322 16
257 333 8
257 338 10
257 343 5
257 397 17
258 261 17
258 279 11
258 283 7
258 301 2
258 335 13
258 351 8
258 364 20
258 385 1
258 392 6
258 398 7
259 261 4
259 269 7
259 312 9
259 340 18
259 361 1
259 367 18
259 368 3
259 386 1
260 264 2
260 269 9
260 275 8
260 277 11
260 290 16
260 303 12
260 339 4
260 347 6
260 358 6
260 368 17
260 384 15
260 391 8
261 269 18
261 274 12
261 305 13
261 316 20
261 326 3
261 352 2
261 371 19
262 289 11
262 310 3
262 317 1
262 326 7
262 327 13
262 359 7
262 362 19
263 277 20
263 285 7
263 290 3
263 292 13
263 296 10
263 298 11
263 302 9
263 325 11
263 370 9
263 389 9
263 398 9
264 280 7
264 281 12
264 340 19
264 358 8
264 368 9
264 391 4
265 290 11
265 297 7
265 336 17
265 339 17
265 349 7
265 386 7
265 388 13
265 392 8
266 284 19
266 295 5
266 324 6
266 345 11
266 363 9
267 285 2
267 336 13
268 278 1
268 279 5
268 312 1
268 321 3
268 329 17
268 332 18
268 339 19
268 355 10
268 381 2
268 394 1
269 272 18
269 367 11
269 370 14
269 374 14
270 277 19
270 301 9
270 353 13
270 369 8
270 382 2
270 397 3
271 304 12
271 316 11
271 336 9
271 343 12
271 370 18
272 322 18
272 336 7
272 337 15
272 342 11
272 366 2
272 392 9
273 286 8
273 288 10
273 321 15
273 345 19
273 361 11
273 365 19
273 369 16
273 374 8
273 377 9
274 287 13
274 288 6
274 291 15
274 293 18
274 329 18
274 339 1
274 375 4
274 383 9
274 389 1
274 398 1
275 310 1
275 322 11
275 333 8
275 380 3
275 390 19
276 307 19
276 361 11
276 369 15
276 374 15
276 395 8
277 279 18
277 283 11
277 297 20
277 305 7
277 319 16
277 328 10
277 330 8
277 342 1
277 389 19
278 301 19
278 306 4
278 308 13
278 318 9
278 319 7
278 325 16
278 340 4
278 355 10
278 387 19
279 367 1
279 376 15
279 379 19
280 346 7
280 356 14
280 360 13
280 375 11
280 381 9
281 291 7
281 294 18
281 297 12
281 314 19
281 315 19
281 340 17
281 397 7
282 287 5
282 297 19
282 298 20
282 333 8
282 337 18
282 370 18
282 378 3
283 299 1
283 341 20
283 380 1
283 392 18
283 396 19
284 292 11
284 303 7
284 306 18
284 332 7
284 392 1
284 398 19
285 375 12
285 378 18
286 291 18
286 296 15
286 307 17
286 318 8
286 325 19
286 326 16
286 342 5
286 371 2
286 381 3
287 288 12
287 291 16
287 297 16
287 306 15
287 309 1
287 319 7
287 360 7
287 387 19
287 391 20
287 399 4
288 294 20
288 301 14
288 342 19
288 371 10
288 383 12
289 296 20
289 311 8
289 312 17
289 355 1
289 361 9
289 366 16
289 384 15
289 390 5
290 321 9
291 304 11
291 347 16
291 357 5
291 384 19
291 391 4
292 303 3
292 307 2
292 311 2
292 340 7
292 389 8
292 393 20
293 306 14
293 311 12
293 325 3
293 397 14
294 297 14
294 309 20
294 327 16
294 329 15
294 331 9
294 344 17
294 363 13
294 373 7
294 396 11
294 397 5
295 312 20
295 329 2
295 344 11
295 392 12
296 303 6
296 330 13
296 347 20
296 362 8
296 371 3
297 331 8
298 334 5
298 366 11
298 375 10
298 393 6
298 399 4
299 356 9
299 361 20
299 365 7
299 384 16
299 399 10
300 341 16
300 343 9
301 329 7
301 341 14
301 370 7
301 396 17
302 350 10
302 358 2
302 362 1
302 384 4
302 394 1
302 398 6
303 317 13
303 332 10
303 356 8
304 306 14
304 335 9
304 368 1
304 392 1
304 393 3
305 310 19
305 358 15
305 367 19
305 375 12
306 315 12
306 320 17
306 323 11
306 330 16
306 373 13
306 386 16
307 330 4
307 338 7
307 359 8
307 372 4
307 379 18
308 326 14
308 353 19
308 354 2
308 378 6
308 393 10
308 396 16
309 353 11
309 383 16
309 397 20
310 322 12
310 352 10
310 380 6
310 383 20
310 386 3
311 332 8
311 339 19
311 359 10
311 379 4
311 388 7
311 400 1
312 334 12
312 335 19
312 355 13
313 348 1
313 366 3
313 372 19
313 375 19
313 393 12
313 400 4
314 315 16
314 325 16
314 345 6
314 378 11
314 385 20
314 395 2
315 339 17
315 375 7
315 397 13
316 330 10
316 348 14
317 332 13
317 336 8
317 349 15
317 364 1
317 388 16
318 319 2
318 321 8
318 342 19
318 343 5
318 354 11
318 373 15
319 353 9
319 379 16
320 335 11
320 336 6
320 337 7
320 343 7
320 345 4
320 349 14
320 372 5
320 389 13
320 390 19
320 392 3
321 336 9
321 343 4
321 346 14
321 348 19
321 383 17
322 323 14
322 338 19
322 372 6
322 390 9
322 398 2
322 400 20
323 328 9
323 392 9
323 395 15
324 330 8
324 364 1
324 369 5
324 380 8
324 386 14
324 392 15
325 343 3
325 381 13
325 390 13
326 383 2
327 387 12
329 332 18
330 375 6
331 363 15
331 377 1
331 378 10
331 385 3
332 339 2
332 361 10
332 364 19
333 341 11
333 360 16
333 381 2
334 356 16
334 358 15
334 399 5
335 354 11
335 364 15
335 371 1
335 388 19
336 346 10
336 350 18
336 358 17
336 370 13
336 384 8
336 392 3
336 397 19
337 366 10
338 342 14
338 352 11
339 396 20
340 344 16
340 374 20
340 375 15
340 386 11
340 387 13
341 356 15
341 357 1
341 385 17
342 395 3
342 398 8
343 344 19
343 347 18
344 364 20
345 390 14
345 396 18
346 354 19
346 393 12
347 358 13
347 394 13
347 395 20
348 349 1
348 353 10
348 365 20
350 373 4
350 380 8
350 383 12
351 387 4
351 389 13
351 392 6
352 379 19
352 385 15
353 360 6
353 374 10
354 384 5
354 389 8
355 363 7
355 368 4
355 370 8
355 372 2
355 388 14
355 389 11
356 358 9
356 366 6
356 368 6
356 381 10
356 388 8
357 359 4
357 391 1
358 360 9
358 368 18
358 372 10
358 375 2
358 378 11
358 394 7
358 398 6
359 377 8
360 399 3
361 372 10
361 382 20
361 389 12
362 391 3
363 393 7
366 373 17
366 394 7
366 395 19
366 398 19
368 384 14
368 393 8
369 381 4
369 382 5
369 392 6
371 400 7
372 385 16
373 382 19
374 394 15
374 400 15
377 398 4
379 393 1
380 386 13
382 397 20
383 384 18
389 392 4
391 392 9
394 397 12
