100 976
1 2 123
1 3 60
1 7 312
1 14 79
1 16 128
1 31 38
1 32 241
1 36 194
1 39 251
1 42 275
1 48 114
1 54 320
1 58 97
1 71 33
1 75 96
1 84 268
1 86 171
1 94 187
1 100 48
2 3 83
2 5 237
2 6 82
2 7 79
2 20 243
2 27 107
2 33 143
2 34 37
2 35 73
2 47 18
2 54 13
2 56 294
2 57 303
2 71 296
2 75 8
2 80 219
2 82 243
2 85 228
2 92 301
2 93 72
2 100 155
3 20 221
3 25 80
3 33 69
3 38 13
3 40 185
3 54 269
3 59 148
3 60 218
3 64 117
3 78 238
3 79 221
3 85 116
4 9 28
4 13 32
4 14 186
4 21 180
4 24 210
4 26 307
4 27 318
4 28 170
4 29 254
4 30 253
4 37 178
4 50 120
4 52 130
4 56 55
4 61 4
4 72 160
4 84 83
4 96 215
4 98 273
4 99 245
5 11 225
5 17 28
5 23 133
5 27 256
5 30 272
5 39 123
5 46 140
5 54 210
5 56 63
5 57 89
5 58 132
5 59 150
5 60 300
5 67 237
5 70 49
5 82 306
5 95 261
6 10 247
6 15 263
6 23 207
6 31 207
6 32 297
6 34 95
6 37 251
6 42 130
6 44 316
6 45 285
6 49 87
6 50 59
6 52 99
6 56 215
6 57 301
6 59 256
6 61 267
6 62 140
6 66 73
6 68 94
6 81 33
6 90 252
6 97 317
7 12 5
7 13 314
7 19 288
7 26 5
7 36 211
7 39 273
7 43 200
7 44 316
7 49 287
7 60 118
7 64 60
7 65 264
7 74 235
7 88 302
7 92 103
7 98 221
8 23 32
8 24 263
8 25 215
8 26 150
8 31 303
8 36 41
8 39 71
8 40 14
8 41 205
8 42 239
8 50 306
8 51 277
8 54 314
8 55 136
8 56 21
8 57 293
8 62 282
8 64 118
8 65 32
8 66 213
8 67 22
8 68 209
8 70 30
8 72 74
8 80 56
8 84 129
8 86 317
8 88 303
9 13 37
9 15 262
9 20 77
9 33 151
9 37 71
9 42 139
9 50 275
9 64 202
9 66 222
9 72 78
9 81 320
9 85 44
9 87 231
9 95 172
10 11 40
10 14 275
10 18 171
10 19 223
10 20 220
10 25 292
10 31 142
10 35 320
10 37 197
10 40 149
10 41 148
10 57 108
10 68 162
10 69 23
10 79 193
10 85 151
10 97 161
10 98 220
10 99 20
11 13 207
11 14 121
11 16 126
11 18 251
11 19 39
11 24 52
11 27 59
11 35 251
11 43 224
11 47 189
11 51 194
11 54 105
11 56 152
11 59 261
11 60 293
11 63 214
11 67 65
11 82 267
11 83 180
11 85 201
11 93 305
12 28 122
12 29 228
12 35 78
12 40 248
12 41 211
12 45 185
12 49 125
12 51 234
12 52 312
12 60 209
12 67 202
12 75 188
12 87 88
12 88 68
12 96 228
12 98 289
12 100 125
13 16 250
13 27 165
13 39 317
13 41 219
13 42 78
13 50 311
13 62 114
13 77 257
13 78 186
13 82 286
13 84 15
13 86 131
13 88 210
13 93 223
13 98 190
13 100 319
14 16 8
14 23 268
14 35 33
14 36 136
14 37 232
14 39 218
14 42 115
14 44 1
14 46 27
14 55 214
14 58 282
14 72 273
14 73 203
14 76 305
14 77 208
14 81 285
14 82 11
14 91 217
14 93 134
14 95 190
14 97 205
15 19 291
15 26 33
15 29 75
15 30 110
15 32 214
15 41 254
15 44 54
15 49 281
15 52 179
15 54 161
15 61 265
15 68 306
15 91 282
15 92 268
16 26 261
16 31 3
16 36 286
16 38 274
16 45 92
16 48 224
16 57 33
16 61 9
16 77 171
16 80 82
16 90 104
16 96 6
16 97 13
16 98 19
17 23 149
17 25 28
17 36 265
17 40 57
17 42 18
17 48 161
17 51 48
17 62 306
17 63 239
17 65 178
17 66 153
17 68 292
17 76 167
17 78 116
17 81 42
17 84 283
17 87 303
17 93 276
18 35 130
18 58 191
18 69 56
18 72 78
18 78 53
18 85 78
19 51 79
19 54 196
19 65 122
19 72 20
19 75 116
19 77 277
19 78 99
19 82 255
19 84 120
19 88 79
19 93 275
19 99 224
20 23 45
20 28 223
20 30 157
20 37 149
20 41 150
20 46 238
20 52 176
20 55 223
20 60 241
20 65 165
20 70 163
20 72 90
20 76 28
20 80 92
20 82 167
20 100 263
21 23 95
21 24 215
21 27 268
21 41 278
21 42 185
21 44 41
21 52 319
21 56 145
21 61 282
21 75 192
21 81 149
21 92 119
21 95 270
21 98 6
22 30 103
22 40 307
22 41 224
22 50 49
22 51 170
22 54 104
22 55 60
22 58 126
22 61 248
22 62 265
22 66 156
22 70 149
22 81 247
22 89 166
22 93 216
22 100 210
23 27 233
23 33 193
23 34 64
23 41 297
23 43 187
23 47 255
23 48 166
23 50 137
23 51 258
23 58 296
23 61 80
23 69 222
23 71 202
23 74 137
23 78 75
23 80 110
23 82 297
23 84 198
23 94 238
23 97 280
23 98 96
24 25 113
24 29 68
24 32 256
24 36 105
24 39 320
24 40 175
24 42 217
24 45 144
24 47 270
24 50 144
24 51 148
24 52 140
24 60 101
24 67 30
24 75 297
24 76 185
24 86 312
24 88 12
24 94 199
25 32 185
25 50 15
25 53 258
25 55 120
25 56 75
25 57 123
25 59 43
25 70 226
25 84 20
25 92 63
25 99 239
26 32 87
26 34 213
26 35 84
26 39 302
26 44 306
26 55 135
26 62 266
26 67 144
26 74 120
26 76 299
26 79 206
26 82 307
26 89 163
26 94 124
26 95 62
27 28 56
27 30 241
27 35 14
27 37 120
27 40 141
27 43 252
27 47 249
27 57 313
27 63 81
27 67 51
27 72 283
27 73 238
27 83 187
27 88 288
27 90 180
27 91 152
27 98 174
28 29 269
28 32 177
28 38 46
28 41 11
28 44 300
28 46 236
28 47 46
28 56 92
28 58 94
28 67 189
28 71 277
28 75 209
28 79 236
28 84 262
29 30 123
29 48 232
29 52 232
29 57 74
29 73 252
29 78 179
29 80 293
29 84 228
29 85 266
29 87 152
29 95 297
29 96 28
30 36 59
30 37 195
30 47 215
30 53 292
30 57 207
30 59 87
30 60 115
30 64 16
30 67 78
30 69 277
30 71 19
30 75 11
30 81 285
30 82 194
30 83 42
30 90 124
30 96 265
31 36 192
31 42 31
31 44 77
31 50 144
31 56 183
31 58 264
31 64 36
31 67 100
31 74 186
31 79 180
31 84 317
31 85 260
31 89 46
31 94 45
31 95 33
32 33 129
32 37 50
32 42 218
32 43 242
32 45 40
32 47 178
32 50 203
32 53 315
32 56 24
32 67 140
32 72 233
32 77 201
32 82 221
32 83 117
32 90 254
32 93 26
32 96 84
33 40 277
33 41 179
33 42 193
33 51 280
33 53 258
33 55 273
33 70 305
33 75 302
33 85 65
33 98 247
34 37 246
34 42 223
34 45 46
34 47 283
34 50 51
34 53 221
34 60 241
34 62 275
34 69 295
34 71 161
34 74 212
34 75 293
34 76 18
34 85 138
34 86 63
34 93 214
34 99 160
35 36 91
35 44 284
35 45 21
35 47 242
35 54 130
35 55 85
35 60 245
35 62 61
35 64 278
35 76 260
35 81 211
35 83 313
35 85 52
35 86 237
35 90 41
35 92 196
35 93 193
36 43 38
36 62 163
36 63 160
36 69 30
36 70 32
36 76 265
36 80 192
36 82 116
36 85 50
36 88 296
36 90 236
37 40 134
37 52 135
37 60 74
37 61 299
37 63 117
37 69 209
37 73 264
37 76 83
37 84 10
37 87 264
38 44 136
38 47 261
38 50 256
38 61 141
38 63 31
38 68 251
38 69 85
38 86 41
38 89 44
38 99 296
39 43 12
39 61 40
39 63 169
39 82 40
39 90 202
39 91 104
39 92 2
40 41 296
40 45 124
40 46 304
40 59 189
40 66 30
40 67 140
40 70 127
40 72 52
40 76 206
40 83 73
40 86 202
40 87 244
40 99 246
41 42 148
41 55 145
41 56 14
41 59 232
41 72 76
41 75 165
41 80 232
41 86 140
41 94 169
41 95 307
41 97 254
42 54 245
42 66 106
42 68 270
42 77 36
42 91 120
42 94 9
42 100 276
43 45 234
43 49 208
43 50 254
43 52 131
43 58 288
43 75 288
43 77 151
43 84 42
43 87 69
43 88 99
43 96 148
43 98 36
44 47 247
44 56 112
44 61 248
44 72 270
44 78 183
44 84 36
44 87 151
44 93 193
45 51 306
45 59 101
45 62 313
45 66 50
45 67 316
45 69 24
45 74 84
45 76 224
45 84 57
45 96 195
46 47 251
46 48 317
46 62 265
46 64 241
46 69 124
46 83 9
46 87 207
46 94 11
46 97 10
46 100 232
47 48 25
47 51 162
47 59 84
47 61 151
47 65 18
47 78 162
47 79 212
47 94 141
48 54 243
48 56 295
48 59 75
48 61 259
48 62 269
48 67 320
48 69 54
48 70 72
48 71 64
48 73 114
48 75 107
48 77 61
48 79 77
48 87 314
48 93 225
49 52 272
49 58 228
49 61 210
49 65 4
49 69 157
49 73 40
49 78 298
49 86 243
49 88 150
49 93 145
49 94 162
50 52 47
50 53 310
50 54 185
50 62 73
50 72 210
50 73 125
50 75 239
50 81 144
50 88 76
50 89 190
50 99 70
50 100 238
51 57 113
51 58 195
51 61 161
51 66 166
51 79 9
51 80 235
51 83 222
51 87 312
51 89 200
51 94 107
51 97 246
51 98 158
52 58 309
52 61 19
52 67 251
52 70 39
52 75 297
52 78 305
52 89 182
52 99 28
53 70 14
53 76 44
53 77 186
53 78 295
53 81 182
53 82 223
53 88 61
53 92 93
53 93 66
53 96 40
54 59 44
54 63 186
54 64 23
54 71 261
54 73 91
54 85 278
54 100 91
55 70 107
55 75 109
55 76 262
55 80 261
55 88 220
55 99 124
56 64 175
56 67 292
56 69 274
56 71 195
56 86 140
56 88 49
56 89 318
56 90 119
57 59 206
57 63 198
57 82 11
57 88 107
57 96 68
58 67 307
58 72 96
58 80 151
58 84 278
58 88 162
58 93 207
58 94 103
58 95 35
58 96 303
58 98 267
59 61 271
59 65 54
59 66 111
59 67 93
59 71 110
59 92 89
59 93 237
59 96 203
59 97 70
59 98 185
60 63 160
60 65 106
60 66 60
60 69 262
60 76 41
60 79 174
60 89 202
60 90 230
60 91 62
60 94 283
61 68 186
61 70 243
61 72 26
61 78 76
61 87 44
61 88 178
62 71 70
62 74 122
62 77 58
62 84 228
62 93 69
62 94 63
62 96 137
62 98 268
62 99 54
63 70 179
63 71 94
63 76 317
63 77 125
63 86 76
63 87 291
63 88 243
63 93 13
63 94 173
63 95 259
63 99 230
64 70 27
64 77 208
64 78 62
64 86 85
64 88 232
65 73 194
65 75 230
65 82 201
65 90 319
65 99 167
66 70 140
66 71 104
66 76 163
66 80 257
66 88 60
66 90 182
67 70 54
67 72 45
67 78 103
67 84 210
67 85 95
67 93 131
67 96 20
67 99 3
68 71 199
68 74 239
68 88 308
68 89 132
68 91 274
68 98 101
69 71 172
69 76 121
69 78 122
69 79 73
69 87 17
69 88 97
69 89 174
69 93 210
69 96 89
70 78 189
70 79 306
70 88 277
70 96 23
70 98 111
71 73 143
71 78 217
71 91 305
71 94 94
72 75 113
72 84 152
72 97 63
73 74 86
73 84 34
73 93 117
74 81 69
74 83 233
74 84 52
74 88 132
74 89 206
74 92 249
74 94 57
74 96 89
74 100 287
75 79 67
75 85 143
75 89 280
75 92 282
75 95 65
75 96 110
75 98 71
76 84 75
76 86 48
76 89 282
76 90 100
77 84 57
77 89 304
77 90 78
77 91 267
78 81 101
78 82 180
78 85 140
78 88 94
78 93 126
78 98 258
79 81 246
79 82 162
79 88 232
79 89 125
79 94 242
79 100 199
80 84 106
80 87 158
80 89 48
80 94 207
80 99 243
80 100 310
81 83 131
81 85 36
81 93 35
81 95 121
81 96 30
82 91 36
82 92 147
82 93 279
82 96 141
82 99 34
83 86 252
83 89 146
83 99 63
84 94 17
84 95 256
85 86 42
85 91 195
86 92 58
86 98 272
86 99 307
87 99 129
88 89 101
88 95 9
88 97 34
89 96 284
89 99 83
89 100 115
90 96 40
90 97 315
91 93 223
91 97 21
92 97 15
94 98 180
96 98 137
96 100 163
98 99 191
99 100 103
