400 3967
1 3 272
1 74 132
1 114 301
1 128 126
1 165 47
1 175 108
1 177 140
1 189 250
1 192 85
1 222 27
1 242 237
1 252 185
1 274 9
1 285 265
1 295 177
1 321 179
1 347 63
1 380 131
2 70 301
2 72 166
2 87 12
2 110 287
2 119 160
2 127 168
2 136 120
2 148 252
2 155 225
2 167 212
2 182 82
2 202 289
2 214 316
2 215 177
2 234 136
2 238 170
2 250 238
2 269 186
2 300 160
2 337 227
2 355 59
2 369 11
2 374 41
2 381 63
2 395 70
3 27 21
3 44 211
3 85 30
3 91 266
3 110 219
3 121 294
3 127 51
3 135 42
3 158 231
3 178 70
3 220 108
3 234 84
3 259 198
3 308 72
3 320 314
3 343 303
3 352 134
3 367 204
3 379 149
4 15 208
4 26 3
4 116 23
4 123 249
4 128 210
4 144 224
4 151 139
4 153 245
4 178 102
4 197 292
4 210 3
4 212 265
4 225 186
4 235 245
4 256 149
4 272 68
4 280 145
4 326 132
4 332 128
4 362 71
4 363 228
4 395 124
4 398 150
5 48 292
5 62 271
5 82 263
5 120 52
5 127 247
5 134 188
5 157 196
5 160 314
5 185 79
5 198 151
5 210 295
5 237 106
5 265 9
5 267 266
5 274 88
5 275 267
5 294 227
5 295 156
5 304 179
5 305 107
5 318 220
5 330 68
5 353 190
5 363 174
5 375 200
5 378 197
5 384 213
5 390 195
6 24 49
6 36 201
6 95 191
6 108 192
6 135 116
6 163 276
6 175 50
6 178 23
6 213 68
6 241 99
6 307 41
6 334 320
6 337 183
6 357 298
6 365 23
6 369 150
6 370 186
6 378 109
7 10 313
7 22 209
7 26 93
7 60 253
7 65 175
7 69 53
7 95 88
7 97 191
7 129 132
7 161 284
7 164 207
7 168 114
7 169 91
7 220 142
7 232 225
7 241 108
7 256 167
7 276 42
7 282 303
7 288 286
7 302 115
7 343 100
7 344 163
7 381 213
7 394 169
7 396 101
7 399 87
8 29 81
8 55 22
8 61 171
8 81 137
8 90 189
8 125 165
8 132 179
8 147 153
8 170 228
8 220 222
8 224 257
8 226 210
8 255 301
8 276 280
8 279 219
8 291 109
8 303 231
8 328 186
8 339 69
8 382 88
9 13 30
9 55 182
9 75 251
9 76 231
9 80 160
9 84 126
9 114 34
9 129 320
9 147 272
9 150 90
9 164 127
9 220 210
9 228 167
9 267 93
9 272 39
9 277 264
9 292 46
9 313 130
9 320 74
9 344 262
9 356 149
9 358 186
9 391 135
10 11 82
10 33 26
10 48 87
10 58 278
10 79 118
10 95 59
10 98 183
10 101 65
10 103 81
10 163 119
10 166 191
10 187 280
10 216 206
10 265 212
10 269 213
10 285 56
10 348 284
10 363 255
10 373 31
10 376 261
11 25 140
11 32 279
11 100 177
11 114 245
11 125 80
11 127 305
11 136 276
11 151 112
11 184 297
11 229 7
11 231 89
11 247 16
11 290 221
11 320 150
11 340 291
11 353 153
11 356 99
11 377 281
11 387 226
11 394 175
12 41 112
12 78 36
12 148 243
12 164 5
12 168 214
12 176 81
12 190 41
12 201 181
12 205 241
12 209 130
12 284 246
12 295 192
12 319 83
12 338 184
12 378 165
13 35 169
13 46 40
13 75 171
13 127 291
13 188 119
13 231 187
13 264 66
13 275 271
13 284 164
13 311 197
13 326 138
13 352 229
13 364 296
14 17 104
14 18 180
14 30 269
14 45 298
14 49 16
14 68 41
14 92 117
14 103 265
14 104 308
14 109 303
14 126 92
14 133 237
14 137 65
14 146 100
14 158 256
14 162 237
14 177 304
14 186 236
14 189 97
14 190 212
14 307 112
14 309 77
14 352 196
14 397 40
15 150 266
15 161 189
15 178 227
15 192 282
15 209 67
15 216 282
15 246 171
15 277 264
15 303 52
15 308 110
15 387 60
15 388 152
16 51 237
16 80 29
16 113 197
16 134 279
16 135 105
16 165 252
16 173 246
16 176 147
16 189 72
16 190 65
16 206 198
16 209 81
16 210 122
16 212 203
16 214 178
16 218 7
16 228 319
16 245 199
16 249 61
16 252 106
16 253 161
16 261 306
16 267 193
16 306 227
16 329 149
16 361 51
16 370 166
16 383 312
16 395 65
16 398 103
16 400 33
17 25 14
17 89 89
17 90 112
17 95 258
17 110 280
17 173 109
17 180 235
17 192 20
17 202 175
17 206 101
17 212 31
17 228 241
17 236 228
17 241 121
17 298 115
17 321 143
18 25 154
18 36 240
18 76 91
18 124 159
18 156 262
18 163 125
18 178 29
18 179 78
18 184 269
18 185 296
18 194 259
18 198 149
18 222 172
18 294 320
18 296 59
18 323 153
18 342 255
18 392 287
19 75 57
19 77 239
19 79 70
19 99 173
19 106 73
19 146 168
19 163 189
19 181 309
19 205 85
19 211 74
19 298 307
19 315 26
19 341 18
19 350 245
19 372 228
19 385 234
19 390 183
20 37 43
20 82 214
20 97 317
20 123 151
20 156 47
20 169 197
20 170 148
20 181 4
20 183 206
20 199 125
20 205 96
20 214 12
20 227 36
20 237 315
20 243 282
20 247 84
20 278 56
20 284 40
20 317 107
20 326 4
20 337 12
20 364 146
20 367 316
21 22 111
21 52 100
21 59 1
21 103 176
21 113 152
21 126 289
21 130 119
21 138 10
21 145 285
21 177 8
21 185 82
21 197 182
21 253 301
21 271 165
21 274 129
21 282 76
21 299 247
21 308 98
21 314 62
21 322 171
21 327 3
21 333 33
21 342 88
21 345 100
21 386 107
22 37 309
22 45 244
22 47 249
22 63 292
22 70 253
22 116 163
22 133 14
22 151 24
22 152 309
22 189 316
22 192 58
22 201 223
22 203 110
22 210 174
22 256 255
22 262 157
22 273 86
22 284 156
22 287 288
22 297 304
22 317 63
22 337 208
22 354 243
22 372 320
22 379 55
22 389 208
22 391 182
23 33 251
23 44 298
23 82 174
23 87 127
23 110 29
23 137 315
23 169 268
23 174 69
23 196 263
23 216 193
23 239 41
23 243 247
23 247 2
23 320 93
23 324 228
23 346 236
23 374 93
23 377 280
24 34 185
24 72 178
24 85 169
24 102 170
24 105 146
24 174 211
24 185 78
24 220 196
24 245 123
24 263 168
24 268 293
24 328 288
24 334 229
24 340 62
24 345 261
24 397 70
25 27 276
25 121 143
25 150 310
25 156 293
25 193 310
25 197 172
25 269 120
25 279 82
25 297 85
25 321 178
25 338 263
25 387 162
25 400 81
26 55 92
26 69 38
26 96 72
26 102 81
26 107 61
26 136 208
26 160 19
26 208 34
26 225 173
26 278 240
26 300 74
26 308 79
26 345 294
26 350 301
26 368 81
26 376 39
27 38 184
27 87 264
27 163 104
27 186 257
27 254 225
27 280 178
27 292 31
27 367 118
27 385 285
28 53 101
28 74 147
28 97 209
28 99 101
28 131 6
28 160 145
28 172 276
28 196 167
28 215 111
28 228 35
28 231 159
28 279 18
28 333 218
28 349 116
28 391 35
28 395 142
29 41 290
29 53 175
29 66 309
29 73 161
29 87 130
29 102 164
29 160 2
29 196 281
29 200 26
29 215 289
29 235 294
29 258 39
29 261 99
29 287 262
29 365 86
29 368 241
29 379 254
30 37 244
30 61 119
30 143 115
30 205 199
30 207 160
30 235 287
30 237 188
30 259 91
30 298 65
30 342 255
30 367 221
30 387 247
31 42 82
31 48 159
31 56 187
31 103 21
31 162 128
31 274 293
31 313 215
31 317 80
32 57 78
32 89 59
32 94 229
32 109 212
32 139 4
32 181 211
32 198 286
32 200 210
32 204 24
32 225 279
32 240 95
32 248 109
32 253 299
32 291 249
32 308 160
32 348 229
32 373 124
32 393 135
33 35 255
33 43 158
33 70 315
33 122 2
33 126 206
33 131 176
33 153 291
33 156 269
33 177 33
33 181 38
33 194 126
33 217 74
33 232 295
33 242 304
33 261 41
33 263 176
33 275 256
33 282 279
33 297 123
33 306 164
33 309 306
33 330 304
33 343 265
33 360 285
34 38 235
34 41 215
34 66 214
34 72 196
34 73 250
34 86 238
34 115 25
34 132 270
34 135 52
34 154 292
34 172 134
34 227 36
34 230 32
34 231 152
34 252 312
34 270 185
34 291 95
34 316 198
34 324 25
34 331 244
34 356 271
34 357 49
34 364 110
34 367 174
34 376 63
34 384 181
34 400 156
35 37 114
35 57 215
35 70 248
35 82 288
35 84 100
35 93 80
35 96 29
35 122 120
35 164 64
35 165 207
35 166 8
35 214 205
35 224 259
35 258 220
35 286 269
35 291 168
35 359 239
35 391 1
35 394 158
36 65 186
36 106 92
36 117 188
36 123 47
36 211 95
36 282 198
36 285 79
36 329 300
36 343 175
36 347 252
36 379 178
37 45 249
37 60 155
37 66 162
37 85 165
37 143 104
37 157 113
37 183 140
37 227 24
37 254 5
37 260 63
37 299 33
37 353 163
37 394 146
38 44 305
38 48 192
38 55 273
38 80 243
38 87 170
38 90 105
38 114 53
38 119 194
38 123 145
38 130 25
38 137 20
38 167 151
38 168 275
38 192 292
38 224 64
38 242 223
38 259 72
38 266 202
38 269 98
38 275 250
38 277 151
38 294 123
38 297 111
38 362 2
38 381 51
38 388 183
39 43 71
39 81 53
39 109 89
39 150 39
39 152 100
39 153 237
39 155 244
39 169 6
39 192 222
39 194 77
39 210 274
39 227 255
39 239 78
39 270 180
39 298 29
39 326 59
39 337 109
39 343 207
40 48 126
40 67 219
40 70 235
40 73 90
40 76 30
40 78 34
40 112 196
40 176 53
40 194 114
40 204 298
40 241 16
40 243 314
40 257 202
40 269 219
40 277 220
40 282 217
40 306 39
40 326 81
40 328 21
40 334 302
40 361 138
40 368 300
41 64 114
41 108 80
41 131 75
41 171 81
41 218 286
41 222 125
41 229 186
41 243 204
41 250 250
41 256 293
41 264 138
41 276 110
41 287 223
41 303 279
41 325 118
41 329 190
41 335 181
41 361 271
41 367 166
41 372 282
41 374 212
41 375 280
41 382 33
42 48 1
42 105 182
42 201 47
42 210 179
42 228 309
42 236 171
42 238 156
42 282 137
42 287 178
42 293 216
42 303 226
42 306 19
42 309 317
42 358 113
42 367 45
42 396 127
43 56 97
43 57 55
43 60 290
43 78 220
43 111 28
43 132 260
43 254 44
43 279 226
43 289 224
43 308 90
43 325 136
43 331 44
43 333 252
44 61 48
44 82 144
44 97 108
44 131 212
44 134 313
44 149 41
44 162 160
44 199 311
44 206 61
44 207 301
44 213 217
44 249 4
44 296 264
44 311 170
44 313 200
44 316 275
44 339 142
44 357 205
44 376 88
44 391 13
44 392 165
45 72 107
45 88 290
45 129 234
45 139 78
45 150 302
45 162 12
45 184 236
45 209 7
45 212 5
45 267 28
45 316 202
45 329 80
46 78 193
46 92 249
46 105 314
46 108 209
46 141 123
46 178 234
46 179 301
46 182 263
46 219 107
46 249 310
46 259 243
46 266 267
46 272 133
46 286 209
46 287 149
46 379 188
46 384 138
47 59 220
47 70 157
47 127 239
47 139 215
47 156 207
47 163 101
47 170 200
47 193 43
47 197 245
47 231 252
47 239 219
47 246 220
47 256 97
47 257 88
47 272 268
47 278 166
47 295 240
47 316 106
47 359 147
48 63 55
48 66 174
48 75 1
48 95 78
48 140 52
48 145 315
48 148 306
48 180 106
48 208 109
48 273 83
48 299 14
48 306 125
48 324 85
48 334 60
48 341 304
48 363 91
49 115 20
49 124 273
49 126 41
49 136 162
49 154 92
49 156 226
49 160 52
49 170 298
49 176 230
49 180 111
49 201 223
49 202 216
49 208 84
49 209 46
49 223 161
49 226 60
49 227 237
49 242 22
49 243 297
49 268 185
49 273 183
49 281 41
49 287 285
49 308 256
49 327 62
49 341 75
49 342 76
49 346 261
50 69 51
50 97 292
50 101 94
50 104 211
50 106 53
50 111 26
50 121 189
50 153 299
50 170 256
50 203 172
50 209 118
50 247 251
50 263 306
50 272 80
50 277 233
50 290 320
50 292 185
50 293 97
50 339 182
50 344 93
50 357 249
50 375 187
51 135 45
51 206 260
51 237 97
51 238 217
51 296 161
51 301 193
51 366 141
51 374 1
52 69 23
52 79 41
52 90 277
52 106 258
52 107 68
52 111 273
52 145 110
52 149 104
52 159 214
52 174 9
52 183 276
52 189 24
52 202 18
52 209 95
52 210 184
52 214 99
52 226 125
52 270 236
52 278 141
52 289 294
52 306 164
52 377 159
52 388 144
53 73 103
53 76 138
53 102 106
53 119 120
53 164 289
53 197 13
53 201 230
53 264 283
53 288 106
53 304 94
53 389 198
54 78 221
54 83 22
54 97 250
54 102 53
54 175 205
54 183 51
54 195 314
54 218 244
54 232 51
54 234 35
54 252 282
54 309 144
54 312 264
54 334 144
54 398 87
55 75 17
55 80 76
55 100 223
55 101 94
55 117 117
55 142 97
55 149 260
55 156 318
55 246 289
55 257 236
55 294 254
55 308 276
55 345 264
55 377 240
55 380 136
56 115 53
56 144 117
56 150 37
56 187 302
56 207 308
56 257 74
56 267 4
56 273 80
56 283 70
56 284 313
56 293 78
56 378 184
56 394 19
56 397 77
57 101 249
57 132 71
57 134 288
57 136 253
57 184 157
57 185 251
57 189 287
57 190 134
57 200 254
57 211 26
57 229 71
57 246 85
57 255 237
57 276 226
57 334 112
57 354 103
57 364 34
57 383 308
57 387 314
58 77 7
58 83 59
58 93 304
58 107 22
58 139 128
58 155 278
58 171 274
58 205 6
58 231 281
58 248 208
58 252 134
58 262 24
58 288 190
58 292 60
58 319 79
58 324 89
58 331 320
58 332 245
58 336 169
58 338 153
58 351 280
58 372 201
58 384 111
59 65 157
59 108 48
59 111 105
59 124 89
59 138 184
59 189 29
59 192 246
59 287 146
59 300 277
59 328 229
59 338 107
59 379 296
60 66 142
60 68 251
60 79 172
60 85 220
60 86 305
60 102 253
60 105 202
60 128 298
60 165 39
60 197 200
60 269 291
60 318 96
60 332 25
60 341 96
60 380 247
60 393 273
61 70 193
61 83 89
61 92 207
61 100 300
61 101 124
61 105 20
61 122 127
61 126 179
61 128 262
61 129 264
61 134 178
61 164 214
61 180 275
61 182 121
61 188 60
61 219 151
61 297 217
61 304 250
61 321 197
61 375 100
61 385 48
62 76 37
62 78 101
62 81 86
62 103 305
62 211 56
62 236 20
62 243 98
62 249 293
62 278 168
62 305 143
62 309 31
62 335 46
62 342 222
63 72 285
63 78 254
63 82 257
63 84 104
63 93 258
63 119 14
63 125 211
63 151 171
63 168 86
63 188 29
63 218 125
63 243 289
63 255 104
63 272 66
63 276 257
63 327 277
63 354 102
64 75 169
64 106 50
64 117 85
64 126 66
64 138 204
64 140 73
64 158 96
64 159 285
64 194 274
64 205 213
64 209 243
64 272 109
64 276 112
64 282 156
64 307 58
64 319 305
64 349 257
64 353 264
64 365 243
64 381 210
64 386 212
64 396 222
65 102 168
65 123 210
65 171 90
65 188 3
65 204 245
65 212 56
65 220 216
65 223 309
65 256 102
65 258 65
65 263 10
65 365 70
65 389 237
65 391 105
66 80 152
66 122 290
66 125 261
66 150 93
66 164 151
66 172 181
66 199 7
66 210 263
66 224 46
66 229 59
66 231 36
66 252 81
66 255 235
66 262 241
66 266 126
66 289 285
66 338 125
66 385 70
66 398 63
67 79 308
67 107 174
67 144 86
67 152 29
67 157 13
67 177 311
67 216 45
67 258 49
67 273 65
67 293 144
67 300 78
67 308 34
67 317 128
67 329 14
67 360 131
67 380 163
67 399 46
68 164 183
68 165 287
68 243 150
68 298 292
68 300 188
68 341 172
68 346 153
68 350 320
68 355 74
68 382 309
68 391 123
69 83 162
69 86 276
69 123 285
69 132 61
69 141 194
69 153 247
69 190 264
69 205 187
69 306 143
69 348 237
70 139 221
70 205 186
70 213 255
70 227 130
70 241 178
70 257 135
70 288 57
70 308 297
70 313 267
70 328 293
70 340 31
70 342 80
70 354 157
70 365 274
70 370 4
70 377 265
70 385 306
70 387 89
70 398 50
71 124 106
71 130 52
71 132 260
71 138 64
71 157 286
71 170 90
71 180 276
71 208 129
71 214 197
71 217 118
71 226 221
71 231 302
71 244 202
71 262 103
71 309 98
71 322 158
71 339 150
71 351 276
71 386 85
71 392 197
72 109 176
72 187 198
72 191 10
72 209 110
72 274 151
72 308 168
72 325 239
72 334 129
72 342 268
72 378 79
72 394 293
72 398 67
73 98 289
73 109 71
73 120 77
73 128 88
73 169 304
73 211 184
73 212 318
73 227 23
73 250 261
73 254 156
73 286 27
73 304 197
73 320 43
73 395 51
74 81 46
74 92 267
74 106 231
74 121 192
74 125 175
74 131 301
74 171 279
74 178 44
74 192 134
74 211 219
74 220 315
74 222 177
74 230 48
74 263 303
74 269 26
74 270 103
74 283 215
74 284 170
74 340 104
74 369 175
74 378 158
74 388 100
75 80 204
75 100 38
75 127 207
75 132 112
75 149 79
75 201 108
75 211 75
75 214 316
75 242 58
75 250 235
75 266 80
75 273 53
75 282 90
75 290 292
75 305 233
75 351 38
75 392 115
75 394 246
76 83 157
76 86 87
76 102 287
76 107 112
76 112 274
76 124 83
76 132 158
76 137 211
76 174 214
76 225 202
76 232 281
76 237 267
76 239 164
76 245 136
76 255 60
76 264 285
76 277 179
76 335 314
76 350 119
77 92 174
77 94 300
77 101 80
77 111 13
77 148 315
77 169 171
77 174 311
77 178 316
77 252 166
77 254 217
77 286 150
77 289 83
77 299 285
77 303 273
77 339 150
77 380 207
77 395 237
78 101 12
78 146 54
78 150 308
78 154 277
78 159 63
78 160 236
78 173 25
78 204 145
78 208 194
78 290 261
78 301 53
78 308 168
78 366 165
78 381 268
78 387 47
79 81 56
79 93 185
79 97 98
79 169 296
79 227 284
79 231 208
79 244 29
79 272 167
79 382 32
80 181 240
80 217 238
80 234 110
80 252 128
80 254 247
80 266 124
80 318 60
80 325 11
80 330 210
80 357 27
80 385 172
81 141 298
81 149 145
81 197 103
81 330 310
81 349 171
81 364 223
81 383 268
81 398 147
82 95 255
82 105 22
82 110 246
82 133 224
82 157 28
82 189 264
82 203 86
82 207 217
82 225 308
82 227 279
82 260 270
82 272 306
82 297 265
82 303 6
82 338 316
82 372 240
82 397 39
83 109 289
83 153 308
83 163 286
83 176 12
83 236 261
83 281 53
83 292 281
83 322 266
83 346 272
83 357 234
83 366 138
83 392 309
83 394 233
83 399 128
84 99 268
84 123 269
84 136 89
84 144 265
84 150 14
84 159 203
84 230 49
84 247 19
84 257 48
84 281 66
84 297 91
84 318 122
84 368 202
84 386 112
85 134 220
85 147 295
85 201 271
85 233 253
85 282 23
85 298 308
85 336 244
85 345 150
85 360 169
86 95 311
86 112 257
86 124 70
86 140 115
86 157 296
86 175 191
86 243 240
86 272 115
86 283 191
86 284 301
86 296 214
86 298 106
86 299 173
86 354 83
86 390 99
87 90 103
87 96 140
87 121 231
87 129 25
87 147 66
87 207 133
87 210 142
87 242 154
87 244 190
87 250 318
87 289 191
87 291 176
87 318 223
87 321 65
87 343 115
88 92 189
88 125 199
88 161 107
88 162 220
88 212 53
88 221 238
88 226 17
88 237 1
88 263 167
88 266 75
89 103 316
89 113 137
89 159 282
89 176 142
89 206 101
89 214 196
89 219 307
89 257 69
89 258 173
89 267 70
89 279 22
89 297 47
89 298 293
89 323 58
89 340 182
89 350 113
89 366 293
90 100 160
90 131 129
90 139 16
90 162 243
90 178 279
90 179 127
90 199 206
90 221 203
90 234 200
90 272 239
90 273 62
90 305 134
90 352 181
91 101 33
91 112 149
91 122 103
91 123 301
91 124 217
91 192 130
91 216 187
91 239 205
91 240 291
91 241 85
91 259 238
91 274 264
91 276 313
91 288 225
91 295 161
91 305 25
91 308 133
91 365 209
91 400 196
92 118 187
92 121 42
92 126 134
92 176 123
92 215 50
92 228 291
92 231 71
92 247 234
92 253 183
92 304 166
92 364 38
92 365 43
93 103 170
93 106 113
93 133 62
93 163 148
93 188 131
93 198 195
93 202 210
93 205 167
93 250 211
93 264 45
93 286 215
93 301 161
93 308 210
93 322 42
94 110 117
94 113 253
94 180 43
94 210 279
94 261 120
94 269 248
94 280 294
94 316 88
94 337 41
94 347 89
94 400 1
95 108 138
95 131 132
95 137 213
95 182 271
95 194 182
95 226 246
95 232 186
95 245 218
95 250 95
95 296 154
95 308 215
95 355 36
95 399 124
96 99 93
96 102 43
96 113 66
96 176 161
96 185 296
96 189 288
96 217 264
96 221 147
96 260 286
96 273 89
96 302 239
96 342 267
96 359 288
96 363 271
96 377 224
97 104 65
97 106 243
97 110 270
97 113 309
97 153 62
97 155 24
97 199 191
97 221 173
97 246 224
97 250 311
97 273 209
97 293 275
97 301 250
97 316 102
97 318 191
97 338 261
97 339 264
97 356 219
97 361 170
97 364 304
97 368 266
98 104 33
98 117 153
98 120 118
98 151 277
98 153 261
98 169 29
98 177 172
98 198 23
98 200 297
98 217 112
98 219 157
98 322 49
98 332 30
98 342 22
98 349 183
98 366 287
99 105 3
99 122 249
99 163 211
99 250 66
99 256 124
99 261 140
99 266 34
99 290 191
99 317 305
99 333 285
100 112 205
100 135 113
100 188 253
100 190 207
100 215 11
100 248 46
100 252 288
100 254 91
100 265 30
100 287 295
100 292 2
100 301 176
100 307 38
100 333 37
100 335 149
100 363 29
100 378 26
101 132 51
101 137 90
101 149 103
101 158 295
101 159 307
101 205 122
101 227 64
101 244 192
101 255 57
101 267 221
101 274 233
101 323 50
101 390 129
102 126 276
102 128 290
102 139 315
102 149 299
102 190 37
102 203 245
102 224 171
102 237 309
102 260 38
102 280 99
102 320 127
102 329 15
102 333 108
102 334 286
102 343 56
102 345 183
102 384 19
102 395 159
103 109 195
103 140 62
103 145 259
103 150 180
103 156 280
103 162 203
103 167 95
103 184 68
103 209 104
103 211 245
103 243 167
103 264 11
103 268 242
103 302 11
103 332 21
103 342 247
103 346 155
103 359 129
103 382 236
104 132 160
104 133 72
104 145 284
104 161 87
104 165 18
104 244 250
104 247 159
104 249 206
104 301 297
104 320 247
104 331 195
104 355 300
104 370 157
104 388 159
104 389 278
105 128 251
105 137 157
105 149 74
105 218 188
105 222 140
105 246 24
105 264 36
105 277 214
105 282 56
105 289 120
105 326 168
105 383 273
105 388 10
105 396 109
106 137 275
106 204 13
106 232 185
106 271 42
106 278 228
106 299 160
107 114 78
107 127 200
107 131 267
107 140 61
107 163 167
107 179 305
107 206 146
107 219 178
107 248 69
107 257 12
107 263 233
107 277 260
107 290 128
107 312 169
107 341 217
107 379 281
107 386 279
108 133 218
108 195 305
108 201 140
108 223 231
108 230 237
108 235 248
108 246 24
108 247 110
108 289 134
108 317 41
108 322 59
108 334 69
108 339 9
108 340 53
108 373 63
108 378 312
109 122 13
109 140 187
109 154 210
109 179 169
109 180 276
109 228 133
109 229 201
109 281 277
109 283 304
109 286 305
109 288 27
109 303 140
109 305 167
109 322 76
109 324 43
109 365 185
109 372 200
109 388 142
109 395 8
110 149 247
110 160 227
110 181 123
110 196 303
110 219 2
110 240 197
110 253 89
110 277 179
110 324 34
110 356 124
110 368 19
111 140 302
111 170 256
111 201 67
111 216 318
111 247 55
111 283 211
111 292 276
111 322 167
111 378 190
111 382 93
112 123 280
112 129 303
112 147 10
112 195 141
112 198 16
112 202 252
112 206 59
112 221 224
112 224 80
112 251 142
112 252 205
112 279 189
112 322 252
112 333 235
113 177 44
113 205 99
113 213 154
113 217 205
113 239 146
113 241 227
113 251 241
113 317 185
113 343 264
113 392 76
113 398 193
114 118 251
114 126 79
114 144 118
114 161 92
114 165 179
114 213 315
114 268 297
114 269 208
114 272 144
114 291 39
114 296 49
114 310 212
114 330 6
114 336 127
114 339 183
114 352 168
114 384 175
115 174 140
115 274 45
115 288 229
115 299 152
115 303 179
115 338 147
115 350 112
115 392 204
116 122 161
116 154 153
116 179 308
116 186 282
116 209 120
116 213 95
116 220 212
116 221 61
116 229 187
116 251 15
116 260 46
116 264 109
116 265 185
116 295 129
116 313 162
116 347 299
116 358 222
116 361 220
116 374 279
117 170 151
117 172 53
117 196 271
117 203 286
117 220 216
117 249 89
117 271 260
117 287 277
117 316 253
117 335 203
117 338 297
117 377 14
117 384 249
118 120 59
118 193 248
118 197 283
118 248 2
118 250 245
118 279 19
118 282 101
118 298 184
118 308 67
118 317 150
118 339 180
118 365 99
118 389 198
119 136 93
119 144 258
119 157 37
119 165 216
119 167 283
119 183 179
119 193 78
119 208 174
119 209 84
119 273 315
119 282 206
119 345 253
119 350 122
119 355 86
119 376 108
119 400 69
120 142 171
120 154 3
120 167 54
120 187 168
120 233 298
120 251 297
120 259 59
120 272 235
120 285 228
120 305 243
120 336 124
120 342 64
120 373 302
120 387 99
120 393 262
121 129 169
121 131 163
121 168 223
121 220 207
121 275 71
121 279 159
121 352 166
121 355 206
121 386 224
122 144 234
122 150 84
122 220 257
122 281 52
122 298 57
122 350 171
122 357 45
122 359 153
122 396 199
123 167 74
123 204 52
123 212 45
123 214 143
123 219 251
123 222 158
123 230 37
123 241 312
123 257 133
123 273 178
123 283 273
123 286 165
123 315 206
123 325 45
123 357 295
123 358 111
123 373 207
123 389 148
124 146 176
124 165 46
124 193 136
124 210 63
124 214 290
124 249 112
124 266 301
124 268 279
124 269 236
124 273 168
124 290 73
124 302 186
124 303 141
124 312 118
124 314 149
124 333 281
124 336 21
124 341 165
124 369 32
124 371 14
125 175 245
125 186 128
125 194 201
125 216 227
125 221 224
125 222 172
125 235 100
125 236 103
125 266 253
125 267 77
125 308 169
125 313 223
125 319 276
125 344 126
125 350 121
125 352 219
125 395 109
126 150 223
126 202 124
126 205 211
126 212 273
126 215 163
126 219 259
126 273 268
126 288 204
126 290 306
126 317 122
126 347 192
126 389 47
127 138 199
127 155 183
127 169 275
127 173 32
127 190 289
127 235 37
127 253 249
127 263 272
127 287 7
127 292 105
127 322 22
127 330 225
127 332 315
127 382 266
127 385 123
127 387 73
128 200 220
128 226 286
128 236 56
128 262 193
128 290 191
128 296 237
128 298 89
128 358 124
128 361 99
128 370 254
128 381 171
128 395 231
129 146 145
129 149 151
129 151 308
129 152 55
129 156 77
129 178 114
129 186 110
129 208 58
129 220 305
129 232 273
129 262 81
129 272 76
129 280 39
129 300 264
129 331 151
129 333 271
129 382 163
129 394 27
130 151 200
130 180 181
130 266 266
130 312 69
130 356 273
130 370 229
131 174 31
131 181 190
131 189 283
131 228 181
131 229 81
131 237 16
131 273 64
131 314 282
131 316 160
131 350 319
131 358 268
131 360 142
132 148 117
132 198 291
132 262 130
132 275 92
132 276 263
132 292 256
132 318 27
132 338 1
132 351 212
132 391 70
133 135 75
133 145 119
133 152 248
133 156 239
133 159 208
133 196 150
133 260 297
133 268 135
133 286 264
133 328 130
133 332 235
133 352 308
133 357 4
133 380 38
133 384 42
133 390 304
134 144 218
134 165 272
134 185 163
134 190 282
134 195 253
134 203 86
134 234 300
134 242 273
134 269 103
134 279 113
134 288 295
134 307 211
134 319 223
134 330 296
134 339 198
134 340 109
134 355 43
134 360 291
134 385 31
134 396 306
135 151 310
135 153 310
135 154 232
135 177 115
135 178 154
135 230 33
135 235 288
135 244 88
135 246 8
135 325 78
135 358 183
135 369 306
135 375 189
135 391 269
135 392 149
135 400 205
136 145 258
136 151 16
136 166 102
136 168 125
136 200 306
136 231 179
136 245 153
136 262 14
136 275 79
136 279 227
136 282 130
136 294 27
136 347 14
136 382 273
136 388 122
137 167 17
137 250 138
137 293 81
137 294 167
137 298 287
137 301 2
137 315 193
137 333 10
137 336 155
137 364 80
137 369 217
137 377 92
138 153 126
138 197 101
138 203 87
138 242 101
138 269 216
138 294 107
138 323 47
138 364 229
138 368 102
138 379 261
139 147 53
139 154 176
139 156 221
139 170 2
139 202 217
139 209 293
139 211 138
139 237 122
139 269 286
139 272 297
139 292 135
139 303 88
139 308 192
139 328 201
139 354 249
139 358 1
139 368 223
139 394 249
140 144 34
140 156 52
140 199 293
140 214 190
140 242 233
140 286 284
140 301 259
140 321 175
140 354 161
140 359 130
140 381 94
140 394 249
140 399 295
141 151 103
141 159 3
141 162 68
141 183 99
141 192 212
141 201 187
141 246 172
141 292 238
141 303 212
141 374 12
141 396 229
142 178 25
142 193 318
142 195 21
142 207 210
142 219 239
142 247 271
142 253 51
142 267 81
142 279 225
142 288 56
142 299 205
142 320 80
142 327 136
142 340 52
142 345 146
142 368 137
142 382 252
142 384 69
143 151 187
143 164 117
143 168 301
143 171 12
143 201 212
143 257 135
143 322 143
143 357 121
143 363 209
143 369 173
143 395 113
144 146 259
144 153 289
144 171 84
144 192 137
144 216 28
144 217 11
144 238 294
144 244 284
144 255 66
144 271 127
144 278 42
144 295 26
144 310 24
144 342 41
144 343 238
144 349 17
144 350 121
144 353 224
144 367 165
144 373 241
145 176 46
145 249 157
145 267 59
145 280 214
145 330 142
145 331 238
145 345 177
145 346 170
145 350 86
145 374 297
145 376 204
146 151 79
146 159 306
146 202 78
146 210 40
146 238 16
146 250 104
146 254 176
146 276 305
146 333 113
146 367 182
147 154 38
147 157 86
147 187 310
147 194 34
147 197 107
147 202 37
147 206 208
147 212 305
147 269 198
147 281 195
147 295 44
147 300 155
147 323 206
147 354 22
148 158 5
148 176 306
148 212 41
148 215 314
148 219 279
148 292 93
148 303 48
148 304 228
148 314 217
148 341 313
148 351 135
148 352 267
148 357 130
148 361 72
148 363 296
149 160 10
149 166 62
149 184 75
149 241 288
149 245 206
149 257 62
149 275 310
149 285 167
149 318 306
149 326 301
149 330 80
149 355 178
149 356 287
149 369 42
150 151 216
150 179 94
150 198 126
150 203 215
150 204 273
150 214 111
150 222 125
150 229 210
150 268 31
150 276 43
150 292 140
150 322 50
150 323 272
150 338 280
150 375 156
150 392 317
151 166 88
151 168 283
151 201 231
151 211 162
151 213 250
151 224 54
151 233 272
151 242 208
151 258 1
151 271 137
151 287 182
151 302 180
151 306 155
151 332 21
151 353 256
151 368 121
151 371 282
151 377 240
152 154 307
152 156 132
152 195 234
152 238 108
152 246 191
152 254 243
152 271 99
152 295 143
152 302 287
152 312 228
152 320 246
152 335 277
152 339 114
152 353 16
152 362 77
152 375 34
152 389 2
153 174 266
153 193 234
153 206 202
153 238 209
153 248 251
153 254 90
153 274 94
153 282 85
153 288 200
153 306 79
153 307 22
153 334 6
153 349 141
153 356 79
153 364 89
153 368 12
153 400 81
154 158 26
154 174 217
154 206 35
154 229 6
154 261 120
154 307 302
154 308 60
154 328 50
154 343 227
154 368 294
154 379 39
154 394 14
155 164 77
155 232 201
155 251 110
155 254 41
155 257 280
155 290 23
155 312 185
155 340 47
155 343 290
155 364 165
155 393 177
156 165 169
156 170 121
156 198 186
156 239 251
156 244 274
156 327 110
156 351 59
156 376 226
156 397 73
157 179 177
157 185 147
157 205 281
157 247 282
157 250 232
157 256 27
157 274 241
157 299 255
157 305 270
157 333 114
157 353 234
157 360 221
157 382 60
157 399 283
157 400 64
158 190 80
158 231 37
158 232 220
158 246 134
158 269 266
158 274 241
158 292 255
158 303 226
158 321 201
158 336 51
158 353 133
158 362 30
158 366 186
158 369 47
158 375 52
158 392 208
159 194 165
159 234 257
159 239 104
159 265 203
159 268 295
159 289 311
159 304 273
159 332 289
159 385 25
159 394 23
160 165 198
160 171 201
160 183 16
160 191 252
160 198 51
160 205 151
160 237 171
160 281 268
160 293 189
160 309 64
160 317 2
160 339 96
160 346 96
160 353 38
161 175 214
161 193 123
161 199 16
161 219 32
161 222 68
161 230 183
161 293 290
161 296 241
161 384 143
161 395 317
161 396 314
162 221 235
162 229 224
162 257 134
162 301 19
162 307 38
162 349 159
162 350 129
162 370 302
162 383 158
162 385 135
162 397 42
163 182 157
163 208 99
163 209 235
163 256 47
163 260 270
163 274 309
163 303 107
163 319 204
163 321 32
163 337 163
163 364 43
163 395 19
164 170 268
164 173 65
164 185 230
164 196 123
164 214 145
164 225 249
164 260 5
164 270 204
164 278 308
164 312 206
164 318 29
164 338 221
164 339 234
164 360 98
164 369 264
164 381 207
165 172 139
165 193 258
165 226 60
165 238 58
165 246 194
165 256 216
165 276 289
165 277 253
165 304 204
165 305 177
165 317 120
165 326 238
165 336 140
165 354 145
165 399 228
166 179 70
166 186 117
166 206 287
166 208 264
166 212 281
166 244 229
166 283 107
166 289 24
166 306 132
166 341 10
166 352 53
166 369 171
166 385 90
166 387 230
167 203 151
167 204 4
167 207 248
167 213 77
167 219 228
167 238 138
167 255 237
167 295 63
167 306 270
167 323 69
167 393 114
167 399 6
168 228 17
168 250 41
168 260 203
168 265 153
168 266 85
168 267 300
168 332 92
168 334 234
168 379 22
168 380 127
168 399 58
168 400 278
169 193 194
169 200 242
169 202 87
169 208 99
169 210 318
169 254 21
169 326 26
169 329 7
169 345 211
169 346 7
169 394 158
170 191 256
170 220 38
170 241 15
170 256 217
170 265 221
170 282 81
170 283 163
170 290 33
170 334 300
170 335 69
170 352 121
170 381 92
170 386 62
171 179 124
171 188 14
171 193 61
171 197 70
171 210 39
171 223 224
171 258 199
171 262 158
171 266 130
171 283 303
171 315 137
171 316 204
171 327 131
171 363 156
171 397 102
172 184 296
172 194 65
172 221 110
172 253 206
172 273 22
172 286 5
172 290 233
172 358 82
172 375 46
172 391 123
173 180 125
173 183 55
173 185 99
173 189 45
173 191 118
173 194 157
173 217 305
173 225 73
173 226 236
173 266 281
173 290 172
173 331 272
173 335 51
173 342 195
173 351 306
173 355 92
173 370 232
173 388 177
174 201 210
174 267 261
174 274 196
174 296 137
174 315 135
174 328 130
174 343 80
174 374 259
174 375 272
174 384 299
174 400 147
175 188 143
175 191 110
175 195 279
175 222 135
175 229 125
175 246 273
175 252 11
175 283 290
175 309 146
175 338 46
175 341 123
175 345 280
175 366 35
175 395 311
176 182 189
176 197 52
176 226 5
176 264 79
176 300 110
176 303 303
176 311 214
176 322 279
176 354 276
176 394 11
177 206 258
177 212 142
177 241 254
177 281 36
177 288 111
177 296 1
177 319 32
177 328 118
177 350 53
178 181 93
178 196 55
178 204 308
178 218 305
178 234 202
178 253 177
178 259 292
178 270 113
178 279 22
178 308 137
179 182 122
179 217 113
179 220 50
179 225 271
179 234 127
179 240 295
179 242 188
179 254 228
179 256 15
179 301 260
179 325 154
179 339 311
179 349 134
179 359 4
179 378 243
179 384 130
180 199 224
180 214 204
180 237 255
180 238 209
180 253 161
180 257 131
180 297 216
180 301 206
180 328 260
180 349 147
180 359 196
180 362 55
180 377 123
180 380 235
181 185 122
181 189 48
181 202 74
181 211 145
181 237 119
181 251 221
181 268 269
181 330 82
181 331 226
181 354 230
181 379 97
181 386 81
181 391 312
182 193 119
182 283 121
182 307 311
182 309 232
182 313 287
182 350 120
182 368 3
182 373 155
182 387 286
183 187 92
183 196 125
183 220 120
183 223 82
183 230 114
183 233 148
183 234 250
183 280 26
183 297 101
183 303 56
183 320 193
183 336 89
183 346 31
183 360 144
183 370 82
183 382 235
183 393 165
183 397 210
183 400 198
184 188 222
184 209 47
184 254 291
184 264 42
184 287 194
184 312 44
184 360 197
185 196 234
185 198 139
185 200 256
185 206 22
185 227 124
185 285 243
185 295 135
185 296 67
185 302 36
185 306 13
185 337 284
185 372 150
185 397 91
185 400 232
186 194 319
186 210 197
186 226 184
186 300 289
186 303 261
186 365 306
187 191 289
187 211 207
187 214 77
187 246 119
187 249 58
187 252 58
187 260 268
187 313 309
187 354 167
187 377 143
187 400 165
188 221 113
188 234 51
188 286 250
188 308 95
188 318 20
188 321 68
188 323 294
188 336 145
188 352 59
188 354 263
188 384 147
189 200 318
189 241 25
189 245 174
189 257 229
189 294 177
189 327 259
189 334 287
189 354 171
189 365 122
189 374 252
189 381 77
190 205 78
190 212 268
190 232 149
190 243 191
190 258 142
190 264 96
190 288 300
190 308 117
190 315 290
190 332 164
190 348 85
190 364 266
190 377 307
190 381 274
191 223 23
191 268 98
191 281 196
191 373 253
192 218 87
192 227 52
192 228 109
192 236 43
192 311 139
192 345 72
192 346 16
192 347 43
192 356 41
192 363 164
192 390 158
193 216 22
193 261 137
193 282 73
193 291 263
193 302 222
193 312 158
193 357 189
193 366 55
193 373 89
193 392 41
193 393 147
194 208 134
194 273 157
194 344 203
194 398 116
195 230 80
195 235 49
195 287 309
195 302 71
195 310 9
195 315 209
195 335 280
195 340 304
195 347 142
195 391 128
196 229 38
196 233 108
196 248 132
196 269 181
196 292 19
196 327 188
196 337 226
196 344 103
196 357 264
197 204 25
197 214 70
197 223 4
197 228 294
197 239 298
197 272 280
197 289 187
197 336 98
197 378 257
197 381 196
197 392 83
198 231 252
198 242 249
198 248 70
198 297 178
198 330 195
198 368 28
198 382 17
198 387 236
198 398 146
199 236 164
199 260 96
199 293 78
199 322 80
199 358 272
199 371 12
199 375 234
199 380 224
199 396 195
200 252 231
200 267 105
200 287 19
200 311 193
200 368 5
200 389 154
201 227 197
201 251 282
201 286 280
201 305 57
201 333 245
202 248 239
202 280 142
202 294 277
202 297 187
202 347 118
202 376 27
203 271 113
203 274 38
203 291 210
203 292 191
203 294 133
203 305 88
203 336 194
203 337 310
203 352 152
203 372 257
204 208 240
204 230 293
204 254 171
204 263 134
204 332 204
204 333 204
204 383 68
205 225 103
205 281 146
205 319 139
205 324 81
205 332 240
205 342 170
205 356 148
206 208 149
206 215 33
206 251 85
206 276 137
206 302 103
206 304 114
206 347 259
206 358 202
206 372 123
206 382 218
207 222 6
207 223 225
207 226 190
207 227 241
207 261 27
207 285 277
207 286 240
207 303 287
207 310 312
207 394 275
208 215 102
208 223 148
208 255 283
208 256 232
208 261 59
208 268 105
208 271 41
208 278 291
208 282 246
208 286 179
208 344 13
208 351 212
208 397 183
209 217 96
209 225 129
209 239 314
209 328 67
209 346 276
209 372 26
209 394 85
210 211 291
210 214 52
210 248 51
210 292 260
210 339 286
210 341 112
211 217 92
211 267 195
211 313 25
211 322 13
211 335 251
211 339 62
211 349 106
211 352 62
212 220 1
212 234 124
212 248 34
212 249 268
212 378 273
212 390 311
213 248 147
213 252 216
213 258 245
213 267 75
213 296 239
213 328 311
213 330 215
213 366 230
213 370 263
213 380 17
213 390 308
214 224 272
214 230 130
214 250 71
214 276 117
214 293 119
214 305 174
214 327 211
214 334 111
215 218 63
215 268 15
215 296 189
215 320 256
215 345 198
215 359 115
215 373 17
216 232 186
216 243 272
216 249 42
216 266 267
216 293 220
216 333 236
216 339 197
216 399 40
217 254 44
217 279 46
217 289 263
217 290 5
217 300 193
217 315 172
217 332 65
217 372 284
217 380 79
218 226 27
218 234 199
218 239 86
218 287 48
218 309 177
218 335 74
218 353 2
218 363 54
218 369 127
218 380 317
219 230 30
219 238 121
219 275 304
219 283 302
219 294 149
219 304 170
219 340 244
219 352 290
220 253 193
220 331 186
220 332 63
220 358 137
220 397 12
221 229 103
221 239 135
221 240 253
221 249 170
221 268 51
221 279 308
221 296 6
221 316 185
221 332 237
221 336 120
221 367 171
221 391 175
222 243 177
222 275 273
222 280 223
222 288 144
222 294 269
222 296 28
222 331 318
222 338 225
222 355 33
223 230 6
223 236 223
223 237 154
223 251 105
223 287 14
223 299 202
223 311 267
223 349 129
223 359 5
223 365 153
223 397 40
224 229 125
224 243 51
224 271 257
224 291 235
224 304 282
224 310 271
224 318 279
224 365 204
224 393 174
224 398 196
225 257 28
225 293 284
225 295 46
225 326 287
225 362 140
225 377 121
226 265 67
226 310 233
226 314 146
226 326 138
226 333 52
226 337 303
226 389 69
226 399 36
227 241 112
227 261 26
227 266 231
227 287 67
227 304 142
227 305 222
227 312 319
227 315 202
227 338 90
227 354 145
227 361 16
227 389 300
228 247 63
228 265 246
228 270 23
228 284 63
228 356 303
228 368 178
228 375 67
228 382 110
229 284 169
229 335 270
229 396 296
230 255 289
230 256 296
230 274 237
230 310 184
230 359 309
230 386 170
231 241 141
231 245 234
231 255 294
231 260 165
231 310 179
231 316 142
231 318 208
231 332 23
231 357 233
231 377 303
231 378 172
231 386 185
231 393 256
232 236 268
232 256 160
232 279 8
232 283 4
232 327 250
232 395 176
232 400 139
233 254 143
233 269 24
233 271 301
233 285 288
233 286 77
233 311 280
233 355 187
233 360 299
233 383 294
234 247 114
234 257 291
234 259 38
234 265 81
234 272 272
234 290 34
234 327 222
234 358 98
234 372 134
234 377 207
234 382 222
235 238 206
235 273 226
235 301 275
235 319 297
235 320 170
235 353 83
235 373 123
235 395 81
236 331 90
236 339 52
236 355 287
236 374 317
236 375 54
236 384 153
237 250 54
237 263 239
237 293 235
237 294 254
237 299 270
237 342 44
237 346 70
237 350 93
237 352 286
237 382 129
238 242 76
238 244 78
238 253 250
238 255 223
238 320 75
238 378 225
238 392 117
239 242 27
239 248 317
239 269 172
239 292 187
239 293 64
239 382 285
240 262 143
240 291 107
240 294 195
240 305 80
240 333 256
240 334 34
240 336 21
240 366 100
240 368 106
240 373 227
240 395 232
241 251 99
241 254 236
241 328 169
241 351 282
241 375 106
242 256 220
242 283 316
242 329 135
242 333 194
242 337 203
242 356 191
242 365 58
242 373 182
243 246 21
243 250 257
243 263 102
243 275 109
243 278 306
243 282 278
243 287 9
243 301 294
243 311 96
243 325 66
243 345 216
243 369 142
243 376 38
244 293 70
244 303 51
244 307 17
244 321 5
244 345 69
244 382 98
245 260 236
245 263 58
245 293 129
245 305 267
245 331 319
245 356 259
245 371 210
245 398 294
246 263 223
246 282 1
246 296 213
246 299 75
246 308 308
246 361 149
246 376 122
246 382 85
246 392 284
247 252 239
247 272 59
247 294 50
247 295 252
247 308 166
247 310 134
247 319 45
247 367 153
247 375 147
248 250 312
248 281 147
248 307 65
248 340 250
248 360 246
248 363 156
248 366 69
248 373 194
248 374 233
249 256 315
249 278 68
249 313 66
249 352 209
249 370 293
250 271 166
250 275 261
250 291 274
250 313 161
250 326 146
250 365 271
251 277 286
251 288 126
251 295 20
251 299 50
251 301 133
251 317 263
251 322 101
251 324 87
251 354 148
251 362 119
252 292 39
252 307 123
252 315 30
252 318 36
252 334 129
252 354 27
252 361 63
252 373 247
252 374 164
253 267 270
253 272 20
253 295 287
253 313 52
253 317 157
253 329 191
253 336 212
253 343 290
253 356 218
253 382 2
253 389 182
254 263 134
254 271 233
254 340 129
254 363 197
254 366 184
254 384 235
255 313 55
255 321 204
255 336 254
255 341 4
255 387 303
256 271 77
256 294 313
256 302 127
256 320 12
256 331 115
256 346 23
256 368 173
257 265 215
257 267 43
257 321 134
257 350 223
257 363 50
257 364 125
257 367 239
258 269 125
258 276 140
258 295 218
258 342 130
258 350 232
258 355 72
258 393 205
259 283 21
259 297 196
259 354 48
259 365 257
259 368 277
260 281 49
260 283 144
260 304 138
260 317 262
260 334 156
260 351 136
260 377 109
260 393 64
261 298 105
261 349 70
262 263 172
262 295 19
262 306 70
262 319 178
262 326 160
262 367 200
262 376 31
263 277 241
263 279 22
263 298 221
263 375 154
264 275 5
264 324 2
264 332 308
264 394 62
265 284 133
265 287 280
265 342 43
265 346 130
265 356 49
265 392 61
266 322 303
266 346 69
266 376 206
266 379 183
267 278 133
267 294 63
267 354 198
267 361 313
267 374 98
267 380 98
267 391 278
267 398 185
268 280 284
268 301 266
268 304 168
268 307 191
268 350 124
268 363 132
268 382 153
268 388 309
269 270 267
269 298 266
269 303 7
269 308 279
269 342 101
269 389 222
270 293 73
270 385 278
271 272 78
271 273 277
271 280 181
271 311 54
271 312 127
271 313 100
271 314 251
271 349 51
271 380 237
272 305 222
272 372 173
272 394 279
273 319 129
273 356 199
273 391 28
274 283 320
274 328 219
274 333 316
274 369 281
275 293 196
275 336 255
275 349 317
275 359 117
276 312 103
276 338 176
276 341 297
276 385 302
276 395 137
277 310 97
277 320 200
277 362 94
277 369 149
277 374 273
278 293 83
278 301 57
278 302 224
278 349 84
278 382 86
278 388 49
279 299 102
279 314 276
279 338 149
279 348 70
279 373 118
279 388 224
280 291 155
280 292 285
280 296 239
280 314 302
280 349 178
281 292 20
281 310 110
281 348 151
281 353 167
281 367 239
281 368 316
281 400 22
282 292 226
282 293 123
282 393 303
282 399 255
283 293 166
283 309 228
283 356 267
283 361 249
283 383 291
283 388 40
283 390 114
284 295 245
284 298 262
284 331 290
284 343 237
284 363 194
284 370 224
284 393 124
284 396 265
284 397 166
285 361 184
285 387 99
286 295 249
286 301 149
286 336 133
286 356 194
286 358 132
286 378 131
286 393 218
287 351 185
287 370 254
287 383 300
288 301 90
288 307 289
288 329 119
288 353 14
288 390 14
289 301 308
289 310 195
289 312 232
289 331 274
289 345 83
289 357 310
289 391 224
290 296 41
290 297 170
290 312 255
290 335 135
290 360 91
290 382 41
290 397 251
291 323 36
291 346 161
291 375 313
291 384 247
292 299 128
292 350 107
292 378 148
293 294 215
293 377 318
293 392 59
294 311 27
294 325 267
294 328 100
294 339 78
294 360 33
295 299 86
295 315 313
295 341 106
295 347 190
295 371 102
295 392 166
295 393 313
295 396 227
296 327 269
296 331 236
296 341 204
296 355 131
296 367 45
296 400 66
297 351 190
297 365 284
297 387 43
297 398 38
298 305 113
298 318 96
298 367 184
299 328 132
299 330 103
299 338 230
299 368 225
299 372 132
299 376 23
300 322 74
300 353 218
300 373 277
300 399 180
301 329 81
301 333 132
301 335 231
301 338 11
301 355 181
301 378 232
302 311 35
302 333 207
302 354 27
302 355 7
302 363 107
302 368 27
302 376 223
303 382 121
303 391 23
304 347 186
304 392 210
305 321 103
305 363 43
305 367 270
305 370 161
305 376 25
305 393 308
305 397 16
306 319 78
306 321 193
306 326 127
306 330 87
306 363 72
306 371 201
306 383 32
306 384 127
307 326 223
307 330 163
307 339 298
307 360 129
307 365 84
308 323 86
308 335 300
308 346 59
308 358 278
308 370 4
308 384 219
308 394 249
309 330 233
309 349 8
309 361 3
309 370 238
309 376 102
309 385 248
309 388 41
309 395 86
309 396 220
310 327 63
310 349 295
310 360 217
310 381 96
310 382 257
311 316 289
311 319 160
311 331 153
311 342 140
311 344 233
312 340 155
313 319 208
313 336 317
313 350 71
313 354 171
313 363 34
314 319 308
314 348 282
314 349 83
314 351 261
314 366 147
314 375 144
315 316 97
316 325 14
316 335 286
316 349 206
316 371 127
317 325 139
317 395 53
318 343 143
318 391 139
319 340 11
319 398 198
320 323 3
320 324 142
320 373 185
320 384 49
321 365 293
321 367 190
321 375 231
322 371 78
322 398 193
323 331 87
323 339 276
324 334 278
324 337 302
324 340 93
324 354 241
324 357 159
324 359 65
324 365 2
324 375 136
325 352 294
325 354 269
325 381 89
325 397 50
326 337 66
326 350 178
326 351 122
326 353 265
326 354 2
326 367 228
327 339 2
327 345 177
327 349 164
327 362 120
328 339 266
328 361 312
328 362 232
328 370 92
328 382 114
329 339 25
329 395 48
330 346 284
330 361 274
331 344 260
331 355 28
331 360 154
331 363 287
331 396 48
332 342 30
332 362 278
332 369 260
332 385 297
333 369 1
333 382 165
333 386 91
333 391 85
334 341 159
334 350 107
334 359 191
334 386 301
335 360 206
335 385 233
336 357 210
337 342 235
337 345 277
338 359 28
338 370 311
338 381 41
338 391 181
338 397 66
338 399 298
339 355 106
339 395 266
340 399 293
341 359 184
341 396 91
341 397 218
342 343 158
342 356 115
342 363 120
342 375 59
343 359 292
343 367 22
343 371 110
343 372 121
344 364 230
344 380 132
344 385 277
345 368 191
345 385 127
345 400 203
346 355 239
346 367 63
346 385 183
347 353 225
347 356 68
347 367 100
347 376 100
347 381 102
347 387 112
347 392 194
347 395 241
348 374 273
348 388 137
349 354 20
349 356 84
349 361 17
349 362 242
349 381 76
349 388 13
350 357 227
350 398 130
351 352 164
351 353 49
351 378 184
351 387 168
352 377 317
352 394 294
354 355 284
354 363 226
354 364 316
354 373 20
354 375 75
354 387 106
355 364 257
355 379 189
356 366 136
357 392 312
358 364 112
358 372 210
358 394 130
359 394 194
359 395 165
361 369 202
361 388 207
362 380 261
362 400 288
363 373 210
363 377 224
363 388 172
363 400 20
364 376 83
364 383 166
364 384 145
364 389 221
365 381 234
365 382 125
365 394 305
367 388 100
367 400 234
368 377 252
368 396 220
371 372 25
371 373 249
371 397 65
373 396 120
375 387 192
375 388 126
375 396 149
376 397 186
377 388 272
377 391 62
378 385 244
378 386 250
378 392 143
378 399 46
381 385 3
381 397 154
381 398 107
382 399 108
383 392 245
383 396 113
385 398 223
386 397 140
387 388 304
387 396 103
388 394 111
388 398 137
388 400 132
390 400 67
392 398 77
393 399 263
394 397 167
394 399 31
395 398 106
395 399 99
399 400 280
