100 3997
1 2 32
1 3 19
1 4 10
1 5 26
1 6 37
1 7 25
1 8 8
1 9 1
1 11 20
1 12 32
1 13 29
1 14 31
1 15 22
1 16 31
1 17 8
1 18 35
1 19 22
1 20 14
1 21 30
1 22 8
1 24 13
1 25 15
1 26 32
1 27 18
1 28 27
1 29 34
1 30 40
1 31 15
1 32 20
1 33 22
1 34 32
1 37 30
1 38 8
1 39 23
1 40 30
1 41 3
1 42 15
1 43 12
1 44 27
1 45 22
1 46 11
1 47 13
1 48 15
1 49 14
1 50 34
1 51 11
1 52 17
1 54 31
1 55 20
1 56 34
1 57 37
1 58 16
1 60 22
1 61 38
1 62 38
1 63 2
1 64 37
1 66 30
1 67 33
1 68 16
1 69 25
1 70 39
1 71 18
1 72 39
1 73 24
1 75 17
1 76 27
1 77 15
1 79 13
1 80 7
1 82 40
1 83 13
1 85 8
1 86 7
1 87 27
1 88 19
1 90 24
1 91 40
1 92 17
1 93 12
1 94 2
1 95 8
1 96 33
1 98 38
1 99 21
1 100 13
2 3 5
2 4 1
2 5 14
2 8 22
2 9 18
2 10 32
2 11 1
2 12 19
2 13 9
2 14 8
2 15 31
2 16 39
2 18 23
2 19 10
2 20 27
2 21 12
2 22 38
2 23 35
2 24 6
2 25 26
2 26 30
2 28 6
2 30 26
2 33 26
2 35 6
2 36 1
2 37 9
2 38 38
2 39 31
2 40 19
2 41 17
2 42 29
2 43 23
2 44 4
2 47 8
2 48 5
2 49 24
2 50 16
2 51 12
2 52 3
2 53 27
2 54 17
2 56 31
2 57 38
2 58 25
2 60 10
2 61 27
2 62 32
2 63 19
2 64 16
2 65 6
2 66 12
2 67 16
2 68 7
2 69 2
2 70 23
2 71 20
2 72 7
2 73 8
2 77 17
2 78 20
2 79 12
2 80 13
2 81 12
2 82 25
2 84 35
2 86 20
2 87 2
2 88 29
2 89 11
2 90 36
2 91 30
2 92 28
2 93 17
2 94 28
2 95 10
2 96 27
2 98 13
2 99 8
2 100 14
3 4 8
3 5 34
3 6 24
3 7 7
3 8 13
3 9 30
3 10 33
3 12 13
3 14 29
3 15 2
3 16 26
3 18 3
3 19 13
3 20 25
3 22 23
3 23 36
3 24 21
3 26 27
3 28 31
3 29 10
3 30 3
3 31 9
3 32 16
3 36 40
3 37 20
3 38 16
3 39 22
3 41 37
3 42 38
3 43 25
3 44 27
3 45 26
3 46 4
3 51 28
3 52 23
3 53 13
3 54 6
3 55 27
3 57 17
3 58 9
3 59 8
3 61 6
3 62 24
3 64 4
3 66 37
3 67 17
3 68 39
3 69 6
3 70 32
3 71 24
3 72 6
3 73 2
3 74 40
3 75 1
3 76 31
3 77 12
3 78 9
3 79 24
3 82 19
3 83 12
3 84 39
3 85 28
3 86 17
3 87 12
3 88 36
3 89 37
3 90 20
3 91 25
3 92 12
3 93 15
3 94 15
3 95 26
3 96 17
3 97 24
3 99 22
3 100 8
4 5 40
4 6 34
4 7 8
4 8 15
4 10 17
4 12 13
4 13 28
4 14 33
4 15 23
4 16 20
4 18 30
4 20 2
4 21 12
4 22 5
4 23 7
4 24 39
4 25 26
4 26 26
4 27 16
4 29 35
4 30 10
4 31 2
4 32 21
4 33 36
4 34 8
4 35 26
4 36 1
4 37 37
4 38 25
4 39 7
4 40 1
4 41 2
4 42 15
4 43 29
4 44 37
4 45 28
4 48 14
4 49 18
4 50 13
4 52 29
4 53 26
4 54 12
4 55 28
4 56 18
4 57 28
4 58 26
4 59 20
4 60 16
4 61 35
4 62 17
4 63 10
4 64 40
4 65 37
4 66 36
4 67 7
4 68 16
4 69 5
4 70 20
4 71 30
4 72 18
4 74 2
4 75 7
4 76 37
4 77 28
4 78 1
4 79 33
4 80 19
4 82 22
4 83 28
4 84 5
4 85 14
4 86 21
4 87 10
4 88 2
4 89 32
4 90 14
4 91 38
4 92 20
4 93 12
4 94 5
4 95 21
4 96 10
4 97 28
4 98 26
4 99 27
4 100 5
5 6 16
5 7 36
5 8 21
5 9 30
5 10 4
5 11 14
5 12 26
5 13 14
5 14 22
5 15 30
5 16 30
5 17 1
5 18 2
5 19 37
5 20 12
5 21 26
5 22 31
5 23 7
5 24 1
5 25 15
5 26 7
5 27 1
5 28 28
5 29 38
5 30 27
5 31 3
5 32 17
5 34 38
5 35 16
5 37 23
5 39 39
5 40 14
5 41 18
5 42 7
5 44 23
5 45 40
5 46 17
5 47 28
5 48 37
5 49 16
5 50 25
5 51 23
5 53 30
5 55 13
5 56 39
5 57 17
5 58 36
5 59 15
5 61 13
5 62 26
5 63 40
5 65 21
5 66 25
5 67 37
5 68 29
5 70 27
5 71 40
5 73 13
5 74 7
5 75 10
5 76 31
5 77 5
5 78 28
5 79 33
5 81 30
5 82 16
5 83 9
5 85 33
5 87 4
5 88 18
5 90 23
5 91 22
5 92 32
5 93 5
5 94 38
5 95 30
5 96 1
5 98 37
6 7 19
6 8 5
6 10 10
6 11 16
6 12 31
6 13 12
6 14 32
6 15 15
6 16 14
6 18 4
6 19 34
6 20 26
6 21 14
6 22 8
6 23 39
6 24 35
6 25 26
6 26 20
6 27 28
6 28 27
6 29 11
6 31 8
6 32 13
6 33 25
6 34 25
6 35 10
6 37 36
6 38 30
6 40 35
6 41 35
6 42 12
6 43 29
6 44 25
6 45 38
6 46 24
6 48 7
6 49 21
6 50 21
6 51 14
6 52 9
6 53 16
6 54 20
6 55 1
6 56 16
6 57 15
6 58 14
6 59 17
6 60 29
6 61 19
6 62 34
6 64 40
6 65 29
6 66 29
6 68 19
6 69 1
6 70 26
6 71 17
6 73 29
6 74 15
6 75 4
6 76 25
6 77 11
6 78 17
6 79 8
6 80 29
6 81 35
6 82 6
6 83 9
6 84 14
6 85 31
6 86 20
6 87 27
6 88 3
6 89 36
6 90 25
6 91 25
6 92 7
6 94 32
6 95 33
6 96 3
6 98 13
6 100 8
7 8 9
7 11 30
7 12 2
7 15 36
7 16 3
7 17 34
7 19 36
7 20 23
7 21 11
7 23 39
7 24 35
7 26 4
7 27 5
7 29 37
7 30 8
7 32 35
7 34 1
7 35 19
7 36 24
7 37 17
7 38 7
7 39 17
7 41 8
7 42 12
7 45 26
7 47 28
7 48 9
7 51 13
7 52 34
7 53 29
7 54 18
7 55 10
7 56 22
7 57 10
7 59 10
7 60 16
7 61 14
7 62 22
7 63 18
7 64 12
7 65 36
7 66 28
7 67 19
7 68 7
7 69 10
7 70 26
7 71 39
7 72 10
7 73 9
7 74 3
7 77 5
7 78 10
7 79 10
7 80 7
7 81 36
7 82 33
7 84 33
7 86 32
7 87 4
7 88 27
7 89 21
7 90 39
7 91 1
7 92 19
7 93 12
7 95 17
7 96 10
7 98 33
7 99 4
7 100 5
8 9 31
8 11 23
8 13 39
8 14 34
8 15 10
8 16 21
8 17 40
8 18 33
8 19 21
8 21 23
8 23 22
8 24 12
8 25 3
8 26 29
8 27 31
8 28 8
8 29 27
8 31 5
8 32 31
8 33 34
8 34 3
8 35 11
8 36 26
8 37 31
8 38 30
8 39 9
8 40 40
8 43 18
8 44 40
8 47 3
8 48 7
8 49 24
8 50 7
8 51 12
8 52 19
8 53 4
8 54 35
8 55 16
8 56 2
8 57 21
8 58 26
8 59 12
8 60 15
8 61 16
8 62 29
8 63 10
8 64 5
8 65 15
8 66 21
8 67 27
8 68 38
8 69 29
8 70 23
8 71 15
8 72 4
8 73 30
8 74 34
8 75 31
8 76 19
8 77 33
8 79 23
8 80 21
8 81 4
8 82 16
8 83 10
8 85 32
8 86 1
8 87 40
8 88 32
8 89 34
8 93 4
8 94 13
8 96 36
8 97 18
8 98 39
8 99 23
8 100 9
9 11 36
9 12 35
9 15 25
9 16 17
9 17 12
9 18 38
9 20 19
9 21 33
9 22 6
9 23 7
9 24 23
9 25 14
9 26 23
9 27 23
9 28 28
9 29 24
9 30 2
9 31 18
9 32 15
9 33 15
9 34 12
9 36 8
9 37 37
9 38 2
9 40 33
9 41 28
9 43 24
9 44 20
9 45 22
9 46 1
9 47 23
9 48 13
9 49 16
9 50 14
9 51 9
9 52 8
9 53 23
9 54 12
9 55 38
9 56 38
9 57 38
9 58 29
9 59 1
9 61 35
9 62 2
9 63 40
9 64 36
9 65 1
9 67 28
9 68 10
9 69 1
9 70 10
9 71 11
9 72 23
9 74 11
9 75 3
9 76 21
9 77 32
9 78 27
9 79 5
9 80 9
9 81 15
9 82 30
9 83 23
9 84 25
9 85 33
9 87 1
9 89 5
9 90 21
9 91 2
9 92 18
9 93 1
9 94 2
9 98 23
9 100 26
10 11 31
10 12 37
10 13 3
10 14 32
10 15 13
10 17 25
10 19 34
10 20 8
10 21 6
10 22 27
10 24 6
10 25 21
10 26 1
10 27 19
10 28 19
10 29 36
10 30 18
10 31 11
10 32 28
10 33 26
10 34 40
10 35 27
10 36 23
10 37 29
10 38 2
10 40 8
10 41 32
10 42 7
10 43 17
10 44 18
10 46 3
10 48 20
10 49 22
10 50 1
10 52 40
10 53 3
10 54 37
10 55 11
10 57 22
10 58 12
10 59 32
10 60 1
10 61 7
10 62 18
10 63 20
10 64 22
10 65 29
10 66 24
10 67 28
10 68 15
10 69 17
10 70 32
10 71 23
10 72 9
10 73 8
10 74 28
10 75 31
10 76 40
10 77 28
10 79 22
10 80 14
10 81 8
10 83 31
10 86 12
10 87 7
10 88 32
10 89 5
10 90 22
10 91 6
10 92 35
10 93 12
10 97 40
10 98 38
10 99 16
10 100 13
11 12 15
11 13 36
11 14 7
11 15 16
11 16 18
11 17 22
11 18 30
11 20 12
11 21 26
11 22 11
11 23 2
11 24 25
11 25 38
11 26 35
11 27 12
11 28 10
11 31 11
11 33 14
11 34 1
11 35 32
11 36 6
11 37 33
11 38 7
11 39 2
11 40 25
11 41 38
11 42 7
11 43 40
11 44 15
11 46 13
11 48 16
11 49 1
11 51 21
11 52 7
11 53 34
11 55 5
11 56 26
11 57 17
11 58 24
11 59 27
11 60 38
11 61 4
11 62 26
11 63 12
11 64 4
11 66 11
11 67 40
11 68 19
11 69 14
11 70 9
11 71 3
11 72 26
11 73 16
11 74 38
11 76 24
11 77 12
11 78 3
11 79 39
11 80 36
11 81 11
11 82 9
11 84 2
11 86 17
11 87 9
11 88 22
11 89 28
11 90 22
11 91 39
11 92 11
11 93 13
11 95 35
11 96 38
11 97 39
11 98 17
11 99 27
11 100 36
12 13 9
12 15 5
12 16 9
12 17 35
12 18 20
12 19 20
12 20 22
12 21 19
12 22 17
12 23 19
12 24 9
12 25 1
12 26 4
12 27 7
12 28 25
12 29 31
12 31 13
12 32 11
12 33 23
12 34 19
12 35 9
12 36 26
12 38 30
12 40 10
12 41 23
12 42 11
12 43 23
12 44 9
12 45 6
12 47 6
12 48 26
12 49 17
12 52 9
12 53 31
12 55 8
12 57 32
12 58 5
12 59 33
12 60 32
12 62 27
12 63 38
12 64 30
12 65 30
12 66 12
12 70 3
12 71 36
12 73 14
12 74 3
12 75 29
12 76 37
12 77 13
12 78 23
12 80 3
12 81 9
12 83 3
12 84 23
12 86 14
12 87 8
12 88 31
12 89 13
12 90 20
12 91 12
12 92 26
12 93 40
12 94 2
12 95 2
12 96 38
12 97 1
12 99 16
13 14 30
13 15 2
13 16 29
13 17 13
13 18 19
13 19 32
13 20 26
13 21 7
13 22 30
13 23 24
13 24 27
13 25 20
13 27 8
13 28 17
13 29 18
13 30 8
13 31 10
13 32 11
13 33 28
13 34 5
13 37 25
13 38 37
13 39 34
13 40 34
13 41 29
13 42 39
13 43 8
13 44 22
13 46 18
13 47 29
13 48 22
13 49 14
13 50 40
13 52 21
13 53 34
13 55 23
13 56 3
13 57 33
13 58 24
13 60 6
13 61 14
13 62 19
13 64 13
13 65 10
13 66 39
13 67 33
13 69 10
13 70 5
13 71 2
13 72 10
13 73 6
13 74 3
13 75 25
13 76 24
13 77 18
13 79 32
13 80 17
13 82 39
13 83 14
13 84 5
13 87 24
13 88 23
13 90 7
13 92 11
13 94 37
13 95 28
13 96 29
13 97 17
13 98 12
13 100 36
14 15 21
14 17 8
14 18 40
14 19 3
14 20 1
14 22 5
14 23 32
14 24 20
14 25 38
14 28 27
14 29 14
14 31 27
14 32 14
14 33 23
14 35 21
14 36 11
14 37 22
14 38 28
14 39 3
14 40 35
14 41 25
14 42 8
14 43 19
14 44 12
14 46 22
14 47 7
14 48 23
14 49 10
14 50 40
14 52 6
14 53 19
14 54 2
14 55 37
14 56 34
14 57 12
14 58 17
14 59 6
14 60 29
14 63 9
14 64 12
14 67 9
14 68 14
14 69 35
14 70 32
14 71 37
14 72 10
14 73 4
14 75 12
14 76 17
14 77 21
14 78 40
14 79 2
14 80 25
14 81 1
14 82 24
14 83 15
14 84 9
14 85 2
14 86 5
14 87 35
14 88 25
14 89 29
14 91 10
14 92 25
14 94 23
14 95 33
14 96 31
14 98 5
14 99 14
14 100 21
15 16 5
15 18 5
15 19 35
15 20 11
15 21 12
15 22 26
15 23 23
15 24 40
15 25 16
15 26 11
15 27 23
15 28 21
15 29 27
15 30 10
15 32 20
15 33 1
15 34 8
15 36 25
15 37 8
15 38 31
15 39 16
15 40 26
15 41 23
15 42 26
15 43 13
15 46 37
15 48 18
15 49 7
15 51 37
15 52 30
15 54 16
15 55 8
15 57 37
15 58 20
15 59 4
15 60 19
15 61 7
15 62 34
15 63 24
15 64 35
15 65 24
15 66 1
15 67 31
15 68 40
15 69 9
15 70 34
15 71 36
15 72 19
15 73 20
15 74 40
15 77 2
15 78 10
15 79 6
15 81 16
15 82 20
15 83 34
15 85 4
15 86 17
15 87 19
15 88 17
15 90 39
15 91 4
15 93 22
15 94 32
15 96 27
15 98 26
15 99 12
16 17 8
16 18 11
16 19 28
16 21 35
16 22 25
16 23 23
16 24 38
16 25 6
16 26 13
16 27 27
16 29 19
16 31 31
16 32 26
16 34 39
16 35 10
16 37 5
16 38 19
16 39 13
16 40 28
16 41 24
16 42 22
16 43 22
16 44 34
16 45 19
16 48 36
16 49 27
16 50 19
16 52 34
16 53 1
16 54 13
16 55 17
16 56 12
16 58 36
16 59 31
16 61 27
16 62 13
16 63 32
16 64 18
16 65 35
16 66 18
16 67 33
16 68 9
16 70 1
16 71 3
16 72 15
16 75 11
16 76 2
16 77 2
16 78 37
16 79 20
16 80 20
16 81 38
16 82 7
16 83 8
16 86 15
16 87 8
16 88 12
16 89 38
16 90 18
16 91 9
16 92 7
16 94 38
16 95 20
16 96 35
16 97 2
16 98 3
16 99 12
16 100 19
17 18 22
17 20 15
17 21 30
17 22 28
17 23 15
17 24 38
17 25 28
17 26 40
17 27 4
17 30 11
17 31 4
17 32 31
17 34 7
17 35 17
17 36 11
17 37 19
17 38 20
17 39 14
17 40 18
17 41 29
17 43 39
17 44 19
17 45 36
17 46 32
17 48 10
17 49 22
17 50 2
17 54 16
17 55 22
17 56 28
17 57 15
17 59 21
17 60 4
17 61 15
17 62 18
17 65 21
17 67 2
17 68 34
17 69 15
17 70 17
17 72 26
17 73 6
17 74 17
17 75 14
17 77 3
17 78 18
17 79 32
17 80 4
17 82 20
17 83 10
17 84 29
17 85 13
17 86 27
17 87 17
17 89 22
17 90 26
17 91 19
17 92 28
17 93 14
17 94 34
17 95 3
17 96 1
17 97 14
17 98 11
17 99 15
17 100 9
18 19 3
18 20 27
18 21 11
18 23 3
18 24 17
18 25 35
18 26 13
18 28 10
18 29 18
18 30 26
18 31 4
18 32 17
18 33 32
18 34 11
18 35 22
18 36 22
18 39 8
18 40 19
18 41 14
18 42 12
18 43 15
18 44 27
18 45 25
18 46 26
18 47 36
18 48 4
18 49 29
18 50 32
18 51 22
18 52 4
18 53 8
18 54 40
18 55 26
18 56 19
18 57 9
18 58 6
18 60 39
18 61 38
18 63 32
18 64 10
18 66 31
18 67 22
18 68 16
18 69 30
18 70 7
18 74 27
18 75 3
18 76 16
18 77 15
18 78 34
18 80 12
18 81 14
18 82 18
18 83 4
18 84 19
18 85 26
18 86 38
18 87 31
18 90 2
18 91 14
18 92 14
18 96 11
18 97 29
18 98 15
18 99 32
18 100 29
19 20 25
19 21 8
19 23 37
19 24 34
19 25 9
19 26 27
19 29 28
19 30 5
19 31 25
19 32 32
19 34 2
19 35 7
19 36 17
19 38 29
19 39 7
19 41 33
19 44 14
19 45 6
19 46 2
19 47 6
19 48 9
19 49 10
19 50 36
19 51 18
19 52 28
19 54 20
19 55 9
19 56 24
19 57 27
19 58 26
19 59 27
19 60 36
19 61 36
19 62 39
19 63 33
19 64 30
19 65 29
19 66 16
19 68 16
19 69 14
19 71 26
19 72 39
19 73 38
19 74 35
19 75 13
19 76 30
19 78 12
19 79 2
19 80 14
19 81 39
19 82 4
19 83 30
19 84 2
19 85 3
19 87 38
19 88 11
19 89 7
19 90 29
19 91 34
19 92 35
19 94 27
19 95 30
19 96 27
19 98 9
19 99 11
19 100 6
20 21 16
20 23 22
20 24 25
20 25 35
20 26 12
20 28 6
20 29 36
20 30 24
20 31 20
20 34 24
20 35 33
20 36 12
20 37 27
20 38 30
20 39 26
20 40 8
20 41 20
20 42 1
20 43 24
20 45 35
20 46 28
20 48 31
20 49 21
20 50 30
20 51 17
20 55 26
20 56 13
20 57 28
20 58 24
20 59 21
20 60 2
20 61 28
20 64 10
20 65 19
20 66 36
20 67 40
20 68 29
20 69 31
20 70 34
20 71 37
20 72 37
20 73 5
20 75 23
20 76 1
20 77 17
20 79 17
20 80 40
20 82 4
20 83 19
20 84 20
20 86 18
20 87 30
20 88 33
20 89 24
20 90 28
20 91 8
20 92 31
20 94 1
20 95 17
20 96 22
20 98 14
20 99 6
20 100 2
21 23 35
21 24 23
21 25 32
21 27 22
21 28 27
21 29 15
21 31 4
21 32 18
21 33 3
21 34 14
21 37 2
21 38 3
21 39 5
21 40 26
21 41 20
21 43 6
21 44 36
21 46 36
21 47 15
21 48 4
21 49 39
21 50 29
21 52 19
21 53 2
21 54 30
21 55 6
21 56 6
21 57 37
21 58 16
21 59 29
21 60 19
21 61 16
21 62 14
21 63 37
21 64 24
21 65 14
21 66 16
21 67 39
21 68 31
21 69 26
21 71 27
21 72 5
21 73 6
21 74 17
21 75 24
21 76 21
21 77 36
21 78 6
21 79 2
21 81 3
21 82 16
21 83 40
21 84 37
21 85 5
21 86 9
21 87 20
21 88 32
21 89 32
21 92 36
21 94 38
21 96 26
21 97 18
21 98 25
22 23 8
22 24 37
22 26 24
22 27 16
22 28 8
22 31 15
22 33 13
22 34 15
22 35 19
22 36 23
22 37 25
22 39 8
22 40 33
22 41 30
22 44 2
22 45 38
22 46 6
22 47 26
22 48 15
22 49 27
22 50 4
22 51 7
22 52 12
22 54 29
22 56 7
22 58 32
22 59 9
22 61 22
22 62 39
22 63 15
22 64 26
22 65 40
22 66 27
22 67 1
22 68 11
22 69 21
22 71 14
22 72 13
22 73 12
22 74 31
22 75 28
22 77 8
22 80 35
22 81 9
22 82 2
22 84 8
22 85 14
22 86 39
22 87 14
22 89 30
22 90 3
22 91 7
22 92 18
22 93 17
22 94 35
22 95 39
22 96 22
22 98 39
22 100 40
23 25 1
23 26 8
23 28 29
23 30 33
23 31 2
23 32 13
23 33 34
23 36 33
23 37 8
23 38 7
23 39 21
23 40 16
23 41 15
23 42 14
23 43 21
23 45 22
23 46 14
23 47 5
23 48 36
23 50 33
23 51 2
23 52 37
23 53 26
23 54 6
23 56 16
23 58 39
23 59 9
23 60 5
23 61 10
23 62 37
23 63 1
23 64 8
23 65 13
23 66 33
23 68 10
23 70 18
23 71 25
23 72 7
23 73 23
23 74 23
23 75 27
23 76 30
23 77 15
23 78 20
23 79 40
23 80 1
23 82 15
23 83 16
23 84 28
23 85 36
23 87 24
23 88 22
23 89 31
23 90 8
23 92 6
23 93 32
23 94 20
23 95 36
23 96 4
23 97 30
24 25 7
24 27 26
24 28 26
24 29 15
24 30 29
24 31 29
24 32 7
24 33 30
24 35 18
24 36 28
24 37 39
24 39 29
24 40 11
24 41 22
24 43 22
24 44 36
24 45 21
24 47 26
24 48 23
24 49 1
24 50 28
24 51 25
24 52 21
24 53 10
24 54 30
24 55 11
24 56 40
24 57 37
24 58 12
24 59 33
24 62 29
24 63 29
24 64 36
24 65 1
24 67 3
24 70 7
24 71 38
24 72 2
24 73 32
24 74 14
24 75 37
24 76 15
24 77 4
24 78 18
24 79 29
24 80 6
24 81 1
24 82 36
24 84 18
24 85 15
24 86 33
24 87 1
24 89 23
24 90 6
24 91 21
24 93 38
24 94 37
24 96 18
24 97 27
24 99 26
24 100 35
25 26 1
25 27 28
25 28 34
25 30 1
25 31 39
25 32 26
25 33 20
25 34 15
25 35 11
25 36 37
25 37 15
25 39 14
25 40 5
25 41 32
25 42 25
25 43 5
25 44 37
25 45 1
25 47 31
25 48 36
25 49 35
25 50 8
25 51 18
25 53 11
25 55 21
25 57 18
25 58 21
25 59 39
25 60 34
25 61 8
25 62 39
25 63 10
25 64 23
25 66 20
25 67 37
25 68 7
25 69 28
25 70 38
25 71 24
25 72 19
25 73 5
25 74 39
25 75 35
25 76 3
25 77 32
25 79 37
25 80 24
25 81 40
25 82 11
25 84 40
25 86 19
25 87 40
25 91 36
25 92 19
25 93 29
25 94 7
25 96 6
25 97 40
25 98 8
25 99 35
25 100 27
26 28 25
26 29 3
26 30 15
26 31 38
26 33 29
26 35 7
26 36 31
26 37 1
26 38 13
26 39 25
26 40 12
26 41 28
26 42 35
26 43 24
26 44 31
26 45 7
26 46 33
26 47 9
26 48 15
26 49 2
26 50 12
26 52 1
26 53 21
26 55 3
26 56 34
26 57 13
26 58 38
26 59 36
26 60 39
26 61 16
26 62 40
26 63 16
26 64 18
26 65 27
26 66 32
26 67 24
26 68 19
26 69 2
26 70 4
26 71 6
26 73 16
26 74 13
26 75 4
26 76 2
26 77 26
26 78 34
26 79 12
26 80 1
26 81 34
26 82 4
26 83 16
26 85 36
26 86 2
26 87 8
26 88 27
26 89 13
26 90 6
26 91 22
26 92 29
26 93 30
26 95 7
26 96 27
26 97 2
26 98 33
26 99 20
27 28 5
27 29 32
27 30 30
27 31 10
27 32 24
27 33 40
27 34 7
27 35 35
27 36 24
27 37 3
27 38 17
27 40 15
27 41 9
27 43 35
27 44 30
27 45 14
27 46 26
27 47 4
27 48 16
27 49 35
27 50 12
27 51 14
27 52 17
27 53 10
27 54 15
27 55 2
27 56 34
27 57 18
27 58 33
27 59 1
27 60 35
27 61 20
27 65 16
27 66 28
27 67 6
27 68 17
27 69 34
27 70 15
27 71 39
27 72 15
27 73 34
27 74 2
27 75 11
27 76 30
27 77 26
27 78 31
27 79 32
27 80 27
27 81 6
27 82 16
27 83 40
27 84 32
27 85 8
27 86 11
27 87 33
27 88 6
27 89 37
27 92 37
27 93 22
27 94 31
27 95 28
27 96 20
27 97 39
27 98 26
27 99 5
28 29 24
28 30 36
28 32 1
28 33 10
28 34 37
28 35 40
28 36 3
28 37 6
28 38 33
28 39 20
28 40 30
28 42 34
28 43 19
28 45 10
28 47 23
28 48 31
28 49 9
28 50 38
28 51 6
28 52 5
28 53 4
28 55 26
28 56 40
28 58 26
28 59 28
28 60 24
28 61 35
28 62 18
28 63 21
28 64 29
28 65 34
28 67 5
28 68 20
28 69 18
28 71 40
28 72 23
28 73 7
28 74 25
28 75 4
28 76 34
28 77 3
28 78 16
28 79 15
28 80 33
28 81 14
28 83 28
28 84 4
28 85 28
28 86 15
28 88 32
28 90 15
28 91 21
28 92 9
28 93 29
28 94 25
28 95 12
28 97 37
28 99 16
28 100 9
29 30 11
29 31 28
29 32 34
29 33 4
29 34 15
29 35 13
29 36 29
29 37 7
29 38 5
29 40 16
29 42 1
29 43 19
29 44 40
29 47 33
29 48 26
29 50 19
29 51 22
29 52 39
29 53 30
29 54 3
29 56 21
29 57 7
29 58 2
29 59 13
29 60 21
29 63 27
29 64 2
29 65 3
29 66 29
29 68 28
29 69 17
29 70 40
29 71 28
29 72 33
29 73 33
29 74 31
29 75 32
29 76 40
29 78 25
29 79 20
29 80 1
29 81 17
29 82 17
29 83 33
29 84 5
29 85 14
29 86 29
29 87 28
29 88 16
29 89 24
29 90 31
29 91 31
29 94 19
29 95 11
29 96 40
29 98 20
29 99 29
29 100 1
30 31 40
30 32 3
30 33 14
30 34 24
30 39 26
30 41 12
30 42 12
30 43 31
30 44 31
30 45 14
30 46 40
30 47 19
30 49 10
30 50 24
30 51 2
30 52 11
30 53 34
30 54 30
30 55 11
30 56 23
30 57 22
30 58 7
30 60 13
30 61 14
30 62 1
30 63 7
30 64 17
30 65 8
30 66 22
30 68 40
30 69 5
30 71 11
30 74 28
30 75 6
30 78 14
30 79 38
30 80 32
30 81 38
30 82 6
30 83 18
30 84 40
30 85 9
30 86 19
30 88 13
30 89 6
30 90 12
30 92 7
30 93 30
30 94 33
30 95 10
30 96 1
30 97 13
31 32 11
31 33 23
31 34 30
31 36 4
31 38 39
31 39 15
31 40 12
31 41 27
31 43 40
31 44 29
31 45 12
31 46 1
31 47 15
31 48 37
31 49 6
31 51 24
31 53 14
31 54 25
31 56 29
31 57 36
31 58 35
31 59 5
31 60 11
31 61 30
31 62 17
31 63 4
31 64 3
31 65 27
31 66 18
31 68 26
31 70 5
31 71 29
31 72 4
31 73 5
31 75 23
31 76 4
31 80 13
31 82 3
31 83 22
31 84 15
31 85 30
31 87 39
31 89 32
31 90 14
31 91 5
31 92 26
31 93 14
31 94 28
31 96 8
31 97 28
31 98 7
31 99 2
31 100 23
32 33 12
32 34 34
32 35 19
32 36 32
32 37 12
32 38 19
32 39 1
32 40 26
32 41 40
32 42 23
32 44 2
32 45 34
32 47 25
32 48 15
32 49 9
32 51 12
32 52 40
32 53 8
32 54 40
32 55 17
32 57 1
32 58 2
32 60 27
32 61 34
32 62 32
32 63 11
32 64 25
32 66 32
32 67 18
32 68 5
32 69 4
32 70 32
32 71 30
32 72 12
32 73 23
32 74 34
32 75 3
32 77 10
32 78 11
32 79 25
32 81 20
32 83 7
32 84 15
32 85 8
32 87 14
32 88 24
32 89 24
32 90 11
32 91 23
32 92 15
32 94 21
32 98 10
32 99 5
32 100 19
33 34 20
33 35 28
33 37 29
33 38 34
33 39 18
33 40 37
33 42 22
33 43 33
33 44 15
33 45 19
33 46 34
33 47 4
33 48 9
33 50 12
33 52 11
33 53 4
33 54 25
33 55 2
33 58 38
33 59 6
33 60 32
33 61 29
33 62 7
33 63 2
33 64 7
33 66 10
33 67 1
33 68 14
33 69 38
33 70 15
33 71 36
33 72 21
33 74 10
33 75 35
33 77 32
33 78 17
33 79 33
33 80 2
33 81 36
33 82 11
33 84 27
33 85 27
33 87 15
33 88 21
33 89 19
33 90 11
33 91 19
33 92 14
33 94 11
33 95 10
33 96 4
33 97 40
33 98 17
33 99 22
33 100 33
34 35 40
34 36 10
34 37 34
34 38 35
34 39 19
34 40 28
34 41 4
34 42 15
34 43 40
34 44 14
34 46 39
34 47 30
34 48 37
34 49 11
34 51 10
34 52 32
34 53 31
34 54 33
34 55 2
34 57 39
34 58 24
34 59 20
34 60 34
34 61 35
34 62 32
34 63 36
34 64 15
34 65 17
34 66 24
34 68 34
34 69 7
34 70 38
34 71 11
34 72 29
34 73 20
34 75 4
34 76 8
34 77 34
34 78 37
34 80 34
34 81 4
34 82 29
34 83 5
34 84 28
34 85 2
34 88 5
34 89 21
34 90 38
34 91 25
34 92 29
34 95 23
34 96 9
34 97 4
34 98 26
34 99 30
35 36 23
35 37 34
35 38 8
35 39 18
35 40 30
35 41 20
35 43 11
35 44 18
35 45 39
35 47 36
35 48 34
35 49 25
35 50 27
35 52 3
35 53 8
35 55 21
35 57 35
35 58 31
35 59 4
35 60 9
35 61 19
35 62 10
35 63 37
35 66 4
35 68 2
35 69 16
35 70 19
35 71 34
35 72 15
35 73 25
35 74 7
35 75 8
35 76 32
35 78 11
35 79 22
35 80 28
35 81 25
35 82 13
35 83 27
35 84 19
35 86 8
35 87 31
35 88 21
35 90 20
35 91 5
35 92 20
35 94 11
35 95 33
35 97 11
35 98 37
35 99 31
36 37 16
36 39 29
36 40 40
36 41 17
36 42 17
36 43 23
36 44 23
36 45 24
36 46 8
36 48 36
36 49 7
36 50 3
36 51 5
36 52 29
36 53 24
36 55 23
36 56 3
36 57 20
36 59 40
36 60 10
36 61 11
36 62 20
36 64 32
36 65 3
36 66 36
36 67 30
36 68 29
36 69 29
36 70 35
36 71 40
36 72 18
36 73 34
36 74 18
36 75 32
36 76 20
36 77 20
36 78 31
36 79 26
36 80 3
36 81 22
36 82 26
36 83 16
36 84 36
36 85 6
36 87 18
36 88 31
36 89 16
36 90 1
36 91 33
36 93 29
36 94 9
36 96 6
36 97 32
36 98 40
36 99 29
36 100 33
37 39 17
37 40 34
37 41 35
37 43 39
37 44 36
37 45 24
37 46 8
37 47 33
37 48 11
37 49 36
37 51 18
37 52 19
37 53 31
37 54 17
37 55 2
37 56 9
37 57 23
37 59 16
37 60 8
37 61 12
37 62 6
37 63 33
37 64 35
37 65 34
37 66 35
37 67 20
37 68 38
37 69 8
37 71 39
37 72 31
37 73 9
37 76 8
37 78 24
37 80 21
37 81 26
37 82 8
37 83 17
37 84 7
37 85 20
37 86 30
37 87 24
37 88 25
37 89 30
37 90 25
37 91 8
37 92 36
37 93 17
37 94 19
37 95 11
37 96 8
37 97 9
37 98 18
37 99 6
38 40 20
38 43 4
38 44 36
38 46 5
38 48 38
38 49 1
38 50 9
38 51 26
38 52 11
38 53 33
38 55 15
38 56 25
38 57 30
38 58 4
38 59 4
38 60 17
38 61 32
38 62 24
38 63 25
38 64 38
38 65 16
38 66 8
38 67 36
38 68 7
38 69 35
38 70 25
38 71 17
38 72 34
38 74 8
38 76 27
38 77 10
38 78 2
38 79 5
38 80 7
38 82 18
38 83 9
38 85 6
38 86 4
38 88 13
38 91 31
38 92 28
38 94 31
38 95 31
38 96 5
38 97 6
38 98 17
38 99 4
39 40 29
39 42 9
39 43 26
39 44 24
39 45 5
39 46 3
39 47 30
39 48 12
39 49 18
39 50 25
39 51 28
39 53 36
39 55 7
39 56 12
39 58 36
39 59 10
39 60 35
39 61 27
39 62 28
39 66 40
39 67 30
39 69 12
39 71 24
39 72 38
39 73 7
39 74 10
39 76 28
39 77 9
39 78 30
39 79 1
39 80 3
39 81 20
39 82 17
39 83 12
39 86 17
39 87 18
39 88 18
39 89 34
39 91 15
39 92 38
39 93 16
39 94 40
39 95 4
39 96 3
39 97 20
39 98 31
39 100 21
40 41 32
40 43 8
40 47 37
40 48 33
40 49 27
40 50 19
40 51 8
40 52 26
40 53 21
40 55 9
40 56 18
40 57 38
40 58 32
40 59 11
40 61 20
40 62 19
40 63 3
40 64 4
40 65 4
40 66 37
40 67 20
40 68 25
40 70 3
40 71 34
40 72 28
40 73 7
40 74 10
40 76 16
40 77 8
40 78 7
40 79 35
40 81 8
40 82 30
40 83 23
40 84 5
40 85 31
40 86 6
40 87 17
40 88 16
40 89 33
40 90 19
40 91 6
40 92 32
40 93 18
40 94 27
40 95 7
40 96 24
40 98 36
40 99 40
40 100 18
41 42 12
41 43 37
41 44 20
41 45 14
41 46 39
41 47 2
41 48 9
41 49 32
41 50 30
41 51 9
41 52 13
41 53 11
41 54 14
41 55 12
41 58 38
41 60 18
41 61 38
41 62 2
41 63 13
41 65 30
41 66 33
41 67 12
41 69 38
41 70 28
41 71 29
41 72 12
41 73 24
41 74 7
41 75 25
41 76 16
41 79 25
41 80 35
41 81 38
41 82 2
41 83 36
41 84 38
41 85 36
41 86 32
41 87 21
41 88 2
41 90 32
41 91 27
41 92 40
41 93 21
41 94 24
41 95 28
41 96 29
41 97 28
41 98 10
41 99 23
41 100 3
42 43 6
42 44 7
42 45 38
42 46 30
42 47 21
42 48 5
42 49 23
42 50 7
42 51 2
42 52 11
42 53 40
42 55 26
42 56 23
42 57 3
42 58 35
42 60 8
42 61 15
42 62 38
42 64 24
42 66 28
42 67 5
42 69 29
42 70 28
42 72 27
42 75 17
42 76 24
42 77 12
42 78 13
42 79 31
42 80 17
42 81 4
42 82 14
42 83 26
42 84 12
42 85 33
42 86 39
42 87 23
42 89 20
42 91 9
42 94 11
42 97 5
42 98 40
42 99 3
42 100 20
43 44 22
43 45 30
43 46 5
43 49 39
43 50 13
43 51 26
43 52 36
43 53 21
43 54 18
43 56 3
43 57 21
43 58 32
43 60 2
43 61 34
43 62 2
43 63 8
43 64 26
43 66 30
43 67 19
43 68 28
43 69 31
43 71 35
43 72 27
43 73 12
43 75 12
43 76 31
43 77 24
43 78 14
43 79 5
43 80 31
43 81 6
43 84 21
43 85 6
43 86 27
43 87 40
43 89 33
43 90 32
43 92 30
43 93 29
43 94 27
43 95 18
43 98 26
43 99 2
43 100 40
44 45 12
44 46 23
44 47 30
44 48 8
44 49 28
44 50 1
44 51 3
44 53 31
44 54 22
44 56 18
44 57 2
44 58 34
44 60 40
44 61 31
44 62 36
44 63 12
44 64 8
44 66 36
44 67 4
44 68 10
44 69 34
44 71 13
44 72 8
44 73 32
44 74 16
44 75 13
44 76 29
44 77 7
44 78 14
44 79 18
44 80 24
44 81 15
44 82 14
44 83 34
44 84 6
44 85 21
44 86 23
44 87 9
44 88 22
44 89 4
44 90 20
44 91 5
44 92 1
44 93 10
44 94 39
44 95 36
44 96 19
44 97 28
44 98 21
44 99 26
44 100 34
45 46 2
45 47 39
45 48 16
45 50 3
45 53 34
45 55 3
45 56 37
45 57 11
45 58 38
45 59 15
45 60 15
45 62 4
45 63 18
45 64 27
45 65 15
45 66 2
45 68 24
45 69 16
45 71 39
45 73 33
45 74 17
45 75 16
45 76 5
45 77 29
45 78 6
45 79 5
45 80 13
45 81 40
45 83 34
45 85 27
45 86 2
45 87 27
45 88 2
45 89 14
45 90 19
45 91 38
45 92 25
45 93 10
45 94 30
45 95 35
45 98 3
45 99 4
45 100 19
46 47 28
46 48 10
46 51 32
46 52 39
46 53 7
46 54 31
46 55 26
46 56 4
46 57 7
46 58 21
46 59 28
46 60 39
46 61 2
46 62 27
46 64 3
46 65 26
46 66 21
46 68 17
46 69 34
46 70 18
46 71 23
46 72 6
46 73 25
46 75 38
46 76 14
46 77 7
46 78 16
46 79 34
46 80 3
46 81 12
46 83 32
46 84 37
46 85 17
46 86 25
46 87 12
46 88 1
46 89 19
46 91 24
46 93 36
46 94 5
46 95 33
46 96 16
46 97 3
46 98 24
46 99 11
46 100 3
47 48 13
47 49 21
47 51 21
47 52 14
47 54 32
47 55 1
47 56 2
47 60 23
47 61 12
47 62 26
47 63 12
47 64 29
47 65 40
47 66 6
47 67 36
47 68 16
47 69 18
47 70 14
47 71 39
47 72 24
47 73 15
47 75 27
47 77 4
47 79 7
47 81 8
47 82 12
47 83 11
47 84 9
47 86 2
47 88 14
47 89 39
47 90 12
47 92 40
47 93 16
47 94 24
47 95 22
47 96 2
47 97 31
47 98 20
47 99 5
47 100 14
48 49 30
48 50 2
48 51 30
48 52 38
48 53 13
48 54 36
48 55 7
48 56 15
48 57 7
48 58 31
48 59 28
48 60 3
48 61 10
48 63 9
48 64 19
48 66 40
48 67 25
48 69 22
48 70 5
48 71 7
48 72 5
48 73 6
48 74 26
48 75 33
48 76 35
48 77 16
48 79 23
48 81 14
48 84 21
48 85 36
48 86 34
48 87 30
48 88 9
48 91 32
48 92 38
48 94 7
48 96 34
48 97 38
48 98 27
48 99 24
48 100 2
49 50 33
49 51 40
49 52 8
49 53 22
49 54 2
49 56 7
49 57 16
49 58 4
49 59 18
49 60 26
49 61 22
49 63 26
49 64 38
49 65 3
49 66 16
49 67 40
49 68 6
49 69 32
49 70 40
49 71 24
49 72 11
49 75 35
49 76 39
49 77 38
49 78 31
49 81 17
49 82 26
49 83 21
49 84 28
49 85 22
49 86 40
49 87 1
49 88 16
49 90 33
49 91 34
49 92 40
49 93 20
49 94 37
49 95 14
49 96 40
49 97 19
49 98 27
49 100 39
50 51 40
50 52 33
50 53 39
50 55 20
50 56 24
50 57 23
50 59 4
50 60 1
50 62 23
50 64 9
50 65 29
50 66 18
50 67 16
50 68 31
50 69 39
50 70 34
50 71 20
50 73 20
50 74 23
50 75 35
50 76 8
50 77 8
50 78 20
50 79 30
50 81 12
50 82 21
50 83 15
50 86 1
50 87 8
50 88 4
50 90 36
50 91 33
50 93 34
50 94 15
50 95 37
50 99 8
50 100 40
51 52 32
51 53 35
51 54 14
51 55 31
51 56 25
51 57 28
51 58 30
51 59 4
51 61 7
51 62 23
51 63 29
51 64 39
51 65 30
51 66 24
51 68 36
51 69 18
51 70 4
51 72 16
51 74 10
51 75 26
51 77 13
51 78 10
51 79 3
51 80 27
51 81 33
51 83 8
51 84 15
51 87 7
51 88 22
51 89 20
51 90 19
51 92 24
51 93 9
51 94 25
51 95 37
51 96 35
51 99 12
52 54 25
52 55 14
52 56 38
52 57 1
52 58 27
52 59 39
52 60 36
52 63 1
52 67 17
52 68 19
52 69 40
52 70 8
52 72 23
52 73 22
52 74 18
52 75 33
52 77 5
52 78 1
52 80 4
52 81 7
52 82 24
52 84 2
52 85 11
52 86 34
52 87 38
52 88 17
52 89 2
52 90 15
52 92 7
52 93 21
52 94 35
52 96 31
52 97 20
52 98 40
52 99 15
52 100 26
53 55 35
53 56 22
53 57 38
53 59 28
53 61 38
53 62 21
53 63 36
53 64 8
53 65 6
53 66 26
53 67 17
53 69 15
53 70 35
53 74 30
53 75 35
53 76 26
53 80 11
53 81 5
53 82 2
53 83 11
53 84 19
53 86 17
53 88 31
53 89 11
53 90 8
53 91 1
53 93 22
53 94 12
53 95 12
53 96 25
53 98 18
53 99 31
53 100 20
54 55 6
54 56 32
54 57 20
54 58 20
54 59 13
54 60 33
54 61 37
54 62 33
54 63 34
54 65 7
54 66 37
54 67 36
54 68 35
54 70 26
54 71 2
54 72 8
54 74 31
54 75 22
54 78 5
54 80 13
54 82 8
54 83 12
54 84 24
54 85 11
54 86 5
54 88 3
54 90 11
54 91 14
54 93 17
54 94 18
54 96 17
54 97 8
54 98 38
54 99 29
54 100 34
55 56 40
55 57 30
55 58 22
55 59 14
55 60 36
55 61 1
55 62 28
55 63 28
55 64 27
55 65 23
55 67 29
55 69 27
55 71 36
55 72 16
55 74 3
55 76 27
55 77 38
55 78 31
55 80 27
55 81 15
55 83 3
55 84 28
55 85 3
55 87 40
55 88 26
55 89 26
55 90 31
55 91 22
55 92 29
55 93 17
55 94 7
55 95 8
55 96 20
55 97 23
55 98 38
55 99 20
55 100 5
56 57 10
56 60 30
56 64 16
56 65 37
56 66 32
56 67 31
56 68 39
56 69 19
56 70 5
56 72 20
56 73 13
56 74 24
56 75 38
56 76 34
56 77 36
56 78 23
56 79 11
56 80 25
56 81 31
56 82 23
56 86 22
56 87 4
56 88 6
56 89 7
56 90 5
56 92 26
56 93 6
56 94 8
56 95 1
56 96 2
56 98 32
56 99 33
57 58 36
57 59 38
57 60 11
57 61 6
57 63 1
57 64 7
57 65 11
57 67 33
57 68 40
57 69 33
57 70 18
57 72 19
57 73 12
57 74 27
57 75 18
57 76 14
57 78 40
57 79 28
57 80 16
57 81 29
57 82 23
57 83 37
57 84 37
57 85 18
57 86 25
57 87 3
57 88 32
57 89 20
57 92 17
57 94 21
57 95 27
57 96 6
57 97 17
57 98 34
57 99 13
57 100 11
58 60 36
58 63 2
58 64 31
58 65 38
58 66 13
58 67 38
58 68 15
58 69 13
58 70 40
58 71 30
58 72 13
58 73 33
58 74 32
58 75 3
58 76 19
58 77 15
58 78 23
58 79 31
58 80 35
58 81 4
58 82 13
58 83 34
58 85 24
58 86 30
58 87 28
58 88 29
58 91 8
58 92 24
58 94 3
58 95 17
58 97 11
58 98 9
58 99 8
58 100 24
59 60 34
59 62 33
59 63 5
59 65 5
59 68 10
59 69 7
59 71 29
59 72 32
59 73 40
59 74 2
59 75 40
59 76 35
59 77 33
59 78 33
59 80 36
59 82 20
59 83 38
59 84 30
59 85 34
59 86 2
59 87 5
59 88 29
59 89 20
59 90 25
59 91 30
59 92 3
59 93 23
59 94 4
59 95 21
59 96 9
59 97 30
59 98 17
59 99 27
60 61 24
60 62 15
60 63 15
60 64 5
60 66 25
60 67 12
60 68 30
60 69 29
60 70 40
60 71 39
60 72 13
60 73 16
60 74 11
60 75 11
60 76 36
60 78 28
60 79 16
60 80 20
60 83 17
60 84 7
60 85 3
60 86 34
60 87 34
60 88 10
60 89 4
60 90 15
60 93 3
60 94 3
60 95 27
60 96 16
60 98 31
60 99 27
60 100 14
61 62 25
61 63 31
61 64 39
61 65 7
61 66 5
61 67 24
61 68 17
61 69 26
61 70 37
61 71 39
61 72 22
61 75 38
61 76 14
61 77 1
61 78 19
61 80 2
61 81 39
61 82 23
61 84 28
61 87 22
61 88 18
61 89 17
61 90 30
61 94 36
61 95 32
61 96 8
61 97 21
61 98 33
61 99 30
61 100 38
62 63 30
62 64 10
62 65 26
62 67 18
62 68 37
62 70 14
62 71 37
62 73 39
62 75 10
62 76 33
62 77 12
62 78 14
62 80 12
62 81 21
62 82 37
62 83 10
62 85 14
62 86 33
62 88 23
62 89 34
62 91 7
62 92 30
62 93 4
62 94 19
62 95 9
62 96 32
62 97 40
62 98 36
62 99 4
62 100 27
63 64 13
63 65 3
63 66 30
63 67 6
63 68 40
63 69 32
63 70 20
63 71 34
63 73 37
63 74 16
63 75 12
63 76 24
63 77 5
63 78 17
63 79 13
63 80 7
63 81 4
63 82 4
63 83 26
63 84 26
63 86 32
63 87 11
63 89 23
63 90 20
63 91 13
63 92 12
63 93 19
63 94 13
63 95 11
63 96 11
63 97 1
63 98 35
63 99 9
64 65 8
64 68 22
64 69 2
64 71 23
64 72 21
64 73 30
64 74 13
64 75 14
64 76 7
64 77 22
64 78 2
64 79 10
64 80 33
64 81 39
64 82 15
64 84 40
64 85 33
64 87 27
64 88 38
64 89 5
64 92 3
64 93 15
64 94 12
64 95 10
64 97 31
64 99 4
65 67 12
65 68 16
65 71 11
65 73 1
65 74 25
65 77 15
65 78 38
65 79 30
65 81 29
65 82 33
65 83 3
65 84 4
65 85 29
65 86 33
65 87 40
65 88 10
65 89 19
65 90 20
65 91 38
65 93 12
65 94 10
65 95 38
65 96 18
65 97 6
65 98 31
65 99 23
65 100 23
66 67 22
66 68 19
66 69 40
66 70 13
66 73 40
66 74 16
66 75 38
66 76 27
66 78 32
66 79 1
66 80 38
66 84 25
66 85 15
66 86 19
66 87 30
66 89 15
66 90 31
66 91 16
66 92 18
66 93 30
66 95 13
66 97 15
66 99 2
66 100 8
67 68 19
67 69 31
67 70 32
67 71 32
67 72 10
67 74 37
67 75 38
67 76 36
67 77 18
67 78 18
67 79 31
67 80 1
67 81 11
67 82 25
67 83 9
67 84 36
67 85 7
67 86 25
67 87 27
67 88 14
67 89 36
67 90 6
67 91 18
67 92 1
67 93 11
67 94 1
67 95 25
67 96 35
67 98 7
67 99 8
67 100 10
68 69 35
68 70 18
68 72 30
68 75 21
68 76 34
68 78 33
68 79 38
68 81 25
68 82 13
68 83 23
68 84 12
68 85 33
68 86 2
68 87 37
68 88 39
68 89 26
68 90 1
68 91 31
68 92 16
68 93 39
68 94 40
68 95 18
68 96 18
68 98 16
68 99 11
68 100 39
69 71 1
69 72 19
69 73 15
69 74 22
69 75 6
69 77 13
69 78 23
69 79 8
69 81 24
69 83 14
69 85 8
69 87 37
69 88 20
69 89 39
69 90 6
69 91 18
69 93 17
69 94 23
69 95 15
69 96 24
69 97 39
69 98 13
69 99 40
69 100 28
70 71 12
70 72 9
70 73 7
70 74 19
70 75 18
70 76 31
70 77 23
70 78 6
70 80 16
70 81 30
70 82 15
70 83 30
70 84 15
70 86 27
70 87 26
70 88 23
70 89 28
70 90 20
70 91 26
70 92 3
70 94 11
70 96 38
70 97 23
70 98 25
70 99 1
70 100 7
71 72 10
71 73 29
71 74 23
71 75 13
71 76 22
71 77 29
71 79 13
71 80 28
71 81 5
71 82 1
71 83 13
71 84 2
71 85 18
71 86 10
71 88 7
71 89 4
71 90 2
71 92 5
71 93 34
71 94 18
71 95 35
71 96 34
71 97 27
71 99 7
71 100 28
72 73 20
72 74 17
72 75 12
72 76 37
72 77 13
72 79 16
72 81 6
72 82 13
72 83 7
72 85 3
72 86 4
72 87 40
72 88 24
72 89 23
72 90 36
72 91 36
72 92 24
72 93 37
72 94 3
72 95 12
72 96 23
72 97 4
72 98 29
72 99 38
72 100 6
73 76 15
73 77 33
73 79 33
73 80 2
73 81 8
73 82 21
73 83 17
73 84 20
73 85 24
73 86 26
73 87 25
73 88 37
73 89 8
73 90 2
73 91 29
73 92 30
73 93 10
73 94 21
73 95 19
73 96 18
73 97 2
73 98 22
73 99 25
73 100 26
74 76 8
74 78 12
74 81 1
74 82 21
74 83 31
74 84 27
74 85 26
74 88 1
74 90 25
74 92 13
74 93 5
74 94 18
74 98 27
74 99 10
74 100 23
75 76 39
75 77 36
75 78 13
75 79 6
75 83 3
75 84 25
75 85 4
75 86 20
75 87 3
75 89 28
75 90 4
75 91 36
75 92 14
75 93 33
75 94 31
75 95 37
75 96 20
75 97 23
75 98 23
75 99 8
75 100 13
76 77 22
76 78 8
76 79 34
76 80 20
76 81 27
76 82 27
76 83 20
76 84 37
76 85 2
76 86 11
76 88 23
76 89 38
76 90 28
76 91 23
76 92 34
76 95 26
76 97 2
76 99 40
76 100 21
77 78 24
77 80 31
77 81 12
77 82 15
77 87 23
77 88 12
77 89 6
77 90 11
77 91 39
77 92 23
77 94 5
77 95 15
77 96 27
77 97 25
77 98 18
77 100 29
78 81 28
78 82 33
78 84 13
78 85 29
78 86 20
78 87 27
78 89 35
78 90 34
78 91 18
78 92 34
78 93 17
78 94 35
78 95 26
78 96 17
78 97 26
78 98 10
78 99 38
78 100 5
79 80 1
79 81 3
79 82 15
79 83 40
79 84 14
79 85 23
79 86 3
79 87 36
79 88 7
79 89 30
79 93 27
79 94 28
79 95 12
79 96 27
79 97 12
79 100 38
80 81 20
80 82 36
80 83 18
80 84 13
80 85 40
80 86 27
80 88 28
80 90 10
80 91 9
80 92 11
80 93 29
80 94 1
80 95 9
80 96 25
80 97 30
80 98 36
80 99 25
80 100 37
81 82 7
81 83 37
81 84 32
81 85 22
81 86 15
81 89 28
81 91 19
81 92 21
81 93 8
81 95 2
81 97 20
81 100 12
82 83 7
82 84 17
82 86 38
82 87 11
82 88 39
82 90 16
82 91 25
82 92 40
82 93 37
82 94 38
82 96 10
82 98 18
82 99 6
82 100 15
83 84 10
83 85 12
83 86 17
83 88 24
83 89 32
83 90 23
83 91 9
83 93 37
83 94 35
83 95 14
83 96 32
83 97 27
83 98 23
83 99 31
83 100 23
84 85 29
84 86 12
84 88 24
84 90 4
84 91 25
84 92 16
84 94 1
84 95 28
84 96 11
84 97 37
84 98 17
84 99 13
84 100 18
85 86 37
85 87 18
85 89 40
85 92 25
85 93 23
85 94 38
85 97 27
85 98 28
85 99 14
85 100 39
86 87 18
86 88 1
86 89 31
86 90 33
86 92 15
86 93 22
86 94 21
86 96 11
86 97 29
86 98 10
86 99 27
87 88 25
87 89 1
87 90 3
87 91 12
87 92 33
87 93 35
87 94 9
87 95 7
87 96 27
87 97 11
87 98 31
87 100 25
88 89 8
88 90 35
88 92 22
88 93 36
88 94 33
88 95 21
88 96 17
88 97 21
88 98 3
88 99 3
88 100 37
89 90 30
89 91 2
89 92 30
89 93 11
89 94 11
89 95 13
89 98 16
89 99 38
89 100 11
90 91 25
90 92 21
90 94 34
90 97 22
90 98 28
90 100 17
91 93 34
91 94 7
91 95 34
91 96 40
91 97 14
91 100 37
92 93 21
92 94 37
92 95 3
92 97 10
92 98 12
92 99 39
92 100 10
93 97 35
93 98 40
93 99 37
93 100 39
94 95 8
94 96 7
94 97 6
94 98 13
94 100 2
95 97 20
95 98 37
95 99 12
96 97 38
96 98 4
96 100 33
97 98 9
97 99 11
98 99 5
98 100 17
99 100 20
