100 270
1 20 72
1 53 121
1 64 297
2 17 230
2 20 1
2 45 14
2 46 117
2 62 271
2 67 184
2 72 79
2 73 75
2 77 158
2 81 285
2 83 181
2 96 15
3 34 80
3 37 183
3 39 245
3 56 296
3 58 109
3 89 138
4 30 63
4 77 104
4 96 197
5 6 262
5 27 38
5 39 305
5 84 279
5 94 208
5 95 87
6 9 263
6 39 45
6 71 177
6 90 310
7 32 114
7 49 158
7 54 87
7 56 223
7 76 21
7 78 121
8 29 6
8 45 76
8 71 295
9 47 247
9 49 302
9 57 79
9 77 12
9 86 11
9 90 260
10 76 111
10 90 318
11 12 310
11 14 12
11 72 65
11 82 156
11 85 310
12 24 93
12 40 232
12 67 179
12 86 180
12 91 220
12 96 290
13 22 126
13 99 56
14 17 203
14 45 291
14 54 139
14 60 13
14 70 88
14 87 1
14 88 135
14 95 282
15 22 78
15 25 3
15 61 318
15 91 272
16 52 207
16 53 87
16 78 34
17 46 121
17 60 48
18 38 30
18 59 13
18 82 127
18 85 142
19 20 136
19 56 315
19 67 73
20 24 311
20 27 183
20 61 304
20 67 207
20 77 187
20 81 292
20 94 297
20 95 230
21 66 149
21 81 65
21 84 55
21 97 207
22 23 311
22 34 294
22 37 316
22 38 210
22 78 294
22 91 276
23 54 186
23 99 153
24 28 243
24 30 103
24 84 165
25 44 54
26 68 152
26 71 274
26 72 192
26 76 181
26 96 97
27 37 59
27 40 207
27 54 51
27 56 195
27 94 312
29 44 108
29 57 246
29 69 174
29 96 300
30 80 71
31 61 176
31 65 234
31 70 188
31 79 300
31 82 187
31 91 70
31 97 226
32 37 177
32 38 165
32 98 99
33 36 54
33 46 39
33 60 111
34 49 285
34 56 266
34 61 28
34 86 219
35 37 106
35 46 45
35 54 229
35 70 224
35 99 215
36 51 211
36 69 256
36 93 1
37 46 240
37 55 133
37 59 82
37 79 137
38 41 170
38 61 157
38 88 173
39 40 304
39 45 103
39 48 122
39 50 59
39 61 223
39 78 248
39 88 104
39 91 218
39 95 305
40 43 20
40 52 183
40 69 105
40 86 2
41 63 223
41 77 179
41 81 155
42 84 76
43 58 308
43 98 224
44 48 98
44 59 93
44 69 92
44 92 31
45 49 90
45 56 102
45 91 2
46 70 43
46 71 307
46 97 78
47 89 38
48 63 177
48 73 50
48 79 34
48 84 242
48 85 260
49 79 125
49 91 44
49 95 84
50 67 152
50 81 204
50 93 149
51 79 4
52 60 163
52 69 251
53 54 228
53 67 247
53 97 15
54 97 239
54 100 28
55 56 66
55 61 8
55 72 185
55 81 198
55 86 312
55 92 50
56 70 32
56 94 90
56 96 95
56 98 314
57 78 2
58 97 274
59 82 306
59 91 154
60 93 216
60 99 23
62 69 138
62 72 83
62 93 229
63 78 55
63 79 59
64 66 27
65 67 49
67 84 310
67 88 102
68 87 138
68 99 173
69 94 47
70 79 68
70 82 226
71 81 12
72 88 283
73 92 90
73 99 58
74 81 164
74 82 249
75 84 313
76 98 80
77 96 29
77 99 211
79 95 15
80 82 260
80 83 198
80 86 309
80 97 311
80 100 169
81 84 186
81 90 190
81 98 194
82 85 277
82 94 223
82 96 49
83 99 150
85 94 10
85 95 126
87 96 23
88 91 313
90 98 260
91 98 162
95 96 62
96 97 36
96 100 118
