100 3950
1 2 251
1 4 174
1 5 265
1 6 95
1 7 137
1 9 314
1 10 6
1 11 104
1 12 30
1 13 162
1 14 120
1 15 163
1 17 208
1 18 139
1 19 138
1 20 101
1 21 64
1 23 284
1 25 210
1 26 44
1 27 139
1 28 273
1 29 57
1 30 144
1 33 268
1 35 174
1 36 92
1 38 132
1 39 211
1 40 227
1 42 201
1 43 304
1 44 313
1 45 92
1 46 173
1 47 9
1 48 85
1 51 161
1 52 268
1 53 122
1 54 45
1 55 167
1 57 178
1 58 193
1 59 74
1 60 280
1 62 64
1 64 162
1 65 234
1 66 196
1 67 81
1 68 8
1 69 63
1 70 24
1 71 123
1 72 133
1 73 77
1 74 12
1 75 16
1 76 225
1 77 229
1 78 167
1 79 123
1 80 188
1 81 56
1 82 84
1 83 203
1 84 290
1 85 243
1 86 50
1 87 289
1 88 240
1 89 98
1 91 136
1 92 261
1 93 142
1 94 143
1 95 215
1 96 18
1 97 266
1 98 103
1 99 290
1 100 300
2 4 32
2 6 87
2 7 51
2 8 125
2 9 107
2 10 281
2 11 86
2 12 106
2 13 143
2 15 299
2 16 179
2 17 25
2 19 191
2 22 227
2 23 203
2 27 15
2 28 127
2 29 217
2 30 108
2 31 88
2 32 271
2 33 298
2 34 59
2 35 270
2 36 276
2 37 258
2 38 297
2 41 139
2 42 187
2 44 296
2 45 239
2 47 93
2 48 197
2 49 39
2 50 319
2 52 102
2 54 273
2 55 92
2 56 259
2 57 26
2 58 46
2 59 23
2 61 156
2 62 140
2 64 45
2 65 233
2 66 18
2 68 304
2 69 225
2 70 85
2 71 143
2 72 76
2 73 314
2 75 59
2 76 97
2 77 2
2 80 209
2 81 137
2 82 223
2 83 210
2 84 130
2 85 43
2 86 203
2 87 71
2 88 174
2 89 100
2 90 300
2 91 317
2 92 245
2 93 188
2 94 16
2 95 103
2 97 246
2 98 295
2 99 115
2 100 53
3 4 80
3 5 199
3 6 141
3 7 269
3 8 14
3 9 226
3 10 219
3 11 303
3 12 135
3 14 186
3 15 158
3 17 304
3 18 130
3 19 99
3 20 83
3 21 56
3 23 87
3 24 292
3 26 6
3 28 232
3 30 156
3 31 145
3 32 289
3 33 175
3 34 36
3 35 159
3 36 37
3 37 204
3 39 141
3 40 85
3 41 214
3 42 171
3 43 281
3 45 138
3 46 293
3 48 27
3 49 161
3 52 16
3 53 134
3 54 215
3 55 217
3 56 150
3 57 23
3 58 213
3 59 277
3 60 222
3 63 249
3 64 78
3 65 211
3 66 104
3 67 253
3 68 255
3 69 209
3 70 238
3 71 230
3 72 299
3 73 177
3 75 223
3 76 274
3 77 294
3 80 185
3 83 229
3 84 240
3 86 303
3 87 5
3 89 181
3 90 53
3 91 169
3 92 262
3 93 142
3 94 308
3 95 287
3 96 244
3 97 233
3 98 153
3 99 77
3 100 218
4 5 17
4 7 288
4 8 169
4 9 29
4 10 257
4 11 29
4 12 203
4 13 206
4 14 189
4 15 303
4 16 90
4 17 13
4 18 307
4 19 255
4 20 302
4 21 245
4 22 183
4 23 268
4 24 277
4 25 247
4 26 43
4 27 243
4 28 292
4 30 267
4 31 97
4 32 159
4 33 63
4 34 192
4 37 5
4 38 89
4 39 132
4 40 82
4 41 16
4 42 239
4 43 23
4 44 53
4 45 113
4 46 112
4 47 43
4 48 95
4 49 246
4 50 235
4 51 34
4 52 311
4 53 273
4 54 8
4 55 100
4 56 248
4 57 218
4 58 263
4 59 238
4 60 24
4 61 287
4 62 85
4 63 103
4 64 28
4 65 235
4 66 80
4 68 30
4 69 45
4 70 125
4 71 37
4 72 174
4 73 70
4 74 18
4 75 147
4 76 262
4 79 249
4 80 167
4 81 34
4 83 182
4 84 218
4 85 288
4 86 191
4 87 140
4 89 193
4 90 61
4 91 29
4 92 84
4 93 201
4 94 117
4 95 137
4 96 265
4 97 263
4 98 119
5 6 3
5 8 239
5 9 279
5 11 303
5 13 44
5 14 180
5 15 167
5 16 153
5 17 100
5 18 82
5 21 299
5 22 111
5 23 8
5 24 264
5 25 175
5 26 155
5 27 311
5 29 149
5 30 57
5 32 119
5 33 126
5 34 15
5 35 294
5 36 203
5 38 69
5 39 262
5 40 103
5 41 95
5 42 17
5 43 171
5 44 151
5 45 10
5 46 141
5 50 37
5 51 300
5 52 159
5 54 301
5 55 38
5 56 192
5 57 250
5 58 220
5 59 149
5 63 24
5 64 40
5 65 297
5 68 312
5 69 48
5 71 135
5 72 3
5 73 248
5 74 260
5 75 229
5 76 224
5 77 98
5 78 83
5 79 94
5 80 38
5 81 225
5 82 204
5 83 303
5 87 274
5 88 82
5 89 1
5 90 29
5 91 1
5 92 163
5 94 126
5 95 169
5 96 60
5 97 36
5 98 173
5 99 304
5 100 103
6 7 162
6 9 67
6 10 50
6 11 208
6 12 142
6 13 102
6 14 177
6 15 312
6 16 198
6 17 204
6 18 98
6 19 72
6 20 112
6 21 187
6 22 29
6 24 100
6 25 249
6 27 267
6 29 217
6 30 135
6 33 79
6 34 231
6 35 187
6 36 70
6 37 176
6 38 289
6 41 142
6 42 90
6 43 183
6 45 107
6 47 108
6 48 125
6 49 142
6 51 103
6 54 264
6 55 258
6 56 178
6 57 128
6 58 250
6 59 289
6 60 36
6 61 125
6 62 242
6 63 89
6 64 301
6 65 35
6 66 58
6 67 114
6 69 282
6 70 8
6 71 111
6 72 19
6 73 92
6 74 255
6 75 23
6 77 236
6 78 194
6 79 204
6 80 84
6 81 285
6 82 159
6 83 69
6 84 234
6 85 60
6 87 214
6 88 221
6 89 152
6 90 133
6 92 198
6 93 147
6 95 280
6 96 211
6 97 236
6 98 10
7 8 69
7 10 211
7 11 38
7 12 68
7 14 8
7 15 44
7 16 306
7 17 143
7 18 104
7 19 254
7 20 6
7 21 51
7 22 43
7 24 91
7 25 241
7 26 220
7 28 240
7 29 311
7 30 5
7 31 31
7 32 86
7 33 285
7 34 116
7 36 233
7 37 37
7 38 200
7 39 310
7 41 144
7 42 116
7 43 73
7 44 268
7 45 16
7 46 235
7 47 111
7 48 290
7 50 235
7 52 178
7 53 172
7 54 268
7 60 256
7 61 180
7 63 240
7 64 246
7 65 131
7 67 79
7 68 6
7 69 108
7 71 142
7 73 235
7 74 305
7 75 254
7 77 8
7 78 108
7 80 202
7 81 91
7 82 159
7 83 51
7 84 18
7 87 195
7 88 64
7 89 149
7 90 78
7 92 155
7 93 28
7 94 234
7 95 294
7 96 165
7 97 63
7 98 245
7 99 165
7 100 79
8 9 160
8 10 284
8 11 119
8 12 119
8 13 51
8 14 32
8 15 270
8 17 167
8 18 291
8 21 22
8 22 64
8 23 108
8 24 230
8 25 8
8 26 216
8 27 208
8 28 186
8 29 229
8 31 188
8 32 171
8 33 305
8 34 165
8 37 87
8 39 281
8 40 83
8 41 119
8 42 59
8 43 170
8 44 273
8 45 38
8 46 54
8 48 2
8 50 71
8 51 158
8 52 94
8 53 2
8 54 207
8 55 245
8 56 84
8 58 28
8 60 314
8 61 310
8 62 157
8 63 232
8 64 67
8 65 302
8 67 302
8 68 180
8 69 247
8 70 36
8 72 202
8 74 69
8 75 248
8 76 48
8 78 175
8 79 233
8 81 201
8 82 250
8 83 138
8 84 267
8 85 130
8 86 3
8 88 241
8 89 197
8 90 195
8 91 14
8 92 101
8 93 19
8 96 245
8 97 289
8 98 280
9 10 238
9 11 172
9 12 182
9 13 286
9 14 289
9 16 301
9 17 96
9 18 245
9 19 201
9 21 254
9 22 84
9 23 221
9 24 194
9 25 9
9 26 160
9 27 115
9 30 149
9 31 186
9 32 134
9 33 47
9 34 297
9 35 19
9 37 174
9 38 228
9 39 75
9 40 179
9 41 246
9 42 58
9 43 60
9 44 242
9 46 15
9 47 146
9 49 248
9 51 292
9 52 242
9 53 221
9 54 116
9 55 227
9 56 202
9 57 201
9 58 152
9 59 232
9 60 218
9 62 231
9 63 26
9 64 113
9 65 98
9 66 280
9 67 229
9 68 85
9 69 47
9 71 15
9 72 122
9 73 245
9 74 144
9 75 308
9 76 282
9 77 139
9 78 283
9 79 207
9 80 209
9 81 186
9 82 30
9 84 74
9 85 12
9 86 103
9 87 148
9 88 253
9 90 201
9 91 137
9 92 308
9 93 294
9 95 129
9 96 31
9 98 44
9 99 135
9 100 49
10 11 259
10 13 225
10 14 273
10 17 17
10 19 109
10 20 258
10 21 259
10 23 270
10 24 128
10 25 204
10 26 41
10 27 210
10 28 12
10 29 188
10 31 225
10 32 58
10 33 43
10 34 154
10 35 40
10 36 286
10 37 34
10 38 232
10 39 181
10 40 156
10 41 58
10 42 255
10 43 191
10 44 278
10 45 123
10 46 232
10 47 191
10 48 84
10 49 45
10 51 181
10 52 162
10 53 165
10 54 194
10 55 28
10 56 119
10 57 113
10 58 33
10 60 79
10 61 95
10 62 77
10 63 154
10 65 66
10 66 279
10 67 268
10 68 225
10 69 58
10 70 2
10 71 94
10 72 115
10 73 35
10 74 164
10 75 179
10 77 217
10 79 217
10 80 126
10 81 287
10 82 195
10 83 105
10 84 235
10 85 147
10 86 179
10 87 53
10 88 4
10 89 222
10 91 68
10 94 261
10 95 222
10 96 220
10 97 274
10 98 235
10 99 17
10 100 23
11 12 67
11 13 195
11 14 24
11 15 205
11 16 299
11 17 209
11 18 36
11 19 233
11 20 247
11 22 6
11 23 284
11 24 89
11 25 248
11 26 20
11 28 195
11 29 316
11 31 36
11 32 117
11 33 165
11 34 186
11 36 92
11 37 41
11 39 228
11 40 72
11 41 52
11 42 2
11 43 167
11 44 260
11 46 137
11 47 111
11 48 140
11 49 67
11 51 204
11 52 236
11 54 51
11 55 166
11 56 204
11 57 94
11 59 98
11 60 101
11 61 267
11 62 82
11 63 110
11 65 151
11 66 102
11 67 220
11 69 155
11 71 220
11 72 242
11 73 212
11 74 73
11 76 159
11 77 16
11 78 283
11 79 61
11 80 32
11 81 48
11 82 267
11 83 195
11 84 233
11 85 211
11 86 28
11 88 206
11 89 184
11 91 92
11 93 137
11 94 158
11 95 29
11 96 164
11 98 175
11 99 294
11 100 127
12 13 199
12 14 65
12 15 117
12 16 295
12 17 192
12 18 256
12 19 234
12 20 87
12 21 296
12 22 274
12 23 208
12 24 18
12 25 125
12 26 80
12 28 184
12 29 129
12 31 100
12 32 245
12 33 196
12 34 35
12 35 204
12 37 284
12 38 261
12 39 2
12 40 150
12 41 117
12 42 281
12 44 11
12 45 81
12 48 20
12 50 193
12 51 71
12 52 197
12 53 241
12 54 266
12 55 134
12 56 191
12 59 7
12 60 138
12 61 238
12 62 150
12 66 282
12 67 214
12 68 204
12 69 254
12 70 210
12 71 186
12 72 33
12 73 273
12 74 285
12 75 117
12 76 110
12 78 208
12 80 92
12 81 9
12 83 235
12 84 284
12 85 169
12 86 123
12 88 293
12 89 256
12 90 157
12 91 212
12 92 102
12 93 53
12 94 1
12 96 50
12 97 65
12 98 3
12 99 154
12 100 188
13 14 260
13 15 98
13 16 143
13 17 208
13 18 103
13 19 265
13 21 83
13 22 102
13 23 297
13 24 125
13 25 219
13 26 240
13 27 147
13 28 152
13 29 87
13 30 93
13 31 33
13 33 95
13 34 318
13 35 205
13 36 253
13 38 241
13 39 253
13 42 80
13 43 174
13 44 20
13 45 36
13 46 217
13 48 290
13 49 214
13 50 72
13 51 128
13 52 9
13 53 27
13 54 35
13 55 139
13 56 101
13 57 284
13 58 86
13 61 294
13 63 254
13 64 196
13 65 194
13 66 71
13 67 126
13 69 10
13 71 295
13 72 38
13 74 152
13 75 276
13 77 247
13 78 136
13 79 211
13 80 57
13 81 130
13 83 117
13 84 137
13 86 109
13 87 270
13 88 22
13 89 163
13 90 281
13 91 240
13 95 165
13 96 40
13 97 12
13 98 59
14 15 75
14 16 266
14 17 289
14 18 125
14 20 66
14 21 77
14 22 280
14 23 139
14 26 166
14 27 223
14 29 229
14 30 215
14 31 161
14 33 67
14 34 277
14 35 154
14 36 207
14 37 13
14 39 106
14 40 98
14 41 3
14 42 145
14 43 254
14 44 232
14 47 298
14 48 165
14 50 176
14 51 46
14 52 87
14 53 128
14 55 79
14 56 191
14 57 32
14 58 62
14 59 103
14 60 29
14 61 298
14 62 238
14 63 15
14 64 288
14 65 63
14 66 260
14 67 267
14 68 204
14 69 38
14 70 99
14 72 70
14 73 235
14 74 244
14 75 55
14 76 20
14 79 45
14 80 194
14 81 183
14 82 267
14 83 174
14 85 12
14 86 270
14 88 73
14 89 164
14 90 275
14 91 17
14 93 257
14 94 291
14 95 140
14 96 275
14 97 211
14 98 275
14 99 152
14 100 181
15 16 232
15 17 35
15 18 24
15 19 89
15 21 126
15 22 230
15 23 20
15 24 96
15 25 268
15 26 241
15 28 79
15 30 141
15 31 24
15 32 7
15 33 287
15 35 20
15 37 99
15 38 267
15 41 318
15 42 196
15 43 301
15 47 227
15 48 33
15 49 17
15 50 78
15 51 291
15 52 213
15 53 18
15 54 135
15 55 289
15 56 239
15 57 201
15 59 190
15 60 232
15 61 126
15 62 125
15 63 36
15 64 152
15 65 214
15 66 209
15 67 132
15 68 261
15 69 19
15 70 85
15 71 223
15 72 217
15 73 43
15 74 75
15 75 14
15 76 67
15 77 218
15 78 10
15 79 287
15 80 12
15 81 10
15 82 289
15 83 209
15 84 251
15 85 208
15 86 46
15 87 87
15 88 259
15 89 84
15 90 141
15 91 317
15 92 304
15 93 313
15 94 48
15 95 197
15 96 318
15 97 157
15 98 300
15 99 213
15 100 302
16 17 283
16 18 32
16 19 100
16 20 146
16 21 216
16 22 235
16 24 10
16 25 1
16 26 135
16 27 115
16 28 54
16 30 211
16 31 260
16 32 28
16 34 320
16 35 18
16 36 230
16 37 34
16 39 286
16 40 166
16 41 80
16 42 226
16 43 133
16 44 71
16 45 93
16 46 43
16 47 131
16 49 104
16 50 50
16 53 130
16 54 125
16 56 312
16 57 180
16 58 100
16 59 231
16 60 134
16 61 202
16 64 126
16 65 157
16 66 174
16 67 219
16 68 59
16 69 180
16 70 224
16 71 318
16 74 42
16 75 187
16 76 252
16 78 86
16 79 80
16 80 23
16 82 312
16 83 184
16 84 46
16 85 124
16 87 227
16 88 219
16 90 210
16 91 48
16 92 57
16 93 158
16 94 199
16 95 195
16 97 46
16 98 274
16 99 285
16 100 71
17 18 161
17 19 145
17 20 127
17 21 97
17 22 13
17 23 138
17 24 156
17 25 293
17 26 33
17 27 106
17 28 122
17 29 245
17 32 3
17 33 278
17 34 159
17 35 232
17 36 78
17 37 52
17 38 38
17 39 130
17 40 290
17 41 190
17 42 205
17 43 225
17 45 209
17 47 124
17 48 112
17 49 269
17 50 185
17 53 115
17 54 264
17 57 214
17 58 316
17 59 227
17 60 32
17 62 206
17 63 192
17 64 138
17 65 220
17 66 4
17 67 2
17 68 51
17 70 36
17 71 24
17 72 70
17 73 155
17 75 62
17 78 136
17 79 276
17 80 148
17 81 23
17 82 230
17 83 73
17 84 32
17 85 257
17 86 195
17 87 136
17 90 159
17 91 106
17 92 315
17 93 231
17 94 6
17 95 78
17 96 309
17 98 38
17 99 275
17 100 279
18 19 58
18 20 160
18 21 298
18 23 181
18 24 215
18 25 99
18 26 219
18 27 308
18 28 49
18 29 252
18 31 265
18 32 14
18 33 116
18 34 145
18 36 68
18 38 200
18 41 281
18 42 35
18 43 211
18 45 142
18 46 306
18 48 228
18 50 228
18 51 48
18 52 224
18 53 135
18 55 301
18 57 52
18 58 315
18 59 184
18 61 78
18 63 308
18 64 140
18 65 75
18 66 76
18 67 63
18 68 216
18 69 123
18 70 68
18 71 86
18 72 53
18 73 258
18 74 197
18 75 295
18 76 127
18 77 67
18 79 236
18 80 180
18 81 298
18 82 108
18 83 114
18 85 313
18 86 306
18 90 83
18 92 140
18 93 41
18 94 4
18 95 132
18 96 85
18 97 16
18 98 291
18 99 268
18 100 198
19 20 185
19 21 189
19 22 80
19 24 80
19 25 100
19 26 58
19 27 229
19 28 177
19 29 245
19 30 278
19 31 297
19 32 129
19 35 16
19 36 37
19 37 297
19 39 149
19 41 232
19 42 255
19 43 81
19 44 45
19 46 111
19 48 165
19 49 161
19 50 262
19 51 26
19 52 48
19 53 269
19 55 229
19 56 181
19 58 92
19 59 185
19 60 239
19 61 199
19 62 106
19 63 13
19 64 235
19 65 1
19 66 164
19 67 36
19 69 300
19 71 245
19 73 121
19 74 117
19 75 312
19 76 125
19 77 38
19 78 48
19 80 271
19 81 303
19 82 19
19 83 312
19 84 246
19 85 242
19 86 267
19 87 164
19 88 155
19 89 304
19 91 121
19 93 236
19 94 120
19 95 54
19 96 317
19 97 79
19 98 29
19 99 48
19 100 306
20 21 150
20 22 239
20 23 196
20 24 67
20 25 123
20 26 318
20 27 286
20 29 128
20 30 203
20 31 240
20 32 305
20 33 248
20 34 186
20 35 301
20 36 86
20 38 228
20 41 102
20 42 21
20 44 183
20 45 94
20 46 138
20 47 86
20 49 297
20 50 12
20 52 206
20 53 25
20 54 163
20 55 207
20 56 17
20 57 31
20 58 134
20 59 70
20 60 17
20 61 282
20 64 317
20 65 108
20 67 71
20 68 293
20 70 234
20 72 148
20 73 238
20 74 210
20 75 151
20 76 8
20 77 247
20 78 129
20 79 169
20 80 71
20 81 225
20 82 21
20 84 60
20 85 163
20 86 171
20 87 147
20 88 156
20 89 21
20 90 225
20 91 227
20 92 130
20 93 112
20 95 294
20 96 132
20 98 103
20 99 160
20 100 157
21 24 107
21 26 265
21 27 203
21 28 10
21 32 311
21 33 201
21 34 163
21 35 73
21 36 230
21 37 160
21 38 224
21 40 31
21 41 139
21 43 315
21 44 49
21 45 87
21 46 183
21 47 313
21 48 233
21 49 85
21 50 281
21 51 304
21 52 159
21 54 59
21 55 284
21 56 49
21 57 4
21 58 186
21 59 249
21 60 242
21 62 139
21 63 271
21 64 199
21 65 261
21 66 71
21 67 263
21 68 219
21 69 12
21 70 278
21 71 279
21 72 297
21 73 301
21 74 159
21 75 204
21 77 90
21 78 105
21 79 126
21 80 194
21 82 86
21 84 146
21 85 214
21 86 307
21 87 300
21 88 39
21 94 138
21 95 98
21 96 226
21 97 144
21 99 161
22 23 230
22 24 18
22 25 183
22 26 225
22 27 17
22 28 147
22 29 123
22 30 203
22 31 227
22 32 130
22 34 201
22 35 70
22 36 36
22 37 64
22 38 237
22 39 219
22 40 153
22 41 313
22 42 161
22 43 299
22 45 277
22 48 215
22 49 74
22 50 48
22 52 16
22 53 193
22 54 226
22 55 205
22 56 115
22 57 160
22 58 278
22 60 95
22 61 215
22 62 79
22 64 158
22 65 34
22 66 223
22 67 215
22 69 185
22 70 64
22 71 316
22 72 15
22 74 103
22 75 12
22 76 200
22 77 48
22 78 106
22 79 247
22 80 286
22 81 140
22 82 246
22 83 30
22 84 318
22 85 211
22 86 265
22 87 115
22 88 37
22 89 143
22 90 121
22 91 141
22 93 207
22 94 180
22 95 24
22 96 99
22 97 239
22 98 258
22 99 287
22 100 229
23 24 213
23 25 264
23 26 170
23 27 302
23 29 155
23 30 316
23 32 108
23 34 292
23 35 228
23 36 112
23 37 310
23 40 59
23 41 44
23 42 291
23 43 53
23 44 260
23 45 117
23 46 302
23 47 86
23 48 296
23 50 84
23 52 184
23 53 160
23 55 107
23 56 103
23 57 296
23 58 161
23 60 45
23 61 93
23 62 240
23 63 156
23 64 197
23 65 245
23 66 81
23 67 123
23 68 37
23 70 85
23 71 274
23 72 28
23 73 54
23 74 101
23 75 10
23 76 258
23 78 292
23 79 54
23 80 252
23 81 98
23 82 303
23 83 178
23 86 266
23 87 210
23 89 219
23 90 170
23 93 231
23 94 214
23 96 169
23 98 89
23 99 30
23 100 73
24 25 147
24 26 278
24 27 41
24 28 160
24 29 74
24 30 25
24 31 82
24 32 297
24 33 5
24 34 13
24 35 90
24 36 280
24 37 241
24 39 50
24 40 279
24 41 92
24 42 162
24 43 192
24 44 245
24 45 90
24 47 186
24 48 289
24 49 271
24 51 247
24 52 257
24 53 34
24 55 156
24 56 18
24 57 146
24 58 64
24 59 104
24 62 232
24 63 120
24 64 212
24 66 295
24 67 130
24 68 282
24 69 17
24 71 195
24 73 193
24 74 113
24 75 231
24 76 30
24 78 88
24 79 66
24 81 140
24 82 208
24 83 150
24 84 78
24 85 291
24 86 287
24 87 184
24 88 120
24 89 21
24 92 293
24 93 141
24 94 205
24 96 303
24 97 45
24 99 313
24 100 288
25 27 312
25 28 5
25 29 141
25 30 73
25 31 166
25 32 228
25 33 103
25 34 156
25 35 207
25 36 288
25 37 270
25 40 260
25 41 36
25 42 187
25 43 61
25 44 126
25 46 316
25 47 296
25 49 99
25 50 14
25 51 208
25 52 198
25 55 148
25 56 98
25 57 204
25 58 224
25 59 199
25 60 55
25 61 58
25 62 98
25 63 212
25 65 20
25 66 70
25 67 160
25 70 195
25 71 233
25 72 313
25 73 168
25 75 292
25 76 174
25 77 127
25 80 204
25 81 221
25 82 6
25 84 96
25 85 286
25 86 42
25 87 46
25 88 236
25 89 137
25 91 98
25 92 135
25 93 54
25 94 224
25 96 58
25 97 51
25 99 88
25 100 159
26 27 84
26 28 282
26 29 119
26 30 54
26 31 109
26 32 277
26 33 35
26 34 148
26 35 72
26 36 313
26 37 251
26 38 312
26 39 297
26 40 255
26 42 32
26 43 119
26 44 46
26 45 30
26 47 138
26 48 12
26 49 215
26 50 172
26 52 136
26 53 53
26 54 89
26 55 307
26 58 283
26 59 289
26 60 219
26 61 127
26 62 176
26 64 278
26 65 101
26 66 38
26 67 153
26 68 172
26 69 40
26 71 63
26 72 230
26 73 72
26 74 293
26 77 145
26 78 220
26 81 67
26 82 189
26 84 235
26 86 188
26 90 72
26 91 136
26 92 140
26 93 100
26 94 177
26 95 5
26 96 154
26 100 3
27 28 249
27 30 113
27 31 215
27 32 277
27 33 77
27 35 125
27 36 162
27 37 316
27 39 274
27 41 121
27 43 59
27 44 59
27 45 16
27 46 301
27 47 308
27 48 35
27 49 147
27 50 129
27 52 27
27 54 271
27 55 306
27 56 220
27 58 109
27 59 116
27 60 118
27 61 102
27 62 47
27 64 108
27 66 268
27 67 103
27 71 131
27 72 47
27 73 207
27 74 14
27 75 43
27 78 144
27 79 116
27 81 299
27 82 267
27 83 108
27 85 38
27 86 256
27 87 175
27 88 69
27 89 315
27 90 89
27 91 139
27 92 67
27 93 300
27 94 89
27 96 13
27 97 132
27 98 276
27 99 292
27 100 280
28 29 193
28 30 63
28 31 263
28 32 89
28 33 284
28 34 217
28 35 34
28 36 312
28 37 291
28 41 184
28 42 285
28 43 273
28 46 70
28 47 88
28 48 44
28 49 156
28 52 130
28 53 70
28 54 8
28 55 104
28 56 254
28 57 79
28 58 180
28 59 78
28 60 80
28 61 192
28 62 95
28 63 240
28 64 267
28 65 63
28 66 283
28 67 11
28 68 77
28 69 125
28 70 31
28 71 264
28 72 281
28 74 208
28 76 193
28 77 294
28 78 90
28 79 300
28 81 194
28 83 35
28 84 169
28 86 62
28 87 209
28 88 121
28 89 234
28 90 166
28 91 197
28 92 5
28 93 181
28 94 226
28 95 124
28 96 306
28 97 21
28 98 96
28 99 150
28 100 306
29 30 37
29 31 99
29 32 167
29 33 201
29 34 35
29 35 94
29 36 170
29 37 38
29 38 17
29 39 121
29 41 88
29 43 317
29 45 234
29 47 67
29 48 16
29 49 206
29 50 238
29 53 193
29 54 33
29 55 213
29 58 246
29 60 146
29 62 64
29 63 90
29 64 238
29 65 254
29 66 311
29 67 301
29 68 76
29 69 259
29 71 28
29 72 200
29 73 300
29 74 294
29 75 291
29 76 237
29 77 249
29 78 124
29 79 69
29 80 101
29 81 272
29 83 151
29 84 271
29 86 57
29 87 230
29 88 170
29 91 183
29 92 241
29 93 285
29 94 150
29 95 51
29 96 25
29 97 304
29 98 317
29 99 32
29 100 41
30 32 295
30 33 15
30 34 64
30 36 101
30 37 89
30 38 42
30 40 104
30 41 125
30 42 19
30 43 309
30 46 132
30 47 85
30 48 119
30 49 310
30 50 9
30 51 107
30 52 215
30 53 67
30 56 54
30 57 115
30 58 151
30 59 171
30 60 273
30 62 23
30 63 207
30 64 116
30 65 304
30 66 253
30 67 121
30 68 137
30 69 199
30 70 195
30 71 282
30 72 211
30 73 79
30 74 82
30 75 85
30 76 21
30 77 72
30 78 241
30 79 33
30 81 18
30 82 179
30 83 2
30 84 294
30 85 59
30 86 171
30 91 131
30 92 69
30 93 306
30 96 299
30 97 222
30 99 299
31 32 235
31 33 253
31 35 99
31 36 297
31 37 217
31 38 52
31 40 320
31 41 161
31 44 21
31 45 100
31 46 249
31 47 204
31 49 109
31 50 308
31 51 67
31 53 238
31 54 287
31 55 317
31 57 114
31 59 166
31 60 270
31 61 23
31 62 16
31 63 122
31 64 184
31 65 206
31 66 282
31 67 119
31 69 209
31 70 223
31 71 215
31 72 194
31 73 92
31 75 29
31 76 100
31 78 199
31 79 44
31 80 120
31 81 144
31 82 282
31 84 301
31 85 30
31 86 51
31 87 182
31 88 11
31 89 151
31 90 170
31 91 85
31 92 137
31 93 67
31 94 235
31 95 101
31 96 85
31 97 264
31 98 159
31 99 220
31 100 221
32 33 198
32 34 9
32 35 141
32 39 118
32 40 204
32 41 23
32 42 208
32 43 165
32 44 309
32 45 58
32 46 81
32 47 320
32 48 31
32 49 167
32 50 86
32 51 240
32 52 133
32 53 222
32 54 41
32 57 13
32 59 212
32 60 306
32 62 202
32 63 254
32 64 123
32 66 59
32 67 71
32 68 182
32 69 288
32 70 150
32 71 288
32 72 215
32 75 197
32 76 304
32 77 216
32 78 56
32 79 282
32 80 276
32 81 281
32 82 131
32 84 200
32 85 298
32 86 69
32 87 255
32 89 160
32 90 52
32 91 229
32 92 288
32 93 120
32 94 16
32 95 59
32 96 4
32 97 86
32 98 244
32 99 214
32 100 285
33 34 57
33 37 208
33 38 181
33 39 288
33 42 78
33 43 127
33 44 277
33 45 175
33 49 204
33 50 280
33 52 72
33 53 57
33 55 263
33 56 186
33 57 174
33 58 33
33 59 58
33 61 166
33 62 296
33 65 243
33 66 93
33 67 100
33 68 297
33 69 64
33 70 312
33 71 188
33 74 270
33 75 316
33 76 39
33 77 27
33 78 91
33 79 308
33 80 165
33 81 297
33 82 107
33 83 239
33 85 252
33 86 125
33 87 82
33 89 190
33 90 240
33 91 97
33 92 40
33 93 163
33 94 111
33 95 124
33 96 246
33 97 245
33 98 190
33 99 14
33 100 52
34 36 42
34 38 58
34 39 237
34 40 173
34 41 297
34 43 270
34 44 28
34 46 315
34 47 305
34 48 42
34 50 158
34 51 209
34 52 281
34 53 4
34 54 45
34 56 189
34 59 220
34 60 58
34 62 198
34 63 308
34 64 241
34 65 31
34 66 33
34 68 301
34 70 310
34 72 59
34 74 179
34 75 21
34 76 25
34 79 9
34 80 267
34 81 279
34 82 51
34 83 250
34 85 226
34 86 223
34 88 304
34 89 33
34 90 258
34 91 317
34 92 184
34 94 285
34 95 248
34 96 238
34 97 227
34 98 30
34 99 162
35 36 227
35 37 257
35 38 124
35 40 10
35 41 280
35 43 271
35 46 293
35 47 260
35 48 73
35 49 247
35 50 216
35 51 49
35 54 176
35 56 138
35 57 230
35 58 245
35 59 44
35 61 32
35 63 135
35 65 198
35 67 170
35 68 147
35 69 12
35 70 287
35 71 97
35 72 19
35 73 99
35 74 117
35 76 128
35 77 47
35 78 238
35 79 24
35 80 154
35 81 9
35 82 94
35 85 74
35 86 2
35 87 189
35 88 194
35 89 312
35 90 80
35 91 233
35 92 252
35 93 108
35 96 101
35 97 85
35 99 58
35 100 312
36 37 235
36 38 177
36 39 280
36 40 34
36 41 288
36 42 96
36 44 108
36 45 305
36 46 273
36 47 262
36 48 258
36 50 109
36 51 175
36 52 274
36 54 147
36 55 63
36 56 98
36 57 302
36 60 129
36 61 183
36 62 254
36 63 42
36 64 306
36 65 179
36 67 272
36 68 132
36 69 239
36 70 114
36 72 285
36 74 305
36 75 205
36 77 74
36 78 78
36 79 148
36 80 29
36 81 53
36 83 217
36 84 86
36 85 256
36 87 110
36 90 47
36 91 50
36 93 202
36 94 181
36 95 12
36 96 274
36 97 215
36 98 210
36 99 51
36 100 79
37 38 314
37 41 82
37 42 259
37 43 165
37 46 144
37 49 81
37 50 124
37 52 290
37 53 210
37 54 46
37 56 43
37 57 218
37 58 204
37 59 197
37 60 20
37 61 212
37 62 173
37 63 203
37 64 277
37 65 204
37 66 50
37 67 224
37 68 187
37 69 160
37 71 93
37 73 26
37 74 308
37 75 31
37 76 204
37 77 247
37 79 233
37 80 215
37 81 295
37 82 264
37 83 281
37 84 4
37 86 291
37 87 260
37 88 196
37 89 3
37 90 98
37 92 108
37 93 313
37 94 153
37 95 250
37 96 140
37 98 57
37 99 113
37 100 210
38 39 96
38 40 13
38 41 17
38 43 75
38 44 213
38 45 149
38 46 273
38 48 42
38 49 179
38 50 103
38 51 43
38 52 193
38 54 245
38 55 225
38 56 220
38 57 90
38 58 188
38 59 78
38 60 142
38 61 115
38 66 302
38 67 168
38 68 256
38 69 189
38 70 149
38 71 270
38 72 302
38 74 246
38 75 273
38 76 115
38 77 89
38 78 229
38 79 61
38 80 317
38 81 256
38 82 272
38 85 218
38 86 119
38 87 36
38 88 146
38 90 273
38 91 72
38 94 82
38 95 103
38 96 262
38 97 23
38 99 215
38 100 129
39 41 263
39 42 8
39 43 164
39 44 160
39 45 192
39 46 91
39 47 167
39 49 202
39 50 157
39 51 308
39 52 206
39 53 43
39 54 117
39 55 170
39 56 159
39 57 293
39 58 188
39 59 11
39 60 49
39 64 46
39 65 302
39 66 21
39 69 32
39 70 167
39 71 39
39 72 224
39 73 57
39 75 267
39 76 17
39 77 35
39 78 175
39 79 40
39 80 316
39 81 262
39 82 297
39 83 216
39 84 253
39 86 2
39 87 2
39 88 110
39 89 64
39 91 270
39 92 92
39 93 202
39 94 211
39 95 290
39 96 93
39 97 149
39 98 172
39 99 235
39 100 122
40 41 309
40 42 46
40 43 246
40 44 285
40 45 71
40 46 153
40 47 77
40 50 44
40 51 282
40 52 162
40 53 133
40 55 255
40 56 52
40 58 4
40 61 76
40 62 279
40 63 152
40 64 187
40 66 130
40 67 247
40 68 94
40 69 167
40 70 171
40 71 232
40 72 119
40 73 218
40 74 197
40 75 237
40 76 308
40 77 317
40 78 148
40 79 123
40 80 27
40 81 50
40 82 140
40 83 315
40 84 200
40 85 233
40 86 62
40 87 46
40 88 217
40 89 307
40 90 318
40 92 149
40 93 195
40 94 283
40 95 57
40 96 9
40 97 23
40 98 7
40 99 66
40 100 199
41 43 62
41 45 155
41 46 312
41 47 8
41 48 281
41 49 213
41 50 67
41 51 53
41 52 50
41 54 214
41 55 81
41 57 84
41 60 166
41 62 164
41 63 175
41 65 246
41 66 127
41 67 165
41 68 269
41 69 201
41 70 7
41 71 180
41 72 228
41 73 179
41 74 316
41 77 63
41 78 222
41 79 2
41 81 153
41 82 174
41 83 32
41 84 249
41 85 32
41 87 185
41 88 72
41 89 195
41 90 117
41 92 62
41 93 111
41 94 303
41 95 9
41 96 262
41 97 5
41 98 165
41 99 138
41 100 199
42 43 18
42 44 35
42 45 274
42 47 315
42 48 286
42 50 108
42 51 197
42 52 91
42 54 237
42 56 187
42 57 177
42 58 243
42 59 182
42 60 154
42 61 121
42 62 34
42 63 249
42 64 229
42 65 18
42 66 290
42 67 318
42 68 136
42 71 55
42 72 123
42 73 186
42 74 176
42 76 163
42 77 296
42 79 253
42 80 57
42 81 85
42 82 307
42 83 146
42 84 188
42 85 184
42 86 279
42 88 302
42 90 290
42 91 315
42 92 228
42 93 268
42 94 193
42 95 47
42 96 146
42 97 305
42 98 235
42 99 251
42 100 226
43 44 279
43 45 108
43 47 17
43 48 248
43 49 28
43 50 72
43 51 51
43 52 123
43 53 59
43 55 169
43 56 84
43 57 299
43 58 120
43 60 71
43 61 41
43 62 43
43 63 17
43 64 45
43 65 91
43 68 133
43 69 135
43 71 207
43 72 232
43 73 178
43 74 243
43 75 5
43 76 63
43 77 54
43 78 124
43 80 269
43 81 3
43 82 138
43 83 37
43 84 232
43 85 193
43 86 311
43 90 227
43 91 167
43 92 219
43 93 271
43 94 68
43 95 292
43 97 313
43 98 53
43 99 7
43 100 53
44 45 46
44 46 168
44 47 278
44 48 15
44 49 259
44 50 45
44 53 113
44 54 82
44 55 318
44 56 44
44 57 276
44 60 35
44 62 78
44 63 291
44 64 259
44 65 292
44 66 212
44 68 1
44 69 34
44 71 302
44 72 163
44 73 47
44 74 314
44 75 299
44 76 224
44 77 178
44 78 86
44 79 317
44 80 269
44 82 230
44 83 60
44 84 10
44 85 83
44 86 299
44 87 304
44 88 180
44 89 17
44 90 200
44 91 189
44 92 61
44 93 186
44 94 151
44 96 304
44 97 171
44 99 300
44 100 264
45 47 173
45 48 41
45 49 174
45 50 270
45 51 171
45 53 67
45 54 251
45 55 224
45 57 163
45 58 311
45 59 96
45 60 228
45 61 204
45 62 159
45 64 202
45 65 186
45 67 241
45 69 209
45 71 171
45 72 37
45 73 55
45 75 276
45 76 196
45 79 240
45 80 97
45 81 184
45 82 261
45 83 58
45 84 219
45 85 77
45 86 50
45 87 169
45 88 50
45 90 204
45 93 76
45 94 320
45 95 269
45 97 101
45 98 280
45 99 221
45 100 152
46 47 232
46 49 121
46 51 15
46 52 13
46 53 289
46 56 152
46 57 296
46 58 27
46 59 247
46 60 125
46 61 234
46 62 267
46 64 298
46 65 218
46 66 214
46 67 5
46 68 294
46 69 25
46 70 263
46 71 166
46 73 295
46 74 235
46 75 172
46 76 190
46 77 89
46 78 22
46 80 17
46 81 98
46 82 186
46 83 101
46 85 300
46 86 239
46 87 243
46 89 28
46 90 91
46 91 69
46 93 21
46 94 207
46 95 30
46 96 279
46 97 39
46 98 316
46 99 104
46 100 114
47 49 292
47 50 10
47 52 23
47 53 230
47 54 76
47 55 117
47 56 240
47 57 123
47 58 40
47 59 253
47 60 156
47 62 230
47 63 1
47 64 312
47 65 32
47 66 318
47 67 100
47 68 3
47 69 22
47 70 215
47 71 155
47 73 108
47 74 263
47 76 194
47 77 185
47 80 52
47 81 142
47 82 122
47 83 162
47 84 72
47 85 85
47 86 61
47 88 254
47 89 250
47 90 57
47 91 177
47 92 71
47 93 257
47 94 38
47 95 97
47 96 297
47 97 182
47 99 76
48 49 10
48 51 137
48 53 197
48 54 153
48 55 249
48 56 272
48 57 15
48 58 186
48 59 145
48 60 244
48 62 111
48 63 82
48 64 155
48 65 192
48 66 180
48 67 63
48 70 288
48 71 128
48 72 247
48 76 19
48 77 10
48 78 174
48 80 272
48 82 301
48 83 284
48 86 20
48 88 263
48 89 303
48 90 248
48 91 133
48 92 86
48 93 242
48 94 83
48 95 161
48 96 215
48 97 232
48 98 237
48 99 183
48 100 244
49 50 243
49 51 149
49 52 35
49 53 80
49 54 221
49 55 205
49 56 252
49 57 200
49 58 149
49 59 229
49 60 153
49 62 262
49 63 295
49 64 221
49 65 16
49 66 309
49 67 234
49 69 124
49 71 56
49 72 300
49 73 311
49 74 173
49 75 141
49 76 114
49 77 278
49 78 181
49 80 217
49 81 138
49 82 72
49 84 117
49 85 248
49 87 229
49 88 115
49 89 185
49 90 237
49 92 107
49 93 154
49 94 116
49 95 107
49 97 50
49 98 196
49 100 38
50 52 64
50 53 27
50 54 125
50 55 68
50 56 229
50 57 21
50 58 168
50 59 253
50 61 56
50 62 267
50 63 228
50 65 209
50 66 256
50 67 87
50 68 12
50 69 261
50 71 306
50 72 296
50 73 168
50 75 244
50 76 113
50 77 91
50 78 13
50 79 218
50 80 87
50 81 251
50 82 34
50 85 280
50 86 263
50 87 38
50 88 246
50 89 39
50 90 100
50 91 54
50 92 61
50 93 132
50 94 67
50 95 185
50 96 75
50 98 81
50 99 92
50 100 174
51 54 306
51 55 245
51 58 38
51 59 297
51 60 83
51 61 184
51 62 218
51 63 287
51 64 48
51 65 253
51 66 114
51 67 132
51 68 159
51 69 79
51 71 252
51 72 130
51 74 221
51 76 265
51 77 198
51 78 149
51 79 284
51 82 40
51 83 21
51 84 88
51 85 89
51 86 154
51 87 194
51 88 283
51 89 294
51 90 252
51 91 201
51 92 162
51 94 40
51 95 273
51 96 256
51 98 122
51 99 114
51 100 48
52 53 123
52 54 101
52 55 86
52 56 18
52 57 80
52 58 235
52 59 154
52 60 299
52 61 305
52 62 72
52 64 148
52 65 273
52 66 180
52 67 178
52 68 295
52 71 39
52 72 268
52 73 206
52 74 171
52 76 10
52 77 139
52 78 160
52 79 146
52 80 138
52 82 17
52 83 2
52 84 29
52 85 197
52 86 170
52 88 123
52 89 227
52 91 199
52 92 134
52 93 154
52 94 124
52 95 272
52 97 60
52 98 198
52 99 214
52 100 247
53 54 148
53 55 107
53 56 56
53 58 64
53 61 269
53 62 299
53 63 270
53 64 230
53 65 196
53 66 56
53 67 109
53 72 195
53 73 197
53 74 178
53 75 256
53 76 267
53 77 319
53 78 177
53 79 31
53 80 256
53 81 133
53 82 290
53 83 31
53 85 221
53 86 144
53 88 292
53 89 138
53 90 274
53 91 54
53 92 17
53 93 177
53 94 8
53 96 189
53 97 57
53 98 81
53 99 192
53 100 284
54 55 34
54 56 182
54 60 216
54 61 53
54 62 4
54 63 303
54 64 193
54 65 152
54 66 100
54 67 68
54 68 158
54 69 32
54 70 173
54 71 132
54 72 235
54 75 253
54 77 198
54 78 289
54 79 113
54 83 277
54 84 23
54 85 49
54 86 68
54 87 110
54 88 152
54 89 247
54 90 172
54 91 285
54 92 146
54 93 130
54 94 26
54 95 246
54 96 149
54 97 306
54 98 89
54 99 226
54 100 47
55 56 164
55 57 3
55 59 36
55 60 293
55 62 75
55 63 249
55 64 34
55 65 32
55 66 19
55 68 86
55 69 256
55 70 205
55 71 104
55 72 89
55 73 255
55 74 285
55 75 193
55 77 28
55 78 258
55 79 131
55 80 153
55 81 232
55 82 288
55 83 37
55 85 249
55 86 215
55 87 268
55 88 278
55 89 91
55 90 180
55 91 229
55 92 267
55 93 298
55 95 178
55 96 169
55 97 191
55 99 313
56 57 81
56 58 228
56 60 293
56 61 216
56 62 131
56 63 93
56 64 244
56 65 112
56 67 56
56 68 320
56 69 291
56 70 240
56 71 70
56 72 107
56 73 259
56 74 29
56 75 59
56 76 67
56 78 252
56 79 144
56 81 251
56 82 194
56 83 62
56 84 279
56 85 36
56 86 274
56 87 262
56 88 79
56 89 293
56 92 164
56 93 17
56 94 70
56 95 182
56 96 193
56 98 167
56 99 20
56 100 49
57 58 28
57 59 172
57 60 163
57 61 232
57 62 44
57 63 305
57 64 210
57 66 238
57 67 74
57 68 182
57 69 292
57 70 212
57 71 234
57 73 75
57 74 153
57 75 313
57 76 115
57 77 65
57 78 88
57 80 309
57 81 66
57 83 76
57 85 55
57 86 103
57 88 182
57 90 116
57 91 260
57 92 252
57 93 93
57 94 245
57 95 315
57 96 304
57 97 255
57 98 176
57 99 154
57 100 298
58 59 235
58 61 106
58 62 137
58 63 89
58 64 140
58 65 26
58 68 64
58 72 284
58 73 280
58 75 83
58 77 155
58 79 94
58 80 213
58 81 297
58 82 315
58 83 38
58 84 55
58 85 265
58 86 243
58 88 14
58 89 84
58 90 44
58 92 275
58 93 238
58 95 218
58 96 81
58 97 129
58 100 110
59 60 70
59 65 12
59 66 265
59 67 63
59 68 4
59 69 188
59 70 141
59 71 254
59 72 319
59 73 262
59 74 261
59 76 128
59 78 72
59 79 244
59 80 243
59 81 202
59 82 61
59 83 303
59 84 121
59 85 219
59 86 247
59 88 260
59 90 48
59 91 121
59 92 148
59 93 138
59 94 273
59 95 253
59 96 29
59 97 254
59 98 85
59 100 68
60 61 185
60 63 52
60 64 102
60 65 30
60 66 243
60 67 152
60 68 128
60 69 146
60 71 222
60 73 174
60 75 246
60 76 151
60 77 88
60 78 126
60 80 135
60 81 183
60 82 122
60 83 122
60 85 160
60 86 162
60 87 292
60 91 159
60 92 266
60 94 31
60 95 99
60 96 229
60 97 186
60 98 92
60 99 118
60 100 145
61 62 31
61 63 236
61 64 16
61 66 285
61 67 56
61 68 275
61 70 67
61 71 307
61 72 119
61 73 302
61 74 137
61 75 117
61 76 167
61 77 127
61 78 38
61 80 13
61 81 258
61 82 128
61 83 147
61 84 246
61 85 203
61 86 18
61 87 78
61 88 217
61 89 35
61 90 103
61 92 284
61 93 191
61 94 9
61 95 134
61 96 305
61 98 34
61 99 304
61 100 105
62 63 236
62 64 269
62 65 235
62 67 260
62 69 256
62 70 302
62 71 320
62 72 112
62 74 254
62 75 161
62 76 173
62 77 243
62 78 13
62 79 82
62 81 53
62 83 301
62 84 138
62 86 46
62 87 152
62 88 228
62 90 306
62 91 320
62 92 239
62 94 7
62 95 243
62 96 156
62 97 51
62 98 266
62 100 235
63 65 315
63 66 41
63 67 50
63 69 40
63 70 280
63 71 32
63 73 265
63 74 300
63 75 311
63 76 213
63 77 123
63 78 23
63 79 161
63 81 262
63 83 263
63 84 159
63 85 57
63 86 134
63 87 38
63 88 283
63 89 99
63 90 127
63 92 6
63 93 249
63 94 284
63 95 96
63 96 207
63 97 83
63 100 208
64 65 137
64 66 103
64 67 296
64 69 174
64 70 136
64 71 121
64 72 65
64 73 12
64 74 150
64 75 293
64 76 231
64 77 188
64 78 204
64 79 209
64 80 211
64 81 24
64 82 24
64 83 255
64 84 15
64 87 190
64 88 222
64 89 238
64 90 153
64 91 273
64 93 90
64 94 64
64 95 35
64 96 152
64 97 102
64 98 229
64 99 139
65 66 110
65 67 181
65 68 238
65 69 65
65 70 134
65 71 201
65 72 73
65 73 39
65 74 164
65 75 109
65 77 30
65 78 196
65 79 33
65 81 206
65 82 116
65 83 3
65 84 217
65 85 11
65 86 40
65 89 269
65 90 103
65 91 151
65 92 257
65 93 7
65 95 183
65 96 77
65 97 46
65 98 25
65 99 113
65 100 115
66 67 94
66 68 320
66 70 118
66 71 76
66 73 283
66 74 102
66 76 97
66 78 184
66 79 107
66 80 93
66 81 42
66 82 1
66 83 186
66 84 244
66 85 60
66 86 83
66 87 101
66 88 96
66 90 56
66 91 224
66 92 90
66 93 289
66 95 132
66 97 130
66 98 263
66 99 269
67 69 1
67 70 88
67 71 253
67 72 109
67 74 118
67 76 22
67 77 188
67 78 38
67 79 144
67 80 61
67 81 105
67 82 298
67 83 142
67 86 310
67 88 217
67 89 12
67 90 147
67 91 311
67 92 281
67 94 34
67 95 316
67 96 224
67 97 4
67 100 20
68 69 2
68 70 199
68 72 250
68 73 313
68 74 32
68 75 133
68 76 240
68 77 60
68 78 267
68 79 57
68 80 174
68 83 260
68 84 64
68 85 225
68 86 22
68 87 44
68 88 86
68 90 116
68 91 124
68 92 307
68 93 303
68 95 286
68 96 40
68 97 149
68 98 278
68 100 11
69 70 296
69 71 186
69 72 8
69 73 29
69 74 208
69 75 121
69 76 95
69 77 232
69 78 227
69 79 17
69 81 164
69 82 63
69 84 152
69 85 117
69 87 25
69 88 314
69 89 81
69 90 218
69 91 64
69 92 299
69 94 145
69 96 247
69 97 35
69 98 34
69 99 176
70 72 146
70 73 14
70 75 305
70 76 301
70 77 113
70 78 260
70 79 273
70 80 218
70 82 277
70 83 296
70 84 302
70 85 318
70 86 228
70 87 247
70 88 165
70 89 295
70 90 22
70 91 86
70 92 87
70 93 130
70 94 257
70 95 200
70 96 156
70 97 244
70 99 13
70 100 204
71 73 237
71 74 39
71 75 297
71 76 309
71 77 90
71 78 21
71 79 303
71 80 116
71 81 299
71 82 38
71 86 9
71 87 221
71 88 83
71 89 163
71 90 35
71 91 168
71 92 295
71 93 112
71 95 241
71 96 87
71 97 30
71 98 88
71 99 181
72 73 285
72 74 271
72 78 129
72 79 4
72 82 265
72 83 125
72 84 199
72 85 15
72 88 128
72 89 51
72 90 231
72 91 9
72 93 258
72 95 320
72 97 130
72 100 262
73 74 306
73 75 79
73 76 302
73 77 176
73 78 166
73 79 26
73 80 96
73 82 103
73 83 36
73 84 313
73 85 274
73 86 295
73 87 79
73 88 192
73 89 292
73 90 79
73 91 113
73 92 203
73 93 242
73 94 155
73 97 72
73 98 238
73 99 156
73 100 231
74 75 133
74 77 52
74 79 218
74 80 76
74 81 292
74 82 227
74 83 299
74 84 261
74 85 173
74 86 1
74 90 174
74 91 125
74 92 95
74 93 317
74 94 276
74 97 55
74 98 206
74 99 148
75 76 152
75 77 232
75 78 271
75 80 320
75 81 300
75 82 159
75 83 58
75 84 83
75 85 268
75 87 161
75 88 237
75 89 152
75 90 113
75 91 105
75 92 230
75 93 49
75 95 118
75 96 293
75 97 230
75 98 98
75 99 98
75 100 309
76 77 298
76 78 311
76 79 136
76 80 79
76 82 109
76 83 8
76 84 135
76 85 202
76 87 180
76 88 93
76 89 84
76 91 259
76 92 271
76 93 105
76 94 95
76 95 132
76 96 243
76 97 279
76 98 13
76 99 214
77 78 47
77 79 239
77 80 258
77 82 55
77 84 6
77 85 239
77 87 186
77 88 169
77 89 288
77 90 58
77 92 80
77 93 4
77 95 13
77 96 64
77 97 131
77 98 127
77 99 209
77 100 9
78 79 39
78 80 78
78 81 313
78 82 208
78 85 254
78 88 186
78 89 101
78 90 128
78 91 304
78 93 73
78 94 5
78 95 87
78 96 242
78 98 2
78 99 130
78 100 271
79 81 269
79 82 306
79 84 287
79 85 133
79 86 10
79 88 30
79 89 200
79 90 69
79 91 300
79 92 205
79 93 273
79 94 86
79 95 317
79 97 170
79 99 77
79 100 96
80 81 283
80 83 267
80 84 37
80 85 59
80 87 148
80 89 110
80 90 129
80 91 39
80 92 234
80 93 197
80 94 319
80 95 306
80 96 62
80 97 155
80 99 221
80 100 69
81 82 181
81 83 284
81 85 105
81 86 45
81 87 30
81 88 46
81 89 317
81 90 89
81 93 145
81 95 87
81 96 175
81 97 290
81 98 171
81 99 13
81 100 141
82 83 186
82 85 148
82 87 13
82 88 263
82 91 193
82 92 22
82 93 201
82 94 169
82 95 57
82 97 97
82 98 256
82 99 174
83 84 64
83 85 27
83 86 300
83 87 221
83 88 315
83 89 63
83 90 251
83 91 51
83 92 21
83 93 314
83 94 250
83 95 118
83 96 249
83 97 102
83 98 10
83 100 153
84 85 273
84 86 120
84 88 55
84 90 64
84 91 67
84 92 307
84 94 243
84 95 231
84 97 149
84 98 157
84 100 1
85 87 192
85 88 169
85 89 312
85 90 281
85 92 32
85 93 173
85 94 183
85 95 192
85 96 245
85 97 174
85 98 242
85 99 85
85 100 100
86 87 54
86 88 214
86 89 226
86 91 221
86 93 190
86 94 125
86 95 139
86 96 185
86 97 270
86 99 175
86 100 29
87 88 292
87 89 210
87 91 26
87 92 182
87 93 159
87 94 171
87 96 252
87 97 172
87 98 228
87 99 294
87 100 85
88 89 252
88 90 18
88 91 114
88 92 267
88 93 96
88 96 206
88 97 172
88 99 265
88 100 147
89 90 15
89 91 162
89 92 75
89 93 237
89 94 245
89 95 256
89 96 176
89 97 33
89 99 43
90 91 213
90 92 114
90 93 137
90 95 48
90 96 55
90 97 210
90 98 189
90 99 61
90 100 200
91 92 172
91 93 20
91 94 126
91 95 74
91 96 222
91 97 7
91 98 281
91 99 51
91 100 315
92 94 237
92 95 217
92 97 297
92 100 204
93 94 50
93 95 148
93 97 148
93 98 185
93 99 7
93 100 178
94 95 197
94 98 280
94 99 284
94 100 274
95 96 20
95 97 47
95 98 87
95 99 24
95 100 202
96 97 223
96 98 28
96 99 124
96 100 165
97 98 80
97 99 300
97 100 141
98 99 114
98 100 47
99 100 21
