400 7844
1 2 15
1 14 26
1 19 30
1 37 34
1 45 11
1 59 15
1 69 13
1 77 39
1 84 23
1 104 1
1 105 32
1 115 25
1 119 19
1 122 15
1 140 12
1 159 1
1 192 9
1 207 33
1 213 38
1 222 7
1 241 4
1 262 35
1 266 24
1 285 20
1 305 34
1 330 20
1 332 13
1 340 19
1 357 25
1 359 6
1 374 4
1 392 26
1 394 37
1 395 17
2 8 33
2 9 8
2 11 6
2 19 31
2 27 33
2 30 32
2 42 39
2 53 15
2 56 21
2 69 4
2 83 5
2 112 1
2 129 31
2 131 5
2 133 16
2 136 32
2 151 3
2 156 39
2 170 39
2 175 5
2 189 25
2 220 24
2 247 30
2 259 38
2 260 29
2 281 27
2 285 7
2 299 27
2 301 17
2 303 14
2 320 32
2 321 24
2 334 37
2 340 22
2 342 31
2 344 38
2 345 28
2 347 27
2 387 24
2 389 40
2 395 17
3 6 17
3 10 40
3 30 3
3 34 40
3 36 4
3 45 7
3 48 12
3 64 2
3 70 34
3 86 39
3 104 10
3 108 27
3 109 3
3 116 4
3 127 21
3 138 22
3 139 8
3 151 25
3 174 37
3 183 28
3 189 4
3 205 11
3 209 34
3 243 28
3 246 36
3 251 3
3 253 6
3 258 28
3 264 7
3 266 15
3 268 35
3 269 18
3 270 25
3 271 22
3 272 9
3 274 34
3 280 26
3 309 30
3 335 13
3 340 3
3 360 9
3 364 5
4 6 3
4 13 33
4 25 23
4 26 27
4 30 28
4 33 36
4 41 22
4 47 27
4 79 34
4 89 21
4 94 27
4 105 34
4 117 11
4 157 2
4 170 30
4 174 33
4 211 15
4 212 38
4 231 37
4 276 14
4 281 29
4 338 8
4 340 29
4 349 36
4 359 29
4 363 3
4 379 34
4 386 38
4 395 13
5 31 29
5 39 33
5 41 6
5 43 20
5 48 13
5 65 22
5 68 25
5 72 17
5 89 6
5 92 8
5 117 38
5 123 14
5 141 30
5 173 4
5 179 4
5 181 32
5 186 21
5 190 7
5 214 7
5 223 31
5 228 2
5 252 12
5 264 35
5 270 9
5 278 3
5 298 5
5 326 17
5 367 9
5 379 20
5 381 7
5 386 15
6 16 32
6 19 15
6 22 6
6 86 27
6 90 22
6 92 22
6 97 12
6 102 19
6 105 37
6 123 35
6 135 8
6 142 33
6 162 37
6 166 20
6 172 26
6 188 20
6 210 6
6 217 32
6 232 31
6 234 7
6 235 33
6 237 31
6 244 7
6 256 39
6 258 28
6 289 39
6 305 21
6 310 3
6 325 28
6 331 34
6 338 35
6 351 24
6 371 8
6 375 6
6 380 40
7 12 27
7 44 2
7 64 29
7 86 23
7 91 20
7 93 14
7 95 3
7 96 11
7 101 34
7 116 31
7 118 40
7 120 33
7 125 17
7 133 12
7 163 6
7 165 2
7 179 1
7 183 4
7 198 12
7 206 25
7 209 13
7 236 13
7 251 6
7 304 31
7 333 20
7 337 25
7 355 17
7 360 33
7 382 23
8 22 28
8 24 26
8 26 11
8 49 32
8 61 32
8 86 1
8 92 36
8 101 30
8 104 17
8 110 8
8 137 12
8 154 26
8 180 12
8 190 6
8 195 26
8 198 29
8 200 15
8 203 29
8 211 12
8 235 21
8 242 28
8 253 1
8 260 31
8 285 15
8 286 6
8 293 13
8 297 35
8 299 37
8 316 13
8 330 4
8 337 34
8 341 13
8 348 30
8 351 9
8 357 12
8 374 29
8 394 40
8 397 4
8 398 2
9 27 13
9 36 8
9 63 12
9 79 8
9 84 31
9 92 34
9 146 29
9 163 14
9 174 2
9 198 25
9 205 14
9 210 3
9 222 34
9 223 30
9 229 33
9 261 21
9 338 32
9 344 30
9 351 11
9 358 5
9 373 38
9 385 27
9 391 30
9 396 34
9 398 3
10 16 28
10 23 15
10 34 34
10 48 33
10 49 37
10 56 26
10 57 17
10 80 33
10 89 28
10 112 6
10 119 12
10 120 8
10 121 29
10 137 11
10 145 40
10 146 6
10 148 26
10 149 3
10 150 30
10 174 11
10 178 34
10 186 18
10 190 40
10 213 1
10 221 27
10 234 15
10 242 27
10 246 1
10 249 31
10 262 30
10 265 39
10 268 40
10 270 31
10 275 35
10 278 4
10 290 31
10 316 15
10 318 3
10 364 9
10 368 5
10 373 22
10 380 39
10 390 1
10 394 21
10 400 3
11 13 40
11 14 6
11 33 5
11 39 36
11 52 29
11 55 19
11 56 37
11 60 7
11 66 10
11 69 32
11 78 39
11 81 20
11 86 13
11 92 34
11 122 23
11 129 12
11 157 7
11 162 30
11 165 20
11 186 8
11 194 28
11 206 15
11 210 19
11 216 31
11 229 13
11 240 15
11 246 18
11 261 25
11 283 8
11 284 16
11 293 15
11 301 12
11 302 21
11 310 33
11 322 19
11 328 32
11 343 13
11 345 2
11 351 26
11 362 31
11 371 27
11 373 2
11 384 11
12 22 10
12 30 7
12 31 34
12 41 38
12 42 35
12 57 7
12 94 5
12 95 1
12 103 15
12 105 36
12 107 38
12 112 16
12 121 1
12 127 8
12 147 5
12 149 27
12 151 17
12 163 32
12 164 32
12 170 19
12 172 29
12 184 7
12 194 23
12 195 35
12 234 7
12 240 21
12 244 5
12 246 33
12 249 27
12 258 19
12 267 11
12 272 21
12 282 35
12 332 18
12 339 27
12 342 5
12 360 36
12 374 28
12 380 7
13 52 23
13 53 4
13 54 3
13 74 9
13 75 16
13 76 32
13 80 29
13 83 3
13 92 15
13 96 35
13 105 17
13 119 2
13 121 21
13 133 29
13 180 14
13 190 34
13 214 27
13 222 12
13 228 39
13 236 21
13 242 9
13 261 8
13 273 30
13 279 9
13 288 29
13 302 2
13 322 3
13 323 36
13 331 15
13 332 34
13 345 8
13 366 16
13 368 33
13 375 27
13 393 2
14 21 1
14 24 38
14 38 13
14 42 1
14 46 38
14 50 33
14 100 9
14 107 6
14 118 8
14 123 25
14 126 3
14 135 6
14 149 7
14 162 8
14 187 39
14 190 34
14 191 22
14 243 39
14 268 25
14 277 28
14 281 30
14 286 24
14 314 2
14 317 24
14 346 35
14 350 6
14 363 22
14 364 22
15 30 9
15 31 8
15 32 18
15 38 36
15 42 40
15 56 11
15 60 22
15 61 8
15 62 14
15 65 13
15 72 8
15 80 39
15 102 17
15 105 4
15 109 8
15 137 29
15 141 28
15 152 18
15 153 10
15 155 18
15 158 34
15 164 2
15 167 24
15 188 31
15 201 21
15 225 3
15 236 2
15 251 15
15 266 13
15 295 24
15 296 18
15 314 11
15 337 10
15 347 37
15 365 38
15 383 3
15 384 35
15 389 32
15 395 21
16 18 8
16 19 37
16 22 27
16 33 38
16 49 24
16 52 32
16 85 22
16 117 35
16 142 1
16 155 26
16 180 22
16 192 29
16 193 30
16 195 9
16 216 15
16 224 10
16 247 36
16 256 40
16 268 37
16 282 24
16 289 1
16 291 13
16 300 28
16 301 2
16 306 21
16 307 29
16 315 3
16 321 3
16 324 40
16 339 26
16 362 4
16 399 27
17 18 24
17 29 33
17 36 18
17 47 9
17 55 19
17 74 15
17 119 24
17 131 14
17 133 31
17 150 11
17 151 18
17 163 10
17 166 17
17 167 17
17 168 10
17 172 17
17 198 34
17 212 35
17 215 34
17 217 23
17 219 40
17 254 27
17 255 30
17 268 15
17 271 19
17 279 1
17 280 18
17 285 35
17 292 8
17 300 22
17 304 21
17 306 31
17 324 13
17 328 9
17 333 6
17 340 29
17 382 27
17 389 28
17 393 31
18 29 21
18 40 35
18 50 14
18 55 40
18 56 2
18 57 6
18 80 11
18 104 16
18 128 9
18 131 10
18 132 29
18 141 3
18 146 39
18 159 38
18 166 30
18 174 35
18 186 21
18 214 40
18 222 14
18 251 24
18 256 36
18 260 29
18 262 34
18 274 32
18 300 4
18 307 19
18 342 4
18 347 38
18 353 22
18 354 35
18 371 20
18 386 38
18 393 28
19 24 31
19 28 10
19 35 19
19 36 13
19 37 23
19 41 4
19 47 38
19 51 1
19 59 38
19 62 30
19 63 6
19 75 18
19 83 23
19 88 6
19 91 39
19 93 15
19 102 23
19 110 2
19 127 29
19 136 37
19 157 11
19 167 24
19 172 8
19 181 32
19 184 29
19 200 10
19 201 38
19 211 31
19 221 3
19 227 36
19 230 19
19 275 19
19 287 27
19 305 37
19 316 33
19 328 32
19 334 24
19 342 34
19 344 22
19 357 9
19 362 16
19 371 17
19 372 4
20 24 32
20 25 32
20 28 27
20 33 38
20 42 3
20 44 2
20 79 11
20 84 31
20 85 35
20 97 33
20 100 20
20 102 19
20 105 12
20 110 33
20 113 29
20 132 15
20 135 2
20 137 17
20 139 26
20 148 30
20 177 10
20 188 25
20 193 2
20 194 4
20 202 10
20 205 39
20 211 7
20 214 24
20 258 35
20 283 33
20 290 35
20 297 25
20 302 35
20 304 7
20 309 12
20 310 28
20 317 18
20 318 34
20 319 26
20 326 25
20 333 6
20 367 5
20 389 21
20 394 36
21 25 40
21 41 21
21 44 4
21 54 12
21 61 40
21 67 36
21 109 40
21 115 28
21 120 29
21 156 9
21 167 21
21 181 22
21 191 23
21 196 13
21 197 36
21 198 27
21 228 6
21 229 25
21 251 8
21 254 31
21 275 7
21 282 21
21 288 14
21 293 39
21 304 10
21 314 34
21 316 18
21 319 21
21 335 32
21 363 38
21 396 7
22 24 22
22 39 35
22 54 38
22 59 38
22 75 6
22 91 22
22 112 12
22 121 8
22 124 37
22 129 27
22 132 27
22 150 18
22 153 17
22 161 26
22 174 16
22 177 3
22 218 36
22 234 20
22 240 26
22 242 32
22 278 31
22 290 23
22 311 39
22 314 35
22 323 17
22 342 15
22 343 29
22 356 25
22 357 26
22 360 39
22 361 37
22 376 26
22 378 35
22 390 21
22 391 5
22 396 8
22 397 36
23 27 18
23 35 6
23 38 2
23 66 36
23 69 18
23 83 39
23 118 22
23 128 28
23 137 40
23 141 38
23 143 18
23 144 28
23 170 19
23 173 32
23 177 20
23 186 4
23 188 39
23 190 23
23 199 32
23 208 37
23 210 24
23 212 16
23 228 28
23 235 7
23 248 34
23 250 7
23 278 19
23 280 21
23 284 11
23 295 8
23 300 15
23 314 31
23 322 10
23 326 37
23 330 3
23 343 24
23 346 32
23 352 22
23 356 7
23 364 37
23 365 9
23 387 13
23 397 10
24 27 39
24 36 20
24 47 37
24 63 24
24 77 8
24 82 40
24 103 37
24 143 33
24 158 2
24 162 40
24 163 39
24 168 38
24 169 20
24 170 28
24 171 6
24 201 40
24 204 3
24 205 31
24 222 33
24 224 19
24 237 10
24 246 3
24 247 21
24 256 27
24 267 18
24 269 32
24 272 28
24 279 36
24 283 29
24 292 2
24 302 5
24 311 10
24 315 25
24 324 9
24 329 21
24 338 13
24 345 24
24 364 14
24 369 18
24 377 40
24 378 10
24 379 19
24 382 26
24 386 28
24 387 17
25 31 27
25 37 21
25 40 8
25 74 2
25 76 24
25 95 25
25 97 17
25 101 2
25 108 15
25 111 8
25 134 12
25 139 28
25 147 9
25 152 22
25 162 26
25 170 28
25 196 39
25 200 30
25 206 2
25 216 30
25 219 5
25 222 35
25 223 6
25 232 12
25 235 21
25 241 37
25 245 20
25 248 2
25 265 13
25 267 24
25 284 3
25 290 24
25 291 9
25 293 7
25 301 3
25 315 6
25 349 33
25 354 25
25 359 26
25 388 40
25 390 29
25 393 11
26 34 34
26 41 22
26 57 1
26 60 11
26 62 17
26 63 31
26 81 23
26 92 4
26 115 7
26 126 9
26 155 18
26 167 40
26 169 17
26 171 14
26 173 4
26 176 28
26 177 35
26 184 17
26 198 29
26 205 18
26 212 8
26 231 2
26 245 14
26 260 40
26 274 13
26 291 10
26 303 19
26 305 19
26 317 29
26 322 10
26 332 9
26 333 13
26 346 19
26 357 27
26 392 8
27 41 14
27 42 10
27 51 28
27 87 4
27 143 13
27 156 15
27 163 24
27 173 23
27 183 32
27 184 17
27 188 6
27 202 23
27 207 10
27 214 36
27 223 33
27 235 6
27 246 31
27 248 5
27 250 2
27 279 38
27 298 40
27 301 19
27 309 22
27 316 9
27 323 21
27 326 22
27 331 36
27 332 35
27 333 40
27 334 36
27 339 29
27 361 10
27 367 25
27 368 33
27 370 3
27 374 7
27 378 3
27 381 34
27 399 10
28 33 25
28 44 31
28 45 10
28 58 2
28 62 4
28 71 1
28 72 32
28 90 23
28 97 4
28 113 21
28 115 36
28 124 27
28 133 5
28 145 22
28 156 25
28 162 28
28 177 3
28 182 22
28 187 32
28 205 30
28 206 38
28 210 28
28 214 32
28 215 27
28 223 4
28 232 39
28 243 7
28 259 39
28 269 33
28 272 25
28 296 11
28 302 8
28 304 37
28 313 22
28 337 1
28 352 1
28 367 28
28 373 13
28 383 31
28 385 14
28 391 11
28 392 21
29 41 22
29 54 39
29 56 39
29 81 17
29 84 1
29 97 2
29 106 36
29 111 10
29 124 26
29 137 2
29 146 24
29 176 27
29 179 5
29 199 9
29 209 13
29 234 26
29 259 40
29 261 28
29 272 7
29 274 13
29 277 36
29 280 37
29 346 28
29 349 23
29 383 12
29 384 34
30 44 29
30 53 25
30 58 30
30 61 15
30 66 9
30 71 9
30 104 14
30 105 18
30 123 12
30 130 18
30 135 27
30 149 7
30 150 25
30 158 17
30 161 3
30 169 35
30 199 4
30 200 33
30 201 15
30 203 9
30 271 32
30 274 13
30 277 30
30 289 13
30 308 37
30 329 10
30 332 13
30 361 40
30 363 8
30 367 21
30 377 35
30 380 21
30 381 40
30 383 10
30 391 32
31 42 36
31 56 16
31 74 24
31 77 26
31 79 31
31 96 37
31 101 21
31 112 33
31 123 4
31 147 1
31 162 12
31 169 12
31 178 33
31 188 26
31 196 32
31 205 18
31 214 16
31 217 15
31 220 17
31 233 2
31 238 28
31 253 17
31 265 28
31 273 1
31 286 34
31 292 12
31 293 21
31 310 34
31 318 20
31 323 38
31 334 23
31 337 28
31 340 24
31 355 3
31 361 11
31 364 2
31 397 11
32 34 25
32 44 8
32 50 2
32 51 14
32 57 8
32 59 3
32 63 4
32 73 8
32 82 13
32 88 19
32 97 16
32 99 12
32 106 14
32 127 10
32 134 9
32 142 35
32 147 25
32 151 13
32 154 3
32 156 32
32 161 7
32 165 15
32 173 21
32 189 28
32 204 23
32 212 38
32 222 38
32 227 30
32 252 15
32 288 14
32 312 34
32 344 22
32 355 39
32 367 3
32 371 29
32 376 21
32 384 7
32 385 38
32 389 15
32 390 10
32 391 7
32 393 17
33 35 38
33 36 3
33 46 34
33 50 17
33 60 29
33 63 11
33 90 37
33 109 7
33 119 27
33 120 14
33 126 32
33 139 29
33 140 37
33 154 38
33 156 18
33 171 16
33 183 35
33 197 33
33 199 9
33 203 10
33 218 2
33 253 12
33 258 2
33 301 3
33 307 20
33 312 22
33 327 10
33 328 5
33 341 10
33 342 37
33 344 4
33 359 36
33 372 40
33 375 4
34 39 37
34 41 8
34 68 14
34 74 21
34 77 26
34 93 8
34 96 3
34 122 23
34 134 27
34 136 39
34 138 1
34 149 23
34 172 24
34 179 22
34 185 20
34 195 21
34 197 6
34 198 28
34 214 20
34 241 17
34 243 23
34 254 30
34 263 14
34 280 35
34 287 14
34 300 9
34 302 27
34 308 15
34 347 27
34 350 15
34 356 13
34 367 27
34 383 4
34 395 16
35 39 5
35 58 22
35 62 28
35 80 39
35 102 2
35 103 33
35 106 26
35 112 5
35 116 14
35 118 5
35 127 3
35 138 11
35 139 22
35 172 29
35 173 6
35 190 1
35 213 23
35 220 8
35 227 16
35 239 21
35 255 34
35 257 20
35 264 17
35 269 22
35 287 32
35 296 6
35 308 23
35 318 5
35 323 31
35 338 4
35 339 1
35 349 5
35 353 13
35 356 2
35 370 35
35 377 23
35 381 3
35 385 9
35 393 27
35 397 1
36 41 33
36 62 9
36 66 38
36 69 14
36 76 23
36 86 22
36 91 14
36 103 30
36 145 9
36 150 34
36 161 6
36 165 4
36 183 34
36 195 27
36 197 12
36 204 16
36 207 9
36 216 27
36 223 39
36 228 29
36 243 15
36 275 18
36 279 40
36 294 24
36 295 31
36 311 30
36 328 1
36 331 1
36 335 40
36 353 39
36 377 10
37 53 11
37 64 7
37 73 38
37 91 14
37 113 12
37 142 11
37 148 37
37 154 10
37 156 33
37 174 39
37 178 21
37 185 27
37 187 1
37 188 20
37 205 28
37 206 3
37 207 34
37 211 20
37 222 15
37 245 10
37 269 16
37 273 1
37 285 10
37 291 30
37 292 9
37 297 35
37 299 1
37 300 30
37 301 20
37 314 18
37 323 29
37 324 25
37 329 20
37 336 36
37 342 33
37 351 12
37 357 20
37 364 33
37 383 40
37 385 4
37 387 15
38 51 1
38 70 32
38 74 11
38 80 18
38 85 11
38 86 6
38 89 6
38 96 28
38 98 23
38 106 8
38 118 15
38 128 25
38 133 17
38 134 19
38 148 8
38 161 2
38 163 3
38 173 28
38 231 16
38 236 12
38 247 3
38 251 21
38 255 17
38 267 7
38 269 23
38 274 6
38 288 21
38 291 24
38 307 28
38 324 33
38 327 17
38 360 4
38 370 10
38 371 21
38 375 16
38 385 2
38 390 30
38 393 17
39 51 38
39 52 34
39 84 32
39 107 17
39 111 30
39 120 29
39 124 29
39 137 28
39 138 20
39 148 7
39 152 36
39 153 33
39 158 8
39 170 36
39 182 12
39 188 14
39 198 3
39 240 21
39 255 28
39 258 39
39 263 4
39 270 11
39 294 1
39 316 29
39 319 33
39 327 4
39 329 7
39 330 25
39 342 5
39 373 29
39 380 28
39 394 35
40 68 14
40 80 34
40 96 24
40 98 28
40 108 5
40 114 4
40 115 13
40 116 9
40 124 32
40 130 36
40 139 13
40 146 37
40 158 39
40 160 18
40 161 21
40 175 34
40 188 4
40 189 33
40 193 9
40 214 36
40 222 1
40 227 17
40 251 11
40 262 35
40 266 31
40 281 16
40 284 7
40 296 11
40 317 25
40 326 20
40 334 5
40 336 34
40 347 7
40 359 18
40 389 9
40 390 31
41 44 26
41 45 25
41 60 38
41 61 21
41 64 18
41 72 15
41 75 1
41 78 36
41 81 30
41 93 6
41 97 11
41 99 18
41 116 28
41 132 14
41 134 28
41 151 27
41 155 1
41 171 23
41 175 13
41 205 8
41 207 14
41 212 1
41 219 19
41 224 35
41 241 4
41 251 35
41 264 36
41 277 28
41 299 22
41 307 11
41 313 22
41 325 20
41 343 23
41 348 20
41 351 23
41 358 20
41 359 6
41 373 36
41 382 40
41 391 11
41 397 14
42 76 2
42 79 16
42 93 29
42 95 37
42 101 2
42 106 34
42 110 5
42 117 7
42 130 9
42 135 37
42 146 12
42 147 36
42 148 31
42 153 29
42 157 34
42 164 26
42 190 31
42 210 29
42 224 22
42 237 31
42 248 15
42 265 24
42 269 20
42 273 15
42 274 13
42 284 24
42 313 23
42 316 7
42 320 24
42 322 39
42 326 35
42 337 12
42 340 24
42 345 31
42 349 38
42 400 24
43 44 33
43 49 9
43 86 22
43 91 24
43 101 35
43 123 9
43 138 27
43 141 36
43 152 1
43 164 9
43 166 20
43 189 26
43 215 4
43 228 37
43 234 27
43 255 31
43 264 16
43 275 28
43 290 15
43 292 1
43 299 29
43 343 4
43 357 8
43 377 8
43 382 26
43 383 5
43 384 28
43 388 3
43 390 19
43 397 1
43 400 6
44 46 40
44 52 5
44 60 6
44 100 14
44 108 38
44 121 18
44 128 22
44 133 16
44 171 25
44 174 9
44 178 32
44 179 14
44 186 30
44 200 24
44 202 11
44 231 13
44 240 24
44 260 23
44 265 17
44 277 21
44 278 11
44 285 39
44 304 33
44 308 3
44 319 3
44 331 32
44 339 25
44 350 6
44 360 15
44 363 15
44 394 38
45 55 23
45 65 3
45 88 5
45 96 2
45 107 13
45 113 24
45 118 24
45 140 14
45 145 5
45 155 9
45 163 37
45 195 7
45 200 38
45 203 9
45 215 6
45 252 21
45 276 32
45 283 14
45 288 12
45 291 33
45 312 34
45 327 38
45 346 4
45 372 32
45 374 24
45 393 3
46 56 31
46 58 10
46 61 28
46 83 18
46 84 36
46 88 25
46 104 4
46 106 29
46 111 40
46 114 7
46 123 1
46 141 4
46 143 1
46 148 22
46 149 38
46 154 39
46 165 13
46 178 6
46 209 16
46 222 5
46 223 8
46 224 28
46 232 29
46 243 15
46 280 10
46 283 17
46 285 21
46 297 27
46 307 34
46 316 4
46 320 29
46 322 11
46 343 27
46 347 23
46 348 30
46 355 19
46 363 34
46 391 30
47 50 29
47 52 31
47 53 38
47 54 37
47 104 22
47 108 4
47 111 20
47 114 40
47 151 32
47 168 21
47 170 27
47 177 36
47 199 27
47 213 14
47 216 6
47 220 6
47 221 27
47 228 24
47 229 25
47 252 9
47 257 33
47 264 8
47 304 13
47 308 19
47 309 1
47 317 24
47 322 22
47 334 14
47 355 29
47 357 1
47 366 1
47 371 6
47 375 5
47 387 19
47 396 35
48 52 11
48 55 20
48 65 21
48 78 26
48 88 4
48 97 3
48 124 31
48 138 4
48 141 15
48 147 11
48 151 15
48 154 32
48 162 27
48 166 34
48 177 18
48 185 27
48 187 26
48 210 24
48 212 40
48 219 24
48 225 21
48 243 6
48 296 28
48 300 5
48 301 6
48 306 25
48 307 23
48 308 11
48 316 23
48 320 21
48 327 24
48 345 8
48 357 26
48 365 7
48 374 33
48 386 22
48 400 26
49 62 32
49 92 19
49 97 21
49 108 10
49 116 39
49 123 19
49 128 24
49 147 8
49 160 27
49 167 7
49 209 23
49 232 17
49 236 39
49 254 22
49 269 37
49 279 18
49 288 11
49 299 26
49 301 30
49 313 19
49 316 34
49 319 29
49 355 12
49 374 7
49 382 22
49 386 28
49 392 17
50 53 18
50 57 15
50 67 17
50 74 23
50 91 26
50 92 27
50 101 24
50 130 39
50 131 13
50 137 17
50 148 3
50 149 37
50 158 21
50 160 26
50 163 32
50 164 13
50 180 9
50 183 3
50 186 10
50 200 39
50 204 17
50 209 8
50 211 12
50 226 28
50 229 38
50 230 40
50 232 1
50 233 27
50 247 40
50 250 10
50 262 9
50 273 8
50 291 23
50 296 14
50 305 27
50 313 33
50 314 11
50 333 36
50 337 8
50 340 35
50 341 34
50 364 27
50 371 30
50 384 14
50 387 40
51 71 4
51 74 4
51 90 4
51 107 19
51 111 5
51 112 22
51 121 1
51 122 10
51 138 22
51 141 8
51 142 31
51 163 12
51 168 15
51 178 16
51 181 26
51 194 38
51 211 38
51 249 39
51 255 16
51 257 27
51 267 34
51 269 15
51 270 23
51 280 34
51 285 31
51 313 21
51 319 24
51 321 33
51 323 11
51 325 7
51 332 36
51 340 17
51 342 9
51 344 17
51 357 35
51 362 29
51 384 16
51 387 6
51 390 25
51 395 30
52 83 15
52 84 40
52 100 29
52 103 16
52 107 39
52 151 17
52 157 7
52 160 9
52 173 33
52 178 29
52 180 37
52 182 2
52 186 39
52 196 30
52 222 21
52 239 18
52 249 28
52 256 7
52 259 7
52 267 6
52 268 7
52 269 1
52 274 19
52 293 39
52 295 28
52 297 35
52 306 28
52 362 21
52 377 4
52 379 11
52 390 19
53 54 18
53 56 29
53 67 25
53 71 18
53 99 14
53 111 3
53 125 26
53 131 2
53 135 4
53 141 6
53 144 29
53 145 13
53 149 21
53 171 13
53 202 39
53 209 30
53 233 26
53 236 20
53 258 7
53 260 32
53 273 13
53 296 27
53 300 29
53 304 33
53 314 12
53 323 40
53 335 33
53 343 3
53 382 40
53 390 5
53 396 23
54 70 32
54 94 32
54 98 28
54 113 25
54 123 24
54 128 19
54 146 35
54 168 24
54 175 20
54 210 9
54 226 22
54 230 34
54 240 2
54 247 20
54 255 30
54 280 17
54 286 15
54 291 35
54 306 26
54 326 21
54 328 29
54 337 20
54 339 17
54 342 13
54 348 28
54 355 32
54 362 15
54 364 30
54 368 3
54 387 31
54 390 33
54 394 4
55 72 1
55 76 34
55 80 12
55 97 20
55 98 31
55 100 3
55 102 39
55 111 8
55 135 35
55 137 40
55 139 31
55 153 33
55 157 19
55 165 7
55 167 1
55 174 39
55 176 28
55 213 3
55 229 23
55 238 32
55 239 33
55 251 40
55 255 8
55 263 36
55 284 27
55 285 4
55 287 7
55 295 36
55 300 40
55 304 39
55 319 22
55 320 11
55 321 7
55 341 23
55 384 31
55 390 16
55 399 39
56 58 20
56 59 26
56 62 24
56 73 22
56 74 13
56 75 39
56 90 34
56 106 6
56 108 15
56 114 13
56 116 13
56 126 20
56 131 6
56 140 15
56 141 31
56 165 15
56 185 5
56 195 15
56 198 18
56 201 29
56 206 12
56 207 14
56 208 22
56 215 34
56 235 24
56 248 35
56 258 3
56 267 19
56 283 32
56 286 18
56 287 1
56 289 2
56 308 5
56 314 32
56 319 22
56 336 19
56 338 36
56 343 35
56 345 13
56 349 36
56 356 21
56 361 9
56 371 20
56 383 15
56 384 32
56 386 37
56 395 14
57 66 25
57 84 3
57 94 40
57 97 40
57 103 34
57 104 34
57 105 11
57 117 9
57 119 9
57 120 1
57 131 33
57 135 24
57 140 15
57 148 10
57 152 2
57 157 31
57 164 31
57 165 22
57 186 10
57 205 37
57 208 9
57 209 33
57 212 1
57 218 32
57 220 24
57 224 26
57 237 29
57 242 30
57 255 10
57 268 17
57 277 5
57 298 6
57 311 33
57 316 34
57 334 16
57 349 38
57 351 6
57 365 22
57 367 6
57 370 14
57 381 4
57 384 1
57 385 7
58 63 25
58 69 34
58 91 33
58 101 2
58 113 1
58 117 35
58 122 27
58 127 4
58 132 5
58 143 38
58 164 20
58 166 3
58 168 30
58 199 31
58 201 34
58 206 38
58 210 8
58 218 11
58 220 38
58 223 39
58 230 36
58 235 27
58 237 9
58 255 13
58 269 21
58 276 31
58 281 38
58 291 23
58 299 8
58 320 12
58 340 29
58 362 36
58 369 20
58 373 17
58 378 12
58 400 9
59 84 4
59 102 15
59 105 40
59 111 32
59 139 4
59 158 8
59 160 2
59 170 30
59 174 22
59 176 40
59 179 14
59 188 37
59 201 21
59 202 13
59 219 32
59 232 39
59 234 4
59 251 14
59 259 34
59 272 35
59 285 33
59 290 12
59 310 4
59 314 7
59 331 2
59 348 20
59 369 28
59 380 28
59 392 20
59 398 33
60 62 37
60 70 37
60 98 26
60 119 22
60 122 6
60 126 27
60 148 39
60 151 5
60 177 35
60 179 19
60 198 21
60 200 33
60 208 21
60 214 26
60 219 13
60 240 30
60 264 30
60 270 35
60 290 29
60 292 36
60 298 18
60 336 37
60 340 26
60 352 11
60 365 13
60 378 40
60 383 23
60 390 2
61 67 11
61 69 17
61 76 19
61 88 22
61 104 10
61 118 6
61 129 36
61 131 19
61 137 38
61 144 34
61 153 10
61 156 37
61 174 24
61 177 3
61 182 1
61 184 34
61 190 17
61 203 35
61 210 14
61 229 29
61 251 19
61 273 36
61 274 8
61 280 17
61 298 9
61 307 17
61 310 12
61 318 1
61 335 39
61 350 24
61 360 32
62 66 8
62 75 26
62 81 35
62 83 10
62 109 37
62 113 3
62 115 29
62 116 19
62 118 35
62 121 12
62 128 32
62 148 16
62 157 13
62 173 9
62 176 40
62 198 22
62 217 35
62 224 21
62 226 31
62 229 36
62 257 4
62 278 29
62 286 31
62 295 11
62 305 23
62 306 12
62 307 20
62 312 22
62 317 20
62 319 24
62 321 36
62 327 38
62 337 10
62 346 6
62 357 9
62 359 22
62 365 20
62 388 6
62 393 9
62 394 37
62 398 17
62 399 15
63 64 3
63 86 18
63 98 22
63 104 39
63 109 14
63 113 9
63 133 34
63 141 30
63 168 4
63 184 19
63 199 39
63 201 5
63 205 35
63 218 18
63 220 39
63 231 35
63 241 21
63 246 16
63 254 37
63 260 29
63 269 22
63 287 15
63 296 28
63 308 14
63 310 25
63 312 28
63 322 9
63 332 18
63 355 12
63 371 23
63 376 16
63 379 24
63 380 38
64 72 17
64 75 15
64 77 21
64 88 10
64 89 2
64 93 32
64 105 39
64 115 17
64 134 31
64 160 17
64 173 16
64 176 28
64 183 2
64 184 30
64 225 11
64 229 39
64 232 3
64 238 20
64 271 26
64 286 9
64 288 18
64 291 38
64 300 15
64 304 1
64 311 6
64 317 11
64 328 8
64 353 11
64 355 28
64 356 25
64 362 24
64 372 1
64 387 14
64 400 13
65 76 4
65 77 27
65 79 6
65 106 33
65 149 25
65 151 2
65 156 5
65 183 23
65 185 26
65 186 12
65 221 34
65 230 6
65 233 21
65 236 40
65 241 25
65 244 26
65 248 20
65 250 15
65 255 36
65 257 13
65 275 19
65 283 14
65 288 38
65 299 4
65 314 9
65 320 10
65 325 38
65 334 2
65 346 6
65 367 3
65 369 9
65 370 36
65 373 29
65 374 31
65 379 23
65 395 7
66 78 23
66 86 30
66 87 38
66 102 22
66 126 40
66 132 28
66 136 12
66 140 13
66 143 9
66 145 12
66 148 34
66 184 22
66 185 40
66 196 2
66 208 21
66 224 28
66 234 39
66 238 15
66 239 13
66 241 30
66 248 40
66 262 1
66 265 16
66 269 31
66 289 13
66 304 23
66 307 19
66 312 3
66 338 32
66 393 39
66 396 17
67 69 16
67 73 9
67 75 14
67 85 40
67 91 4
67 92 5
67 98 15
67 100 7
67 128 15
67 129 2
67 157 26
67 163 19
67 166 29
67 167 18
67 171 13
67 172 17
67 175 12
67 183 22
67 184 30
67 197 33
67 207 36
67 210 2
67 228 15
67 250 9
67 253 6
67 255 17
67 258 14
67 270 22
67 272 40
67 280 11
67 286 11
67 292 4
67 294 21
67 300 40
67 352 7
67 361 11
67 367 29
67 379 2
67 388 4
67 392 9
68 72 12
68 80 12
68 81 34
68 93 21
68 108 4
68 110 14
68 117 24
68 140 6
68 148 13
68 151 29
68 157 6
68 160 34
68 174 20
68 181 33
68 182 16
68 184 18
68 211 21
68 213 22
68 216 33
68 235 38
68 236 39
68 240 2
68 248 26
68 253 32
68 255 18
68 259 22
68 267 14
68 272 14
68 274 35
68 282 3
68 283 1
68 284 35
68 344 27
68 367 27
68 375 39
68 386 24
68 388 25
68 389 20
68 390 15
69 71 23
69 86 31
69 97 38
69 105 22
69 115 14
69 116 15
69 134 27
69 141 11
69 148 8
69 161 3
69 162 10
69 172 19
69 173 6
69 177 22
69 179 40
69 181 2
69 193 9
69 196 16
69 213 38
69 216 15
69 220 30
69 250 36
69 255 6
69 259 36
69 281 1
69 287 4
69 292 13
69 319 37
69 345 40
69 346 36
69 349 26
69 350 4
69 355 12
69 373 4
69 381 29
69 393 6
70 95 30
70 110 14
70 117 6
70 121 26
70 134 39
70 135 12
70 141 28
70 146 14
70 149 3
70 157 9
70 174 36
70 181 18
70 187 2
70 190 9
70 194 37
70 198 8
70 202 29
70 215 24
70 221 26
70 231 29
70 232 7
70 238 9
70 253 32
70 265 31
70 268 2
70 281 25
70 292 25
70 307 29
70 308 35
70 324 15
70 329 19
70 333 11
70 340 22
70 382 8
70 385 6
71 75 29
71 76 33
71 82 38
71 85 36
71 90 23
71 95 29
71 102 4
71 108 5
71 114 19
71 129 4
71 134 11
71 140 28
71 152 5
71 155 14
71 156 38
71 158 35
71 167 39
71 177 24
71 183 9
71 191 9
71 193 27
71 199 26
71 203 40
71 227 5
71 241 40
71 245 3
71 262 27
71 265 37
71 266 10
71 283 18
71 286 35
71 298 38
71 306 31
71 320 30
71 339 15
71 344 26
71 358 38
71 374 6
71 380 17
71 397 21
72 82 16
72 90 14
72 137 32
72 143 28
72 149 28
72 184 7
72 188 40
72 200 18
72 216 5
72 220 30
72 224 30
72 226 22
72 227 30
72 228 18
72 243 7
72 253 26
72 255 34
72 260 2
72 261 10
72 272 11
72 285 16
72 304 37
72 354 3
72 358 31
72 370 21
72 383 19
72 396 5
73 84 34
73 90 28
73 92 32
73 96 14
73 97 35
73 101 13
73 116 20
73 127 34
73 135 5
73 147 29
73 152 33
73 187 15
73 193 33
73 197 22
73 216 7
73 222 20
73 236 6
73 238 16
73 242 6
73 253 16
73 262 4
73 266 2
73 277 6
73 288 16
73 294 31
73 308 3
73 312 3
73 319 7
73 321 26
73 323 31
73 326 22
73 353 5
73 363 10
73 369 11
73 370 20
73 381 14
73 390 33
74 75 29
74 103 31
74 106 37
74 110 15
74 113 28
74 116 22
74 128 17
74 131 29
74 136 5
74 143 17
74 147 34
74 148 10
74 184 15
74 202 10
74 208 8
74 223 23
74 224 14
74 238 31
74 262 37
74 266 39
74 268 4
74 271 5
74 297 1
74 299 28
74 303 40
74 309 27
74 324 33
74 332 11
74 343 19
74 344 24
74 351 33
74 359 27
74 361 11
74 375 20
75 84 17
75 90 33
75 105 38
75 114 10
75 131 22
75 147 20
75 151 2
75 152 38
75 154 20
75 166 34
75 167 4
75 169 5
75 170 33
75 220 4
75 233 11
75 247 1
75 254 36
75 262 20
75 269 3
75 288 15
75 310 11
75 331 1
75 374 38
75 375 10
75 377 7
75 390 9
75 392 26
76 79 21
76 89 25
76 105 10
76 106 31
76 109 5
76 110 34
76 111 16
76 116 30
76 135 23
76 140 32
76 148 31
76 150 28
76 154 32
76 184 36
76 190 23
76 191 19
76 199 22
76 200 26
76 211 21
76 220 20
76 224 24
76 227 35
76 234 15
76 253 25
76 275 37
76 280 31
76 284 39
76 295 18
76 304 21
76 331 22
76 333 27
76 340 31
76 350 16
76 356 38
76 365 6
76 369 11
76 374 19
76 382 7
76 396 39
76 399 24
77 79 6
77 83 19
77 87 8
77 102 3
77 106 11
77 116 15
77 126 2
77 133 9
77 142 14
77 175 5
77 183 27
77 211 10
77 214 12
77 240 39
77 275 20
77 289 35
77 310 31
77 317 17
77 323 5
77 331 23
77 337 17
77 347 40
77 373 34
77 379 20
77 399 8
77 400 2
78 92 33
78 102 5
78 114 17
78 117 26
78 121 16
78 127 10
78 136 31
78 142 6
78 149 20
78 150 28
78 157 8
78 160 9
78 166 1
78 169 2
78 197 12
78 211 33
78 219 27
78 240 1
78 257 34
78 268 18
78 274 37
78 286 16
78 299 21
78 317 12
78 321 4
78 326 23
78 342 33
78 344 1
78 346 5
78 369 26
78 384 16
78 393 35
79 106 7
79 128 18
79 147 39
79 162 24
79 165 8
79 171 16
79 175 15
79 177 23
79 181 37
79 188 11
79 212 14
79 217 39
79 223 20
79 276 20
79 279 1
79 296 31
79 308 13
79 309 18
79 311 3
79 344 38
79 357 25
79 394 9
79 397 34
80 94 35
80 124 20
80 130 11
80 162 19
80 165 26
80 169 31
80 171 13
80 183 35
80 190 35
80 193 33
80 195 30
80 210 19
80 215 9
80 221 22
80 243 27
80 324 12
80 334 10
80 341 10
80 359 28
80 379 6
80 385 22
80 386 11
80 391 15
80 393 25
81 90 14
81 92 35
81 115 3
81 118 17
81 121 14
81 131 11
81 137 24
81 144 40
81 154 1
81 156 17
81 163 38
81 165 28
81 175 29
81 176 21
81 197 8
81 204 3
81 212 30
81 235 25
81 236 18
81 240 16
81 263 5
81 273 1
81 287 40
81 288 33
81 294 19
81 308 34
81 313 2
81 329 10
81 357 18
81 358 10
81 364 13
81 379 3
81 385 30
81 397 19
82 86 13
82 125 32
82 129 24
82 131 37
82 132 1
82 148 7
82 150 18
82 156 36
82 195 22
82 196 28
82 197 2
82 205 26
82 216 30
82 220 30
82 221 3
82 232 40
82 254 16
82 262 11
82 267 2
82 281 21
82 289 24
82 295 17
82 313 4
82 318 22
82 322 1
82 323 18
82 350 11
82 364 38
82 379 4
82 383 28
82 394 36
83 113 15
83 135 22
83 153 7
83 164 16
83 177 27
83 180 38
83 187 5
83 188 18
83 191 11
83 209 38
83 212 15
83 243 25
83 244 4
83 275 3
83 280 13
83 297 33
83 307 31
83 308 24
83 313 28
83 318 33
83 323 15
83 344 6
83 373 28
83 382 24
83 385 24
83 388 29
83 392 27
84 86 21
84 107 31
84 109 16
84 125 30
84 142 32
84 144 22
84 146 39
84 154 9
84 158 14
84 162 32
84 166 11
84 168 24
84 173 6
84 182 21
84 183 14
84 189 26
84 195 1
84 196 12
84 224 26
84 252 1
84 285 22
84 289 7
84 294 21
84 307 35
84 308 35
84 315 11
84 327 16
84 336 14
84 353 11
84 357 32
84 366 21
84 371 38
84 388 8
84 394 32
85 92 21
85 98 27
85 101 8
85 104 39
85 106 35
85 116 15
85 119 1
85 122 14
85 123 33
85 134 23
85 142 14
85 169 33
85 178 13
85 179 24
85 181 21
85 182 31
85 201 1
85 226 28
85 259 8
85 262 25
85 277 11
85 295 31
85 327 6
85 332 40
85 343 36
85 347 12
85 357 10
85 358 28
85 359 26
85 364 23
85 365 28
85 376 24
85 377 14
85 390 14
86 90 21
86 97 29
86 104 19
86 107 25
86 108 23
86 113 10
86 139 3
86 147 15
86 153 24
86 166 1
86 205 18
86 208 35
86 215 23
86 222 11
86 228 40
86 231 2
86 233 3
86 234 32
86 239 11
86 247 14
86 267 24
86 270 2
86 273 21
86 293 25
86 297 31
86 325 18
86 340 6
86 361 39
86 367 8
86 374 13
86 394 33
87 91 10
87 114 27
87 135 20
87 141 32
87 159 18
87 175 25
87 185 21
87 187 29
87 201 39
87 204 39
87 220 9
87 225 7
87 236 10
87 237 31
87 292 32
87 305 22
87 312 14
87 316 40
87 317 1
87 331 11
87 351 27
87 355 7
87 364 1
87 376 18
87 383 25
87 391 3
88 96 14
88 102 37
88 127 30
88 136 11
88 141 33
88 146 37
88 186 9
88 196 39
88 200 36
88 227 11
88 242 8
88 255 16
88 273 34
88 282 18
88 297 25
88 298 6
88 302 13
88 340 23
88 347 28
88 353 34
88 359 20
88 361 18
89 92 34
89 109 5
89 120 12
89 129 17
89 130 18
89 138 28
89 152 32
89 164 37
89 178 20
89 187 8
89 208 36
89 209 26
89 218 23
89 223 35
89 259 34
89 273 35
89 276 28
89 280 12
89 291 24
89 292 4
89 300 35
89 303 24
89 309 2
89 326 32
89 331 11
89 334 37
89 348 20
89 350 29
89 356 16
89 361 11
89 363 22
89 372 1
89 379 10
89 393 20
89 398 16
89 399 36
90 92 16
90 98 7
90 107 9
90 109 9
90 114 20
90 122 40
90 131 33
90 136 1
90 163 21
90 165 25
90 168 28
90 170 40
90 186 7
90 192 10
90 206 12
90 215 1
90 216 12
90 217 5
90 258 24
90 260 16
90 269 24
90 270 22
90 279 34
90 280 26
90 298 8
90 317 31
90 320 3
90 331 17
90 344 13
90 349 10
90 350 31
90 351 5
90 387 20
91 100 11
91 103 34
91 105 2
91 134 14
91 139 3
91 151 24
91 196 13
91 200 15
91 206 3
91 209 21
91 231 17
91 252 34
91 255 6
91 258 11
91 282 40
91 288 26
91 295 17
91 321 2
91 338 15
91 357 7
91 361 7
91 363 7
91 376 3
91 387 4
91 394 4
92 100 35
92 104 14
92 115 2
92 119 14
92 123 14
92 127 40
92 135 35
92 137 33
92 154 40
92 163 14
92 173 16
92 175 23
92 191 25
92 197 29
92 216 17
92 234 38
92 237 13
92 252 24
92 261 26
92 299 35
92 326 25
92 331 6
92 339 15
92 341 6
92 344 5
92 350 24
92 358 38
92 366 15
92 371 5
92 373 34
92 378 4
92 389 33
92 393 13
92 399 3
93 111 19
93 121 12
93 123 10
93 131 4
93 169 28
93 170 29
93 172 34
93 180 7
93 187 22
93 263 32
93 266 4
93 272 13
93 273 26
93 291 16
93 306 9
93 312 6
93 315 34
93 319 4
93 328 1
93 339 28
93 349 40
93 354 1
93 371 9
93 373 19
93 387 2
93 399 6
94 103 20
94 104 23
94 107 33
94 111 33
94 116 2
94 122 31
94 133 36
94 142 19
94 151 25
94 153 37
94 162 40
94 164 17
94 174 23
94 181 18
94 183 15
94 187 37
94 195 25
94 196 36
94 197 33
94 231 9
94 234 3
94 250 19
94 251 25
94 253 19
94 275 15
94 281 34
94 284 35
94 289 17
94 308 1
94 310 16
94 332 27
94 333 29
94 347 37
94 354 34
94 362 32
94 367 9
95 121 25
95 122 39
95 131 29
95 134 31
95 137 1
95 143 16
95 149 3
95 180 21
95 184 35
95 198 10
95 216 19
95 231 30
95 233 29
95 262 11
95 304 5
95 346 19
95 351 23
95 371 31
95 382 35
95 391 33
96 98 16
96 111 11
96 119 21
96 127 26
96 155 14
96 161 7
96 174 14
96 187 12
96 192 9
96 196 20
96 198 20
96 199 7
96 212 39
96 221 25
96 222 33
96 225 35
96 252 3
96 253 32
96 255 6
96 265 28
96 274 28
96 282 35
96 287 12
96 336 34
96 340 33
96 350 39
96 357 4
96 370 20
96 372 6
96 378 32
97 99 11
97 109 9
97 114 32
97 130 28
97 132 9
97 133 13
97 138 39
97 140 33
97 150 20
97 158 29
97 159 37
97 164 12
97 166 25
97 168 9
97 185 6
97 188 16
97 196 1
97 207 9
97 216 10
97 218 12
97 221 33
97 231 22
97 233 34
97 252 20
97 264 29
97 265 4
97 276 7
97 297 20
97 312 29
97 333 30
97 339 13
97 354 14
97 374 20
97 378 25
97 393 32
97 397 28
98 112 14
98 134 27
98 139 6
98 143 37
98 149 7
98 151 21
98 167 32
98 211 31
98 222 32
98 223 40
98 229 1
98 230 15
98 242 13
98 252 20
98 255 14
98 257 10
98 289 2
98 296 15
98 299 29
98 302 12
98 315 39
98 332 7
98 335 31
98 354 23
98 358 15
98 369 40
98 390 39
99 108 11
99 113 31
99 114 21
99 123 24
99 129 10
99 139 7
99 143 2
99 145 30
99 152 20
99 192 20
99 202 13
99 211 28
99 217 40
99 222 34
99 224 16
99 225 5
99 246 3
99 259 37
99 265 33
99 270 28
99 307 38
99 318 33
99 326 16
99 339 16
99 372 30
100 106 12
100 109 31
100 113 34
100 137 35
100 149 25
100 155 12
100 161 8
100 173 31
100 175 40
100 184 24
100 185 15
100 189 39
100 192 33
100 204 22
100 212 7
100 224 18
100 254 28
100 256 11
100 261 11
100 262 1
100 273 3
100 279 3
100 283 9
100 297 30
100 303 29
100 306 27
100 311 24
100 337 13
100 340 7
100 347 20
100 349 21
100 358 4
100 376 20
100 383 24
101 107 19
101 108 9
101 110 4
101 125 18
101 142 1
101 146 5
101 162 36
101 165 22
101 166 11
101 178 34
101 185 6
101 197 40
101 210 19
101 259 19
101 275 18
101 279 19
101 281 40
101 297 32
101 318 11
101 319 21
101 335 11
101 351 29
101 353 14
101 362 15
101 370 35
101 376 2
101 390 11
102 108 23
102 112 12
102 113 9
102 120 39
102 125 2
102 153 1
102 170 35
102 172 40
102 173 5
102 174 24
102 198 18
102 218 23
102 232 3
102 242 31
102 244 17
102 249 27
102 281 32
102 311 10
102 316 14
102 337 16
102 344 32
102 362 17
102 364 28
102 377 24
102 400 14
103 140 11
103 141 32
103 145 32
103 158 7
103 160 37
103 174 14
103 175 8
103 180 15
103 185 25
103 192 22
103 197 27
103 218 16
103 219 27
103 233 40
103 251 2
103 263 13
103 274 4
103 276 2
103 285 25
103 297 33
103 319 35
103 331 4
103 337 24
103 342 11
103 343 33
103 371 29
103 382 39
103 400 12
104 117 38
104 120 5
104 126 7
104 134 19
104 143 29
104 165 6
104 166 7
104 172 16
104 179 40
104 184 20
104 197 30
104 213 6
104 214 10
104 252 5
104 256 38
104 259 6
104 268 4
104 281 22
104 307 24
104 308 32
104 310 4
104 311 21
104 316 6
104 325 14
104 328 28
104 330 27
104 359 20
104 379 6
104 394 17
105 107 7
105 116 24
105 130 33
105 145 27
105 165 18
105 183 35
105 189 27
105 198 12
105 222 5
105 227 38
105 246 36
105 264 9
105 271 5
105 299 24
105 309 8
105 316 24
105 324 37
105 343 24
105 351 39
105 355 28
105 362 23
105 380 29
105 387 29
106 129 7
106 132 6
106 138 37
106 144 30
106 145 35
106 146 8
106 151 6
106 158 28
106 178 8
106 181 27
106 194 14
106 241 31
106 249 24
106 260 37
106 266 31
106 267 3
106 270 30
106 276 24
106 285 33
106 299 27
106 303 21
106 304 24
106 310 34
106 330 22
106 333 15
106 350 30
106 352 38
106 368 1
106 374 18
106 387 38
106 390 22
106 396 23
106 400 15
107 109 4
107 116 21
107 131 34
107 149 23
107 156 26
107 161 22
107 167 39
107 170 13
107 173 39
107 197 36
107 210 5
107 223 28
107 235 33
107 240 3
107 243 15
107 253 33
107 258 11
107 265 14
107 273 28
107 283 34
107 295 24
107 306 8
107 329 23
107 333 11
107 344 36
107 358 28
107 368 38
107 382 19
108 131 8
108 142 11
108 149 4
108 156 2
108 158 14
108 166 25
108 184 21
108 189 7
108 190 22
108 196 29
108 204 22
108 214 25
108 222 32
108 228 4
108 229 15
108 266 35
108 276 4
108 287 17
108 307 23
108 316 2
108 324 3
108 336 19
108 348 39
108 374 15
108 381 2
108 387 40
108 394 24
108 397 27
109 128 38
109 137 7
109 138 21
109 158 13
109 159 34
109 162 29
109 166 15
109 171 22
109 174 12
109 175 36
109 177 39
109 189 10
109 193 12
109 197 22
109 200 34
109 209 3
109 223 21
109 230 23
109 244 5
109 249 8
109 297 25
109 305 29
109 307 11
109 309 38
109 332 19
109 350 28
109 354 24
109 368 4
109 381 27
109 383 12
109 394 16
109 397 15
110 120 7
110 132 24
110 159 17
110 160 26
110 164 37
110 185 23
110 186 24
110 191 4
110 199 15
110 202 15
110 205 36
110 216 11
110 218 37
110 254 35
110 257 26
110 275 13
110 283 8
110 289 40
110 296 21
110 301 28
110 303 28
110 305 18
110 307 12
110 317 33
110 323 6
110 329 27
110 347 28
110 362 33
110 363 31
110 375 7
110 378 1
110 389 23
110 393 35
110 399 39
111 113 8
111 122 30
111 129 34
111 134 36
111 140 4
111 147 37
111 154 37
111 158 8
111 170 5
111 176 16
111 179 9
111 180 14
111 209 29
111 210 32
111 218 25
111 230 28
111 281 38
111 284 38
111 299 38
111 319 33
111 348 17
111 355 23
111 356 13
111 362 18
111 371 22
111 378 22
111 391 39
112 124 26
112 126 12
112 129 32
112 133 24
112 155 22
112 159 21
112 166 25
112 169 27
112 182 40
112 183 18
112 192 11
112 195 25
112 222 26
112 232 11
112 248 14
112 249 29
112 255 1
112 264 38
112 275 6
112 278 24
112 282 13
112 296 7
112 298 26
112 299 35
112 301 20
112 323 27
112 327 8
112 342 8
112 355 16
112 370 4
112 399 35
113 116 12
113 124 38
113 129 40
113 133 1
113 135 23
113 142 27
113 156 32
113 158 11
113 159 9
113 172 3
113 183 10
113 191 7
113 199 28
113 203 13
113 205 20
113 206 18
113 213 17
113 218 15
113 221 26
113 223 6
113 256 18
113 259 37
113 261 19
113 262 38
113 267 1
113 289 7
113 297 20
113 298 22
113 308 2
113 319 32
113 336 29
113 339 22
113 348 39
113 355 30
113 363 28
113 366 25
114 116 3
114 118 24
114 139 21
114 143 12
114 144 3
114 148 28
114 165 38
114 171 39
114 173 2
114 200 15
114 213 36
114 218 35
114 226 23
114 229 2
114 236 8
114 285 7
114 299 5
114 301 15
114 310 1
114 315 18
114 319 12
114 327 6
114 329 9
114 330 14
114 333 19
114 337 23
114 340 8
114 354 18
114 358 13
114 366 15
114 379 33
114 386 14
114 395 13
115 132 25
115 145 34
115 165 4
115 179 32
115 186 8
115 199 10
115 200 29
115 206 35
115 216 28
115 218 35
115 221 4
115 227 4
115 245 10
115 250 5
115 256 12
115 264 29
115 267 21
115 274 26
115 284 23
115 290 1
115 340 21
115 378 1
115 394 4
116 136 5
116 179 16
116 204 38
116 214 26
116 217 22
116 226 15
116 230 19
116 247 30
116 266 8
116 277 20
116 283 11
116 293 30
116 296 30
116 299 33
116 323 38
116 326 4
116 350 14
116 355 32
116 358 18
116 375 13
116 386 35
116 400 18
117 120 20
117 125 36
117 136 18
117 153 3
117 157 5
117 162 27
117 188 10
117 206 10
117 212 1
117 228 24
117 233 30
117 235 20
117 237 28
117 248 22
117 271 28
117 276 8
117 286 37
117 298 28
117 299 7
117 309 40
117 311 36
117 317 16
117 325 37
117 343 38
117 349 5
117 359 13
117 373 12
117 380 34
118 123 34
118 158 40
118 168 17
118 198 33
118 211 18
118 228 31
118 229 39
118 237 1
118 267 34
118 272 24
118 278 3
118 281 27
118 282 12
118 297 21
118 310 2
118 313 25
118 318 10
118 338 19
118 339 9
118 368 23
118 393 9
119 134 9
119 165 30
119 201 38
119 215 3
119 220 38
119 221 8
119 242 3
119 245 10
119 252 21
119 266 20
119 283 34
119 304 15
119 307 1
119 343 3
119 347 20
119 348 22
119 350 30
119 397 17
120 126 2
120 134 38
120 166 22
120 180 32
120 214 35
120 217 40
120 218 17
120 231 5
120 235 2
120 236 37
120 255 18
120 275 21
120 277 37
120 283 16
120 295 6
120 303 37
120 315 15
120 325 24
120 339 4
120 347 36
120 381 15
121 124 18
121 127 37
121 132 4
121 162 26
121 196 5
121 210 37
121 211 2
121 233 3
121 241 39
121 255 5
121 262 9
121 263 38
121 265 17
121 280 9
121 295 23
121 296 19
121 316 20
121 343 12
121 350 22
121 353 40
121 360 17
121 365 29
121 366 23
121 375 24
121 381 27
121 387 5
122 123 7
122 141 31
122 158 31
122 181 32
122 192 29
122 197 1
122 216 20
122 227 11
122 234 37
122 237 1
122 241 3
122 244 9
122 256 26
122 265 27
122 267 40
122 278 12
122 292 30
122 301 10
122 304 4
122 314 15
122 333 22
122 343 27
122 356 1
122 357 28
122 368 24
122 374 38
122 375 34
122 376 19
122 394 15
123 146 22
123 147 18
123 151 26
123 165 31
123 182 22
123 187 18
123 204 24
123 211 5
123 218 1
123 246 1
123 258 16
123 270 7
123 285 20
123 289 11
123 316 24
123 323 18
123 324 37
123 333 6
123 362 5
123 372 29
123 380 30
123 395 9
123 397 13
124 130 2
124 135 18
124 140 4
124 147 20
124 151 35
124 160 5
124 204 37
124 214 10
124 217 28
124 226 20
124 233 9
124 234 35
124 243 1
124 252 22
124 255 18
124 267 15
124 269 5
124 276 27
124 282 35
124 323 2
124 351 33
124 361 4
124 362 3
124 388 19
124 392 33
125 130 34
125 134 5
125 144 37
125 147 7
125 153 14
125 164 30
125 196 30
125 202 28
125 212 3
125 214 25
125 227 13
125 229 3
125 236 11
125 242 7
125 243 6
125 253 18
125 258 22
125 260 25
125 263 17
125 272 26
125 274 23
125 296 27
125 302 13
125 351 6
125 366 18
126 127 13
126 139 5
126 145 26
126 162 32
126 165 16
126 166 18
126 181 36
126 187 10
126 211 36
126 221 26
126 226 29
126 228 24
126 242 3
126 257 35
126 260 22
126 262 38
126 267 40
126 275 6
126 282 9
126 288 20
126 289 13
126 312 2
126 315 37
126 326 11
126 328 24
126 343 21
126 362 14
126 383 23
127 131 28
127 134 40
127 139 9
127 176 35
127 178 3
127 213 28
127 226 29
127 228 37
127 239 23
127 242 29
127 249 2
127 257 38
127 277 38
127 281 3
127 286 7
127 301 9
127 304 34
127 310 33
127 313 5
127 315 34
127 319 7
127 344 25
127 355 18
127 356 28
127 374 22
127 375 17
127 377 37
127 384 22
127 389 27
127 399 9
128 139 18
128 145 33
128 150 17
128 153 34
128 159 9
128 165 2
128 167 37
128 183 33
128 186 40
128 197 7
128 207 11
128 222 21
128 232 34
128 237 28
128 246 22
128 255 2
128 271 39
128 275 5
128 290 8
128 303 26
128 307 33
128 323 1
128 340 40
128 347 31
128 348 29
128 352 31
128 371 9
128 373 33
129 139 4
129 144 9
129 146 22
129 147 22
129 156 34
129 159 19
129 165 31
129 174 4
129 178 29
129 184 14
129 216 24
129 238 20
129 245 29
129 251 30
129 258 13
129 262 7
129 286 5
129 287 35
129 312 22
129 313 2
129 328 25
129 344 35
129 364 31
129 368 32
129 369 29
129 380 40
130 134 19
130 136 13
130 150 7
130 157 34
130 172 16
130 196 33
130 209 3
130 215 2
130 222 13
130 231 4
130 244 10
130 260 31
130 261 31
130 280 22
130 290 13
130 295 9
130 301 33
130 328 28
130 335 9
130 348 7
130 366 3
130 370 9
130 372 20
130 376 4
130 378 7
130 382 4
130 385 6
130 393 34
131 148 39
131 157 22
131 160 11
131 176 30
131 189 7
131 198 25
131 208 3
131 214 28
131 234 22
131 267 30
131 269 22
131 276 9
131 293 19
131 307 20
131 318 34
131 329 24
131 342 3
131 359 29
131 374 26
131 383 37
131 385 21
131 390 13
132 134 12
132 149 31
132 152 22
132 170 26
132 181 19
132 214 39
132 238 1
132 240 30
132 245 23
132 283 25
132 301 21
132 308 6
132 310 35
132 341 34
132 358 18
132 373 37
132 387 20
133 138 31
133 141 35
133 176 33
133 185 13
133 200 5
133 210 4
133 212 18
133 242 5
133 245 37
133 246 16
133 269 21
133 270 26
133 271 21
133 274 17
133 284 9
133 287 40
133 292 22
133 295 35
133 308 6
133 315 18
133 319 20
133 326 17
133 327 12
133 339 36
133 363 23
133 371 10
133 389 27
133 398 20
134 136 11
134 139 3
134 150 15
134 155 22
134 158 21
134 165 11
134 186 18
134 194 36
134 196 35
134 215 23
134 218 11
134 220 22
134 221 39
134 223 18
134 229 34
134 263 31
134 264 36
134 276 29
134 284 17
134 296 16
134 298 37
134 305 11
134 310 6
134 315 37
134 321 16
134 335 20
134 338 6
134 344 28
134 345 7
134 354 37
134 366 27
134 389 5
134 396 28
135 139 3
135 163 32
135 184 2
135 186 38
135 194 8
135 195 19
135 204 21
135 212 19
135 227 21
135 262 25
135 278 17
135 312 14
135 315 22
135 316 22
135 328 20
135 334 5
135 385 28
135 388 35
136 140 17
136 150 12
136 165 17
136 173 8
136 180 27
136 181 26
136 189 1
136 196 30
136 201 37
136 210 13
136 219 35
136 225 15
136 231 20
136 232 29
136 240 12
136 241 18
136 244 32
136 245 8
136 255 18
136 263 30
136 276 31
136 289 15
136 302 28
136 334 37
136 337 39
136 342 36
136 347 26
136 361 35
136 368 4
136 380 7
136 387 40
136 394 16
136 396 27
137 154 5
137 161 39
137 196 19
137 199 7
137 209 19
137 221 32
137 223 12
137 227 19
137 240 31
137 244 6
137 267 17
137 290 33
137 297 17
137 316 27
137 318 23
137 320 32
137 334 4
137 343 13
137 345 22
137 353 26
137 371 32
137 382 24
138 152 23
138 155 2
138 168 34
138 170 2
138 179 23
138 207 4
138 217 8
138 222 28
138 226 9
138 233 40
138 240 25
138 244 11
138 247 23
138 254 3
138 258 12
138 272 33
138 280 22
138 281 31
138 285 8
138 291 30
138 294 35
138 298 27
138 319 26
138 320 38
138 322 18
138 329 3
138 335 40
138 350 18
138 358 1
138 367 5
138 376 21
138 392 20
138 393 14
139 141 28
139 142 24
139 179 1
139 182 19
139 204 14
139 216 26
139 230 40
139 241 13
139 247 8
139 260 17
139 283 34
139 287 10
139 290 26
139 315 23
139 320 29
139 331 29
139 365 27
139 366 8
139 373 8
139 388 39
139 391 3
140 155 26
140 159 1
140 192 12
140 194 8
140 219 33
140 236 29
140 250 15
140 253 31
140 263 15
140 267 18
140 272 3
140 276 39
140 279 9
140 293 40
140 303 28
140 313 3
140 315 3
140 316 12
140 326 24
140 328 18
140 334 38
140 341 4
140 362 33
140 364 39
141 146 37
141 151 17
141 152 25
141 200 33
141 212 16
141 236 29
141 243 36
141 252 19
141 260 3
141 273 13
141 302 15
141 308 8
141 320 38
141 331 38
141 335 35
141 338 39
141 348 31
141 355 39
141 384 26
142 154 14
142 157 5
142 183 14
142 195 39
142 205 16
142 210 12
142 214 5
142 223 8
142 226 8
142 228 1
142 235 38
142 238 11
142 239 17
142 241 16
142 244 7
142 248 14
142 253 25
142 263 31
142 268 32
142 274 16
142 278 2
142 289 21
142 296 36
142 309 18
142 312 14
142 317 34
142 326 25
142 334 12
143 179 27
143 206 7
143 216 40
143 218 27
143 225 15
143 229 28
143 230 30
143 243 19
143 258 38
143 263 13
143 269 34
143 270 32
143 289 9
143 299 23
143 308 9
143 309 35
143 312 28
143 333 30
143 337 2
143 341 35
143 347 28
143 361 37
143 372 32
143 390 24
143 398 6
143 399 1
144 147 35
144 152 23
144 162 5
144 165 33
144 170 20
144 178 33
144 180 20
144 192 23
144 196 29
144 198 6
144 199 25
144 264 26
144 286 2
144 294 36
144 296 25
144 301 10
144 315 20
144 317 14
144 320 7
144 338 16
144 342 15
144 347 8
144 358 9
144 369 27
144 377 18
144 390 22
144 392 4
145 153 15
145 156 39
145 181 25
145 186 13
145 189 26
145 205 32
145 222 14
145 224 19
145 231 28
145 243 28
145 264 4
145 265 34
145 271 14
145 273 18
145 280 11
145 285 14
145 291 14
145 293 10
145 294 19
145 311 36
145 318 13
145 322 35
145 329 39
145 341 7
145 349 32
145 362 30
145 364 8
145 367 22
145 376 4
145 379 35
145 396 8
146 147 2
146 152 39
146 156 17
146 158 3
146 171 37
146 173 10
146 177 1
146 178 38
146 185 3
146 199 35
146 216 30
146 221 28
146 230 39
146 231 20
146 263 16
146 276 23
146 298 3
146 322 40
146 336 33
146 339 37
146 376 2
146 387 36
146 398 39
146 399 17
147 155 1
147 160 4
147 163 31
147 173 2
147 180 36
147 185 22
147 188 26
147 190 9
147 195 21
147 208 20
147 235 21
147 249 10
147 268 16
147 279 18
147 296 11
147 300 27
147 303 23
147 312 20
147 313 20
147 328 21
147 330 16
147 331 35
147 344 13
147 368 27
147 379 26
147 393 22
147 394 6
148 151 15
148 169 36
148 173 32
148 175 31
148 196 37
148 228 17
148 234 16
148 235 7
148 238 38
148 251 22
148 260 39
148 265 38
148 269 13
148 271 10
148 278 1
148 285 18
148 295 35
148 326 32
148 341 4
148 363 2
148 364 29
148 366 33
148 371 20
148 387 11
149 158 9
149 172 14
149 173 12
149 180 8
149 181 33
149 205 10
149 208 24
149 215 27
149 221 35
149 237 1
149 240 39
149 263 1
149 279 31
149 295 29
149 314 1
149 315 4
149 331 7
149 334 8
149 358 27
149 370 12
150 159 13
150 167 6
150 173 26
150 184 6
150 189 23
150 190 37
150 202 21
150 203 22
150 211 16
150 222 9
150 224 10
150 228 19
150 229 18
150 234 39
150 259 38
150 272 2
150 273 6
150 289 13
150 297 11
150 300 18
150 304 35
150 306 24
150 309 22
150 312 6
150 324 15
150 325 2
150 330 29
150 334 10
150 338 22
150 345 19
150 352 32
150 359 31
150 368 28
150 374 40
150 395 11
150 397 5
151 178 29
151 180 6
151 185 32
151 187 18
151 201 30
151 205 29
151 218 3
151 230 26
151 231 22
151 232 5
151 234 10
151 236 19
151 244 4
151 253 6
151 255 7
151 260 36
151 263 28
151 274 16
151 278 5
151 288 15
151 293 6
151 307 8
151 311 36
151 316 2
151 320 9
151 340 26
151 342 11
151 347 34
151 348 25
151 363 30
151 365 4
151 384 39
151 386 28
151 391 6
151 396 8
151 397 34
151 400 19
152 165 15
152 170 1
152 201 27
152 202 4
152 203 5
152 210 16
152 214 9
152 227 21
152 235 5
152 243 24
152 247 6
152 249 35
152 255 39
152 258 35
152 261 11
152 266 13
152 268 4
152 272 34
152 293 40
152 307 6
152 355 4
152 375 38
152 376 10
152 380 14
152 385 19
152 392 18
153 154 37
153 159 24
153 176 37
153 180 34
153 193 16
153 211 28
153 261 27
153 278 12
153 287 10
153 319 19
153 324 36
153 328 8
153 338 38
153 340 15
153 345 10
153 350 10
153 351 17
153 364 38
153 384 10
153 387 1
153 393 1
153 397 5
154 179 40
154 188 31
154 194 25
154 212 18
154 216 28
154 217 37
154 226 16
154 227 38
154 229 17
154 232 32
154 242 36
154 251 3
154 254 34
154 268 19
154 271 5
154 273 23
154 283 39
154 284 37
154 285 33
154 291 3
154 295 40
154 308 36
154 340 11
154 377 39
154 381 22
154 384 11
154 390 5
155 167 5
155 168 14
155 169 23
155 182 7
155 190 15
155 198 7
155 200 10
155 244 6
155 254 2
155 274 40
155 275 24
155 299 33
155 305 1
155 318 14
155 344 17
155 352 10
155 359 35
156 162 19
156 169 12
156 174 26
156 194 30
156 197 9
156 213 24
156 229 23
156 236 22
156 241 9
156 245 10
156 254 24
156 258 6
156 271 23
156 276 30
156 281 3
156 295 24
156 296 40
156 302 16
156 323 11
156 325 2
156 326 2
156 330 14
156 350 16
156 375 14
156 385 11
157 168 32
157 197 5
157 199 25
157 203 27
157 220 23
157 226 25
157 227 18
157 264 3
157 289 12
157 296 11
157 318 13
157 343 5
157 360 35
157 365 28
157 368 25
157 376 2
157 377 3
157 381 32
157 390 11
158 161 7
158 166 27
158 170 6
158 178 3
158 179 21
158 182 39
158 196 5
158 201 36
158 229 36
158 230 28
158 233 34
158 249 3
158 253 24
158 271 29
158 272 30
158 291 6
158 301 30
158 306 19
158 307 33
158 308 27
158 337 26
158 346 18
158 348 40
158 352 3
158 354 33
158 361 23
158 365 39
158 368 39
158 369 19
158 374 18
158 391 23
158 396 36
159 170 5
159 176 22
159 185 13
159 194 37
159 196 1
159 205 30
159 208 30
159 232 6
159 254 4
159 260 37
159 273 27
159 283 23
159 301 40
159 310 15
159 319 13
159 330 40
159 354 24
159 361 2
159 373 26
159 377 10
159 398 40
160 172 25
160 175 26
160 190 35
160 220 17
160 222 19
160 228 13
160 232 38
160 257 33
160 258 35
160 261 34
160 266 37
160 275 2
160 278 31
160 283 1
160 286 36
160 290 19
160 313 20
160 330 1
160 352 5
160 359 35
160 369 38
160 377 1
160 379 37
160 380 3
160 395 15
160 397 21
161 162 2
161 174 18
161 180 30
161 204 21
161 205 34
161 213 36
161 215 4
161 217 13
161 218 20
161 235 5
161 254 20
161 266 20
161 268 40
161 305 3
161 312 11
161 347 11
161 353 32
161 359 12
161 361 27
161 368 19
161 372 20
161 381 28
161 390 10
162 169 4
162 171 24
162 177 8
162 179 22
162 183 10
162 186 3
162 194 36
162 212 5
162 215 3
162 224 17
162 234 33
162 237 33
162 249 27
162 265 29
162 287 28
162 289 16
162 290 24
162 306 24
162 332 11
162 334 36
162 350 32
162 367 15
162 376 22
162 378 24
162 379 36
162 398 39
163 165 14
163 189 22
163 194 16
163 205 40
163 209 10
163 214 19
163 215 35
163 218 12
163 232 4
163 236 11
163 238 25
163 253 10
163 258 10
163 262 8
163 288 40
163 295 21
163 310 23
163 311 11
163 315 40
163 336 39
163 342 21
163 350 6
163 352 36
163 360 23
163 366 7
163 374 34
163 396 4
164 172 20
164 189 8
164 200 20
164 208 13
164 218 32
164 221 6
164 249 4
164 252 12
164 259 12
164 267 39
164 273 35
164 276 20
164 286 22
164 318 39
164 320 19
164 331 6
164 351 17
164 361 14
164 367 20
164 368 11
164 378 19
164 390 8
165 166 23
165 167 15
165 173 13
165 197 2
165 204 40
165 205 7
165 223 29
165 229 1
165 231 28
165 243 34
165 244 31
165 247 3
165 252 29
165 258 13
165 263 23
165 270 13
165 278 30
165 279 38
165 306 9
165 312 23
165 331 16
165 369 28
165 378 4
165 385 40
165 393 40
166 172 35
166 186 10
166 197 30
166 221 36
166 240 9
166 241 14
166 245 14
166 252 39
166 254 35
166 275 23
166 294 10
166 298 28
166 309 1
166 318 32
166 328 28
166 336 7
166 338 23
166 347 25
166 353 1
166 372 11
166 376 34
166 380 36
166 383 30
166 386 24
166 389 12
166 393 30
167 184 11
167 189 30
167 197 8
167 205 29
167 216 32
167 221 27
167 229 28
167 247 32
167 268 17
167 270 19
167 296 39
167 318 9
167 337 24
167 358 6
167 374 36
167 379 26
168 171 32
168 193 40
168 199 15
168 201 1
168 208 40
168 232 28
168 234 3
168 247 15
168 254 32
168 263 22
168 266 17
168 277 27
168 279 30
168 290 4
168 316 5
168 323 17
168 332 11
168 335 37
168 337 27
168 370 7
168 371 27
168 400 25
169 212 39
169 216 24
169 222 31
169 232 38
169 245 33
169 251 10
169 258 40
169 259 1
169 271 25
169 281 10
169 301 40
169 316 12
169 342 24
169 348 10
169 355 39
169 364 20
169 380 12
169 382 1
169 387 34
170 176 38
170 198 15
170 222 24
170 227 6
170 239 22
170 247 13
170 253 19
170 275 36
170 285 36
170 292 38
170 301 3
170 316 17
170 336 3
170 341 3
170 366 31
170 368 8
170 369 23
170 383 32
170 398 37
170 400 6
171 174 31
171 185 39
171 188 14
171 191 21
171 201 3
171 227 4
171 234 16
171 236 37
171 247 1
171 248 6
171 260 6
171 269 15
171 278 1
171 283 17
171 295 30
171 319 7
171 321 40
171 333 29
171 337 35
171 340 34
171 342 31
171 343 26
171 347 37
171 361 15
171 362 29
171 380 30
171 400 39
172 180 26
172 203 40
172 212 19
172 228 39
172 238 38
172 241 1
172 273 2
172 278 37
172 300 37
172 324 11
172 330 35
172 334 32
172 336 13
172 363 9
172 380 20
173 185 38
173 188 3
173 193 10
173 197 22
173 221 39
173 222 29
173 223 33
173 233 14
173 235 36
173 244 35
173 256 22
173 257 39
173 277 17
173 304 29
173 316 20
173 323 40
173 325 28
173 350 11
173 351 7
173 363 37
173 364 33
173 366 37
173 368 3
173 376 14
173 377 11
173 378 10
173 390 13
173 393 32
173 400 16
174 184 13
174 211 29
174 213 17
174 216 8
174 217 35
174 219 36
174 229 12
174 237 1
174 276 8
174 279 13
174 280 17
174 299 32
174 309 33
174 310 31
174 312 31
174 317 35
174 321 36
174 335 1
174 348 3
175 186 9
175 189 8
175 190 3
175 197 36
175 198 2
175 204 40
175 209 34
175 222 7
175 228 3
175 231 36
175 253 20
175 256 4
175 260 2
175 295 24
175 299 35
175 303 1
175 324 31
175 360 9
175 361 4
175 364 35
175 376 20
175 385 28
175 389 8
175 394 22
175 398 24
176 177 20
176 179 7
176 183 30
176 212 37
176 220 16
176 231 27
176 238 31
176 246 14
176 247 21
176 256 29
176 260 18
176 263 31
176 296 28
176 298 14
176 310 38
176 325 7
176 370 22
176 383 10
177 198 37
177 208 13
177 213 18
177 215 26
177 218 34
177 221 16
177 227 7
177 233 22
177 240 5
177 246 21
177 274 36
177 283 25
177 290 23
177 295 38
177 301 8
177 322 13
177 332 40
177 346 18
177 352 30
177 372 34
177 376 39
177 377 35
177 384 34
177 393 33
178 179 18
178 186 20
178 194 22
178 198 11
178 223 13
178 256 37
178 259 3
178 263 8
178 276 6
178 281 21
178 282 32
178 283 5
178 293 20
178 310 36
178 318 7
178 345 16
178 352 40
178 353 18
178 361 37
178 371 27
178 380 35
179 190 36
179 192 1
179 196 13
179 212 28
179 215 23
179 217 16
179 219 4
179 222 12
179 245 5
179 247 8
179 254 24
179 278 13
179 279 22
179 285 12
179 288 31
179 298 34
179 301 26
179 302 36
179 308 14
179 317 32
179 326 25
179 336 12
179 344 8
179 350 27
179 356 29
179 360 14
179 374 2
179 376 22
179 377 19
179 378 35
179 386 30
179 390 36
179 391 18
180 215 20
180 221 26
180 226 36
180 232 29
180 233 18
180 244 13
180 253 7
180 257 5
180 260 35
180 268 37
180 283 19
180 284 39
180 306 28
180 311 25
180 331 17
180 360 26
180 362 25
180 373 7
180 379 37
180 389 38
180 395 18
180 398 6
181 185 1
181 189 17
181 190 12
181 196 32
181 197 4
181 202 6
181 215 24
181 218 39
181 235 27
181 257 8
181 269 35
181 273 6
181 274 12
181 288 1
181 295 19
181 296 37
181 297 21
181 299 21
181 306 12
181 309 38
181 317 22
181 344 10
181 353 40
181 355 40
181 364 12
181 368 10
181 375 2
181 381 18
181 383 20
181 384 35
181 389 19
181 396 4
181 398 22
182 192 1
182 203 10
182 207 22
182 223 2
182 229 10
182 235 35
182 245 23
182 251 34
182 271 21
182 272 1
182 276 38
182 283 20
182 287 39
182 305 30
182 313 2
182 315 23
182 321 21
182 323 16
182 331 34
182 332 7
182 336 6
182 341 16
182 351 20
182 365 17
182 379 34
182 381 30
182 383 40
182 390 35
182 395 19
183 212 27
183 226 35
183 240 35
183 248 11
183 252 11
183 257 25
183 284 13
183 287 17
183 311 12
183 317 21
183 335 26
183 337 15
183 346 11
183 352 1
183 354 17
183 358 35
183 371 17
183 378 36
183 379 23
183 381 4
183 388 10
183 398 31
184 205 15
184 229 35
184 230 22
184 251 40
184 254 28
184 274 2
184 292 33
184 300 16
184 303 29
184 318 1
184 335 34
184 343 35
184 355 32
184 357 35
184 362 37
184 364 40
184 370 31
184 379 16
184 388 29
185 193 12
185 207 27
185 208 12
185 215 13
185 230 28
185 232 4
185 245 21
185 288 40
185 291 34
185 302 22
185 323 16
185 326 18
185 339 34
185 341 35
185 344 1
185 382 33
185 392 11
186 188 21
186 206 18
186 207 21
186 210 17
186 214 19
186 249 11
186 250 14
186 256 31
186 271 3
186 278 40
186 279 11
186 281 34
186 293 26
186 304 16
186 337 12
186 342 10
186 345 35
186 346 7
186 348 3
186 352 4
186 364 40
186 380 3
187 192 14
187 198 24
187 205 32
187 207 31
187 220 2
187 224 22
187 229 40
187 252 20
187 255 40
187 258 9
187 271 6
187 284 15
187 320 3
187 331 40
187 341 37
187 351 7
187 353 9
187 354 39
187 368 17
187 389 2
187 394 2
188 189 38
188 192 9
188 200 29
188 201 14
188 215 21
188 218 19
188 221 24
188 223 7
188 244 2
188 246 12
188 248 40
188 256 37
188 259 4
188 279 18
188 290 7
188 291 36
188 293 23
188 318 12
188 320 37
188 338 8
188 341 33
188 343 30
188 345 36
188 362 5
188 379 24
189 209 20
189 228 20
189 236 12
189 247 40
189 258 28
189 260 13
189 274 18
189 278 38
189 292 24
189 293 36
189 295 36
189 301 32
189 325 25
189 328 12
189 330 40
189 359 35
189 377 23
189 390 25
189 394 3
190 199 3
190 200 9
190 207 26
190 210 34
190 240 14
190 247 37
190 254 29
190 259 19
190 264 29
190 291 13
190 308 39
190 313 34
190 323 9
190 326 1
190 327 33
190 332 31
190 367 17
190 394 8
191 197 9
191 199 23
191 203 4
191 223 6
191 232 27
191 237 24
191 242 29
191 243 10
191 247 5
191 267 18
191 269 7
191 275 38
191 285 3
191 288 5
191 290 29
191 300 15
191 301 21
191 303 12
191 316 40
191 321 37
191 323 8
191 324 10
191 330 10
191 341 31
191 382 8
191 383 2
191 389 15
191 390 14
192 212 18
192 216 6
192 217 40
192 225 26
192 229 35
192 249 33
192 250 30
192 265 35
192 280 35
192 283 6
192 301 10
192 302 21
192 304 25
192 310 35
192 329 21
192 341 13
192 348 35
192 352 9
192 364 39
192 383 26
192 388 37
192 392 8
192 394 6
192 396 13
193 198 15
193 208 33
193 212 21
193 236 15
193 239 40
193 252 9
193 256 13
193 266 40
193 292 26
193 293 31
193 313 23
193 314 9
193 331 20
193 332 18
193 338 38
193 346 5
193 351 2
193 361 38
193 376 24
193 394 2
194 201 9
194 211 19
194 225 7
194 237 10
194 244 11
194 247 20
194 259 39
194 279 36
194 284 7
194 300 8
194 306 24
194 312 5
194 329 36
194 337 25
194 340 30
194 356 20
194 369 21
194 371 40
194 394 35
194 399 15
195 203 7
195 235 21
195 236 11
195 245 30
195 250 28
195 261 32
195 278 4
195 324 37
195 365 17
195 376 19
195 383 15
195 384 7
195 393 13
195 394 9
195 398 4
196 206 30
196 207 37
196 249 7
196 253 31
196 279 26
196 310 8
196 312 15
196 326 1
196 328 31
196 332 9
196 355 19
196 358 33
196 372 27
196 376 37
196 389 1
196 390 38
197 222 1
197 224 30
197 242 6
197 250 16
197 256 25
197 265 18
197 268 21
197 304 40
197 305 7
197 321 3
197 328 12
197 369 27
197 390 36
198 215 29
198 230 5
198 240 3
198 244 6
198 245 31
198 263 14
198 265 37
198 271 11
198 272 20
198 281 28
198 291 4
198 303 32
198 313 2
198 318 20
198 320 12
198 332 10
198 334 15
198 344 9
198 346 34
198 383 20
198 393 12
198 394 6
198 400 36
199 203 24
199 204 29
199 216 27
199 265 27
199 304 26
199 312 21
199 336 3
199 339 17
199 356 21
199 358 15
199 361 31
199 362 16
199 366 31
199 383 8
200 205 37
200 214 8
200 246 32
200 256 33
200 267 25
200 278 38
200 279 35
200 281 21
200 282 15
200 290 40
200 293 29
200 315 21
200 341 26
200 342 36
200 345 25
200 367 34
200 396 29
200 399 40
201 208 36
201 215 22
201 243 36
201 269 21
201 271 31
201 274 33
201 277 34
201 282 23
201 286 37
201 288 19
201 296 9
201 300 35
201 304 30
201 327 31
201 344 12
201 346 29
201 354 11
201 363 33
202 219 20
202 232 8
202 235 28
202 239 22
202 263 22
202 265 33
202 266 6
202 279 10
202 289 26
202 291 11
202 310 24
202 312 33
202 313 27
202 340 39
202 361 39
202 384 34
202 387 3
202 391 19
202 399 12
203 209 31
203 215 17
203 223 13
203 224 8
203 225 20
203 227 34
203 232 3
203 252 32
203 268 4
203 276 4
203 278 19
203 293 16
203 296 19
203 302 1
203 311 33
203 325 18
203 329 19
203 352 30
203 365 20
203 369 8
203 374 8
203 387 16
203 399 30
204 219 23
204 221 25
204 226 30
204 257 23
204 275 18
204 284 28
204 288 36
204 318 20
204 323 7
204 328 36
204 333 22
204 347 23
204 352 17
204 358 9
204 366 9
204 397 34
204 400 10
205 206 24
205 241 29
205 245 33
205 288 24
205 296 18
205 311 33
205 319 23
205 322 15
205 329 13
205 342 40
205 343 34
205 345 7
205 362 1
205 371 6
205 374 34
205 380 12
206 221 21
206 223 9
206 235 8
206 236 19
206 241 34
206 255 39
206 267 12
206 278 25
206 284 22
206 292 22
206 295 23
206 304 18
206 309 36
206 334 12
206 345 8
206 359 19
206 378 19
206 381 39
206 383 10
207 217 4
207 224 32
207 225 37
207 230 1
207 245 19
207 249 36
207 259 34
207 268 38
207 274 37
207 283 1
207 288 27
207 290 24
207 301 7
207 306 16
207 316 36
207 335 17
207 337 21
207 346 24
207 347 33
207 351 23
207 379 14
207 387 12
208 220 24
208 232 18
208 234 14
208 239 5
208 251 5
208 266 23
208 287 11
208 299 6
208 304 5
208 305 8
208 308 39
208 322 7
208 332 21
208 355 39
208 361 16
208 399 34
209 221 22
209 226 28
209 260 18
209 265 40
209 267 29
209 268 27
209 297 21
209 317 40
209 322 11
209 324 14
209 332 13
209 343 12
209 344 37
209 355 7
209 357 4
209 369 16
209 385 36
209 392 4
209 397 13
210 211 39
210 216 29
210 227 23
210 229 34
210 232 28
210 239 26
210 247 30
210 249 5
210 257 33
210 260 2
210 265 37
210 272 38
210 275 21
210 276 35
210 307 16
210 308 29
210 312 22
210 319 10
210 329 18
210 330 1
210 340 16
210 348 31
210 351 9
210 357 21
210 365 6
210 375 8
210 377 36
210 379 24
210 389 38
211 228 31
211 254 28
211 264 38
211 270 7
211 295 12
211 296 40
211 304 17
211 323 22
211 324 38
211 341 35
211 342 16
211 347 37
211 358 36
211 384 15
211 385 38
211 391 36
211 392 5
212 216 14
212 219 18
212 231 2
212 235 24
212 237 21
212 246 17
212 250 3
212 275 8
212 294 22
212 295 13
212 314 35
212 335 2
212 381 28
212 383 20
213 214 35
213 230 33
213 234 1
213 256 6
213 268 9
213 281 15
213 287 12
213 299 20
213 301 36
213 322 19
213 323 35
213 333 14
213 343 23
213 365 4
213 366 17
214 216 31
214 251 8
214 265 16
214 279 3
214 297 3
214 317 9
214 333 40
214 336 2
214 363 26
214 366 31
214 379 36
214 387 34
215 230 33
215 249 36
215 280 15
215 283 2
215 286 25
215 296 16
215 298 26
215 299 7
215 305 33
215 314 5
215 315 35
215 316 38
215 317 38
215 338 1
215 346 30
215 347 3
215 354 28
215 370 29
215 387 32
215 398 18
216 233 39
216 237 12
216 241 27
216 243 18
216 255 34
216 261 22
216 272 40
216 274 10
216 280 5
216 286 5
216 299 28
216 302 15
216 305 22
216 318 29
216 321 18
216 339 15
216 349 30
216 359 5
216 370 31
216 383 15
216 384 20
216 385 40
217 253 3
217 260 11
217 283 19
217 284 17
217 299 37
217 306 10
217 317 12
217 327 34
217 328 39
217 329 36
217 333 33
217 375 16
217 387 27
217 392 22
218 260 13
218 264 6
218 286 32
218 303 30
218 323 15
218 342 39
218 355 26
218 381 19
218 388 19
219 231 30
219 232 36
219 240 2
219 257 16
219 260 24
219 274 7
219 289 13
219 293 33
219 298 16
219 322 28
219 355 27
219 358 17
219 368 40
220 233 19
220 239 17
220 249 6
220 253 12
220 254 24
220 264 34
220 266 20
220 279 34
220 289 12
220 305 23
220 306 38
220 309 38
220 315 27
220 321 12
220 328 19
220 355 3
220 365 19
220 368 33
220 369 3
220 371 15
220 376 16
220 377 23
220 378 7
220 392 37
221 239 11
221 242 31
221 248 6
221 258 15
221 279 11
221 282 32
221 300 1
221 304 37
221 309 22
221 312 10
221 331 23
221 332 36
221 334 4
221 341 28
221 362 24
221 363 5
221 378 12
222 223 12
222 236 23
222 241 29
222 247 9
222 263 5
222 267 12
222 286 19
222 289 24
222 303 40
222 305 3
222 309 28
222 314 29
222 333 11
222 334 6
222 341 4
222 359 30
222 373 8
222 380 39
222 392 34
222 393 25
223 240 12
223 242 8
223 250 19
223 254 2
223 264 9
223 265 12
223 283 28
223 291 14
223 323 32
223 365 6
223 378 15
223 382 12
223 386 30
223 391 37
223 395 38
223 399 20
224 246 22
224 250 34
224 267 6
224 272 21
224 285 24
224 290 12
224 303 6
224 304 28
224 321 15
224 333 38
224 346 38
224 354 35
224 360 7
224 364 14
224 367 34
224 388 2
225 227 25
225 297 5
225 303 24
225 306 4
225 309 20
225 321 8
225 331 15
225 339 36
225 344 26
225 350 3
225 363 19
225 367 11
225 378 6
225 384 1
225 394 23
226 235 16
226 243 34
226 250 25
226 259 40
226 288 3
226 297 30
226 303 34
226 323 15
226 326 15
226 339 16
226 357 11
226 366 16
226 389 14
226 394 38
226 396 11
227 231 25
227 239 30
227 245 35
227 256 21
227 267 8
227 269 35
227 271 6
227 292 24
227 311 17
227 323 16
227 331 24
227 332 34
227 348 40
227 384 32
227 394 12
227 399 35
227 400 16
228 232 14
228 245 5
228 246 20
228 247 8
228 268 12
228 283 24
228 289 2
228 299 7
228 301 24
228 314 11
228 315 19
228 319 15
228 328 26
228 362 14
228 365 14
228 368 27
228 385 8
228 390 24
229 245 27
229 250 34
229 261 19
229 274 27
229 277 2
229 295 15
229 299 27
229 304 19
229 305 26
229 307 26
229 318 38
229 325 23
229 327 26
229 345 22
229 359 36
229 376 40
229 380 21
229 397 27
230 231 7
230 240 22
230 245 5
230 263 13
230 273 28
230 276 3
230 284 13
230 285 26
230 335 2
230 367 16
230 370 28
230 372 13
230 380 8
230 387 37
230 397 37
231 240 21
231 245 16
231 246 25
231 250 29
231 258 16
231 271 34
231 277 16
231 285 2
231 288 11
231 304 13
231 306 10
231 309 40
231 310 21
231 324 16
231 342 5
231 348 22
231 353 11
231 363 39
231 375 11
231 381 36
232 241 28
232 243 25
232 251 9
232 264 17
232 266 25
232 270 21
232 287 2
232 298 16
232 305 27
232 308 21
232 311 19
232 318 20
232 319 29
232 328 20
232 330 34
232 337 19
232 352 33
232 364 11
232 379 5
232 388 33
232 390 12
233 244 4
233 251 23
233 253 19
233 263 26
233 273 34
233 284 27
233 286 33
233 299 6
233 302 9
233 304 4
233 306 5
233 307 2
233 328 20
233 338 9
233 341 35
233 342 4
233 346 30
233 354 4
233 360 10
233 364 32
233 368 35
234 243 4
234 246 6
234 247 34
234 251 4
234 254 39
234 264 25
234 265 14
234 280 5
234 281 9
234 282 23
234 285 38
234 309 5
234 310 2
234 311 12
234 314 2
234 317 29
234 324 19
234 328 26
234 331 18
234 332 36
234 336 15
234 350 25
234 354 2
234 355 16
234 363 26
234 368 26
234 372 17
235 237 8
235 247 40
235 258 40
235 266 14
235 270 35
235 278 29
235 281 30
235 291 11
235 316 39
235 352 25
235 367 5
235 369 23
235 374 3
235 380 23
235 389 33
236 242 32
236 259 27
236 282 6
236 297 39
236 304 29
236 306 26
236 307 7
236 311 16
236 338 29
236 340 6
236 352 3
236 375 18
236 377 16
236 380 9
236 400 28
237 249 16
237 265 36
237 277 14
237 283 12
237 289 4
237 298 6
237 299 26
237 312 22
237 341 16
237 347 19
237 358 24
237 365 11
237 372 35
237 374 39
237 377 36
237 389 38
237 397 11
238 241 1
238 256 4
238 258 32
238 278 19
238 281 25
238 295 22
238 304 34
238 308 33
238 337 16
238 342 28
238 352 35
238 383 17
238 385 27
238 391 22
238 392 9
239 249 31
239 253 17
239 255 13
239 271 31
239 280 31
239 281 2
239 307 18
239 317 1
239 331 4
239 340 14
239 359 24
239 373 10
240 244 25
240 261 8
240 308 5
240 367 18
240 379 2
240 386 5
240 398 27
241 244 39
241 245 16
241 248 12
241 252 3
241 267 24
241 271 7
241 275 25
241 276 32
241 280 28
241 293 7
241 296 17
241 300 24
241 307 20
241 310 25
241 331 24
241 335 1
241 337 37
241 381 15
242 251 2
242 256 5
242 260 4
242 274 30
242 285 3
242 292 27
242 294 26
242 301 36
242 307 15
242 314 1
242 316 1
242 318 27
242 322 32
242 326 21
242 351 37
242 366 18
242 369 12
242 371 8
242 374 22
242 378 26
242 398 26
243 245 17
243 268 24
243 275 36
243 286 6
243 289 21
243 295 26
243 303 6
243 314 21
243 321 19
243 338 1
243 344 7
243 350 6
243 379 25
243 393 18
243 399 9
243 400 19
244 252 6
244 259 30
244 264 11
244 270 27
244 284 23
244 296 32
244 314 7
244 318 11
244 328 8
244 348 12
244 368 8
244 377 9
244 389 32
245 258 8
245 270 39
245 333 27
245 342 38
245 368 4
245 380 18
245 381 30
245 388 29
245 396 38
245 400 36
246 255 15
246 276 16
246 285 23
246 317 39
246 334 19
246 354 32
246 355 5
246 395 37
247 258 1
247 275 9
247 295 25
247 300 2
247 327 34
247 328 8
247 330 19
247 332 35
247 343 3
247 347 12
247 353 31
247 359 33
247 368 16
247 370 26
247 371 31
247 373 26
247 389 23
247 390 20
247 392 3
247 397 23
248 257 27
248 276 31
248 281 26
248 282 20
248 299 15
248 302 6
248 303 37
248 307 29
248 311 8
248 313 37
248 326 4
248 327 7
248 328 3
248 350 3
248 353 6
248 380 32
248 400 29
249 257 25
249 272 32
249 277 10
249 278 36
249 280 37
249 286 13
249 298 24
249 310 29
249 321 4
249 327 20
249 338 29
249 346 38
249 357 37
249 361 37
249 366 14
249 390 21
249 392 38
250 267 6
250 277 29
250 278 20
250 321 6
250 363 34
250 364 15
250 366 11
250 372 28
250 381 26
250 390 17
250 392 2
251 271 32
251 273 26
251 284 33
251 293 40
251 306 35
251 314 33
251 325 31
251 330 32
251 338 24
251 347 1
251 348 38
251 349 8
251 355 30
251 362 33
251 365 15
251 368 19
251 374 36
251 381 27
251 385 17
251 397 33
252 257 30
252 270 19
252 274 13
252 284 5
252 288 32
252 289 5
252 309 10
252 318 27
252 327 12
252 337 13
252 340 4
252 341 17
252 343 10
252 359 34
252 375 16
252 387 31
253 254 15
253 259 20
253 260 10
253 279 9
253 301 20
253 307 5
253 348 29
253 359 39
253 380 15
253 388 34
254 268 23
254 277 17
254 308 33
254 328 37
254 333 40
254 334 8
254 335 1
255 263 4
255 271 13
255 275 27
255 276 37
255 289 22
255 297 30
255 299 3
255 300 34
255 324 30
255 326 21
255 334 25
255 372 17
256 262 3
256 264 20
256 272 22
256 295 28
256 310 39
256 313 30
256 320 25
256 324 22
256 331 20
256 336 34
256 342 22
256 343 29
256 354 8
256 363 31
256 384 38
256 386 1
256 400 24
257 259 5
257 282 15
257 283 14
257 293 26
257 294 29
257 300 12
257 303 8
257 322 2
257 324 33
257 329 39
257 342 19
257 348 23
257 352 32
257 365 20
257 380 5
257 390 12
257 398 31
258 271 4
258 272 10
258 274 5
258 287 5
258 288 14
258 299 10
258 300 8
258 316 8
258 317 26
258 325 29
258 327 11
258 329 15
258 354 33
258 360 25
258 371 3
258 373 8
258 375 30
258 385 17
259 272 34
259 286 2
259 299 29
259 301 22
259 346 5
259 359 13
259 364 31
259 366 10
259 389 3
260 269 6
260 270 2
260 280 4
260 289 7
260 290 8
260 296 6
260 302 1
260 303 28
260 304 27
260 307 4
260 324 17
260 325 28
260 328 31
260 336 31
260 372 3
260 397 31
261 271 33
261 311 12
261 322 37
261 338 11
261 346 35
261 357 12
261 361 14
261 362 36
261 367 3
261 370 12
261 379 34
261 399 10
262 267 24
262 268 38
262 281 30
262 286 13
262 302 1
262 313 21
262 323 2
262 329 16
262 340 8
262 371 40
262 376 19
262 391 6
262 394 25
263 279 14
263 282 9
263 305 12
263 314 17
263 326 1
263 327 12
263 334 13
263 338 16
263 346 10
263 356 39
263 370 25
264 281 30
264 295 3
264 296 34
264 299 25
264 303 38
264 311 5
264 312 19
264 318 13
264 329 20
264 337 11
264 365 15
264 367 4
264 386 17
264 396 24
264 397 9
264 400 3
265 275 15
265 299 14
265 304 14
265 310 9
265 326 34
265 333 13
265 342 19
265 359 19
265 386 11
265 391 32
266 273 8
266 283 37
266 301 37
266 303 36
266 304 11
266 308 20
266 311 12
266 315 16
266 323 34
266 325 39
266 326 14
266 330 24
266 332 1
266 339 1
266 348 9
266 349 18
266 354 20
266 370 15
266 379 38
266 386 19
266 394 11
267 270 37
267 274 22
267 284 38
267 289 7
267 293 17
267 299 37
267 305 15
267 308 11
267 322 11
267 341 21
267 346 8
267 352 4
267 381 34
267 392 12
268 273 7
268 286 30
268 308 31
268 310 23
268 311 15
268 317 13
268 322 5
268 335 38
268 346 36
268 347 14
268 349 31
268 360 35
268 376 15
268 387 3
268 400 4
269 271 2
269 276 11
269 278 9
269 282 14
269 290 13
269 322 30
269 347 7
269 361 39
269 362 29
269 374 9
269 400 33
270 281 40
270 283 18
270 289 25
270 301 34
270 302 10
270 333 9
270 335 20
270 356 7
270 363 29
270 372 21
270 375 9
270 380 11
270 393 33
271 272 28
271 323 40
271 327 22
271 334 8
271 336 8
271 338 7
271 342 16
271 359 30
271 366 13
271 367 20
271 392 7
271 399 10
272 283 39
272 293 10
272 310 5
272 312 36
272 316 21
272 359 17
272 360 15
272 385 17
272 387 39
272 390 36
272 399 12
273 275 14
273 306 31
273 310 38
273 313 24
273 319 24
273 335 31
273 340 9
273 341 33
273 344 4
273 349 31
273 362 12
273 371 17
273 391 20
274 284 24
274 301 40
274 307 23
274 316 3
274 321 9
274 324 36
274 329 5
274 341 37
274 352 16
274 357 10
274 386 23
274 397 16
275 291 23
275 301 12
275 302 13
275 306 20
275 313 3
275 318 26
275 320 7
275 322 38
275 329 5
275 330 28
275 346 10
275 353 6
275 356 14
275 357 29
275 367 36
276 295 12
276 303 33
276 340 23
276 343 3
276 356 26
276 361 2
276 378 40
276 389 17
276 399 29
277 282 15
277 294 33
277 301 37
277 358 18
277 364 30
277 366 5
277 367 30
277 376 9
277 381 24
277 384 4
277 400 27
278 279 30
278 282 5
278 298 12
278 299 29
278 314 16
278 324 38
278 336 3
278 338 33
278 357 30
278 367 10
278 382 18
278 386 11
278 397 4
279 303 28
279 330 31
279 348 14
279 355 14
279 360 40
279 363 4
279 385 5
279 395 7
280 297 26
280 302 8
280 312 31
280 325 35
280 350 16
280 356 30
280 365 17
280 376 13
280 385 38
280 393 32
280 395 36
280 399 4
281 287 10
281 292 31
281 311 21
281 319 25
281 321 8
281 328 31
281 333 7
281 342 19
281 343 36
281 344 9
281 345 7
281 348 24
281 351 4
281 359 9
281 363 15
281 367 33
281 384 21
281 398 6
281 400 7
282 284 30
282 293 20
282 337 28
282 338 34
282 356 5
282 364 25
282 371 32
282 378 30
282 381 15
282 382 16
283 292 6
283 307 7
283 314 1
283 325 17
283 330 19
283 352 2
283 355 23
283 356 31
283 359 29
283 360 5
283 371 34
283 383 22
283 384 8
283 387 18
283 396 11
284 292 2
284 344 22
284 346 31
284 350 22
284 356 13
284 364 33
284 369 25
284 387 7
285 297 27
285 299 27
285 304 21
285 305 40
285 307 19
285 308 11
285 315 36
285 317 17
285 323 15
285 333 23
285 335 30
285 350 21
285 363 10
285 367 29
285 373 20
285 383 29
285 389 30
285 393 26
285 397 2
286 319 6
286 327 15
286 329 10
286 331 40
286 346 34
286 350 19
286 358 29
286 359 21
286 368 24
286 383 40
287 293 33
287 297 5
287 306 20
287 308 39
287 310 10
287 331 15
287 335 23
287 336 34
287 340 19
287 342 10
287 347 14
287 367 8
287 377 40
287 399 16
288 301 40
288 314 31
288 330 17
288 335 20
288 341 34
288 353 13
288 384 19
289 296 32
289 325 32
289 351 40
289 365 23
289 371 17
289 379 29
289 384 32
289 395 18
290 293 20
290 311 3
290 317 38
290 332 5
290 341 15
290 363 11
290 381 38
290 395 21
291 295 24
291 300 34
291 305 16
291 344 26
291 370 37
291 374 1
291 378 29
291 387 14
291 393 30
292 295 40
292 303 8
292 328 1
292 344 1
292 356 19
292 357 26
292 388 22
292 391 19
292 397 31
292 399 28
293 309 7
293 318 18
293 334 10
293 336 35
293 344 11
293 353 4
293 359 36
293 360 5
293 377 14
293 387 18
293 389 10
293 391 36
293 392 3
294 325 16
294 339 1
294 342 40
294 344 29
294 353 8
294 358 31
294 361 31
294 365 25
294 381 9
295 296 27
295 297 27
295 308 2
295 318 31
295 325 36
295 339 13
295 341 26
295 343 23
295 348 11
295 350 11
295 354 32
295 359 23
295 400 40
296 299 35
296 305 13
296 308 19
296 329 22
296 330 31
296 332 23
296 350 40
296 357 8
296 358 9
296 367 10
296 370 15
296 372 8
296 380 30
296 388 14
296 392 28
296 395 10
297 312 1
297 319 33
297 331 14
297 339 24
297 366 12
297 373 18
297 375 25
297 378 19
297 380 33
297 384 34
297 396 34
298 310 14
298 317 20
298 324 30
298 347 34
298 376 16
298 392 13
298 400 15
299 310 16
299 312 30
299 313 13
299 319 14
299 328 1
299 329 13
299 332 35
299 341 19
299 347 5
299 364 38
299 367 1
299 378 28
300 311 25
300 312 38
300 317 16
300 326 17
300 328 13
300 342 39
300 354 22
300 373 5
300 375 30
300 376 25
300 380 29
300 383 17
300 386 33
300 399 39
301 312 20
301 346 38
301 358 28
301 369 33
301 371 28
301 385 21
301 386 24
301 389 1
302 308 27
302 325 21
302 336 9
302 339 8
302 341 12
302 369 32
302 383 6
302 389 18
303 337 30
303 338 7
303 339 37
303 344 9
303 347 34
303 357 1
303 362 36
303 379 22
304 333 11
304 345 39
304 378 12
304 381 27
304 386 36
304 388 5
305 307 29
305 324 31
305 330 36
305 348 7
305 354 37
305 374 19
305 377 16
305 391 38
305 400 39
306 307 12
306 316 29
306 320 37
306 323 11
306 330 36
306 331 35
306 350 6
306 363 10
306 367 36
306 380 9
306 382 13
307 310 16
307 313 9
307 338 13
307 347 17
307 360 17
307 364 31
307 382 1
307 399 17
307 400 7
308 310 14
308 311 27
308 316 4
308 338 3
308 343 4
308 356 5
308 367 37
308 385 10
308 396 11
309 321 39
309 328 29
309 358 18
309 375 31
309 397 18
309 399 36
310 320 24
310 335 12
310 343 32
310 346 1
310 358 24
310 363 16
310 390 24
310 391 17
310 393 24
311 328 9
311 343 13
311 345 18
311 346 19
311 347 25
311 356 26
311 358 28
311 374 25
311 377 37
311 387 34
312 328 34
312 330 10
312 350 6
312 354 18
312 386 25
313 318 5
313 321 19
313 322 30
313 327 28
313 337 35
313 339 9
313 354 29
313 367 28
313 382 40
313 399 16
314 315 21
314 316 9
314 319 9
314 321 29
314 344 32
314 368 35
314 380 16
314 381 24
314 392 11
314 395 19
315 319 38
315 342 21
315 349 31
315 350 17
315 351 18
315 369 35
315 374 14
315 379 25
315 383 9
315 387 40
316 328 21
316 351 16
316 353 40
316 361 23
316 363 25
316 367 29
316 369 22
316 370 4
316 384 38
317 336 8
317 339 38
317 354 30
317 383 10
318 319 29
318 325 16
318 326 22
318 347 34
318 354 32
318 360 12
318 372 21
318 378 2
318 383 16
318 389 15
318 396 29
319 327 21
319 331 5
319 332 30
319 356 36
319 377 38
319 378 12
319 397 36
320 333 23
320 344 16
320 384 27
320 393 33
321 325 5
321 326 36
321 359 1
321 363 15
321 365 37
321 372 8
321 375 1
321 391 4
321 394 25
321 399 4
322 345 34
322 347 11
322 353 19
322 356 8
322 363 18
322 384 3
322 386 1
322 387 30
322 388 27
323 326 29
323 328 3
323 331 7
323 335 35
323 371 10
323 396 19
323 400 6
324 341 10
324 343 12
324 348 17
324 350 17
324 372 38
324 374 33
324 382 3
324 389 28
324 391 4
324 397 16
324 400 5
325 333 25
325 334 7
325 343 32
325 346 26
325 348 27
325 381 39
325 383 31
325 394 4
326 350 21
326 362 17
326 364 12
326 367 30
326 379 3
326 384 4
327 336 31
327 354 6
327 376 7
327 396 11
328 333 33
328 336 21
328 346 16
328 349 40
328 356 15
328 375 14
328 385 10
328 386 4
328 391 21
329 359 37
329 361 1
330 331 29
330 337 29
330 341 19
330 343 22
330 355 11
330 368 4
330 382 22
330 396 36
331 343 5
331 349 4
331 350 20
331 376 35
331 385 22
331 394 32
331 396 33
332 343 40
332 349 34
332 365 7
332 372 12
332 375 1
332 377 13
332 379 37
332 381 26
332 383 14
332 389 26
333 337 12
333 338 40
333 339 11
333 348 25
333 353 9
333 361 39
333 365 16
333 376 37
333 386 32
333 387 31
334 341 20
334 348 3
334 357 29
334 368 18
334 385 11
334 386 16
334 388 24
334 389 33
334 398 32
335 366 29
335 370 12
335 373 32
335 380 37
335 381 9
335 388 7
336 337 5
336 342 31
336 345 7
336 360 1
336 363 10
336 367 19
336 396 25
337 395 5
337 396 3
338 344 12
338 349 11
338 352 11
338 361 28
338 375 35
338 383 6
338 398 22
339 345 16
339 357 21
339 368 3
339 370 27
339 377 7
339 380 32
339 391 15
339 392 10
339 393 30
339 400 31
340 350 17
340 379 2
340 385 23
341 356 19
341 369 35
341 382 33
341 392 17
342 346 10
342 354 36
342 369 28
342 381 2
342 388 1
342 390 26
342 396 36
342 400 9
343 378 7
343 385 7
343 387 2
343 389 31
343 400 10
344 353 36
344 370 28
345 358 10
345 369 21
345 375 28
345 379 27
345 381 10
345 383 13
345 392 30
346 354 19
346 357 7
346 358 9
346 361 18
346 371 2
346 376 13
346 378 21
346 386 39
346 395 24
347 373 19
347 393 37
347 396 24
348 363 1
348 380 9
348 386 4
348 400 12
349 355 1
349 357 39
349 360 7
349 363 29
349 375 38
349 379 10
350 351 38
350 363 39
350 369 32
350 370 36
350 377 39
350 396 39
350 400 12
351 352 8
351 367 28
351 370 16
351 391 37
352 366 31
352 385 27
352 391 22
352 393 40
352 400 20
353 365 25
354 355 19
354 369 10
354 378 2
354 382 2
354 394 34
354 395 25
354 399 21
354 400 38
355 382 10
355 389 18
355 399 12
356 360 36
356 374 3
356 379 8
356 387 10
356 391 37
357 359 32
357 369 10
357 372 1
357 378 14
357 383 28
357 389 6
357 397 31
358 361 34
358 367 20
358 397 3
359 363 2
359 373 12
359 375 28
359 389 30
359 390 24
360 361 23
360 367 8
360 392 20
360 394 12
360 396 3
361 362 15
361 366 19
362 369 20
362 373 35
362 374 26
363 377 13
363 390 8
364 380 26
364 396 8
365 386 35
365 389 4
366 372 4
366 377 27
366 380 4
367 379 30
367 393 40
368 378 16
368 388 17
369 379 33
369 387 12
369 393 29
369 396 36
370 379 16
370 385 11
370 394 20
371 372 27
371 381 16
371 399 39
372 373 37
372 375 1
372 378 29
372 380 14
372 383 14
372 388 40
372 393 3
372 397 34
373 396 1
373 397 30
374 385 33
374 390 2
374 391 14
375 382 34
375 384 29
376 381 21
377 396 13
378 386 36
378 390 12
379 390 17
379 391 15
379 396 8
381 396 38
381 398 22
381 399 14
381 400 5
382 383 32
383 395 16
384 398 15
385 389 38
385 395 10
385 397 26
385 400 33
386 393 30
387 396 9
388 389 21
388 394 40
388 400 29
389 397 7
389 400 23
391 395 11
392 393 22
392 398 19
392 400 36
395 400 35
