50 479
1 7 3
1 9 4
1 10 1
1 11 5
1 12 4
1 13 1
1 16 2
1 18 2
1 20 1
1 21 5
1 22 3
1 28 3
1 33 4
1 34 2
1 37 2
1 38 4
1 41 3
1 42 3
1 45 2
1 46 3
1 47 5
2 3 4
2 14 4
2 17 1
2 18 2
2 19 2
2 21 4
2 23 4
2 27 1
2 28 2
2 32 3
2 37 2
2 48 3
2 50 4
3 4 5
3 5 1
3 7 1
3 8 1
3 9 1
3 10 3
3 12 2
3 14 4
3 17 3
3 19 2
3 20 2
3 23 3
3 27 5
3 31 1
3 34 5
3 36 1
3 37 1
3 38 5
3 40 4
3 42 4
3 43 3
3 44 1
3 45 2
3 47 3
3 48 1
3 50 2
4 8 1
4 17 5
4 19 1
4 21 2
4 24 1
4 29 5
4 36 1
4 37 1
4 40 4
4 41 1
4 42 2
4 43 2
4 48 5
5 6 4
5 7 2
5 8 2
5 9 3
5 14 1
5 15 1
5 18 3
5 20 3
5 21 4
5 24 1
5 27 1
5 29 2
5 31 3
5 32 5
5 33 1
5 38 4
5 40 3
5 42 3
5 43 5
5 46 1
6 8 3
6 10 2
6 12 2
6 13 2
6 14 3
6 21 4
6 22 3
6 27 3
6 30 3
6 33 5
6 34 1
6 39 3
6 40 2
6 41 2
6 43 4
6 46 5
6 49 5
7 10 5
7 11 3
7 12 4
7 14 5
7 15 2
7 16 4
7 17 1
7 19 4
7 22 1
7 23 4
7 24 4
7 25 2
7 26 1
7 34 4
7 35 3
7 37 3
7 40 1
7 42 2
7 46 4
7 50 3
8 11 3
8 12 2
8 16 4
8 17 4
8 20 5
8 22 5
8 25 4
8 28 1
8 35 1
8 39 5
8 41 2
8 42 3
8 45 1
8 46 4
8 48 1
8 50 5
9 14 3
9 16 4
9 21 2
9 27 4
9 33 1
9 35 5
9 38 2
9 41 5
9 43 5
9 45 4
9 50 3
10 12 4
10 14 2
10 15 1
10 16 1
10 18 3
10 20 2
10 21 2
10 22 4
10 23 5
10 24 4
10 25 3
10 29 3
10 31 3
10 34 2
10 38 4
10 43 4
10 44 3
10 47 5
11 12 5
11 16 4
11 17 5
11 20 4
11 23 5
11 24 2
11 27 4
11 29 2
11 30 2
11 32 3
11 36 5
11 37 2
11 38 5
11 39 5
11 40 5
11 41 2
11 44 5
11 49 4
12 20 5
12 24 3
12 27 4
12 32 3
12 33 3
12 35 2
12 36 1
12 37 3
12 38 3
12 39 5
12 40 1
12 43 5
12 49 3
13 17 5
13 20 1
13 21 2
13 22 2
13 23 4
13 24 4
13 26 1
13 28 3
13 33 1
13 35 5
13 36 2
13 37 5
13 39 5
13 42 5
13 47 4
14 18 4
14 19 4
14 26 5
14 27 3
14 28 3
14 32 5
14 33 4
14 37 4
14 39 2
14 40 2
14 43 3
14 46 4
14 47 1
15 16 3
15 17 4
15 18 2
15 20 2
15 24 5
15 25 3
15 26 1
15 27 3
15 37 5
15 39 4
15 40 1
15 41 5
15 45 5
15 46 2
15 47 5
15 49 2
15 50 4
16 26 1
16 29 1
16 30 2
16 32 4
16 36 3
16 37 5
16 39 1
16 40 4
16 50 4
17 23 3
17 26 2
17 27 5
17 33 4
17 44 5
17 45 5
17 46 2
17 47 2
17 48 4
17 50 2
18 21 1
18 23 4
18 26 1
18 27 1
18 30 2
18 32 1
18 33 4
18 35 5
18 37 5
18 38 4
18 39 1
18 40 5
18 44 3
18 47 3
19 21 3
19 25 5
19 26 2
19 27 5
19 33 5
19 34 5
19 35 5
19 36 5
19 38 2
19 42 2
19 43 2
19 44 5
19 45 5
19 47 5
19 49 3
20 22 5
20 23 2
20 24 3
20 32 5
20 34 5
20 38 5
20 40 5
20 42 1
20 46 1
20 48 4
21 22 3
21 24 1
21 26 3
21 32 4
21 36 4
21 37 2
21 39 4
21 40 5
21 41 3
21 42 4
21 43 3
21 44 4
21 46 5
21 47 4
21 49 5
22 23 5
22 24 3
22 26 1
22 27 2
22 29 1
22 33 4
22 34 1
22 35 2
22 36 4
22 38 1
22 39 5
22 43 1
22 44 3
22 46 3
22 47 5
22 49 1
22 50 1
23 27 3
23 29 2
23 30 4
23 31 1
23 41 5
23 43 5
23 44 1
24 25 2
24 28 5
24 30 1
24 31 1
24 32 5
24 34 1
24 35 5
24 36 5
24 37 4
24 38 5
24 39 4
24 43 2
24 47 3
25 27 5
25 31 2
25 33 1
25 36 4
25 37 5
25 38 1
25 40 4
25 41 4
25 46 5
25 49 4
25 50 2
26 27 5
26 29 2
26 30 4
26 32 4
26 33 2
26 35 1
26 36 5
26 38 2
26 42 4
26 43 1
26 48 2
26 50 4
27 30 1
27 34 1
27 35 5
27 36 3
27 37 2
27 39 1
27 42 4
27 43 2
27 44 1
27 45 1
27 47 4
28 29 5
28 32 5
28 44 4
28 50 5
29 31 2
29 34 2
29 38 4
29 39 5
29 43 1
29 44 2
29 45 5
29 49 1
29 50 3
30 32 5
30 33 3
30 37 2
30 42 4
30 47 5
30 50 3
31 32 4
31 34 3
31 36 3
31 37 4
31 41 3
31 44 2
31 46 3
31 48 2
32 33 4
32 41 3
32 45 2
32 46 2
32 47 2
32 48 2
32 49 1
33 34 3
33 35 3
33 36 4
33 40 3
33 41 4
33 43 4
33 46 2
33 47 4
34 43 3
34 49 2
35 39 2
35 40 2
35 42 2
35 43 4
35 46 3
35 48 2
35 49 2
36 37 1
36 47 2
36 49 5
36 50 3
37 38 1
37 39 5
37 42 5
37 44 3
38 40 2
38 44 5
39 40 5
39 43 1
39 44 4
39 46 3
39 47 1
39 49 5
40 41 4
40 44 5
40 49 3
41 42 4
41 45 2
41 46 1
41 47 5
41 49 5
42 43 3
43 45 2
43 49 5
44 45 2
44 50 5
45 48 2
46 48 5
47 48 4
47 50 2
