100 1932
1 2 6
1 5 3
1 7 40
1 8 15
1 9 19
1 11 32
1 12 16
1 13 34
1 18 10
1 19 11
1 21 36
1 22 37
1 29 21
1 30 35
1 31 40
1 32 10
1 33 15
1 36 22
1 38 36
1 42 34
1 43 6
1 44 2
1 45 9
1 46 20
1 51 24
1 54 24
1 55 23
1 59 25
1 60 1
1 62 29
1 64 21
1 69 20
1 71 38
1 74 11
1 79 21
1 83 36
1 84 36
1 86 11
1 87 3
1 90 5
1 91 16
1 92 13
1 94 7
1 96 33
1 99 1
2 3 39
2 4 6
2 6 37
2 12 8
2 13 18
2 18 19
2 22 26
2 26 40
2 28 10
2 29 27
2 30 3
2 33 23
2 34 8
2 39 11
2 41 8
2 42 22
2 45 2
2 47 8
2 51 5
2 53 11
2 54 35
2 62 39
2 63 35
2 65 34
2 66 28
2 69 28
2 76 38
2 77 13
2 78 18
2 80 11
2 84 7
2 90 21
2 92 14
2 94 36
2 95 19
2 97 17
3 4 37
3 6 19
3 8 4
3 9 29
3 19 26
3 20 22
3 21 17
3 22 4
3 24 3
3 26 21
3 27 1
3 29 16
3 32 39
3 35 40
3 36 33
3 37 18
3 45 20
3 46 3
3 48 24
3 49 37
3 51 38
3 53 16
3 69 25
3 70 18
3 72 5
3 73 6
3 75 22
3 76 11
3 78 37
3 79 21
3 80 5
3 84 21
3 85 13
3 88 15
3 89 24
3 91 37
3 96 30
3 98 30
3 100 35
4 5 11
4 6 22
4 7 2
4 10 21
4 12 37
4 13 34
4 14 36
4 16 31
4 17 23
4 24 11
4 26 35
4 27 15
4 29 28
4 30 27
4 31 9
4 34 30
4 36 37
4 38 26
4 40 33
4 43 30
4 49 8
4 53 35
4 54 25
4 55 27
4 58 30
4 63 31
4 64 21
4 67 2
4 71 24
4 75 5
4 77 8
4 79 10
4 81 24
4 82 25
4 84 10
4 85 36
4 87 36
4 88 19
4 94 6
4 95 34
4 98 36
5 6 18
5 7 40
5 8 35
5 10 15
5 14 30
5 15 19
5 17 17
5 18 5
5 19 15
5 21 9
5 22 1
5 23 40
5 25 30
5 31 11
5 32 11
5 33 36
5 35 21
5 38 35
5 39 39
5 42 8
5 43 6
5 44 9
5 47 15
5 48 8
5 50 5
5 56 19
5 57 19
5 60 20
5 64 37
5 65 35
5 67 19
5 68 13
5 71 8
5 80 5
5 83 4
5 84 40
5 87 19
5 88 1
5 91 28
5 96 39
5 99 14
5 100 5
6 10 13
6 12 18
6 13 11
6 14 3
6 15 13
6 17 37
6 18 17
6 19 16
6 23 21
6 30 9
6 34 35
6 39 8
6 40 1
6 42 29
6 45 13
6 49 26
6 50 32
6 52 34
6 53 26
6 54 13
6 57 5
6 62 18
6 64 28
6 72 15
6 77 30
6 78 13
6 85 25
6 88 40
6 96 23
6 98 18
6 99 34
7 9 25
7 10 26
7 11 7
7 12 4
7 15 16
7 20 31
7 21 24
7 22 37
7 23 25
7 24 13
7 25 20
7 26 20
7 28 16
7 29 1
7 31 35
7 34 16
7 35 19
7 41 29
7 43 37
7 45 40
7 47 13
7 49 19
7 50 30
7 52 21
7 55 37
7 57 3
7 58 12
7 61 35
7 62 34
7 64 19
7 67 18
7 73 12
7 78 22
7 83 5
7 86 36
7 88 20
7 90 22
7 94 17
7 96 34
7 97 17
8 12 27
8 13 7
8 15 30
8 16 23
8 21 33
8 22 23
8 26 25
8 27 33
8 28 4
8 29 11
8 30 1
8 32 30
8 33 24
8 34 25
8 37 39
8 40 13
8 43 38
8 46 37
8 47 29
8 50 7
8 53 36
8 54 21
8 59 22
8 60 36
8 63 28
8 64 26
8 65 3
8 66 9
8 67 27
8 69 16
8 76 11
8 78 23
8 80 12
8 82 23
8 83 32
8 85 5
8 89 31
8 90 25
8 93 24
8 94 16
8 95 32
9 10 37
9 16 2
9 17 1
9 18 3
9 19 35
9 22 39
9 23 24
9 24 23
9 28 6
9 39 21
9 45 35
9 48 29
9 51 7
9 53 34
9 54 20
9 56 39
9 60 25
9 64 32
9 68 20
9 71 15
9 73 36
9 77 20
9 79 13
9 80 30
9 83 33
9 84 31
9 85 5
9 86 33
9 94 29
9 97 29
9 98 35
10 12 4
10 13 32
10 15 4
10 16 24
10 18 1
10 21 16
10 28 3
10 32 31
10 33 32
10 35 13
10 38 8
10 42 17
10 44 27
10 47 1
10 53 26
10 56 8
10 61 22
10 63 36
10 64 1
10 65 40
10 66 38
10 68 20
10 69 29
10 71 35
10 75 10
10 79 16
10 80 40
10 83 30
10 84 30
10 86 39
10 92 13
10 93 2
10 96 1
10 98 1
11 16 29
11 19 39
11 20 34
11 24 30
11 25 34
11 27 32
11 33 6
11 34 5
11 37 17
11 40 4
11 43 10
11 45 16
11 47 32
11 48 13
11 49 24
11 51 11
11 54 30
11 56 8
11 60 13
11 63 14
11 66 24
11 68 27
11 75 30
11 78 35
11 83 18
11 89 7
11 91 13
11 92 7
11 93 39
11 97 4
11 98 9
11 100 28
12 17 7
12 21 17
12 22 13
12 26 20
12 27 38
12 28 7
12 31 15
12 33 8
12 36 33
12 37 30
12 40 13
12 42 39
12 44 17
12 46 11
12 47 34
12 48 20
12 50 19
12 52 16
12 55 18
12 58 20
12 61 27
12 63 15
12 65 20
12 66 38
12 69 29
12 70 13
12 72 31
12 73 10
12 77 16
12 78 8
12 81 12
12 82 21
12 83 37
12 86 37
12 89 38
12 90 4
12 91 11
12 92 30
12 95 21
12 96 39
12 97 35
13 15 8
13 17 26
13 18 6
13 19 15
13 20 20
13 21 30
13 25 30
13 26 23
13 27 34
13 28 6
13 30 24
13 33 8
13 35 32
13 36 28
13 39 16
13 45 5
13 56 10
13 59 18
13 61 11
13 62 29
13 63 30
13 64 7
13 70 19
13 71 21
13 75 14
13 80 28
13 81 9
13 82 24
13 90 8
13 92 30
13 97 34
14 15 36
14 17 9
14 18 12
14 19 3
14 21 38
14 22 6
14 23 2
14 28 8
14 31 27
14 33 14
14 34 35
14 35 10
14 40 25
14 45 18
14 46 5
14 48 38
14 50 17
14 54 11
14 55 36
14 57 14
14 58 5
14 60 39
14 66 40
14 68 15
14 70 6
14 71 8
14 74 35
14 75 29
14 78 27
14 86 35
14 87 19
14 89 37
14 93 21
14 95 34
14 96 30
14 97 16
14 99 40
15 16 31
15 18 10
15 19 24
15 20 12
15 21 36
15 26 21
15 30 19
15 35 25
15 37 21
15 47 13
15 49 28
15 51 23
15 56 39
15 59 9
15 64 3
15 67 22
15 70 11
15 74 1
15 77 39
15 82 8
15 85 5
15 86 38
15 90 26
15 91 32
15 92 40
15 95 19
15 96 19
15 97 36
15 99 34
16 17 6
16 18 18
16 19 26
16 20 24
16 22 36
16 24 15
16 25 13
16 27 18
16 28 15
16 31 31
16 34 27
16 40 7
16 43 23
16 46 32
16 47 19
16 51 9
16 53 33
16 55 26
16 56 13
16 61 13
16 65 30
16 66 22
16 67 4
16 70 14
16 71 3
16 73 7
16 76 1
16 77 22
16 82 5
16 83 4
16 85 10
16 87 16
16 89 36
16 91 40
16 93 40
16 95 34
16 96 24
16 98 8
17 23 38
17 26 29
17 32 18
17 36 27
17 37 2
17 38 38
17 41 21
17 42 36
17 43 23
17 44 36
17 47 12
17 49 7
17 51 30
17 56 20
17 57 11
17 58 23
17 63 8
17 64 17
17 67 24
17 69 25
17 72 21
17 73 11
17 75 28
17 77 37
17 78 24
17 79 6
17 82 18
17 84 24
17 86 37
17 88 9
17 89 12
17 95 11
17 97 9
17 98 18
17 99 4
17 100 10
18 19 14
18 23 40
18 24 9
18 27 38
18 28 19
18 31 11
18 40 18
18 45 31
18 47 27
18 48 13
18 49 10
18 52 24
18 53 13
18 54 9
18 57 37
18 58 11
18 59 1
18 66 38
18 72 10
18 75 26
18 76 33
18 77 39
18 79 30
18 81 25
18 83 26
18 85 27
18 86 36
18 87 9
18 90 23
18 93 36
18 94 4
18 98 23
19 21 35
19 24 39
19 25 9
19 28 16
19 30 18
19 35 23
19 39 40
19 44 20
19 48 8
19 50 11
19 53 8
19 54 20
19 58 10
19 60 7
19 61 8
19 65 24
19 66 33
19 68 7
19 71 7
19 72 36
19 73 21
19 75 23
19 76 14
19 82 18
19 83 29
19 88 28
19 89 26
19 93 20
19 95 27
19 97 9
19 99 25
19 100 11
20 21 32
20 22 6
20 24 17
20 27 22
20 29 31
20 30 39
20 34 13
20 36 26
20 37 29
20 38 36
20 39 20
20 40 7
20 42 34
20 44 8
20 49 8
20 53 2
20 54 32
20 59 5
20 65 23
20 67 16
20 71 14
20 72 22
20 74 31
20 77 10
20 82 11
20 84 7
20 88 36
20 92 11
20 94 7
21 25 24
21 28 13
21 29 19
21 32 12
21 40 8
21 41 6
21 45 21
21 46 11
21 49 12
21 53 9
21 56 5
21 58 12
21 61 36
21 63 4
21 65 27
21 67 29
21 72 29
21 73 1
21 76 17
21 77 7
21 78 13
21 79 19
21 81 37
21 82 32
21 86 29
21 90 40
21 91 26
21 92 21
21 94 32
21 96 31
21 97 30
21 100 14
22 27 14
22 28 10
22 30 27
22 36 28
22 41 15
22 43 29
22 44 18
22 45 20
22 48 26
22 50 12
22 51 34
22 53 5
22 56 17
22 59 20
22 60 17
22 63 9
22 66 8
22 67 38
22 69 23
22 70 24
22 74 17
22 77 10
22 78 24
22 80 40
22 87 6
22 90 15
22 94 17
22 97 39
22 98 32
22 100 6
23 29 36
23 31 27
23 32 1
23 33 28
23 34 7
23 36 5
23 37 16
23 38 20
23 41 33
23 43 16
23 45 19
23 47 33
23 50 2
23 52 8
23 56 22
23 57 17
23 58 32
23 60 15
23 67 34
23 71 25
23 73 17
23 75 27
23 77 1
23 78 18
23 80 39
23 88 7
23 89 23
23 94 1
23 97 28
24 26 36
24 28 37
24 29 6
24 36 5
24 42 20
24 43 40
24 45 1
24 46 34
24 49 13
24 54 7
24 55 33
24 56 16
24 63 2
24 66 36
24 68 9
24 69 25
24 70 20
24 71 36
24 72 3
24 73 10
24 74 12
24 75 15
24 76 32
24 78 28
24 82 18
24 83 20
24 95 1
24 97 32
24 100 30
25 27 25
25 28 34
25 32 7
25 33 32
25 36 35
25 40 5
25 44 11
25 48 40
25 50 27
25 52 36
25 53 21
25 55 28
25 58 16
25 60 27
25 62 40
25 66 11
25 68 17
25 70 28
25 72 27
25 76 30
25 79 37
25 83 25
25 87 24
25 88 26
25 91 25
25 96 26
25 97 24
25 100 35
26 27 3
26 28 33
26 30 17
26 34 15
26 37 22
26 40 18
26 41 33
26 42 8
26 45 29
26 48 1
26 49 37
26 51 14
26 55 34
26 58 26
26 72 26
26 73 29
26 74 2
26 75 16
26 82 18
26 85 8
26 88 10
26 92 14
26 93 1
26 94 11
26 100 30
27 29 19
27 30 36
27 32 36
27 36 19
27 39 22
27 41 6
27 43 30
27 45 7
27 46 16
27 51 15
27 52 29
27 53 13
27 54 20
27 58 34
27 62 37
27 65 4
27 69 22
27 74 5
27 77 23
27 79 40
27 80 24
27 84 14
27 88 34
27 91 31
27 92 37
27 93 22
27 97 5
28 30 32
28 31 30
28 32 22
28 35 7
28 39 40
28 40 6
28 43 14
28 46 14
28 47 20
28 51 35
28 52 24
28 53 11
28 54 7
28 56 31
28 58 34
28 60 38
28 62 26
28 65 35
28 69 36
28 70 14
28 80 8
28 82 9
28 84 34
28 86 23
28 94 19
28 96 39
28 97 23
28 98 12
29 32 39
29 36 1
29 37 37
29 39 11
29 42 21
29 43 3
29 44 39
29 47 26
29 50 12
29 51 11
29 52 10
29 53 37
29 55 29
29 56 19
29 57 31
29 58 34
29 60 14
29 61 3
29 62 31
29 64 34
29 65 12
29 71 32
29 73 5
29 76 3
29 77 6
29 78 21
29 79 27
29 81 10
29 83 38
29 84 24
29 86 18
29 87 31
29 88 21
29 90 33
29 93 18
29 94 16
30 32 3
30 33 2
30 35 22
30 38 10
30 39 7
30 47 31
30 48 30
30 56 17
30 58 35
30 60 36
30 61 26
30 64 40
30 65 8
30 70 12
30 71 7
30 76 5
30 77 25
30 79 17
30 80 16
30 81 10
30 84 29
30 85 5
30 86 16
30 88 13
30 90 37
30 91 8
30 92 26
30 95 24
30 96 24
31 32 34
31 33 25
31 34 40
31 35 4
31 37 3
31 38 18
31 39 23
31 42 36
31 48 14
31 51 10
31 53 7
31 54 11
31 56 33
31 57 32
31 58 21
31 59 9
31 65 35
31 67 16
31 68 23
31 73 2
31 75 6
31 81 19
31 84 22
31 87 30
31 88 21
31 89 25
31 90 24
31 91 5
31 92 13
31 93 25
31 96 14
31 99 21
32 40 3
32 41 31
32 43 15
32 47 33
32 49 17
32 52 34
32 62 29
32 64 21
32 83 39
32 85 13
32 86 10
32 88 28
32 93 21
32 96 19
33 35 38
33 37 14
33 38 3
33 39 14
33 43 27
33 46 36
33 50 21
33 59 4
33 63 10
33 64 20
33 65 39
33 68 26
33 69 4
33 74 40
33 75 13
33 76 4
33 77 26
33 78 5
33 80 1
33 81 29
33 82 31
33 83 7
33 85 6
33 87 39
33 89 4
33 91 22
33 93 32
33 94 38
33 95 5
33 96 2
33 97 1
34 35 20
34 39 32
34 40 16
34 42 19
34 45 29
34 46 35
34 47 22
34 48 4
34 50 20
34 51 34
34 54 27
34 55 5
34 58 29
34 60 28
34 64 39
34 65 24
34 67 31
34 74 16
34 78 27
34 81 29
34 82 34
34 85 36
34 86 6
34 87 39
34 92 6
34 95 30
34 98 21
34 99 7
35 40 34
35 43 11
35 44 15
35 48 37
35 51 5
35 52 19
35 55 16
35 56 16
35 57 5
35 64 31
35 66 29
35 68 36
35 76 16
35 84 25
35 88 36
35 92 29
35 93 23
35 97 21
35 98 24
35 100 30
36 39 40
36 40 33
36 41 3
36 46 7
36 47 27
36 48 14
36 51 15
36 52 3
36 53 19
36 55 16
36 59 27
36 64 28
36 65 23
36 66 13
36 67 17
36 71 22
36 80 20
36 87 19
36 90 23
36 91 7
36 92 25
36 93 5
36 96 11
36 97 11
36 99 1
36 100 25
37 42 27
37 45 8
37 46 28
37 50 8
37 51 24
37 53 14
37 54 6
37 55 23
37 57 31
37 60 35
37 68 38
37 69 26
37 70 19
37 73 38
37 74 6
37 78 38
37 82 29
37 84 26
37 86 21
37 89 37
37 90 15
37 91 9
37 93 32
37 98 26
37 99 7
38 40 34
38 41 6
38 43 22
38 48 6
38 50 2
38 58 5
38 59 30
38 62 15
38 63 25
38 66 15
38 67 21
38 69 1
38 71 15
38 76 21
38 78 40
38 79 7
38 81 5
38 82 16
38 85 23
38 86 18
38 87 34
38 91 16
38 94 6
38 97 12
38 99 4
39 40 31
39 41 7
39 51 7
39 54 14
39 61 4
39 62 34
39 65 22
39 71 30
39 77 15
39 79 16
39 81 21
39 82 18
39 83 20
39 85 23
39 87 35
39 91 36
39 93 15
39 95 19
39 97 23
39 100 12
40 42 34
40 50 24
40 51 13
40 52 3
40 54 6
40 59 31
40 63 23
40 65 3
40 69 27
40 71 34
40 72 17
40 74 25
40 81 8
40 83 13
40 86 37
40 89 25
40 91 20
40 93 32
40 96 10
40 100 36
41 45 20
41 46 1
41 50 22
41 52 35
41 53 26
41 55 15
41 58 15
41 59 11
41 61 25
41 62 9
41 65 23
41 70 37
41 71 38
41 72 20
41 73 35
41 80 21
41 81 18
41 82 23
41 84 15
41 85 13
41 86 28
41 90 22
41 91 26
41 96 30
41 97 3
41 98 37
42 43 1
42 45 19
42 46 7
42 52 13
42 54 14
42 57 21
42 59 35
42 61 12
42 63 11
42 64 40
42 65 6
42 68 14
42 70 14
42 72 35
42 75 30
42 78 10
42 81 17
42 82 29
42 84 11
42 85 7
42 88 40
42 91 19
42 92 10
42 95 10
42 96 7
42 100 35
43 44 33
43 45 18
43 51 2
43 52 4
43 54 26
43 61 5
43 65 24
43 70 1
43 73 15
43 78 20
43 79 31
43 80 5
43 82 2
43 83 7
43 84 31
43 86 19
43 87 1
43 88 4
43 90 4
43 94 16
43 96 35
43 98 30
44 45 15
44 50 8
44 55 33
44 58 40
44 59 19
44 63 33
44 67 12
44 68 9
44 70 18
44 72 19
44 76 8
44 80 40
44 83 22
44 86 33
44 92 26
44 94 32
44 97 34
45 46 3
45 48 21
45 49 24
45 57 35
45 60 34
45 63 5
45 66 24
45 67 34
45 69 29
45 71 16
45 78 9
45 79 37
45 80 40
45 81 26
45 83 30
45 84 38
45 89 36
45 90 37
45 92 24
45 93 32
45 95 12
45 98 12
45 99 2
45 100 3
46 49 33
46 51 19
46 54 15
46 55 32
46 56 13
46 59 35
46 67 8
46 68 21
46 71 38
46 74 26
46 77 25
46 78 29
46 83 5
46 85 23
46 89 5
46 90 18
46 91 14
46 95 10
47 49 40
47 50 9
47 52 7
47 56 23
47 57 39
47 58 24
47 62 22
47 66 23
47 68 15
47 71 23
47 72 32
47 73 16
47 75 19
47 76 11
47 77 10
47 78 20
47 79 24
47 82 2
47 83 17
47 86 29
47 91 8
47 92 1
47 94 35
48 51 19
48 54 4
48 56 21
48 59 26
48 65 20
48 66 7
48 69 7
48 70 13
48 72 36
48 74 32
48 83 19
48 84 39
48 86 19
48 89 12
48 91 36
48 92 10
48 93 40
48 95 28
48 96 1
48 98 14
48 100 28
49 52 40
49 57 36
49 58 26
49 59 37
49 61 2
49 62 27
49 65 20
49 71 40
49 72 23
49 73 2
49 74 29
49 77 18
49 79 17
49 82 32
49 83 38
49 84 27
49 85 37
49 87 13
49 88 26
49 89 8
49 94 3
49 97 12
49 99 10
49 100 3
50 53 31
50 54 20
50 56 28
50 61 15
50 63 3
50 68 5
50 69 25
50 71 5
50 72 25
50 73 6
50 74 20
50 78 34
50 86 37
50 87 17
50 90 38
50 91 27
50 95 28
50 97 20
50 100 33
51 59 17
51 61 14
51 62 13
51 65 15
51 70 34
51 71 10
51 73 3
51 81 17
51 83 14
51 84 38
51 86 22
51 87 34
51 88 30
51 94 31
51 97 3
51 98 26
51 99 4
52 53 1
52 55 14
52 59 9
52 60 6
52 62 30
52 63 16
52 68 8
52 72 40
52 74 1
52 81 8
52 83 21
52 84 15
52 86 16
52 88 5
52 90 14
52 91 11
52 92 18
52 93 16
52 96 1
53 55 7
53 61 12
53 62 30
53 63 13
53 65 40
53 66 37
53 69 3
53 70 40
53 72 25
53 81 2
53 82 28
53 85 20
53 89 37
53 92 18
53 98 16
54 55 32
54 59 2
54 60 32
54 64 27
54 65 11
54 67 21
54 71 9
54 72 10
54 73 5
54 81 28
54 83 37
54 86 15
54 88 24
54 90 3
54 92 15
54 93 27
54 94 12
54 96 26
54 97 12
54 98 3
55 56 1
55 57 28
55 65 28
55 67 23
55 70 26
55 72 3
55 74 19
55 75 24
55 76 38
55 78 26
55 84 7
55 85 30
55 89 2
55 91 14
55 92 36
55 95 5
56 57 38
56 60 4
56 61 38
56 63 11
56 64 25
56 66 8
56 70 18
56 71 21
56 73 6
56 75 37
56 76 9
56 91 35
56 92 38
56 93 9
56 100 31
57 61 11
57 65 38
57 66 3
57 70 2
57 71 6
57 75 6
57 78 11
57 79 20
57 81 10
57 87 20
57 91 18
57 95 9
58 67 5
58 68 39
58 70 31
58 71 7
58 73 31
58 74 27
58 75 35
58 78 28
58 82 7
58 83 33
58 87 21
58 93 33
58 97 19
58 100 9
59 68 22
59 70 25
59 73 6
59 78 6
59 79 3
59 86 29
59 87 14
59 89 3
59 91 9
59 92 24
59 93 6
59 94 7
59 96 19
59 97 4
59 100 27
60 61 30
60 62 37
60 64 33
60 65 10
60 66 10
60 67 24
60 69 6
60 70 4
60 72 27
60 74 20
60 75 35
60 77 35
60 83 7
60 86 39
60 87 5
60 89 40
60 91 39
60 92 31
60 95 15
60 97 9
61 64 13
61 65 32
61 66 9
61 67 13
61 73 15
61 78 11
61 79 28
61 82 8
61 84 2
61 85 6
61 87 5
61 88 40
61 91 4
61 92 39
61 96 1
61 99 40
61 100 12
62 64 13
62 65 2
62 66 19
62 71 1
62 72 40
62 73 25
62 75 14
62 81 13
62 83 37
62 86 38
62 87 10
62 92 40
62 95 14
62 96 23
62 99 32
62 100 15
63 66 40
63 69 5
63 72 6
63 73 13
63 74 40
63 76 24
63 78 35
63 81 23
63 82 10
63 83 40
63 84 32
63 86 38
63 87 5
63 90 36
63 91 13
63 92 9
63 93 3
63 94 10
63 95 21
63 97 8
63 98 37
63 99 20
63 100 33
64 65 38
64 66 36
64 68 8
64 73 30
64 75 23
64 76 17
64 78 18
64 84 36
64 85 30
64 86 30
64 89 36
64 92 33
64 97 7
64 99 9
64 100 13
65 67 31
65 69 6
65 71 21
65 73 19
65 77 26
65 78 23
65 80 22
65 90 7
65 97 12
66 67 24
66 70 30
66 73 23
66 75 6
66 79 15
66 80 18
66 81 32
66 85 5
66 86 19
66 87 38
66 88 1
66 90 24
66 94 6
66 95 39
67 68 25
67 69 28
67 71 26
67 78 30
67 79 25
67 84 1
67 90 12
67 92 14
67 97 35
68 69 12
68 74 9
68 75 36
68 79 27
68 80 18
68 81 11
68 84 15
68 86 13
68 87 25
68 90 9
68 92 27
68 93 8
68 94 14
68 96 13
68 97 37
69 70 37
69 74 19
69 76 13
69 78 16
69 83 33
69 88 33
69 93 32
69 96 37
69 98 31
70 72 19
70 73 17
70 74 40
70 75 36
70 76 13
70 80 35
70 82 14
70 84 26
70 87 20
70 88 39
70 89 30
70 93 38
70 95 12
70 96 15
70 97 23
70 98 13
70 100 23
71 72 39
71 82 2
71 88 25
71 93 21
71 95 20
71 96 33
71 97 17
72 73 8
72 75 28
72 76 1
72 79 32
72 80 23
72 82 13
72 90 11
72 91 12
72 94 25
72 98 33
73 76 16
73 79 18
73 80 6
73 83 10
73 84 5
73 88 4
73 93 8
73 96 14
73 97 3
73 98 6
74 75 27
74 78 23
74 80 14
74 81 17
74 84 25
74 85 36
74 86 32
74 87 15
74 89 1
74 91 37
74 92 32
74 96 1
74 97 10
74 98 8
75 77 21
75 79 11
75 82 38
75 83 13
75 89 2
75 92 36
75 98 3
75 99 28
76 78 16
76 84 37
76 87 33
76 88 33
76 89 38
76 96 2
76 99 8
77 80 11
77 82 24
77 84 20
77 85 36
77 89 20
77 91 23
77 93 6
77 95 7
77 96 31
78 81 4
78 82 24
78 85 39
78 88 17
78 91 40
78 93 1
78 100 36
79 82 25
79 84 35
79 85 2
79 87 39
79 93 8
79 94 37
79 95 11
79 98 27
80 81 34
80 84 38
80 86 10
80 87 23
80 95 21
80 97 38
80 98 25
81 84 10
81 85 25
81 87 34
81 90 20
81 91 34
81 93 16
81 94 2
81 95 18
81 96 27
81 98 34
82 84 20
82 91 16
82 93 37
82 99 17
83 85 30
83 86 14
83 88 37
83 89 34
83 92 13
83 93 8
83 100 11
84 86 4
84 87 18
84 88 29
84 89 27
84 91 2
84 92 29
84 97 31
84 98 29
85 87 12
85 90 28
85 91 9
85 92 14
85 93 18
85 96 21
86 89 38
86 91 16
86 96 13
87 88 35
87 92 36
87 94 21
87 97 6
87 98 3
88 92 28
89 93 21
89 94 20
89 95 15
89 97 11
90 91 25
90 92 26
90 93 14
90 98 29
90 100 7
91 95 35
91 96 12
91 98 19
91 99 36
92 96 1
92 98 39
92 99 31
93 95 32
93 96 1
93 97 2
93 98 36
94 95 14
94 96 7
95 98 40
