50 471
1 2 10
1 10 6
1 12 1
1 15 10
1 16 4
1 18 5
1 19 5
1 20 4
1 21 7
1 24 4
1 29 2
1 31 9
1 32 4
1 33 7
1 36 4
1 39 1
1 43 4
1 50 5
2 5 9
2 7 9
2 13 2
2 21 3
2 24 3
2 27 9
2 28 2
2 30 5
2 31 6
2 36 6
2 37 4
2 38 2
2 39 9
2 42 8
2 43 4
3 5 2
3 8 1
3 9 8
3 10 10
3 11 5
3 12 9
3 14 1
3 15 7
3 20 9
3 22 6
3 24 2
3 25 3
3 26 4
3 32 10
3 34 7
3 36 8
3 37 10
3 38 6
3 39 4
3 43 2
3 44 7
3 45 7
3 46 7
4 5 6
4 9 8
4 11 1
4 13 9
4 15 7
4 17 2
4 21 6
4 22 4
4 24 9
4 25 6
4 28 9
4 31 8
4 34 10
4 35 1
4 38 6
4 39 5
4 43 1
4 44 5
4 46 6
4 47 1
4 48 9
4 49 2
5 6 1
5 9 6
5 12 4
5 15 10
5 17 3
5 20 2
5 24 4
5 27 7
5 28 9
5 29 10
5 32 6
5 34 1
5 37 7
5 38 5
5 42 8
5 47 7
5 49 3
6 7 6
6 8 2
6 10 4
6 11 1
6 12 1
6 16 6
6 17 9
6 18 3
6 23 7
6 24 10
6 25 8
6 26 4
6 30 1
6 32 3
6 35 7
6 38 7
6 41 7
6 42 2
6 43 1
6 44 1
6 45 6
6 46 6
6 49 2
6 50 9
7 8 6
7 10 7
7 12 10
7 13 3
7 14 9
7 16 2
7 20 10
7 22 1
7 26 2
7 28 2
7 32 4
7 33 10
7 34 4
7 37 3
7 40 5
7 42 7
7 43 4
7 44 1
7 45 3
7 49 5
8 9 9
8 19 5
8 22 7
8 28 1
8 33 7
8 37 6
8 40 6
8 41 4
8 46 6
8 50 7
9 11 5
9 19 5
9 23 6
9 24 3
9 30 5
9 32 10
9 33 10
9 35 2
9 40 5
9 43 5
9 45 10
9 46 6
9 48 7
9 49 5
10 12 2
10 15 8
10 17 7
10 19 5
10 20 10
10 21 3
10 23 7
10 25 10
10 29 7
10 31 7
10 32 2
10 35 4
10 36 8
10 47 4
10 48 5
10 49 1
11 12 2
11 13 6
11 14 4
11 15 3
11 26 5
11 35 8
11 38 2
11 39 5
11 40 6
11 43 8
11 44 1
11 45 2
11 47 3
11 48 6
11 49 5
12 14 4
12 16 7
12 18 7
12 22 6
12 27 1
12 34 2
12 35 9
12 40 3
12 41 3
12 43 9
12 44 3
12 49 2
12 50 10
13 14 6
13 20 2
13 23 6
13 27 1
13 28 3
13 31 4
13 33 5
13 38 10
13 40 8
13 42 1
13 43 8
13 45 3
14 17 9
14 22 2
14 23 10
14 24 3
14 25 10
14 27 8
14 28 2
14 29 2
14 30 1
14 32 2
14 35 1
14 36 5
14 38 6
14 39 8
14 47 1
15 16 3
15 17 2
15 18 9
15 19 9
15 24 3
15 28 9
15 33 9
15 34 1
15 44 8
15 46 3
15 47 5
15 49 5
16 17 7
16 19 6
16 21 7
16 25 8
16 27 10
16 29 3
16 36 5
16 37 1
16 38 8
16 42 9
16 45 7
16 46 10
17 19 4
17 20 3
17 22 1
17 23 1
17 28 8
17 32 9
17 33 5
17 36 7
17 37 10
17 46 9
17 48 9
18 22 2
18 25 4
18 26 2
18 28 3
18 29 10
18 32 5
18 34 9
18 37 9
18 38 2
18 43 4
18 44 3
18 45 1
18 46 2
18 47 10
18 48 1
19 24 8
19 26 9
19 27 5
19 30 4
19 32 2
19 33 8
19 35 8
19 36 10
19 38 9
19 40 8
19 41 6
19 42 10
19 47 10
19 48 4
20 24 9
20 25 2
20 38 4
20 45 10
20 46 3
20 47 4
20 48 5
21 24 1
21 25 6
21 27 9
21 28 8
21 31 5
21 32 6
21 33 3
21 37 8
21 45 9
21 46 2
22 23 1
22 24 7
22 25 5
22 28 1
22 29 8
22 30 5
22 33 3
22 37 8
22 38 8
22 41 2
22 42 2
22 44 6
22 47 1
22 50 6
23 27 2
23 36 10
23 38 8
23 39 1
23 40 9
23 47 1
24 25 7
24 29 10
24 30 4
24 32 3
24 33 9
24 35 7
24 36 9
24 41 7
24 43 8
24 45 1
24 47 5
25 27 1
25 28 6
25 29 6
25 31 8
25 33 1
25 34 3
25 37 1
25 38 7
25 39 2
25 43 6
25 46 6
25 48 9
25 49 10
25 50 2
26 27 8
26 28 1
26 32 10
26 33 7
26 36 8
26 38 10
26 40 8
26 44 5
26 47 7
27 28 2
27 30 2
27 32 9
27 33 4
27 34 9
27 35 1
27 37 7
27 40 6
27 44 8
27 45 9
27 49 7
27 50 1
28 31 3
28 33 10
28 37 8
28 40 4
28 41 3
28 42 4
29 30 4
29 31 2
29 33 9
29 35 9
29 38 6
29 39 9
29 41 4
29 45 7
30 31 1
30 33 10
30 35 8
30 36 4
30 37 3
30 38 5
30 42 10
30 44 6
30 47 9
31 37 4
31 40 7
31 42 2
31 45 2
31 47 10
31 49 10
32 35 5
32 37 6
32 42 4
33 36 4
33 37 3
33 38 7
33 39 3
33 41 8
33 43 8
33 45 1
33 47 1
33 48 4
33 50 10
34 35 1
34 37 3
34 43 5
34 44 5
34 45 8
34 48 3
35 39 8
35 40 6
35 41 8
35 42 9
35 43 6
35 44 5
35 47 5
35 50 5
36 44 6
36 47 3
36 49 1
36 50 6
37 39 5
37 47 3
37 49 3
38 39 4
38 41 10
38 43 8
38 45 10
38 46 6
38 47 2
39 40 6
39 41 4
39 42 10
40 41 8
40 43 7
40 44 3
40 45 1
40 48 3
41 43 4
41 44 1
42 45 3
43 47 7
43 49 7
44 45 9
44 46 10
44 50 6
45 50 5
47 48 7
48 49 4
48 50 10
49 50 10
