100 954
1 25 44
1 27 36
1 30 25
1 39 52
1 46 36
1 48 55
1 51 43
1 53 146
1 64 14
1 65 74
1 71 136
1 75 97
1 84 88
1 85 155
1 92 140
1 97 5
1 98 26
2 8 157
2 10 134
2 12 137
2 25 89
2 28 141
2 30 147
2 34 53
2 35 47
2 46 84
2 48 108
2 53 133
2 57 115
2 59 80
2 62 65
2 66 117
2 70 1
2 77 64
2 97 16
2 99 19
3 5 46
3 6 91
3 10 55
3 13 50
3 14 27
3 20 122
3 39 107
3 41 135
3 53 13
3 55 139
3 58 35
3 63 11
3 64 119
3 76 129
3 80 42
3 94 69
4 6 121
4 7 51
4 8 80
4 11 10
4 12 27
4 17 36
4 19 124
4 20 62
4 33 114
4 34 40
4 38 93
4 42 86
4 51 41
4 65 83
4 80 73
4 83 15
4 84 59
4 88 140
4 93 33
4 96 75
5 11 133
5 12 67
5 20 125
5 27 65
5 29 128
5 30 3
5 32 53
5 35 69
5 41 77
5 45 159
5 47 93
5 52 94
5 58 66
5 60 13
5 65 83
5 68 34
5 75 13
5 77 119
5 80 30
5 83 139
5 85 17
5 93 78
5 95 149
5 99 57
6 8 81
6 11 20
6 13 65
6 17 1
6 19 121
6 22 129
6 55 17
6 60 136
6 67 103
6 69 61
6 76 131
6 83 92
6 86 76
6 90 54
6 97 65
6 98 87
6 99 129
7 16 14
7 24 131
7 25 147
7 26 26
7 32 30
7 33 82
7 34 27
7 55 113
7 64 70
7 65 48
7 67 21
7 68 155
7 69 124
7 78 28
7 83 100
7 96 87
7 100 135
8 18 60
8 24 59
8 25 49
8 26 25
8 34 18
8 35 81
8 39 16
8 45 130
8 57 119
8 58 5
8 66 47
8 68 129
8 71 71
8 74 141
8 77 121
8 79 22
8 81 66
8 83 14
8 98 138
9 11 141
9 14 92
9 15 160
9 19 55
9 22 101
9 30 80
9 34 137
9 44 140
9 45 11
9 46 47
9 50 160
9 53 144
9 61 141
9 67 18
9 70 151
9 77 157
9 86 115
9 88 134
9 97 33
9 98 48
10 11 13
10 16 134
10 17 151
10 20 66
10 26 9
10 36 130
10 38 94
10 41 68
10 44 74
10 57 136
10 58 117
10 69 112
10 71 32
10 77 105
10 80 35
10 82 149
10 84 5
10 91 82
11 18 111
11 21 128
11 23 110
11 30 125
11 38 54
11 39 122
11 47 151
11 68 142
11 69 156
11 71 153
11 73 6
11 85 85
11 88 8
11 89 4
11 90 157
11 92 2
11 93 144
11 95 108
11 99 130
11 100 24
12 13 8
12 14 51
12 35 119
12 37 23
12 40 62
12 45 25
12 47 3
12 52 77
12 56 157
12 59 135
12 66 34
12 76 65
12 77 155
12 78 152
12 81 89
12 83 104
12 95 108
12 97 113
13 26 5
13 32 42
13 40 113
13 44 2
13 52 104
13 59 62
13 64 18
13 66 129
13 67 66
13 72 16
13 73 70
13 78 89
13 90 22
13 91 142
13 92 152
13 94 152
13 98 150
13 100 56
14 18 24
14 26 63
14 35 61
14 36 80
14 44 64
14 61 32
14 63 32
14 66 68
14 69 156
14 74 22
14 84 115
14 87 35
14 91 49
14 93 65
14 99 7
15 33 119
15 34 147
15 40 55
15 48 95
15 50 110
15 57 144
15 58 10
15 59 159
15 62 61
15 66 93
15 73 108
15 77 108
15 80 104
15 81 152
15 83 113
15 93 154
15 97 27
15 99 21
16 17 153
16 34 115
16 37 146
16 39 44
16 45 159
16 47 82
16 57 153
16 65 92
16 70 158
16 81 149
17 18 54
17 27 19
17 29 91
17 31 122
17 38 46
17 41 18
17 49 91
17 58 137
17 61 23
17 65 44
17 70 99
17 79 60
17 85 22
17 90 112
17 96 19
17 98 104
18 20 57
18 24 104
18 26 140
18 28 8
18 30 98
18 32 121
18 35 146
18 38 33
18 40 12
18 41 111
18 43 33
18 45 76
18 46 141
18 54 64
18 71 159
18 82 137
18 83 133
18 84 145
18 93 79
18 95 73
18 97 39
18 98 99
18 99 119
19 21 140
19 23 10
19 30 21
19 34 2
19 40 142
19 62 16
19 83 152
19 84 21
19 86 42
19 88 36
19 90 111
19 92 53
19 97 84
20 31 153
20 32 109
20 35 121
20 49 143
20 51 152
20 58 97
20 68 76
20 73 96
20 78 36
20 79 141
20 84 150
20 85 127
21 35 147
21 43 150
21 45 52
21 47 41
21 48 114
21 52 15
21 60 35
21 61 90
21 65 147
21 69 90
21 99 16
21 100 159
22 30 29
22 40 15
22 48 112
22 60 114
22 65 25
22 72 43
22 82 24
22 84 54
22 85 128
23 26 78
23 32 31
23 34 16
23 35 104
23 36 6
23 38 60
23 44 121
23 68 107
23 71 114
23 82 125
23 90 117
23 94 57
23 96 43
23 97 103
24 29 145
24 42 18
24 44 115
24 45 77
24 46 64
24 47 109
24 62 123
24 68 37
24 75 122
24 78 74
24 79 113
24 84 101
24 87 11
24 96 52
24 99 118
25 27 159
25 34 2
25 38 19
25 52 82
25 56 80
25 63 30
25 65 58
25 72 20
25 80 73
25 86 41
25 90 157
25 91 45
25 94 158
26 35 134
26 58 121
26 67 12
26 87 108
26 93 22
26 95 36
26 96 131
26 97 28
27 28 107
27 30 85
27 32 143
27 35 74
27 42 101
27 44 133
27 56 35
27 58 61
27 71 84
27 73 119
27 75 16
27 80 89
27 82 87
27 84 138
27 91 30
27 93 82
27 96 139
27 97 51
27 98 133
28 31 69
28 33 107
28 38 133
28 44 82
28 50 145
28 61 74
28 74 126
28 82 160
28 84 110
28 92 132
28 95 134
29 31 148
29 45 34
29 53 112
29 58 138
29 66 160
29 69 118
29 76 56
29 82 113
29 89 126
29 99 64
30 32 93
30 37 111
30 38 92
30 40 151
30 43 97
30 47 41
30 54 2
30 55 39
30 57 142
30 68 45
30 75 127
30 79 68
30 91 24
30 95 1
31 33 122
31 36 140
31 42 145
31 46 39
31 50 142
31 56 157
31 72 7
31 82 96
31 99 128
32 38 144
32 41 45
32 43 86
32 48 33
32 51 22
32 52 127
32 53 123
32 63 106
32 65 151
32 74 71
32 82 35
32 89 34
32 92 109
32 98 149
33 35 132
33 42 74
33 44 113
33 54 62
33 56 117
33 63 104
33 67 82
33 70 119
33 80 75
33 87 111
33 90 155
33 93 93
33 96 128
33 98 12
34 46 104
34 47 86
34 52 118
34 55 58
34 57 115
34 59 58
34 62 96
34 63 81
34 70 146
34 74 117
34 78 6
34 97 89
35 39 21
35 40 155
35 42 105
35 46 140
35 47 58
35 48 112
35 64 124
35 65 123
35 68 93
35 73 130
35 86 3
35 94 139
35 96 31
36 37 55
36 40 123
36 56 51
36 57 128
36 61 75
36 65 123
36 69 109
36 71 69
36 73 41
36 79 151
36 80 145
36 85 88
36 88 26
36 89 156
37 45 22
37 49 48
37 50 102
37 52 86
37 54 15
37 57 89
37 59 54
37 61 86
37 63 113
37 78 116
37 88 88
37 91 124
37 97 114
38 39 73
38 40 84
38 42 150
38 48 143
38 61 7
38 63 143
38 73 65
38 76 8
38 77 25
38 80 36
38 95 113
38 96 116
38 98 27
39 40 11
39 42 56
39 57 150
39 64 156
39 70 97
39 74 154
39 79 130
39 92 20
39 97 73
40 44 78
40 54 23
40 55 113
40 61 129
40 76 38
40 85 81
40 88 111
40 97 32
40 100 78
41 48 124
41 61 21
41 70 20
41 77 121
41 78 71
41 85 58
41 89 111
42 55 74
42 57 140
42 58 31
42 59 54
42 61 133
42 64 47
42 65 151
42 66 110
42 70 35
42 72 18
42 86 126
42 89 52
42 97 93
42 99 54
42 100 122
43 45 7
43 50 72
43 52 63
43 54 110
43 55 115
43 65 99
43 70 20
43 74 140
43 76 6
43 80 35
43 81 34
43 82 145
43 85 42
43 86 108
43 96 59
43 97 20
44 47 113
44 53 93
44 57 15
44 62 105
44 64 44
44 72 109
44 76 34
44 78 5
44 86 134
44 90 85
44 96 129
45 47 7
45 57 110
45 62 154
45 70 114
45 72 58
45 78 27
45 79 28
45 94 37
46 48 153
46 53 8
46 56 13
46 59 104
46 60 39
46 66 66
46 73 64
46 85 124
46 92 137
46 93 77
46 96 157
46 98 56
46 99 108
47 48 93
47 53 3
47 75 148
47 79 51
47 84 55
47 86 66
47 88 62
47 90 133
48 54 101
48 55 96
48 56 120
48 60 104
48 61 152
48 66 113
48 72 84
48 82 25
48 84 144
48 89 26
49 53 2
49 54 24
49 56 67
49 58 38
49 60 41
49 66 28
49 79 14
49 89 29
49 93 10
49 94 143
49 97 4
49 98 7
49 99 73
50 53 116
50 55 149
50 58 53
50 67 126
50 79 22
50 81 124
50 93 53
50 97 40
50 99 128
51 62 131
51 70 19
51 72 99
51 74 101
51 81 89
51 86 1
51 92 20
51 97 144
51 98 112
52 61 6
52 63 37
52 74 75
52 75 93
52 82 118
52 84 55
52 88 129
52 90 88
52 93 99
52 97 19
52 100 109
53 64 140
53 69 149
53 73 97
53 78 34
53 80 47
53 87 29
53 88 105
53 94 121
53 99 28
53 100 105
54 58 40
54 60 151
54 66 112
54 79 147
54 83 98
54 85 128
54 94 109
54 95 88
54 97 65
55 67 9
55 69 19
55 77 83
55 79 138
55 91 54
56 67 120
56 70 160
56 74 88
56 75 65
56 84 89
57 58 92
57 64 13
57 72 114
57 83 145
57 99 2
58 60 89
58 62 31
58 71 68
58 74 116
58 76 2
58 77 142
58 80 122
58 81 53
58 82 143
58 85 34
58 86 83
58 87 109
58 88 109
58 90 93
58 93 34
58 94 159
58 98 4
59 61 111
59 70 4
59 84 138
59 91 120
59 92 156
59 94 153
59 96 59
59 98 125
59 100 84
60 62 38
60 63 10
60 68 39
60 69 78
60 70 73
60 74 118
60 82 91
60 84 134
60 85 123
60 88 142
60 92 40
61 65 106
61 69 86
61 76 61
61 78 148
61 79 22
61 80 48
61 85 126
61 87 21
61 94 35
61 97 16
62 64 46
62 67 124
62 72 115
62 76 63
62 98 70
63 65 145
63 68 147
63 71 123
63 86 78
63 89 87
63 95 159
63 98 52
64 67 14
64 69 122
64 74 147
64 75 153
64 78 30
64 81 27
64 82 108
64 88 139
64 97 45
64 99 69
65 68 149
65 75 51
65 78 157
65 96 142
66 67 154
66 69 31
66 74 67
66 79 135
66 80 95
66 81 123
66 89 103
66 91 132
66 94 137
67 73 69
67 82 142
67 86 128
67 88 65
67 96 128
68 72 85
68 74 148
68 77 43
68 79 72
68 94 129
68 95 119
69 78 85
69 80 135
69 85 45
69 92 157
69 93 116
69 98 80
70 72 3
70 73 21
70 75 29
70 76 59
70 77 67
70 78 30
70 80 55
70 83 150
70 84 102
70 93 96
70 95 103
71 72 155
71 74 156
71 79 66
71 85 72
71 88 26
71 92 144
71 93 70
72 74 6
72 88 50
72 94 156
73 81 36
73 82 160
73 87 57
73 99 42
74 81 85
74 90 41
74 91 26
75 78 15
75 84 84
75 94 103
75 98 130
76 79 12
76 80 26
76 84 143
76 87 159
76 99 14
77 83 133
77 84 65
77 85 34
77 87 12
77 90 108
77 93 107
77 95 144
77 100 104
78 81 48
78 90 151
78 92 82
78 95 22
78 96 81
78 99 87
79 81 62
79 85 160
79 89 6
79 94 81
79 98 102
80 86 71
80 88 36
80 91 127
80 93 115
81 85 130
81 87 126
82 90 140
82 91 10
82 100 2
83 88 142
83 96 153
84 89 47
84 91 61
84 95 95
84 97 110
85 86 101
85 99 9
86 87 67
86 89 84
86 90 8
86 92 94
86 100 100
87 95 25
87 98 23
88 91 47
88 93 10
91 92 139
91 95 92
91 96 47
91 100 115
92 93 65
92 94 159
92 97 105
93 94 11
94 100 153
95 96 122
95 97 147
95 99 108
97 98 86
99 100 12
