200 2015
1 10 58
1 20 150
1 21 152
1 29 281
1 65 124
1 81 50
1 87 192
1 88 235
1 90 43
1 101 257
1 112 48
1 119 153
1 120 11
1 128 139
1 137 222
1 139 204
1 140 40
1 163 92
1 170 210
1 172 56
2 10 13
2 23 129
2 25 124
2 40 271
2 42 178
2 45 267
2 57 148
2 65 308
2 73 61
2 75 139
2 81 108
2 84 46
2 117 133
2 118 303
2 124 28
2 140 71
2 158 146
2 174 63
2 181 153
2 187 39
3 8 307
3 35 265
3 43 99
3 50 232
3 53 294
3 55 46
3 66 106
3 71 238
3 77 78
3 90 176
3 93 111
3 129 289
3 134 173
3 147 198
3 163 288
3 170 76
3 180 275
3 187 96
3 192 221
4 10 282
4 14 172
4 19 160
4 26 26
4 30 272
4 41 253
4 53 261
4 66 145
4 76 176
4 91 52
4 98 47
4 99 162
4 104 300
4 132 162
4 134 51
4 144 56
4 146 268
4 148 211
4 157 259
4 160 103
4 167 293
4 168 308
4 197 161
4 199 120
5 10 60
5 11 210
5 39 10
5 54 129
5 58 92
5 68 249
5 70 112
5 72 45
5 73 225
5 82 147
5 110 318
5 117 272
5 119 39
5 127 122
5 128 110
5 130 302
5 131 192
5 132 137
5 134 166
5 137 155
5 164 318
5 166 34
5 167 312
5 176 299
5 197 109
5 198 147
6 10 319
6 11 158
6 13 206
6 33 286
6 43 77
6 48 141
6 51 35
6 54 218
6 55 49
6 60 284
6 63 202
6 64 159
6 75 3
6 77 172
6 86 63
6 95 50
6 113 316
6 114 310
6 120 316
6 136 46
6 145 299
6 148 23
6 157 312
6 165 315
6 167 31
6 170 137
6 187 277
6 195 159
7 15 113
7 23 280
7 56 206
7 57 181
7 59 79
7 66 121
7 72 294
7 73 40
7 77 131
7 83 22
7 93 289
7 98 166
7 99 60
7 116 41
7 118 274
7 130 121
7 136 40
7 141 5
7 147 192
7 148 149
7 151 149
7 165 201
7 196 170
8 13 246
8 14 251
8 21 124
8 30 159
8 31 96
8 33 215
8 37 3
8 43 230
8 93 136
8 109 216
8 129 255
8 130 203
8 151 150
8 169 42
8 178 192
8 181 103
8 191 27
8 196 242
9 39 69
9 46 292
9 57 226
9 61 219
9 78 244
9 80 17
9 84 162
9 103 104
9 125 148
9 133 144
9 161 315
9 166 222
9 173 85
9 185 248
10 16 127
10 25 6
10 30 240
10 42 297
10 50 104
10 63 169
10 73 84
10 74 170
10 75 73
10 77 255
10 81 178
10 95 126
10 112 223
10 151 19
10 154 285
10 175 60
10 181 80
10 183 92
10 185 275
10 190 3
10 192 80
11 31 51
11 62 54
11 63 155
11 81 289
11 82 316
11 84 6
11 100 184
11 110 129
11 111 64
11 125 181
11 126 212
11 128 56
11 129 163
11 141 169
11 144 180
11 146 11
11 182 41
11 186 179
12 47 65
12 48 289
12 67 313
12 68 240
12 77 61
12 91 244
12 94 151
12 112 189
12 121 190
12 123 97
12 138 209
12 178 113
12 181 224
12 190 168
13 16 111
13 35 220
13 43 228
13 52 123
13 53 264
13 57 114
13 58 194
13 72 129
13 97 103
13 106 318
13 117 51
13 118 82
13 124 111
13 129 197
13 132 12
13 135 293
13 142 26
13 166 172
13 174 255
13 188 235
14 16 136
14 35 285
14 43 282
14 44 138
14 49 86
14 50 186
14 62 17
14 98 20
14 134 237
14 147 192
14 151 108
14 164 238
14 166 140
14 181 76
14 193 117
14 200 6
15 22 59
15 27 269
15 34 121
15 45 120
15 47 197
15 55 162
15 65 307
15 70 90
15 75 291
15 104 5
15 126 5
15 151 263
15 154 290
15 163 224
15 167 31
15 170 223
15 182 160
15 188 8
15 200 268
16 20 299
16 29 145
16 42 255
16 44 92
16 64 6
16 65 314
16 69 27
16 70 285
16 82 87
16 86 235
16 88 291
16 95 288
16 103 17
16 113 216
16 141 96
16 147 116
16 153 36
16 160 246
16 167 108
16 169 59
16 175 110
16 176 18
16 178 127
16 182 303
16 187 75
17 18 5
17 24 127
17 34 219
17 44 80
17 58 300
17 82 86
17 93 6
17 124 310
17 128 220
17 155 189
17 158 241
17 167 316
17 173 177
17 183 230
17 186 60
17 196 178
17 197 156
18 23 254
18 39 234
18 47 23
18 58 195
18 59 24
18 63 244
18 65 119
18 87 137
18 88 125
18 104 214
18 134 216
18 136 117
18 145 87
18 154 51
18 172 297
18 177 308
18 185 2
18 192 38
19 21 231
19 22 109
19 24 36
19 34 279
19 45 302
19 48 152
19 65 255
19 77 61
19 78 98
19 97 210
19 122 84
19 135 205
19 136 125
19 139 88
19 142 204
19 149 21
19 153 97
19 162 269
19 166 302
19 167 61
19 169 252
19 171 220
19 186 53
20 22 41
20 24 221
20 27 37
20 31 185
20 35 304
20 42 266
20 46 243
20 49 268
20 55 95
20 56 100
20 60 46
20 67 111
20 75 231
20 79 92
20 81 126
20 95 142
20 97 84
20 116 285
20 145 204
20 166 198
20 192 226
20 193 139
21 33 302
21 39 245
21 42 191
21 44 104
21 45 298
21 47 206
21 48 131
21 52 59
21 82 122
21 125 99
21 133 41
21 153 120
21 154 168
21 161 142
21 181 27
21 183 133
22 28 116
22 40 229
22 53 74
22 66 161
22 67 229
22 79 183
22 88 129
22 89 183
22 98 91
22 102 215
22 113 320
22 118 10
22 130 106
22 141 75
22 145 35
22 147 252
22 148 270
22 152 282
22 158 69
22 164 22
22 179 164
22 195 292
22 200 243
23 45 85
23 55 14
23 77 156
23 81 273
23 82 115
23 85 63
23 103 252
23 105 226
23 109 46
23 115 245
23 123 287
23 134 95
23 155 159
23 156 288
23 185 15
24 33 71
24 37 167
24 59 269
24 94 36
24 97 26
24 102 181
24 105 147
24 124 155
24 140 202
24 145 8
24 150 166
24 163 117
24 170 8
25 34 16
25 56 173
25 81 257
25 92 252
25 108 81
25 119 48
25 127 242
25 138 223
25 146 55
25 148 179
25 151 314
25 154 185
25 155 176
25 163 63
25 183 251
25 189 211
25 191 295
26 41 11
26 54 154
26 131 262
26 143 18
26 152 106
26 158 52
26 159 161
26 166 20
26 169 62
26 174 110
27 28 230
27 35 146
27 59 94
27 63 189
27 69 62
27 72 93
27 73 39
27 86 33
27 96 289
27 118 49
27 121 169
27 134 228
27 135 300
27 144 316
27 159 191
27 171 311
27 179 260
27 180 185
27 192 307
27 194 149
27 198 254
28 46 228
28 57 242
28 66 106
28 69 62
28 78 219
28 89 42
28 99 190
28 105 210
28 120 72
28 128 78
28 131 83
28 163 156
28 171 265
28 179 87
28 191 19
29 33 107
29 34 170
29 35 311
29 42 62
29 53 189
29 77 43
29 90 125
29 104 158
29 135 122
29 136 239
29 143 225
29 155 101
29 161 300
29 162 193
29 172 31
29 175 85
29 178 159
29 194 297
29 198 134
30 32 249
30 50 101
30 51 237
30 52 43
30 57 102
30 70 62
30 89 42
30 91 161
30 95 92
30 96 106
30 103 167
30 115 285
30 139 277
30 147 311
30 153 137
30 160 24
30 175 105
31 32 183
31 58 286
31 74 43
31 81 14
31 98 38
31 115 93
31 122 89
31 125 40
31 132 182
31 140 44
31 161 241
31 181 318
31 183 262
31 189 68
31 192 182
32 35 257
32 48 296
32 61 7
32 62 203
32 63 218
32 89 147
32 96 150
32 108 46
32 127 147
32 137 248
32 156 268
32 165 123
32 197 271
33 49 316
33 52 233
33 83 11
33 87 1
33 94 277
33 110 224
33 123 2
33 143 241
33 147 86
33 157 163
33 160 56
33 167 32
34 57 68
34 61 28
34 62 82
34 68 49
34 71 2
34 81 282
34 88 136
34 109 68
34 115 76
34 123 20
34 125 191
34 137 258
34 167 284
34 173 121
34 178 61
34 185 289
34 200 65
35 41 145
35 47 278
35 60 142
35 61 142
35 77 230
35 81 1
35 120 171
35 123 185
35 126 205
35 134 247
35 135 42
35 139 92
35 165 155
35 172 267
35 175 259
35 185 41
35 188 310
35 195 303
35 198 235
35 200 28
36 49 228
36 75 19
36 87 8
36 102 147
36 122 207
36 132 23
36 148 221
36 159 312
36 164 222
36 189 15
36 194 214
37 40 59
37 47 294
37 58 211
37 70 225
37 76 173
37 89 290
37 101 49
37 106 280
37 108 201
37 135 248
37 137 123
37 139 49
37 149 60
37 155 153
37 165 81
37 167 51
37 169 161
37 172 42
37 185 222
37 191 190
38 44 192
38 50 277
38 61 220
38 64 6
38 75 166
38 77 53
38 91 49
38 92 160
38 97 89
38 101 231
38 125 53
38 128 1
38 142 196
38 146 56
38 152 285
38 159 15
38 162 27
38 163 122
38 166 56
38 195 142
38 196 263
39 43 202
39 57 212
39 61 193
39 62 58
39 72 19
39 76 172
39 81 54
39 99 278
39 103 115
39 124 198
39 128 118
39 168 204
39 182 60
39 184 59
39 193 116
40 64 201
40 69 35
40 70 107
40 86 307
40 98 21
40 110 238
40 119 9
40 126 234
40 139 70
40 141 272
40 142 178
40 156 82
40 179 139
40 183 267
40 185 287
41 48 275
41 61 319
41 73 168
41 78 300
41 82 91
41 90 291
41 95 301
41 129 60
41 151 138
41 170 181
41 173 223
41 193 253
41 194 266
42 48 192
42 51 187
42 59 4
42 108 123
42 119 192
42 124 217
42 127 148
42 128 43
42 137 228
42 141 285
42 142 244
42 144 257
42 153 212
42 188 192
42 189 20
43 45 64
43 50 130
43 52 161
43 64 145
43 68 73
43 71 212
43 79 241
43 85 262
43 114 3
43 165 266
43 168 272
43 171 296
43 178 269
43 182 305
43 195 68
44 47 80
44 51 139
44 54 172
44 69 304
44 72 132
44 85 132
44 97 39
44 101 100
44 104 259
44 113 317
44 127 203
44 133 78
44 139 75
44 149 101
44 158 205
44 159 19
44 168 242
44 181 184
44 187 44
44 197 24
45 56 68
45 69 268
45 75 70
45 97 87
45 98 112
45 99 237
45 105 90
45 110 173
45 116 252
45 119 103
45 128 278
45 137 27
45 164 220
45 171 156
45 176 112
45 178 95
45 181 255
45 184 250
45 200 105
46 50 138
46 64 277
46 69 305
46 85 246
46 97 148
46 108 316
46 113 181
46 116 4
46 121 28
46 123 101
46 126 108
46 132 128
46 138 151
46 164 34
46 170 108
46 176 237
46 178 291
46 181 275
46 187 314
46 195 101
47 59 54
47 62 184
47 66 47
47 68 77
47 72 22
47 93 7
47 98 48
47 112 12
47 118 24
47 122 80
47 123 213
47 127 149
47 151 301
47 153 226
47 173 305
47 177 295
47 181 35
47 197 83
48 57 19
48 61 274
48 74 253
48 84 135
48 92 114
48 107 236
48 127 47
48 131 101
48 144 126
48 156 102
48 160 208
48 163 135
48 177 176
48 180 149
48 183 284
48 186 117
48 193 169
48 196 284
49 72 274
49 95 34
49 107 101
49 126 253
49 131 149
49 163 140
49 171 47
49 175 130
49 180 282
50 87 39
50 88 308
50 100 270
50 110 221
50 138 127
50 143 300
50 148 283
50 156 311
50 164 98
50 172 271
50 190 225
50 193 320
51 84 237
51 93 107
51 94 217
51 102 197
51 120 271
51 136 205
51 158 320
51 179 74
51 186 5
52 63 231
52 72 197
52 108 23
52 131 9
52 133 266
52 155 197
52 172 318
53 57 209
53 59 197
53 71 258
53 79 305
53 87 183
53 100 149
53 106 4
53 115 214
53 124 115
53 138 126
53 142 245
53 146 181
53 153 82
53 154 302
53 159 169
53 161 220
53 177 189
53 179 240
53 192 214
54 63 144
54 76 29
54 78 252
54 83 105
54 99 53
54 151 5
54 173 252
54 176 170
54 180 72
54 195 243
55 58 310
55 61 190
55 64 17
55 73 232
55 84 247
55 91 282
55 101 142
55 104 312
55 111 24
55 122 96
55 133 202
55 136 100
55 137 307
55 141 58
55 146 123
55 155 222
55 164 53
55 182 208
55 183 107
56 67 148
56 69 224
56 76 240
56 86 62
56 98 99
56 102 137
56 110 154
56 118 244
56 119 198
56 127 179
56 145 123
56 152 307
56 153 164
56 166 234
56 170 131
56 186 296
56 192 280
56 196 73
57 74 218
57 85 122
57 95 189
57 100 300
57 108 242
57 129 85
57 141 64
57 154 188
57 162 106
57 169 179
57 174 89
57 175 108
57 191 115
58 64 179
58 72 267
58 73 282
58 87 265
58 100 94
58 121 244
58 143 9
58 144 243
58 165 231
58 172 258
58 174 48
58 180 239
58 186 167
58 192 250
58 193 239
58 196 236
59 73 82
59 77 264
59 85 224
59 93 44
59 96 86
59 98 166
59 100 14
59 104 123
59 130 291
59 131 288
59 140 188
59 158 279
59 176 27
59 185 32
59 186 103
59 195 113
60 61 227
60 73 263
60 79 140
60 80 118
60 116 67
60 129 48
60 136 65
60 144 71
60 154 190
60 164 29
61 65 242
61 77 179
61 88 85
61 90 226
61 113 34
61 119 91
61 130 73
61 145 126
61 151 226
61 152 227
61 156 203
61 160 191
61 174 3
61 185 149
61 199 203
62 72 42
62 88 278
62 105 199
62 106 108
62 129 80
62 171 211
62 181 46
62 183 261
62 192 35
62 194 110
63 79 40
63 84 143
63 119 90
63 150 320
63 155 287
63 156 47
63 160 62
63 161 36
63 166 208
63 181 68
63 192 212
63 200 40
64 84 306
64 99 70
64 107 49
64 110 277
64 118 171
64 142 36
64 150 103
64 152 196
64 165 7
64 169 299
64 185 118
64 186 141
65 78 120
65 87 231
65 89 172
65 99 34
65 110 101
65 120 79
65 121 263
65 125 92
65 149 169
65 157 17
65 159 38
65 162 204
65 165 35
65 169 46
65 178 257
65 198 56
65 199 320
66 76 11
66 80 62
66 83 94
66 88 142
66 116 160
66 125 165
66 135 191
66 140 120
66 146 44
66 180 243
66 198 105
66 200 244
67 70 32
67 72 53
67 82 272
67 94 276
67 96 32
67 117 64
67 120 255
67 121 99
67 129 217
67 131 264
67 134 110
67 150 229
67 158 42
67 169 217
67 179 217
67 182 34
67 200 214
68 72 169
68 89 38
68 104 201
68 109 139
68 133 13
68 172 180
68 173 235
68 188 41
69 94 280
69 95 86
69 96 48
69 98 286
69 102 226
69 106 58
69 111 207
69 116 78
69 133 290
69 154 210
69 161 49
69 162 220
69 192 82
70 94 67
70 102 209
70 121 131
70 137 241
70 151 208
70 161 17
70 163 106
70 172 208
70 197 160
71 91 160
71 123 224
71 125 57
71 134 213
71 136 240
71 151 187
71 152 142
71 173 241
71 187 89
71 193 292
72 112 105
72 125 158
72 131 299
72 151 186
72 155 191
72 187 90
72 188 89
73 75 292
73 83 102
73 92 205
73 93 259
73 101 209
73 109 283
73 112 302
73 114 167
73 127 78
73 135 175
73 158 49
73 161 192
73 164 281
73 197 29
73 198 137
74 78 5
74 79 243
74 103 38
74 120 15
74 132 128
74 134 202
74 136 92
74 173 253
74 192 248
74 198 31
75 80 150
75 82 214
75 85 187
75 95 70
75 97 183
75 106 22
75 115 61
75 121 71
75 135 284
75 144 145
75 153 24
75 155 22
75 159 7
75 164 103
75 170 306
76 77 67
76 98 104
76 139 242
76 153 185
76 154 22
76 161 228
76 172 293
76 178 13
76 192 318
76 195 187
77 92 61
77 104 172
77 108 15
77 109 92
77 110 266
77 126 251
77 127 306
77 130 140
77 131 214
77 139 299
77 145 101
77 162 36
77 170 44
77 181 306
77 196 193
77 197 260
78 82 62
78 93 304
78 107 119
78 122 109
78 123 208
78 141 192
78 144 241
78 146 229
78 161 179
78 171 189
78 186 30
78 187 37
78 188 310
79 83 154
79 89 48
79 98 240
79 114 281
79 139 306
79 140 55
79 155 15
79 160 44
79 172 86
79 188 187
79 190 297
80 95 199
80 96 8
80 100 68
80 105 123
80 113 226
80 138 121
80 164 19
80 166 139
80 198 153
81 99 235
81 114 61
81 121 297
81 125 24
81 132 173
81 141 84
81 144 166
81 153 54
81 165 106
81 169 43
81 172 307
81 181 3
81 187 91
81 188 319
82 88 77
82 95 267
82 117 61
82 120 129
82 126 248
82 135 43
82 142 317
82 172 271
82 197 54
83 96 209
83 111 286
83 117 44
83 144 199
83 148 136
83 158 286
83 168 37
83 176 205
83 177 27
83 182 194
83 199 219
84 94 130
84 110 119
84 111 173
84 136 37
84 142 270
84 146 120
84 165 123
84 167 92
84 179 162
84 194 310
84 196 180
84 199 311
85 100 311
85 114 273
85 124 315
85 139 267
85 152 239
85 153 179
85 192 142
85 193 115
85 196 41
86 95 119
86 104 28
86 111 15
86 112 128
86 122 189
86 132 245
86 137 200
86 146 25
86 151 83
86 155 283
86 156 101
86 159 175
86 164 53
87 102 148
87 112 25
87 114 5
87 118 115
87 121 123
87 133 280
87 137 9
87 161 22
87 164 281
87 176 10
87 183 165
87 187 137
87 189 81
87 196 106
88 94 91
88 95 103
88 103 171
88 105 256
88 115 252
88 124 273
88 132 108
88 133 213
88 140 117
88 150 123
88 154 101
88 183 154
88 184 248
89 95 273
89 100 73
89 107 144
89 129 291
89 136 166
89 155 55
89 171 213
89 179 268
89 189 276
89 190 232
89 191 220
89 194 104
89 196 304
89 198 53
90 124 90
90 127 164
90 134 18
90 136 319
90 139 293
90 152 91
90 184 231
90 187 273
90 190 222
91 92 106
91 94 37
91 112 30
91 120 6
91 150 137
91 158 300
91 161 89
91 178 9
91 183 91
92 97 31
92 102 219
92 111 89
92 133 194
92 151 279
92 164 138
92 169 65
92 172 44
92 173 191
92 188 157
92 199 66
93 97 292
93 98 116
93 124 4
93 125 172
93 128 271
93 147 247
93 150 303
93 152 103
93 153 50
93 162 236
93 167 315
93 173 162
93 174 286
93 182 22
93 188 54
93 196 116
94 95 120
94 103 247
94 108 200
94 113 66
94 126 96
94 127 302
94 137 98
94 138 292
94 142 249
94 149 202
94 154 237
94 170 209
94 171 308
94 184 81
94 186 234
95 96 92
95 113 213
95 120 205
95 121 16
95 129 186
95 130 181
95 132 257
95 134 84
95 135 244
95 141 31
95 153 234
95 163 179
95 184 264
95 196 113
96 125 306
96 196 116
97 100 154
97 111 158
97 114 204
97 125 294
97 129 302
97 134 283
97 152 282
97 164 285
97 165 318
97 171 318
97 177 102
97 187 31
97 191 181
97 199 202
98 100 222
98 103 83
98 113 134
98 120 144
98 124 122
98 128 277
98 141 269
98 144 49
98 162 148
98 163 120
98 165 232
98 171 8
98 178 319
98 179 47
98 183 259
98 192 305
98 194 305
98 196 236
99 111 253
99 116 43
99 123 196
99 127 140
99 135 5
99 136 238
99 146 33
99 149 320
99 162 282
99 169 45
99 178 83
99 192 283
99 194 207
100 105 232
100 107 144
100 108 116
100 157 242
100 166 128
100 182 121
100 190 239
100 199 62
100 200 262
101 112 180
101 114 155
101 127 21
101 129 13
101 157 204
101 159 72
101 162 234
101 173 221
101 177 49
101 185 181
101 186 31
102 106 252
102 134 103
102 139 134
102 151 210
102 156 297
102 157 207
102 161 132
102 163 17
102 166 300
102 170 120
102 173 123
103 109 292
103 115 275
103 123 301
103 129 1
103 143 265
103 149 130
103 166 304
103 178 31
103 180 1
103 182 121
103 186 301
103 190 316
103 192 231
103 199 182
104 107 15
104 124 249
104 127 190
104 129 292
104 134 268
104 135 302
104 136 80
104 170 5
104 173 208
104 176 292
104 182 267
105 108 309
105 117 202
105 124 257
105 137 198
105 139 67
105 156 5
105 169 273
105 182 47
105 186 148
105 192 126
105 198 113
106 125 21
106 132 228
106 159 43
106 161 80
106 165 150
106 175 253
106 186 39
106 194 8
106 198 156
107 122 14
107 133 218
107 135 157
107 136 144
107 143 268
107 151 313
107 156 212
107 164 306
107 182 318
107 185 174
107 197 312
108 111 78
108 119 87
108 130 70
108 132 147
108 151 18
108 175 236
108 193 216
108 195 85
109 114 125
109 124 68
109 129 94
109 142 126
109 145 300
109 165 195
109 171 303
109 172 120
109 173 137
109 176 57
109 190 314
109 194 114
109 195 44
110 132 48
110 147 186
110 152 20
110 161 121
110 167 309
110 169 282
110 183 239
110 193 177
111 129 228
111 133 260
111 151 149
111 153 41
111 188 24
111 196 18
111 199 293
112 114 213
112 121 164
112 126 19
112 127 201
112 128 61
112 130 24
112 139 53
112 154 22
112 155 44
112 156 270
112 196 9
113 115 185
113 116 133
113 120 155
113 122 49
113 123 300
113 124 47
113 136 68
113 139 15
113 145 4
113 159 164
113 162 72
113 169 174
113 170 254
113 171 113
113 181 228
114 115 230
114 130 62
114 165 273
114 170 214
114 181 289
114 196 139
115 126 311
115 133 147
115 148 31
115 173 72
115 181 138
115 183 181
115 190 53
116 136 173
116 147 211
116 148 48
116 150 202
116 165 313
116 170 275
116 195 184
117 121 214
117 125 1
117 130 274
117 134 156
117 140 266
117 142 239
117 147 191
117 157 64
117 181 104
117 193 30
117 200 204
118 120 233
118 121 306
118 128 270
118 136 254
118 148 196
118 155 280
118 158 268
118 162 116
118 165 68
118 174 212
118 184 299
119 133 241
119 141 181
119 142 290
119 158 17
119 172 68
119 182 31
119 183 271
119 193 133
120 133 99
120 139 188
120 171 177
120 192 199
120 195 212
121 135 136
121 147 261
121 162 310
121 172 21
121 173 276
121 194 117
121 195 169
122 127 279
122 135 143
122 146 27
122 169 256
122 179 307
122 194 111
123 125 115
123 126 29
123 175 33
123 180 314
123 193 41
123 199 209
124 142 57
124 145 140
124 196 275
124 199 13
125 132 22
125 133 271
125 139 50
125 164 11
125 168 5
125 184 289
125 186 273
126 131 148
126 157 164
126 166 83
126 167 89
126 174 64
126 175 29
126 180 76
126 186 300
127 135 307
127 142 180
127 145 24
127 146 99
127 154 292
127 172 276
127 189 148
128 130 144
128 135 111
128 150 237
128 173 300
128 176 33
128 185 235
128 188 18
128 194 214
129 131 71
129 137 118
129 141 137
129 176 169
129 179 128
129 194 275
130 136 245
130 139 187
130 158 210
130 161 292
130 175 189
130 189 62
130 192 196
130 197 196
131 135 164
131 137 202
131 153 54
131 177 191
131 186 53
131 194 259
132 145 167
132 149 195
132 158 140
132 187 68
132 200 23
133 149 12
133 163 314
133 166 249
133 181 283
133 188 240
133 191 246
134 135 41
134 153 141
134 158 3
134 159 45
134 170 1
134 194 216
135 136 40
135 155 125
135 161 74
135 170 218
135 174 206
135 179 52
135 181 63
136 137 65
136 150 121
136 156 41
136 160 23
136 163 121
136 176 250
136 186 19
137 142 279
137 151 78
137 158 59
137 180 314
137 186 7
138 139 98
138 142 65
138 158 288
138 186 150
138 187 13
138 195 60
138 196 289
139 142 178
139 143 122
139 148 261
139 163 200
139 165 14
139 166 283
139 169 29
139 193 101
139 194 1
139 199 25
140 146 178
140 157 154
140 162 173
140 179 180
140 182 254
140 184 280
140 194 115
141 142 34
141 150 42
141 154 59
141 161 144
141 170 161
141 194 135
141 199 57
142 147 310
142 151 153
142 154 95
142 156 235
142 157 256
142 175 163
142 181 80
142 190 98
142 193 163
143 146 224
143 166 97
143 180 194
143 184 256
144 147 17
144 149 130
144 166 88
144 172 113
144 175 280
144 183 285
144 187 297
144 191 308
145 165 244
145 169 104
145 172 103
145 178 302
145 179 162
145 185 135
145 189 245
145 193 169
145 195 264
146 150 90
146 153 219
146 156 168
146 167 132
146 168 291
146 176 92
146 181 43
146 188 293
147 148 182
147 171 71
147 182 39
148 173 17
148 179 232
148 185 292
148 188 315
148 196 61
149 156 72
149 163 220
149 177 314
149 182 151
149 184 215
149 192 133
149 196 52
150 189 294
151 155 245
151 179 319
151 197 51
152 170 271
152 171 102
152 179 123
153 166 39
153 169 239
153 172 207
153 176 209
153 184 220
153 191 272
154 163 240
154 172 22
154 190 294
154 193 195
154 198 111
155 165 126
155 166 52
155 179 221
155 185 166
155 187 153
155 199 46
156 161 127
156 164 222
156 166 89
156 169 260
156 170 272
157 158 299
157 179 100
158 159 194
158 185 207
159 160 293
159 167 16
159 168 113
159 178 247
159 184 33
159 193 120
160 162 266
160 175 259
160 180 143
160 183 120
160 188 318
160 189 278
160 191 217
161 168 296
161 172 40
161 175 194
161 179 110
161 186 248
162 165 100
162 171 58
162 178 240
162 179 256
162 181 320
163 165 22
163 169 124
163 173 77
163 175 165
163 199 162
164 181 13
164 189 234
164 199 304
164 200 10
165 184 95
165 192 228
166 174 10
166 176 214
166 177 149
167 171 73
167 175 212
167 190 29
167 194 163
167 197 5
168 172 169
168 173 148
168 176 226
168 180 195
168 191 262
169 175 63
169 186 26
169 188 82
170 185 142
171 179 38
171 184 106
172 197 174
173 183 50
173 196 70
174 177 155
174 191 54
175 182 115
175 193 118
176 187 184
176 189 47
176 191 149
177 178 153
177 195 146
178 180 35
178 182 3
178 184 171
179 181 234
179 183 75
179 188 20
179 193 66
179 195 160
180 199 301
181 184 220
181 192 105
181 199 251
182 188 89
183 184 296
183 192 275
184 199 79
185 194 32
186 189 42
186 194 220
189 193 147
190 198 190
194 195 138
196 200 90
