100 278
1 12 4
1 43 1
1 53 1
1 79 5
1 81 2
1 88 2
2 14 2
2 17 3
2 62 2
2 77 2
3 13 2
3 16 3
3 36 2
3 38 1
3 46 2
3 68 5
3 79 5
3 93 3
4 12 4
4 24 2
4 64 5
4 86 5
4 96 4
5 20 3
5 27 2
5 46 5
5 52 1
5 77 5
6 8 3
6 43 2
6 62 1
6 67 2
6 99 3
7 33 2
7 34 4
7 37 4
7 41 5
7 96 1
8 34 4
8 40 4
8 77 2
9 40 5
9 43 3
9 68 2
9 71 4
10 15 2
10 50 1
10 86 2
10 96 3
10 97 3
10 99 3
11 12 2
11 19 5
11 24 3
11 36 1
11 55 2
11 76 2
12 18 5
12 27 2
12 42 2
12 45 1
12 51 2
12 62 5
12 63 1
12 95 1
13 28 1
13 94 2
13 95 5
14 31 2
14 32 5
14 47 5
14 49 5
14 55 3
14 92 1
14 96 2
15 32 3
15 79 2
15 84 2
16 42 5
16 56 1
16 65 2
16 82 1
17 24 2
17 26 5
17 54 3
17 63 1
18 44 4
18 61 4
18 99 1
19 33 3
19 56 3
19 76 1
19 94 3
19 95 5
20 32 2
20 64 5
21 32 1
21 42 4
21 53 1
21 65 1
22 44 3
22 62 3
22 63 4
22 65 1
22 96 2
23 95 4
23 100 2
24 56 2
24 57 3
24 62 5
24 69 5
24 86 1
25 27 4
25 80 5
26 34 1
26 62 3
26 80 2
27 38 4
27 59 1
27 61 1
28 41 2
28 57 2
28 64 2
28 92 3
29 32 5
29 41 1
29 45 2
29 51 4
29 63 5
29 87 1
30 34 3
30 57 3
30 63 2
30 71 2
30 73 2
30 87 4
33 41 4
33 75 1
33 87 2
33 88 4
34 81 3
34 87 4
34 98 2
35 36 5
35 53 5
36 39 3
36 46 5
36 58 1
37 63 2
37 77 3
38 58 2
38 60 3
38 90 2
39 41 4
39 73 4
39 76 5
39 93 2
39 97 4
40 56 3
40 94 4
41 45 3
41 49 1
41 62 2
41 69 1
41 90 3
42 68 4
42 70 1
42 74 3
42 76 4
42 86 1
42 91 5
43 45 3
43 51 5
43 69 3
43 80 4
43 87 4
44 49 4
44 50 1
44 70 2
44 83 1
44 97 1
45 49 2
45 68 3
45 79 4
45 95 4
46 89 2
46 93 3
47 52 2
47 53 2
47 56 5
47 61 5
47 66 3
47 79 4
47 83 3
48 58 2
48 75 5
49 60 1
49 85 1
49 88 5
49 95 3
50 56 1
50 61 5
50 64 1
50 68 1
50 71 4
50 72 2
50 82 3
50 83 4
50 94 4
51 58 5
51 87 1
53 56 4
53 85 2
54 62 5
54 71 4
54 74 5
54 76 1
56 80 3
56 85 5
56 95 5
57 71 5
57 97 3
58 59 4
58 67 2
58 73 3
59 61 5
59 72 2
60 100 2
61 63 3
61 95 4
62 94 5
62 95 1
63 64 5
63 91 3
63 96 3
64 75 4
64 77 3
64 89 1
64 96 5
65 85 3
65 86 2
66 76 4
66 82 3
66 93 5
68 71 1
69 83 4
70 74 2
70 76 1
70 80 2
70 84 3
71 94 1
71 100 1
72 77 3
72 88 3
72 90 2
73 96 3
75 82 3
76 84 1
76 90 1
77 84 5
77 93 2
78 85 5
79 81 1
79 83 3
79 84 1
79 87 2
79 91 3
82 90 4
82 100 5
83 91 3
83 98 4
84 90 1
86 94 1
91 92 2
91 97 5
91 100 1
94 97 5
95 100 3
