200 3987
1 29 40
1 36 121
1 41 17
1 64 113
1 66 68
1 67 22
1 71 13
1 72 35
1 89 49
1 92 93
1 99 11
1 100 99
1 107 38
1 117 10
1 124 32
1 128 23
1 136 69
1 138 4
1 153 24
1 156 78
1 161 135
1 162 7
1 165 73
1 169 89
1 180 47
1 184 4
1 188 99
1 194 86
1 195 89
1 197 83
1 200 115
2 3 6
2 10 157
2 12 121
2 13 37
2 16 33
2 26 45
2 31 80
2 33 50
2 60 154
2 66 142
2 85 126
2 99 50
2 104 95
2 107 16
2 108 136
2 114 74
2 120 90
2 121 11
2 125 91
2 126 143
2 134 94
2 135 129
2 136 26
2 138 42
2 139 2
2 142 4
2 145 86
2 146 149
2 152 34
2 170 11
2 176 107
2 184 115
2 189 65
2 192 127
2 200 115
3 4 153
3 22 13
3 24 20
3 29 150
3 35 90
3 39 108
3 42 127
3 49 50
3 51 53
3 52 120
3 54 141
3 56 119
3 57 13
3 66 40
3 68 113
3 69 111
3 75 156
3 79 151
3 81 104
3 91 76
3 92 6
3 94 60
3 98 13
3 108 72
3 113 86
3 128 148
3 132 56
3 144 21
3 145 41
3 146 51
3 155 151
3 156 47
3 158 63
3 161 108
3 163 12
3 164 118
3 176 113
3 183 124
3 184 40
3 195 42
4 11 53
4 16 107
4 17 138
4 18 54
4 20 90
4 35 157
4 51 65
4 53 6
4 71 42
4 76 54
4 80 150
4 84 71
4 114 103
4 123 119
4 127 36
4 130 71
4 133 54
4 135 10
4 138 157
4 145 40
4 146 110
4 155 14
4 178 124
4 186 134
4 188 145
4 191 113
4 200 146
5 7 38
5 8 131
5 9 69
5 11 56
5 12 103
5 28 150
5 32 82
5 35 140
5 37 134
5 40 115
5 42 91
5 45 100
5 46 135
5 61 20
5 63 79
5 66 59
5 73 23
5 76 142
5 81 160
5 92 113
5 95 94
5 100 143
5 110 10
5 115 72
5 116 35
5 120 118
5 129 128
5 135 128
5 139 117
5 140 101
5 141 56
5 143 107
5 147 17
5 149 88
5 151 141
5 153 80
5 165 122
5 170 111
5 179 83
5 180 158
5 183 146
5 198 64
6 9 120
6 10 143
6 11 58
6 13 3
6 14 24
6 20 52
6 28 53
6 30 100
6 32 108
6 36 146
6 54 63
6 58 101
6 85 85
6 86 127
6 87 5
6 89 122
6 94 99
6 98 147
6 101 48
6 105 44
6 106 55
6 111 116
6 114 121
6 115 78
6 120 143
6 125 151
6 139 81
6 141 61
6 142 69
6 146 154
6 148 114
6 151 96
6 158 144
6 164 92
6 165 90
6 166 104
6 170 10
6 171 142
6 175 56
6 183 142
6 184 154
6 185 117
6 189 147
6 192 96
6 193 37
6 194 36
6 197 21
6 198 21
6 199 47
7 12 46
7 13 8
7 15 5
7 19 75
7 20 78
7 21 52
7 26 90
7 28 65
7 33 114
7 57 129
7 63 42
7 67 119
7 68 34
7 72 10
7 75 42
7 76 34
7 77 139
7 104 39
7 112 40
7 116 144
7 134 32
7 137 82
7 138 51
7 150 31
7 154 23
7 155 26
7 163 155
7 165 76
7 167 154
7 169 42
7 172 73
7 174 110
7 175 35
7 189 101
7 191 13
7 192 148
7 193 116
7 196 6
7 198 72
8 14 38
8 17 13
8 19 122
8 29 134
8 30 106
8 31 86
8 37 124
8 51 146
8 63 38
8 67 78
8 71 13
8 74 60
8 75 93
8 79 79
8 82 25
8 89 17
8 90 142
8 99 127
8 107 25
8 108 158
8 123 37
8 128 92
8 129 121
8 142 134
8 143 19
8 154 70
8 155 12
8 156 90
8 159 143
8 160 142
8 161 99
8 163 46
8 164 109
8 167 54
8 178 57
8 193 10
8 195 69
8 198 122
9 12 103
9 14 156
9 15 78
9 18 113
9 22 72
9 28 51
9 38 159
9 39 74
9 45 74
9 63 127
9 76 22
9 77 128
9 92 59
9 94 10
9 100 139
9 101 129
9 104 90
9 107 112
9 108 91
9 109 34
9 112 151
9 115 153
9 119 109
9 121 142
9 122 154
9 123 3
9 124 129
9 137 108
9 138 91
9 141 154
9 143 95
9 144 159
9 148 33
9 155 126
9 164 113
9 168 147
9 181 73
9 184 91
9 188 76
9 194 5
9 196 135
9 198 9
10 16 93
10 25 128
10 35 96
10 39 134
10 45 69
10 48 119
10 53 139
10 63 51
10 70 50
10 77 61
10 78 22
10 79 140
10 83 2
10 89 88
10 94 130
10 97 95
10 99 39
10 119 72
10 121 77
10 124 143
10 126 80
10 131 114
10 132 153
10 133 32
10 135 11
10 143 79
10 145 51
10 147 59
10 151 157
10 154 152
10 160 120
10 165 146
10 167 85
10 169 76
10 184 6
10 189 111
10 200 19
11 17 121
11 20 89
11 22 61
11 40 63
11 42 80
11 50 26
11 52 69
11 56 131
11 60 6
11 61 46
11 62 18
11 64 140
11 69 24
11 75 145
11 76 49
11 78 30
11 85 76
11 94 19
11 99 4
11 109 109
11 113 43
11 114 104
11 116 6
11 129 119
11 131 43
11 147 1
11 152 95
11 161 100
11 173 133
11 175 58
11 178 27
11 182 82
11 191 55
11 195 98
11 196 50
12 15 110
12 16 13
12 18 2
12 24 52
12 28 66
12 34 57
12 35 103
12 38 52
12 40 125
12 44 148
12 47 19
12 48 68
12 59 159
12 63 9
12 67 74
12 74 159
12 75 71
12 77 76
12 80 51
12 81 38
12 85 38
12 86 26
12 91 19
12 95 108
12 96 37
12 97 107
12 102 76
12 104 88
12 108 81
12 118 33
12 119 88
12 122 112
12 130 84
12 145 94
12 147 80
12 149 46
12 153 13
12 157 159
12 158 106
12 159 13
12 161 55
12 166 84
12 171 76
12 174 3
12 181 54
12 182 96
12 183 154
12 186 67
12 188 142
12 189 55
12 190 131
12 199 88
13 19 57
13 26 3
13 33 55
13 36 10
13 41 37
13 51 77
13 54 104
13 55 35
13 61 93
13 67 4
13 87 157
13 89 40
13 95 131
13 101 156
13 103 152
13 104 88
13 109 89
13 110 83
13 118 160
13 126 49
13 128 47
13 130 118
13 133 153
13 134 73
13 137 90
13 141 37
13 152 59
13 154 145
13 158 3
13 170 14
13 178 38
13 186 94
13 192 155
13 197 78
14 23 101
14 24 137
14 26 142
14 34 78
14 38 25
14 41 11
14 46 100
14 47 13
14 49 20
14 50 110
14 52 92
14 60 143
14 65 115
14 67 93
14 69 55
14 70 16
14 73 49
14 77 115
14 80 4
14 89 134
14 90 92
14 92 7
14 93 8
14 101 66
14 107 128
14 114 40
14 122 18
14 123 67
14 141 143
14 146 86
14 154 83
14 157 30
14 171 34
14 172 63
14 183 25
14 187 60
14 189 105
14 195 102
15 17 5
15 21 74
15 27 133
15 30 128
15 36 33
15 44 88
15 45 17
15 47 120
15 49 151
15 50 45
15 52 17
15 59 91
15 60 135
15 65 143
15 68 46
15 69 8
15 71 116
15 74 17
15 75 72
15 76 119
15 83 55
15 84 31
15 86 128
15 87 8
15 93 149
15 101 16
15 110 8
15 115 97
15 117 91
15 121 55
15 122 129
15 127 125
15 130 117
15 134 74
15 153 48
15 159 138
15 161 65
15 168 93
15 172 53
15 181 51
15 182 97
15 185 6
15 187 78
15 190 83
15 198 84
15 199 89
16 19 125
16 22 18
16 28 94
16 29 20
16 30 159
16 37 117
16 38 37
16 39 89
16 40 78
16 45 147
16 47 69
16 52 50
16 59 109
16 60 60
16 62 60
16 66 38
16 73 77
16 80 121
16 82 151
16 90 11
16 94 11
16 96 157
16 100 67
16 101 129
16 102 33
16 104 20
16 111 31
16 114 71
16 115 143
16 121 61
16 123 3
16 124 122
16 130 132
16 133 112
16 141 158
16 146 91
16 147 135
16 150 129
16 157 21
16 159 57
16 163 113
16 166 109
16 168 149
16 170 74
16 176 9
16 178 151
16 179 46
16 182 91
16 184 93
16 190 15
16 193 81
16 196 98
16 197 50
16 199 22
17 18 157
17 21 80
17 26 101
17 30 95
17 32 69
17 46 156
17 50 94
17 58 80
17 67 51
17 75 32
17 79 160
17 80 87
17 83 67
17 88 154
17 89 111
17 95 154
17 97 145
17 102 48
17 105 86
17 107 43
17 111 75
17 113 117
17 115 8
17 117 7
17 126 131
17 128 7
17 136 126
17 140 105
17 141 72
17 142 154
17 143 124
17 144 122
17 155 65
17 156 50
17 172 84
17 174 26
17 178 90
17 179 108
17 180 150
17 183 117
17 189 92
17 197 54
17 200 99
18 39 53
18 40 149
18 43 133
18 44 108
18 47 131
18 50 90
18 51 153
18 52 49
18 53 36
18 66 150
18 71 10
18 75 40
18 78 21
18 84 37
18 95 43
18 105 74
18 107 38
18 109 131
18 111 71
18 116 149
18 117 41
18 127 100
18 131 139
18 133 55
18 139 157
18 141 120
18 146 105
18 151 77
18 154 90
18 163 85
18 166 125
18 178 22
18 182 63
18 185 24
18 190 25
18 193 136
18 200 70
19 20 93
19 35 31
19 38 88
19 41 110
19 42 149
19 50 90
19 52 143
19 59 125
19 67 2
19 68 43
19 71 156
19 75 143
19 78 9
19 86 83
19 92 82
19 95 81
19 96 118
19 101 155
19 102 61
19 111 123
19 117 154
19 118 72
19 124 14
19 129 89
19 135 127
19 173 25
19 178 75
19 183 154
19 184 10
19 199 117
20 21 3
20 24 54
20 26 59
20 42 117
20 54 122
20 61 156
20 66 47
20 68 93
20 70 155
20 73 83
20 76 153
20 84 69
20 87 16
20 90 52
20 91 153
20 95 15
20 104 41
20 109 100
20 112 160
20 115 90
20 127 46
20 134 59
20 142 99
20 150 126
20 152 73
20 153 25
20 155 13
20 157 112
20 158 131
20 162 101
20 165 95
20 168 152
20 187 147
20 191 45
20 194 92
20 195 156
20 197 42
21 22 115
21 29 14
21 36 48
21 37 78
21 40 10
21 41 140
21 42 57
21 57 22
21 58 58
21 61 122
21 78 107
21 80 158
21 92 131
21 95 145
21 103 49
21 107 1
21 109 116
21 112 128
21 113 13
21 130 18
21 140 1
21 144 18
21 147 124
21 149 47
21 160 136
21 164 32
21 173 108
21 184 30
21 186 86
21 188 25
21 190 84
21 194 150
21 196 121
22 32 100
22 42 146
22 58 140
22 59 122
22 60 88
22 63 73
22 65 99
22 74 47
22 83 79
22 87 70
22 89 103
22 93 39
22 94 99
22 104 90
22 105 158
22 110 54
22 114 41
22 115 157
22 118 63
22 119 77
22 125 42
22 131 27
22 138 98
22 152 12
22 154 141
22 155 58
22 157 75
22 159 66
22 162 46
22 170 114
22 172 5
22 176 79
22 181 10
22 182 77
22 185 104
22 188 146
22 190 80
22 199 77
23 24 9
23 32 76
23 40 11
23 49 56
23 56 128
23 64 8
23 71 7
23 75 46
23 76 19
23 77 126
23 82 154
23 83 13
23 93 127
23 95 43
23 98 154
23 105 77
23 111 56
23 118 26
23 126 71
23 130 50
23 131 116
23 135 121
23 136 34
23 139 74
23 143 144
23 155 67
23 156 159
23 159 17
23 161 139
23 168 56
23 171 124
23 174 23
23 183 82
23 188 7
23 190 126
23 198 108
23 199 99
24 35 125
24 42 14
24 45 57
24 50 158
24 52 49
24 57 13
24 65 20
24 67 82
24 74 160
24 78 25
24 87 53
24 88 104
24 89 65
24 94 19
24 99 89
24 107 32
24 111 16
24 113 30
24 114 55
24 125 116
24 136 97
24 138 4
24 144 44
24 165 160
24 166 43
24 170 149
24 172 64
24 179 100
24 182 155
24 185 18
24 192 14
25 30 97
25 35 67
25 43 55
25 46 126
25 50 62
25 60 118
25 72 40
25 73 19
25 74 38
25 75 3
25 76 156
25 78 143
25 81 28
25 83 53
25 86 141
25 90 116
25 92 99
25 98 98
25 107 46
25 109 12
25 115 54
25 116 44
25 117 36
25 118 116
25 121 44
25 124 82
25 125 81
25 134 83
25 141 19
25 162 66
25 168 67
25 174 44
25 175 29
25 186 81
25 187 96
25 199 65
26 27 89
26 33 7
26 37 86
26 38 135
26 41 127
26 42 56
26 43 101
26 45 46
26 53 13
26 57 96
26 58 43
26 73 101
26 74 94
26 81 89
26 83 146
26 88 66
26 95 125
26 97 147
26 100 96
26 102 134
26 104 138
26 113 114
26 123 130
26 127 77
26 130 143
26 137 144
26 154 134
26 161 98
26 165 81
26 166 25
26 173 86
26 178 56
26 180 159
26 186 63
26 194 42
26 195 115
27 35 21
27 39 108
27 45 130
27 52 24
27 62 146
27 65 88
27 70 116
27 73 92
27 75 107
27 80 83
27 89 32
27 90 134
27 104 58
27 107 42
27 110 19
27 113 125
27 117 69
27 121 100
27 125 39
27 131 140
27 133 134
27 137 38
27 150 65
27 158 146
27 159 70
27 166 159
27 168 146
27 175 112
27 176 27
27 177 58
27 190 78
27 193 9
27 194 91
27 197 108
27 198 101
28 31 157
28 33 104
28 36 81
28 38 4
28 39 11
28 42 26
28 51 121
28 52 136
28 55 95
28 61 45
28 65 30
28 80 151
28 81 39
28 84 105
28 89 61
28 98 73
28 101 150
28 110 13
28 114 120
28 118 40
28 119 73
28 123 3
28 137 144
28 139 112
28 143 11
28 153 132
28 159 19
28 165 157
28 169 133
28 170 88
28 173 92
28 175 136
28 186 21
28 200 7
29 34 105
29 44 102
29 45 17
29 53 89
29 62 83
29 65 58
29 70 74
29 80 113
29 81 104
29 84 6
29 90 32
29 94 96
29 96 34
29 105 48
29 110 83
29 112 100
29 119 126
29 123 80
29 129 7
29 132 155
29 135 107
29 137 20
29 138 130
29 145 24
29 148 66
29 151 126
29 155 30
29 156 48
29 160 143
29 165 67
29 167 115
29 168 147
29 174 13
29 175 140
29 176 26
29 181 109
29 183 13
29 190 29
29 196 88
30 32 83
30 35 47
30 44 41
30 45 101
30 46 66
30 47 120
30 49 84
30 52 44
30 56 86
30 59 113
30 65 59
30 66 105
30 76 15
30 79 127
30 80 156
30 85 17
30 91 19
30 92 47
30 98 7
30 99 76
30 105 10
30 108 102
30 109 126
30 115 93
30 117 137
30 125 120
30 133 3
30 134 86
30 136 74
30 137 66
30 138 1
30 154 36
30 156 110
30 160 93
30 163 105
30 170 155
30 176 69
30 179 99
30 180 29
30 189 123
30 198 122
31 32 65
31 34 33
31 43 133
31 45 132
31 46 45
31 49 116
31 56 122
31 58 68
31 60 89
31 79 83
31 80 38
31 85 74
31 90 63
31 91 41
31 95 46
31 101 7
31 113 99
31 124 75
31 129 72
31 131 19
31 136 31
31 144 108
31 146 125
31 147 155
31 154 110
31 160 21
31 164 129
31 166 78
31 167 152
31 186 45
31 188 136
31 195 129
31 198 71
31 200 44
32 42 158
32 47 158
32 49 37
32 57 144
32 77 78
32 80 66
32 81 46
32 85 118
32 86 25
32 90 149
32 91 32
32 97 148
32 108 127
32 116 49
32 123 142
32 126 103
32 138 149
32 143 133
32 148 28
32 155 154
32 156 73
32 157 142
32 159 81
32 160 41
32 161 85
32 167 130
32 171 10
32 172 130
32 187 101
32 188 152
32 194 22
32 197 73
32 199 154
33 36 144
33 46 8
33 60 103
33 62 7
33 65 149
33 68 88
33 71 140
33 72 5
33 76 150
33 85 54
33 88 62
33 93 42
33 94 130
33 98 9
33 103 100
33 110 95
33 125 110
33 127 26
33 130 73
33 136 24
33 137 106
33 143 158
33 151 71
33 169 131
33 173 135
33 174 155
33 190 49
34 38 26
34 41 131
34 54 22
34 60 154
34 61 92
34 65 43
34 66 117
34 68 130
34 75 133
34 81 153
34 86 148
34 90 100
34 101 99
34 110 101
34 116 45
34 130 115
34 140 120
34 142 37
34 145 42
34 147 101
34 148 43
34 151 135
34 152 24
34 156 22
34 161 55
34 165 98
34 166 110
34 167 126
34 169 70
34 174 64
34 175 139
34 185 17
34 187 107
34 188 31
34 191 100
34 193 55
34 199 85
35 42 36
35 43 7
35 45 150
35 65 42
35 70 141
35 72 98
35 76 144
35 83 8
35 85 8
35 94 153
35 118 115
35 129 7
35 137 139
35 142 27
35 154 30
35 157 3
35 159 134
35 160 120
35 174 97
35 178 7
35 181 124
35 184 46
35 191 136
36 42 123
36 45 124
36 47 90
36 50 1
36 59 88
36 62 70
36 65 55
36 67 56
36 70 120
36 76 46
36 79 112
36 81 1
36 91 8
36 97 151
36 98 136
36 99 18
36 105 32
36 113 82
36 115 63
36 117 69
36 119 139
36 146 98
36 157 116
36 163 22
36 164 128
36 168 152
36 171 2
36 179 75
36 180 66
36 186 127
36 191 71
36 196 70
37 46 21
37 48 31
37 50 151
37 51 127
37 66 10
37 69 144
37 74 117
37 83 21
37 86 77
37 93 121
37 101 31
37 116 8
37 119 36
37 134 93
37 135 100
37 144 26
37 148 84
37 152 155
37 153 141
37 160 158
37 163 150
37 167 49
37 171 27
37 177 96
37 181 48
37 190 10
37 192 85
37 196 44
38 39 118
38 43 128
38 59 59
38 64 128
38 65 100
38 69 118
38 75 73
38 83 79
38 86 136
38 97 43
38 103 107
38 111 93
38 113 93
38 127 69
38 130 52
38 131 76
38 137 39
38 138 112
38 140 49
38 145 63
38 147 62
38 151 150
38 152 145
38 155 40
38 158 111
38 163 73
38 165 124
38 166 63
38 171 153
38 182 3
38 187 40
38 190 39
38 196 128
38 197 120
38 199 5
39 47 159
39 52 87
39 61 139
39 66 69
39 69 142
39 80 70
39 82 14
39 84 122
39 85 152
39 94 151
39 101 42
39 102 61
39 105 81
39 106 114
39 110 81
39 121 87
39 124 137
39 126 111
39 142 130
39 145 36
39 155 95
39 159 50
39 163 111
39 164 140
39 165 92
39 181 120
39 191 29
39 195 35
39 198 130
40 42 29
40 43 69
40 52 73
40 61 35
40 70 92
40 81 102
40 82 137
40 85 145
40 89 141
40 100 120
40 102 102
40 125 42
40 128 134
40 144 83
40 145 3
40 146 12
40 148 4
40 154 89
40 157 74
40 158 54
40 162 134
40 172 14
40 174 13
40 177 130
40 192 69
40 198 31
41 56 109
41 60 24
41 82 143
41 88 103
41 91 44
41 97 83
41 98 91
41 102 65
41 120 68
41 122 143
41 123 95
41 142 20
41 145 65
41 150 153
41 151 41
41 152 51
41 154 1
41 163 87
41 165 27
41 166 93
41 169 131
41 180 35
41 181 140
41 193 145
41 195 146
41 199 137
42 48 40
42 49 38
42 57 157
42 72 95
42 73 23
42 74 24
42 81 124
42 83 139
42 99 97
42 101 73
42 107 48
42 109 72
42 111 130
42 115 16
42 124 121
42 125 86
42 126 2
42 130 72
42 140 94
42 143 73
42 147 73
42 148 155
42 149 22
42 155 105
42 162 82
42 163 65
42 166 102
42 173 59
42 186 130
42 191 36
42 193 104
42 197 24
43 53 18
43 56 115
43 70 45
43 78 36
43 80 63
43 82 154
43 83 117
43 89 106
43 97 107
43 117 31
43 122 75
43 123 146
43 133 25
43 140 154
43 142 14
43 150 28
43 152 7
43 153 149
43 162 148
43 185 111
43 186 16
43 192 158
44 72 102
44 93 158
44 97 125
44 102 19
44 105 8
44 110 87
44 111 5
44 112 18
44 114 47
44 120 152
44 121 67
44 136 152
44 142 19
44 145 26
44 149 2
44 153 17
44 164 69
44 165 38
44 181 5
44 182 126
44 184 153
44 189 32
45 58 28
45 61 111
45 62 160
45 64 51
45 65 65
45 72 159
45 73 151
45 86 130
45 96 16
45 100 5
45 102 117
45 107 52
45 112 147
45 115 22
45 119 108
45 123 64
45 141 127
45 146 16
45 158 87
45 172 56
45 173 83
45 193 20
46 51 147
46 59 127
46 63 158
46 64 78
46 66 137
46 71 82
46 72 148
46 79 112
46 80 137
46 83 39
46 90 107
46 95 56
46 97 94
46 114 25
46 126 103
46 128 130
46 131 15
46 132 57
46 139 8
46 140 68
46 144 90
46 157 66
46 165 57
46 172 79
46 173 5
46 176 122
46 178 59
46 189 18
46 190 35
46 196 4
46 198 75
47 50 54
47 53 44
47 62 153
47 66 76
47 70 13
47 71 37
47 72 124
47 78 43
47 86 29
47 89 127
47 90 100
47 91 134
47 95 79
47 102 86
47 118 119
47 140 130
47 141 25
47 143 55
47 148 29
47 149 154
47 155 145
47 161 8
47 169 7
47 172 73
47 174 127
47 186 135
47 188 21
47 189 108
47 194 63
47 197 20
47 198 19
47 200 75
48 51 33
48 54 79
48 55 99
48 62 11
48 65 19
48 78 65
48 82 53
48 84 150
48 100 132
48 103 118
48 105 150
48 111 45
48 115 126
48 117 159
48 124 22
48 125 54
48 126 96
48 127 13
48 131 32
48 135 144
48 136 49
48 140 66
48 150 97
48 157 95
48 158 48
48 164 69
48 171 50
48 172 60
48 175 71
48 176 76
48 177 13
48 180 26
48 182 101
48 183 98
48 187 42
48 197 125
48 198 16
48 200 24
49 50 46
49 54 21
49 61 65
49 64 72
49 66 125
49 75 63
49 77 90
49 84 35
49 85 100
49 95 92
49 97 108
49 100 143
49 106 70
49 107 73
49 115 5
49 117 127
49 121 60
49 122 67
49 124 127
49 125 107
49 126 114
49 141 84
49 142 140
49 145 75
49 153 157
49 167 4
49 170 148
49 184 2
49 191 39
49 192 45
49 197 71
49 199 28
50 52 93
50 54 109
50 56 91
50 58 107
50 60 145
50 62 3
50 63 20
50 67 47
50 70 35
50 76 23
50 86 83
50 88 97
50 96 155
50 103 79
50 111 13
50 122 118
50 123 133
50 128 39
50 143 22
50 145 40
50 157 32
50 158 138
50 159 103
50 167 126
50 168 75
50 169 51
50 173 84
50 177 15
50 183 31
51 54 94
51 56 104
51 71 92
51 76 33
51 88 86
51 91 124
51 93 160
51 103 45
51 109 20
51 114 78
51 127 140
51 128 134
51 132 88
51 138 3
51 140 10
51 144 109
51 154 122
51 159 85
51 160 71
51 161 31
51 168 31
51 169 89
51 175 133
51 176 90
51 177 83
51 181 131
51 188 60
51 193 80
51 197 110
52 55 49
52 60 30
52 61 158
52 72 56
52 77 144
52 78 155
52 88 130
52 98 141
52 115 120
52 117 19
52 119 9
52 121 11
52 123 5
52 129 88
52 139 150
52 154 3
52 155 91
52 159 65
52 175 144
52 180 118
52 181 147
52 185 152
52 187 83
52 189 26
52 194 37
53 55 150
53 62 34
53 65 39
53 68 21
53 73 129
53 84 137
53 100 158
53 102 89
53 103 10
53 105 53
53 108 19
53 111 126
53 113 56
53 138 110
53 139 80
53 146 17
53 147 6
53 156 30
53 160 120
53 162 124
53 165 117
53 172 59
53 173 96
53 175 125
53 177 40
53 179 93
53 180 20
53 182 17
53 187 74
53 191 8
53 194 34
53 198 71
54 55 135
54 59 108
54 68 22
54 75 145
54 78 135
54 84 150
54 103 132
54 109 93
54 112 81
54 113 31
54 120 14
54 126 123
54 129 88
54 132 27
54 134 132
54 136 93
54 139 123
54 146 88
54 150 88
54 152 63
54 154 128
54 155 26
54 163 78
54 169 139
54 188 99
54 193 14
54 194 20
55 57 138
55 58 88
55 61 77
55 70 144
55 72 136
55 78 57
55 81 22
55 84 83
55 94 131
55 97 124
55 101 84
55 106 152
55 107 151
55 111 13
55 119 111
55 133 79
55 154 18
55 166 6
55 171 57
55 172 114
55 198 143
55 200 133
56 60 110
56 70 160
56 71 22
56 77 136
56 87 125
56 100 144
56 104 42
56 105 93
56 107 102
56 115 109
56 126 94
56 130 89
56 132 93
56 133 123
56 134 96
56 145 97
56 146 31
56 151 87
56 157 91
56 158 24
56 166 84
56 177 64
56 185 106
56 189 62
56 194 127
56 196 5
56 197 8
56 200 12
57 59 120
57 62 39
57 65 145
57 69 87
57 77 28
57 80 126
57 84 31
57 85 74
57 95 7
57 101 67
57 102 159
57 103 159
57 105 17
57 107 145
57 115 153
57 120 32
57 125 35
57 131 72
57 137 124
57 138 10
57 142 132
57 149 122
57 162 56
57 164 31
57 169 99
57 173 100
57 180 16
57 183 49
57 193 150
57 196 95
58 60 101
58 65 151
58 73 138
58 82 26
58 83 133
58 87 35
58 90 13
58 91 95
58 94 93
58 101 34
58 103 87
58 106 51
58 114 82
58 128 152
58 139 93
58 141 110
58 146 40
58 158 104
58 159 19
58 165 10
58 171 42
58 174 27
58 175 119
58 180 9
58 182 144
58 184 95
58 186 129
58 187 23
58 197 4
58 200 79
59 74 156
59 91 158
59 100 146
59 101 17
59 104 155
59 106 115
59 108 33
59 109 154
59 111 48
59 114 39
59 115 160
59 122 31
59 141 125
59 142 21
59 151 6
59 156 147
59 159 132
59 168 38
59 171 80
59 193 28
59 198 154
59 200 111
60 66 129
60 74 141
60 81 150
60 89 101
60 93 11
60 97 38
60 108 139
60 111 139
60 117 87
60 120 80
60 133 115
60 135 41
60 136 146
60 149 132
60 150 33
60 154 136
60 155 6
60 156 120
60 168 160
60 169 150
60 172 143
60 173 11
60 174 66
60 182 108
60 187 145
60 189 130
60 197 7
61 66 96
61 70 148
61 74 154
61 76 156
61 81 153
61 82 35
61 87 11
61 91 30
61 96 109
61 102 106
61 114 93
61 119 149
61 121 4
61 125 57
61 135 42
61 137 113
61 142 82
61 145 31
61 146 69
61 147 11
61 155 83
61 160 96
61 161 19
61 174 149
61 175 87
61 184 149
61 190 120
61 197 101
61 198 142
61 199 1
62 66 87
62 67 24
62 76 56
62 78 2
62 80 117
62 87 27
62 95 70
62 99 157
62 105 120
62 108 75
62 112 38
62 113 49
62 125 33
62 135 60
62 137 9
62 142 85
62 143 147
62 145 137
62 147 147
62 149 68
62 155 43
62 159 72
62 160 142
62 165 118
62 173 157
62 175 137
62 176 21
62 196 28
62 199 105
62 200 158
63 74 20
63 86 113
63 100 134
63 103 80
63 105 21
63 119 68
63 132 66
63 135 130
63 137 34
63 139 110
63 141 115
63 144 144
63 145 151
63 147 43
63 157 77
63 162 75
63 164 54
63 165 78
63 170 23
63 189 88
63 190 5
64 66 6
64 69 152
64 79 152
64 82 64
64 84 23
64 85 90
64 90 9
64 92 105
64 95 137
64 97 97
64 117 34
64 122 62
64 132 8
64 140 114
64 160 150
64 162 149
64 164 40
64 165 59
64 166 147
64 169 104
64 171 125
64 177 52
64 178 122
64 182 118
64 189 29
64 190 68
64 191 87
64 197 65
64 200 111
65 66 120
65 77 155
65 78 30
65 82 29
65 85 138
65 90 120
65 94 10
65 97 82
65 98 4
65 100 77
65 102 119
65 104 21
65 106 88
65 107 111
65 113 39
65 117 42
65 121 30
65 124 54
65 128 93
65 131 127
65 137 107
65 139 53
65 144 89
65 147 120
65 152 51
65 156 35
65 170 146
65 174 42
65 177 68
66 76 106
66 83 23
66 84 113
66 85 36
66 92 138
66 95 92
66 99 151
66 100 4
66 111 108
66 118 21
66 122 17
66 123 55
66 125 24
66 131 83
66 133 150
66 135 150
66 136 18
66 142 41
66 147 8
66 150 62
66 155 92
66 156 40
66 157 59
66 159 3
66 172 119
66 176 100
66 177 144
66 190 67
66 192 128
66 196 115
67 70 106
67 76 28
67 83 20
67 90 91
67 92 83
67 107 135
67 111 63
67 112 160
67 115 142
67 122 146
67 128 90
67 129 8
67 135 149
67 141 131
67 142 34
67 145 139
67 148 84
67 155 47
67 164 24
67 168 72
67 172 127
67 177 117
67 178 56
67 180 121
67 185 135
67 187 155
67 193 32
67 195 7
67 199 86
68 70 99
68 72 5
68 73 135
68 74 133
68 76 82
68 88 36
68 95 14
68 98 115
68 100 47
68 104 139
68 105 41
68 107 123
68 112 11
68 115 145
68 117 151
68 122 41
68 125 23
68 127 108
68 129 89
68 136 30
68 148 145
68 153 133
68 158 64
68 161 115
68 167 18
68 172 36
68 183 91
68 189 16
68 197 3
68 200 138
69 80 54
69 85 149
69 88 27
69 92 121
69 97 73
69 106 85
69 107 149
69 110 27
69 112 25
69 116 136
69 119 34
69 123 110
69 130 88
69 133 53
69 141 105
69 154 140
69 161 70
69 165 142
69 166 66
69 168 113
69 174 114
69 178 60
69 185 131
69 186 109
69 195 91
70 72 17
70 73 92
70 75 58
70 79 103
70 83 75
70 90 14
70 94 130
70 98 17
70 103 40
70 105 84
70 109 20
70 121 119
70 125 13
70 132 41
70 134 134
70 144 86
70 146 144
70 156 118
70 158 23
70 159 55
70 160 91
70 163 148
70 171 127
70 174 37
70 178 143
70 183 24
70 185 155
70 200 23
71 75 26
71 78 101
71 80 56
71 83 26
71 89 135
71 90 105
71 95 59
71 100 134
71 104 125
71 105 144
71 108 88
71 112 141
71 116 77
71 118 18
71 119 158
71 123 96
71 125 3
71 152 83
71 158 48
71 160 155
71 161 26
71 164 89
71 167 157
71 171 58
71 172 50
71 179 12
71 187 59
71 191 134
71 197 116
71 198 19
72 76 18
72 83 80
72 85 57
72 93 79
72 97 83
72 98 99
72 99 101
72 100 13
72 102 82
72 103 102
72 110 46
72 115 121
72 116 143
72 119 86
72 120 54
72 129 66
72 130 37
72 131 24
72 135 31
72 136 89
72 147 52
72 148 51
72 153 13
72 155 70
72 159 96
72 160 19
72 174 135
72 179 44
72 182 141
72 186 3
72 191 114
72 198 33
72 199 78
73 77 99
73 86 15
73 95 72
73 99 45
73 100 113
73 113 64
73 116 96
73 126 130
73 127 101
73 128 22
73 129 19
73 131 102
73 137 3
73 142 121
73 148 111
73 155 4
73 156 43
73 162 43
73 166 127
73 176 3
73 181 53
73 192 116
73 193 57
74 84 158
74 89 82
74 95 99
74 97 6
74 99 153
74 101 93
74 109 156
74 118 146
74 120 155
74 128 53
74 134 132
74 135 18
74 139 6
74 143 12
74 145 125
74 162 92
74 168 117
74 171 61
74 174 136
74 179 13
74 180 34
74 182 150
74 184 120
74 188 60
75 77 15
75 91 127
75 98 95
75 99 138
75 101 25
75 102 71
75 103 90
75 105 93
75 106 110
75 110 42
75 111 148
75 115 87
75 123 49
75 134 94
75 135 92
75 138 48
75 157 29
75 158 31
75 159 122
75 171 123
75 174 95
75 178 159
75 179 109
75 187 20
75 190 23
75 192 26
75 193 149
75 194 139
75 199 6
76 82 118
76 83 109
76 84 152
76 92 60
76 93 78
76 94 101
76 98 86
76 100 124
76 103 130
76 104 89
76 106 51
76 107 80
76 115 57
76 116 155
76 119 112
76 125 46
76 127 113
76 136 99
76 137 51
76 140 43
76 141 72
76 143 52
76 145 38
76 147 63
76 157 157
76 161 130
76 168 89
76 172 121
76 175 104
76 180 102
76 182 39
76 183 100
76 187 7
76 189 59
76 190 57
76 193 114
76 196 71
77 78 77
77 80 20
77 96 94
77 106 157
77 109 28
77 112 125
77 119 19
77 120 70
77 124 80
77 128 79
77 138 91
77 144 114
77 146 89
77 149 45
77 151 52
77 163 37
77 170 77
77 172 60
77 174 102
77 175 11
77 188 144
77 190 24
77 192 44
78 82 26
78 89 56
78 91 127
78 96 25
78 97 5
78 101 107
78 109 119
78 114 105
78 135 82
78 137 116
78 139 20
78 145 114
78 146 26
78 150 17
78 151 147
78 156 145
78 161 8
78 172 35
78 174 17
78 175 154
78 178 152
78 182 120
78 183 141
78 192 43
78 197 149
78 198 43
78 200 6
79 86 64
79 90 29
79 97 64
79 108 68
79 110 43
79 114 149
79 116 104
79 117 3
79 129 39
79 135 43
79 139 132
79 140 84
79 156 63
79 157 26
79 161 73
79 167 34
79 172 115
79 174 16
79 175 87
79 184 113
79 192 114
79 194 143
79 198 21
79 200 57
80 89 94
80 92 85
80 93 29
80 94 10
80 100 54
80 117 127
80 121 125
80 129 150
80 137 59
80 139 48
80 140 71
80 141 111
80 142 31
80 144 103
80 151 77
80 154 23
80 172 79
80 177 95
80 182 113
80 191 98
80 196 131
80 200 66
81 85 52
81 93 78
81 96 28
81 102 96
81 113 120
81 116 34
81 120 115
81 122 108
81 124 7
81 129 75
81 133 152
81 134 147
81 135 69
81 136 139
81 139 63
81 156 69
81 157 28
81 159 83
81 160 43
81 161 92
81 165 129
81 166 12
81 168 118
81 171 21
81 176 90
81 179 52
81 184 70
81 190 124
81 191 21
82 86 83
82 89 17
82 90 144
82 113 39
82 119 66
82 125 49
82 136 12
82 137 105
82 143 123
82 146 25
82 157 52
82 168 86
82 182 149
82 184 95
82 185 102
82 188 13
82 198 52
83 86 83
83 88 47
83 89 127
83 94 121
83 104 132
83 106 28
83 110 15
83 111 109
83 113 113
83 119 96
83 130 10
83 131 79
83 140 65
83 146 3
83 154 90
83 158 136
83 159 120
83 160 70
83 172 8
83 174 70
83 179 13
83 183 110
83 187 118
83 197 14
84 86 82
84 91 87
84 101 42
84 108 157
84 110 127
84 111 70
84 112 15
84 113 109
84 114 100
84 125 62
84 127 61
84 135 10
84 137 116
84 143 153
84 153 105
84 158 54
84 165 40
84 170 118
84 174 128
84 177 156
84 185 51
84 186 81
84 191 149
84 193 94
84 196 116
85 89 19
85 97 50
85 100 83
85 105 129
85 112 123
85 116 92
85 118 124
85 119 113
85 121 114
85 125 115
85 127 145
85 133 78
85 134 8
85 139 63
85 141 34
85 153 52
85 156 24
85 157 119
85 163 101
85 171 104
85 172 111
85 178 116
85 181 109
85 182 151
85 183 37
85 187 157
86 89 143
86 96 21
86 97 141
86 98 122
86 104 119
86 108 105
86 116 125
86 119 94
86 121 111
86 124 138
86 126 80
86 131 82
86 134 136
86 137 39
86 142 17
86 150 142
86 156 52
86 159 60
86 163 102
86 168 118
86 171 72
86 178 63
86 187 131
86 190 95
86 193 154
87 89 32
87 97 29
87 101 49
87 104 113
87 109 6
87 110 108
87 118 45
87 122 44
87 123 56
87 140 89
87 158 87
87 163 101
87 166 147
87 170 9
87 178 66
87 180 88
87 188 138
87 193 44
87 194 14
87 195 99
87 200 120
88 89 22
88 93 104
88 94 70
88 114 45
88 121 104
88 122 27
88 123 24
88 124 56
88 126 133
88 127 131
88 129 106
88 134 39
88 143 156
88 147 33
88 148 86
88 153 121
88 156 124
88 159 147
88 178 102
88 179 37
88 184 127
88 185 60
88 186 92
88 199 140
88 200 111
89 92 22
89 95 9
89 107 118
89 115 46
89 119 15
89 122 49
89 123 127
89 131 117
89 145 110
89 152 114
89 182 78
89 186 19
89 190 51
89 193 132
89 194 34
89 195 34
90 94 95
90 101 25
90 103 16
90 105 78
90 107 132
90 114 19
90 118 43
90 123 153
90 127 118
90 128 103
90 129 46
90 133 68
90 135 132
90 137 120
90 138 17
90 140 133
90 142 19
90 145 48
90 150 44
90 173 117
90 192 94
90 193 38
90 200 141
91 92 15
91 97 75
91 100 124
91 103 2
91 104 27
91 105 71
91 108 55
91 118 40
91 122 131
91 129 97
91 134 160
91 144 153
91 156 48
91 160 110
91 164 79
91 165 115
91 168 137
91 176 1
91 181 81
91 186 58
91 187 78
91 193 9
91 199 86
91 200 64
92 94 116
92 102 130
92 103 64
92 107 51
92 110 78
92 113 101
92 115 26
92 121 113
92 130 126
92 132 130
92 135 87
92 143 105
92 156 142
92 175 128
92 178 38
92 187 83
92 191 13
93 95 76
93 102 35
93 107 40
93 108 63
93 110 159
93 112 151
93 114 92
93 127 5
93 135 73
93 138 127
93 145 97
93 151 80
93 156 130
93 157 42
93 162 14
93 171 77
93 173 160
93 177 79
93 178 37
93 179 81
93 180 21
93 186 38
94 99 122
94 100 141
94 114 19
94 123 44
94 124 60
94 128 142
94 131 14
94 135 152
94 136 77
94 144 79
94 156 24
94 157 90
94 159 18
94 165 72
94 166 48
94 170 74
94 198 1
95 106 18
95 112 77
95 118 62
95 119 11
95 121 97
95 125 39
95 126 30
95 127 157
95 128 10
95 132 158
95 149 24
95 156 15
95 165 124
95 170 127
95 171 5
95 175 107
95 177 63
95 178 116
95 180 128
95 181 84
95 189 87
95 199 18
96 98 42
96 106 118
96 108 19
96 111 126
96 121 37
96 122 100
96 125 147
96 127 154
96 132 156
96 134 55
96 137 78
96 139 73
96 141 7
96 146 143
96 148 83
96 151 58
96 156 13
96 183 80
96 184 39
96 198 37
96 200 39
97 99 11
97 109 21
97 112 39
97 116 123
97 124 60
97 132 114
97 134 63
97 146 102
97 155 75
97 156 57
97 157 25
97 161 48
97 169 18
97 171 73
97 173 40
97 174 63
97 179 87
97 181 93
97 183 20
97 184 152
97 194 6
97 197 101
98 104 76
98 106 127
98 107 11
98 110 111
98 126 77
98 133 13
98 134 105
98 140 133
98 144 124
98 148 19
98 149 74
98 150 134
98 152 132
98 153 124
98 156 53
98 160 99
98 167 16
98 171 12
98 172 102
98 175 25
98 177 60
98 182 53
98 184 143
98 187 5
98 189 146
98 198 159
98 199 29
99 100 151
99 115 27
99 119 142
99 120 64
99 121 65
99 122 117
99 126 50
99 127 153
99 129 119
99 130 51
99 131 17
99 132 155
99 133 108
99 136 66
99 138 115
99 143 21
99 147 15
99 151 109
99 157 91
99 160 131
99 164 74
99 172 113
99 178 119
99 179 152
99 186 72
99 197 19
100 110 137
100 113 100
100 115 28
100 122 14
100 125 144
100 126 76
100 129 40
100 136 79
100 138 8
100 139 34
100 146 62
100 154 126
100 160 133
100 163 145
100 173 51
100 182 50
100 184 105
100 186 41
100 190 62
100 192 111
100 195 30
101 105 2
101 107 126
101 109 158
101 114 14
101 120 32
101 121 79
101 130 12
101 136 122
101 143 135
101 144 81
101 159 15
101 169 140
101 172 7
101 175 46
101 179 96
101 181 56
101 184 24
101 186 77
101 189 62
101 191 27
101 193 72
101 197 92
102 103 53
102 107 110
102 111 28
102 115 80
102 118 44
102 122 157
102 126 131
102 134 159
102 135 145
102 141 151
102 146 146
102 149 89
102 154 111
102 160 83
102 161 156
102 163 107
102 176 95
102 178 143
102 183 90
102 185 43
102 187 124
102 188 119
102 192 23
102 198 18
103 106 155
103 119 159
103 121 6
103 130 146
103 143 59
103 144 127
103 154 103
103 155 33
103 172 69
103 183 24
103 193 52
103 199 3
104 120 59
104 122 65
104 123 38
104 125 77
104 140 131
104 148 155
104 155 62
104 163 64
104 164 60
104 168 29
104 169 10
104 170 112
104 171 3
104 174 4
104 183 86
104 188 65
104 200 95
105 112 109
105 114 30
105 118 30
105 121 152
105 122 36
105 126 66
105 132 99
105 134 94
105 137 146
105 139 35
105 140 64
105 148 6
105 151 138
105 155 46
105 156 67
105 161 14
105 167 44
105 173 74
105 180 56
105 190 131
105 191 26
105 194 13
105 199 105
106 108 97
106 113 147
106 124 57
106 132 52
106 138 1
106 141 77
106 149 104
106 152 141
106 153 159
106 154 82
106 155 70
106 156 130
106 157 45
106 158 126
106 160 124
106 163 61
106 164 102
106 165 3
106 169 52
106 173 40
106 174 30
106 177 89
106 186 18
106 189 68
107 108 21
107 109 20
107 110 34
107 112 48
107 113 143
107 118 83
107 121 144
107 141 100
107 145 159
107 154 37
107 164 30
107 176 47
107 183 43
107 187 56
108 109 112
108 121 103
108 123 17
108 127 87
108 128 52
108 132 98
108 143 70
108 147 154
108 163 91
108 165 155
108 170 139
108 172 88
108 179 88
108 195 127
108 198 86
108 199 108
109 116 146
109 123 75
109 129 113
109 131 128
109 132 132
109 135 152
109 136 126
109 138 31
109 140 152
109 141 80
109 146 25
109 152 50
109 157 92
109 160 48
109 161 78
109 165 113
109 178 42
109 179 24
109 188 9
109 196 91
110 111 147
110 113 160
110 117 73
110 119 144
110 120 121
110 127 51
110 130 126
110 133 98
110 134 152
110 137 36
110 138 160
110 139 108
110 143 97
110 147 47
110 148 60
110 153 27
110 154 34
110 155 79
110 162 113
110 176 75
110 179 108
110 182 30
110 184 49
110 190 148
110 191 98
110 196 41
110 197 57
110 200 100
111 122 66
111 124 48
111 125 45
111 130 58
111 131 30
111 134 114
111 136 47
111 140 130
111 141 133
111 143 70
111 145 125
111 148 41
111 150 76
111 151 92
111 154 94
111 158 82
111 161 109
111 162 83
111 169 65
111 171 106
111 178 51
111 180 123
111 183 17
111 194 135
111 195 156
111 198 138
111 200 90
112 129 37
112 131 81
112 150 151
112 151 16
112 165 74
112 166 20
112 170 117
112 174 45
112 177 60
112 183 131
112 185 132
112 188 52
112 198 3
112 199 118
113 117 65
113 119 131
113 120 43
113 126 20
113 129 146
113 132 156
113 142 18
113 152 77
113 153 29
113 156 16
113 172 139
113 174 46
113 187 122
113 190 87
113 194 71
113 195 17
113 196 44
114 115 20
114 117 63
114 118 72
114 135 65
114 138 129
114 139 90
114 142 123
114 144 11
114 153 39
114 155 27
114 156 75
114 161 70
114 169 114
114 173 124
114 174 140
114 178 93
114 180 133
114 182 151
114 185 59
114 198 10
115 117 56
115 122 65
115 123 145
115 124 156
115 130 53
115 132 67
115 133 150
115 147 92
115 154 89
115 160 50
115 161 111
115 166 73
115 169 149
115 200 134
116 122 143
116 124 42
116 129 159
116 130 94
116 133 144
116 143 73
116 151 141
116 156 1
116 166 80
116 178 138
116 179 25
116 182 32
116 187 134
116 191 52
116 197 138
116 199 40
117 118 149
117 119 78
117 123 152
117 131 33
117 135 10
117 140 142
117 142 134
117 153 91
117 160 123
117 165 11
117 171 110
117 175 131
117 179 11
117 182 60
117 183 133
117 184 21
117 185 125
117 194 76
117 195 77
117 199 153
117 200 80
118 121 29
118 124 110
118 129 4
118 136 144
118 137 9
118 141 158
118 148 86
118 151 149
118 155 151
118 157 110
118 158 42
118 160 21
118 164 141
118 165 9
118 168 86
118 174 151
118 185 149
118 192 62
118 198 143
119 122 151
119 131 83
119 135 5
119 138 42
119 144 119
119 151 157
119 155 31
119 157 19
119 162 89
119 165 56
119 169 88
119 176 40
119 177 7
119 178 127
119 179 93
119 180 142
119 182 131
119 185 72
119 192 72
119 195 50
119 196 9
120 121 105
120 134 91
120 158 118
120 159 45
120 160 82
120 187 130
120 190 142
120 193 160
120 199 61
121 123 22
121 128 125
121 134 66
121 136 155
121 150 142
121 156 68
121 160 25
121 161 41
121 163 74
121 171 121
121 181 139
121 182 23
121 185 101
121 186 96
121 188 142
121 192 135
121 194 74
121 195 152
122 123 159
122 152 132
122 155 151
122 157 9
122 161 130
122 163 9
122 177 60
122 180 125
122 184 92
122 187 89
122 198 114
123 127 24
123 128 35
123 130 1
123 136 134
123 139 30
123 145 103
123 151 135
123 157 79
123 164 126
123 173 6
123 177 47
123 181 78
123 183 27
123 185 112
123 188 49
123 192 151
123 195 130
123 198 138
123 199 143
124 125 89
124 131 8
124 145 24
124 149 50
124 150 145
124 153 116
124 162 76
124 165 90
124 169 123
124 173 25
124 175 66
124 176 78
124 182 94
124 183 106
124 189 92
124 193 139
124 196 53
124 199 157
125 130 55
125 134 132
125 137 105
125 142 23
125 146 32
125 158 41
125 164 89
125 185 146
125 188 107
125 191 98
126 133 122
126 135 150
126 144 110
126 159 152
126 165 147
126 167 128
126 182 8
126 194 146
127 129 89
127 131 99
127 132 1
127 136 21
127 138 64
127 146 159
127 156 71
127 163 140
127 165 35
127 166 36
127 169 51
127 171 91
127 175 1
127 176 69
127 178 120
127 185 97
127 197 14
127 198 96
128 131 101
128 132 99
128 133 157
128 136 50
128 138 41
128 142 140
128 143 47
128 147 94
128 149 151
128 151 154
128 152 100
128 154 55
128 157 151
128 163 50
128 164 59
128 167 71
128 177 33
128 184 115
128 190 109
128 191 38
128 192 103
128 193 13
128 195 43
128 200 50
129 131 101
129 139 25
129 143 67
129 145 58
129 150 126
129 164 102
129 168 66
129 171 137
129 173 122
129 179 16
129 181 114
129 197 122
130 138 76
130 145 35
130 149 1
130 150 61
130 151 17
130 158 113
130 160 62
130 162 97
130 170 119
130 180 112
130 183 104
130 186 34
130 188 118
130 194 93
130 200 37
131 136 122
131 137 148
131 140 63
131 142 113
131 150 103
131 174 25
131 179 31
131 191 77
132 136 89
132 140 154
132 145 86
132 155 30
132 159 40
132 163 125
132 165 93
132 178 78
132 181 109
132 185 54
132 189 8
132 191 49
132 197 95
132 199 101
133 134 77
133 141 156
133 144 135
133 147 69
133 155 20
133 156 20
133 164 27
133 170 148
133 172 159
133 176 27
133 185 114
133 187 96
133 188 22
133 190 142
133 192 20
133 196 83
134 138 50
134 143 131
134 154 23
134 155 159
134 156 111
134 157 117
134 160 61
134 168 151
134 174 78
134 176 150
134 181 137
134 187 113
134 198 100
135 136 115
135 159 94
135 167 12
135 174 36
135 180 156
135 182 131
135 185 30
135 189 14
135 192 144
135 193 5
135 196 27
135 200 127
136 139 76
136 149 61
136 153 93
136 181 31
136 182 26
136 184 101
136 193 32
136 194 144
136 199 68
136 200 159
137 143 93
137 146 135
137 169 43
137 179 54
137 191 147
137 196 12
137 198 64
137 199 48
138 143 84
138 150 69
138 153 49
138 165 34
138 180 73
138 192 129
138 198 8
139 146 11
139 151 144
139 154 148
139 165 133
139 187 43
139 190 108
139 197 119
140 143 13
140 148 124
140 149 131
140 152 33
140 154 37
140 155 71
140 168 85
140 170 56
140 173 158
140 175 6
140 177 112
140 181 12
140 200 129
141 144 113
141 153 103
141 157 70
141 161 85
141 168 63
141 181 58
141 186 152
141 188 14
141 196 21
142 149 18
142 153 77
142 159 142
142 172 127
142 175 138
142 178 139
142 180 95
142 188 28
142 193 153
143 144 115
143 149 79
143 156 68
143 158 149
143 170 77
143 173 6
143 177 128
143 190 139
143 194 156
143 198 65
143 200 114
144 145 81
144 152 8
144 164 12
144 172 119
144 174 36
144 179 146
144 189 18
144 192 86
144 193 116
144 195 24
144 196 22
145 152 81
145 158 64
145 170 56
145 174 131
145 176 32
145 177 6
145 178 137
145 179 103
145 183 105
145 194 153
145 195 6
145 197 16
146 155 138
146 162 125
146 170 100
146 171 38
146 177 116
146 178 94
146 179 119
146 180 6
146 184 103
146 190 107
146 194 65
147 151 35
147 153 24
147 154 67
147 155 99
147 158 123
147 160 2
147 163 154
147 167 61
147 174 159
147 182 24
147 183 31
147 184 36
147 191 108
147 197 94
147 199 85
148 150 86
148 152 158
148 160 99
148 164 144
148 171 136
148 178 14
148 179 110
148 181 45
148 187 126
148 188 96
148 194 50
149 168 138
149 174 160
149 185 159
150 156 72
150 162 93
150 164 48
150 171 70
150 173 71
150 175 85
150 191 143
150 194 8
150 195 9
150 198 101
150 200 120
151 156 80
151 157 6
151 166 95
151 167 21
151 170 64
151 179 39
151 185 59
151 187 89
152 159 65
152 164 127
152 167 37
152 173 158
152 182 105
152 189 91
153 155 26
153 157 60
153 162 35
153 175 41
153 177 106
153 178 20
153 180 110
153 184 143
153 186 8
153 187 132
154 156 113
154 160 115
154 163 31
154 167 154
154 173 137
154 180 132
154 183 128
154 185 69
154 187 56
155 156 72
155 161 53
155 162 96
155 163 122
155 175 10
155 176 45
155 178 81
155 179 156
155 181 58
155 187 100
155 191 29
155 192 43
155 198 111
155 200 56
156 157 106
156 160 56
156 165 132
156 169 85
156 170 82
156 177 135
156 180 37
156 181 143
156 182 159
156 187 52
156 189 40
156 190 100
157 163 49
157 168 143
157 171 78
157 178 160
157 184 107
157 198 73
158 162 92
158 163 89
158 173 62
158 181 141
158 182 150
158 185 158
158 186 36
158 193 83
158 194 153
159 160 21
159 162 57
159 166 9
159 167 57
159 173 80
159 175 124
159 178 124
159 182 128
159 185 116
159 191 37
159 196 136
159 198 1
160 162 35
160 172 133
160 177 122
160 179 24
160 183 144
160 192 104
161 166 146
161 168 102
161 177 24
161 189 114
161 199 115
162 164 8
162 165 107
162 173 140
162 181 148
162 184 101
162 196 73
163 164 94
163 165 159
163 178 56
163 179 37
163 189 106
163 192 131
163 199 82
164 177 78
164 193 90
164 194 135
164 198 4
165 166 124
165 175 56
165 177 28
165 181 115
165 194 25
165 198 138
165 200 130
166 176 127
166 184 111
166 188 25
166 192 121
166 194 62
167 171 155
167 178 155
167 181 81
167 184 32
167 185 1
167 188 131
167 189 84
168 172 77
168 173 158
168 174 106
168 178 63
168 184 133
168 185 35
168 195 78
169 171 150
169 175 40
169 176 9
169 177 131
169 198 17
170 182 76
170 190 109
170 192 133
170 196 17
170 198 62
170 199 99
171 183 60
171 191 124
171 196 43
171 197 94
172 174 84
172 175 123
172 177 81
172 178 120
172 182 60
172 187 23
172 188 7
172 191 105
172 199 22
173 175 115
173 177 84
173 178 122
173 188 8
173 193 124
174 181 9
174 189 82
174 193 126
174 194 124
174 198 118
174 200 146
175 176 127
175 178 57
175 188 122
175 197 77
175 200 136
176 179 101
176 182 114
176 188 16
176 190 72
176 193 107
177 184 152
177 187 44
177 194 5
177 197 114
178 192 119
178 195 158
178 199 76
179 180 141
179 185 8
179 194 117
179 196 82
179 199 95
180 192 76
181 187 116
181 196 116
181 199 133
181 200 159
182 186 142
182 187 99
182 195 80
182 198 74
184 189 110
184 191 118
184 192 89
184 197 4
185 191 79
185 195 86
186 188 112
186 189 86
186 191 105
187 191 157
187 195 111
187 196 98
187 197 51
189 193 111
189 196 89
189 200 125
190 196 20
191 195 18
191 196 49
191 198 42
192 195 112
192 200 4
193 197 92
193 198 107
193 199 153
194 195 73
196 199 117
198 199 92
