200 8036
1 5 52
1 7 43
1 10 19
1 14 14
1 17 53
1 21 51
1 27 49
1 29 70
1 33 15
1 35 24
1 39 9
1 40 60
1 41 29
1 42 39
1 43 66
1 44 50
1 54 42
1 56 3
1 57 19
1 59 40
1 63 30
1 64 5
1 65 58
1 67 54
1 69 45
1 72 12
1 73 28
1 78 37
1 82 44
1 84 75
1 85 41
1 86 7
1 87 16
1 90 70
1 93 62
1 94 73
1 96 68
1 98 37
1 101 9
1 102 80
1 103 52
1 109 46
1 110 33
1 111 77
1 112 25
1 114 19
1 115 26
1 119 55
1 121 46
1 123 27
1 124 42
1 125 14
1 127 26
1 128 38
1 130 66
1 135 7
1 136 2
1 139 35
1 146 19
1 150 40
1 151 66
1 153 55
1 156 77
1 157 12
1 159 50
1 160 2
1 163 65
1 165 78
1 167 77
1 170 12
1 175 62
1 179 56
1 180 9
1 190 68
1 191 5
1 200 26
2 3 22
2 5 40
2 6 12
2 9 18
2 11 74
2 16 19
2 17 13
2 19 38
2 23 5
2 26 13
2 27 36
2 29 24
2 30 78
2 32 54
2 33 12
2 34 68
2 35 39
2 36 39
2 38 21
2 41 27
2 42 50
2 44 6
2 45 64
2 47 17
2 48 12
2 49 17
2 50 61
2 53 36
2 56 11
2 59 36
2 60 77
2 61 80
2 62 21
2 63 34
2 67 66
2 68 78
2 69 32
2 73 43
2 77 25
2 81 29
2 84 67
2 86 32
2 91 60
2 92 76
2 93 9
2 95 35
2 97 51
2 100 5
2 106 43
2 107 39
2 110 74
2 111 60
2 112 76
2 114 7
2 117 4
2 120 71
2 124 47
2 127 16
2 128 27
2 131 13
2 138 20
2 145 16
2 146 3
2 155 56
2 156 48
2 160 51
2 161 12
2 163 69
2 170 31
2 173 48
2 177 24
2 184 1
2 185 8
2 189 72
2 192 4
2 193 42
2 194 47
2 196 57
3 4 33
3 5 22
3 8 59
3 12 25
3 13 1
3 14 24
3 15 23
3 16 33
3 17 61
3 18 48
3 20 26
3 21 63
3 24 15
3 28 15
3 29 12
3 31 50
3 32 8
3 39 16
3 41 9
3 43 72
3 45 27
3 52 30
3 53 50
3 59 43
3 63 22
3 66 67
3 71 28
3 72 72
3 73 51
3 74 43
3 76 59
3 77 53
3 78 67
3 79 80
3 81 54
3 84 77
3 85 25
3 86 53
3 88 2
3 90 17
3 92 32
3 95 23
3 98 62
3 99 26
3 100 50
3 101 79
3 102 27
3 103 73
3 106 22
3 108 56
3 109 25
3 110 43
3 114 60
3 115 28
3 116 43
3 118 42
3 119 28
3 120 42
3 121 42
3 122 2
3 123 23
3 126 42
3 127 33
3 129 66
3 135 63
3 136 30
3 137 56
3 138 62
3 139 37
3 153 43
3 164 37
3 167 27
3 170 79
3 174 34
3 175 33
3 187 38
3 191 70
3 194 22
3 195 40
3 197 70
4 5 58
4 6 16
4 8 67
4 9 26
4 10 45
4 15 16
4 16 9
4 19 70
4 25 73
4 26 4
4 29 46
4 32 47
4 34 52
4 36 49
4 37 74
4 38 6
4 40 54
4 41 50
4 42 73
4 43 50
4 44 14
4 45 70
4 50 64
4 51 29
4 53 49
4 54 15
4 55 63
4 62 77
4 65 66
4 66 37
4 69 27
4 70 80
4 71 18
4 72 58
4 74 49
4 75 28
4 77 3
4 80 3
4 81 31
4 82 1
4 84 46
4 89 39
4 99 63
4 106 31
4 108 60
4 109 15
4 110 4
4 115 36
4 116 67
4 118 58
4 120 68
4 121 7
4 124 25
4 126 59
4 127 50
4 128 17
4 130 51
4 135 38
4 139 78
4 140 47
4 141 74
4 145 4
4 147 68
4 148 36
4 149 53
4 150 53
4 151 79
4 155 64
4 160 16
4 161 37
4 177 27
4 181 43
4 183 56
4 185 44
4 186 45
4 189 23
4 192 76
4 193 27
4 195 15
4 196 70
4 198 10
4 200 68
5 8 42
5 9 59
5 12 63
5 15 54
5 17 23
5 20 15
5 21 11
5 24 39
5 26 67
5 27 51
5 28 48
5 32 41
5 34 70
5 37 39
5 38 47
5 42 42
5 43 74
5 44 7
5 46 17
5 47 15
5 48 48
5 51 26
5 52 45
5 53 46
5 55 19
5 57 29
5 60 1
5 61 63
5 65 39
5 66 46
5 70 13
5 75 67
5 77 52
5 82 41
5 83 54
5 84 27
5 85 79
5 87 77
5 92 64
5 98 5
5 100 78
5 101 21
5 105 72
5 107 28
5 114 38
5 115 43
5 118 34
5 121 18
5 123 16
5 127 79
5 128 54
5 129 25
5 133 77
5 139 55
5 142 77
5 143 57
5 144 45
5 145 15
5 148 50
5 149 71
5 155 33
5 156 48
5 157 74
5 159 13
5 162 3
5 164 64
5 167 19
5 168 36
5 169 51
5 171 22
5 172 22
5 175 21
5 177 15
5 178 31
5 179 45
5 180 2
5 185 64
5 186 39
5 187 8
5 189 75
5 190 1
5 195 49
5 200 74
6 9 60
6 10 79
6 11 64
6 12 32
6 13 52
6 15 37
6 17 53
6 18 11
6 19 65
6 20 60
6 29 30
6 30 20
6 34 42
6 35 53
6 37 35
6 38 39
6 41 36
6 43 17
6 46 9
6 48 36
6 50 17
6 52 70
6 53 20
6 54 45
6 59 67
6 62 3
6 63 35
6 65 10
6 70 26
6 73 44
6 82 4
6 88 58
6 89 32
6 91 56
6 92 34
6 93 12
6 95 24
6 96 31
6 101 20
6 104 16
6 105 29
6 108 75
6 113 9
6 114 47
6 119 30
6 120 4
6 124 25
6 131 39
6 133 56
6 137 44
6 138 58
6 139 74
6 141 60
6 142 58
6 143 66
6 144 44
6 145 59
6 148 6
6 151 22
6 152 12
6 155 21
6 157 55
6 159 7
6 161 15
6 162 79
6 163 28
6 164 57
6 166 22
6 168 7
6 170 56
6 171 77
6 179 22
6 188 46
6 189 9
6 191 32
6 195 2
6 197 54
6 199 80
7 8 53
7 9 27
7 12 41
7 13 54
7 14 8
7 16 42
7 17 67
7 19 47
7 20 49
7 22 61
7 23 37
7 24 36
7 31 63
7 32 50
7 33 1
7 35 2
7 38 26
7 39 80
7 40 41
7 42 40
7 45 60
7 48 11
7 51 63
7 52 4
7 54 40
7 56 12
7 57 8
7 58 25
7 60 74
7 61 40
7 62 50
7 63 64
7 69 8
7 70 7
7 72 12
7 76 11
7 77 42
7 78 29
7 81 31
7 84 7
7 85 48
7 86 61
7 88 26
7 95 73
7 96 55
7 101 16
7 102 78
7 103 2
7 105 53
7 110 58
7 111 6
7 113 58
7 115 28
7 116 66
7 119 57
7 139 26
7 142 61
7 143 20
7 147 65
7 149 63
7 150 79
7 151 22
7 152 18
7 153 62
7 155 14
7 158 40
7 163 76
7 166 34
7 169 66
7 171 38
7 173 77
7 175 19
7 182 29
7 183 10
7 185 15
7 186 46
7 187 30
7 191 3
7 193 22
7 195 58
7 198 22
7 199 20
8 13 45
8 14 46
8 16 33
8 19 56
8 25 16
8 31 77
8 38 72
8 40 47
8 41 72
8 44 51
8 45 36
8 46 38
8 47 18
8 48 26
8 49 60
8 52 77
8 56 50
8 59 42
8 64 43
8 65 68
8 67 1
8 70 27
8 72 34
8 73 56
8 74 9
8 77 60
8 78 10
8 79 74
8 82 52
8 83 70
8 84 14
8 86 51
8 89 49
8 91 79
8 92 66
8 93 75
8 94 51
8 97 51
8 98 55
8 104 48
8 107 61
8 112 53
8 114 67
8 115 78
8 116 44
8 117 26
8 118 1
8 122 26
8 123 49
8 124 59
8 125 49
8 127 50
8 130 61
8 133 56
8 134 80
8 136 39
8 137 35
8 140 58
8 142 40
8 144 14
8 145 41
8 148 9
8 151 57
8 157 7
8 158 60
8 162 12
8 163 24
8 165 17
8 167 63
8 170 44
8 171 77
8 175 70
8 176 39
8 177 7
8 178 49
8 181 61
8 182 12
8 184 56
8 186 1
8 187 56
8 188 21
8 189 43
8 192 65
8 199 61
8 200 64
9 11 58
9 14 15
9 17 23
9 20 66
9 22 79
9 24 19
9 27 79
9 29 7
9 31 65
9 35 50
9 38 73
9 41 80
9 42 74
9 43 21
9 44 34
9 46 17
9 47 24
9 49 68
9 54 66
9 58 6
9 59 65
9 60 73
9 62 40
9 66 75
9 67 15
9 70 52
9 72 77
9 74 18
9 78 35
9 79 66
9 80 74
9 84 43
9 85 68
9 86 17
9 87 48
9 95 60
9 102 63
9 103 53
9 104 29
9 107 39
9 109 33
9 112 53
9 116 70
9 120 52
9 122 26
9 135 16
9 138 69
9 139 35
9 141 51
9 142 15
9 148 14
9 152 38
9 155 31
9 157 67
9 159 10
9 167 55
9 168 69
9 170 11
9 172 52
9 175 38
9 176 40
9 181 77
9 182 54
9 186 49
9 189 68
9 192 31
9 193 80
9 195 40
9 196 61
9 199 39
10 12 14
10 13 80
10 15 4
10 16 67
10 17 12
10 21 49
10 24 80
10 25 37
10 30 8
10 33 45
10 34 7
10 36 52
10 43 17
10 44 5
10 45 5
10 46 57
10 49 11
10 53 61
10 54 12
10 57 37
10 58 38
10 60 11
10 68 59
10 69 44
10 73 6
10 74 77
10 80 44
10 81 20
10 82 7
10 83 38
10 84 47
10 89 14
10 91 61
10 92 39
10 94 33
10 97 14
10 99 71
10 102 27
10 103 24
10 106 30
10 107 5
10 109 33
10 116 61
10 117 8
10 118 42
10 119 21
10 120 65
10 121 9
10 124 23
10 125 55
10 139 72
10 141 70
10 142 33
10 143 54
10 144 9
10 145 40
10 154 15
10 155 49
10 157 54
10 158 14
10 160 23
10 161 67
10 164 3
10 166 18
10 167 47
10 169 22
10 171 2
10 172 29
10 173 1
10 174 18
10 177 4
10 178 46
10 182 22
10 184 22
10 189 72
10 195 37
10 196 13
10 200 2
11 12 71
11 13 64
11 14 12
11 16 4
11 20 7
11 21 72
11 22 6
11 25 74
11 27 41
11 32 11
11 36 46
11 37 17
11 41 17
11 43 19
11 44 43
11 48 15
11 50 1
11 51 20
11 52 8
11 59 9
11 64 45
11 67 66
11 69 8
11 71 55
11 74 39
11 78 41
11 79 48
11 80 53
11 85 78
11 91 3
11 94 74
11 96 71
11 97 21
11 99 66
11 103 71
11 107 35
11 111 27
11 118 10
11 119 61
11 120 26
11 125 17
11 127 53
11 132 33
11 138 7
11 141 52
11 142 11
11 144 62
11 146 31
11 152 38
11 156 47
11 157 78
11 158 46
11 159 66
11 162 12
11 165 43
11 169 62
11 170 45
11 171 75
11 172 30
11 175 19
11 177 20
11 178 78
11 179 17
11 180 33
11 181 43
11 187 24
11 192 21
11 194 28
11 195 42
11 196 79
11 199 12
11 200 13
12 13 56
12 22 34
12 23 11
12 24 72
12 25 12
12 27 42
12 29 72
12 30 75
12 32 53
12 34 36
12 35 50
12 37 7
12 43 76
12 45 36
12 46 4
12 47 22
12 48 63
12 51 23
12 55 25
12 62 79
12 64 52
12 67 3
12 71 66
12 73 53
12 75 73
12 77 18
12 78 59
12 79 61
12 81 12
12 82 65
12 83 6
12 84 33
12 89 43
12 93 10
12 94 15
12 95 9
12 97 8
12 99 18
12 107 13
12 110 57
12 112 2
12 116 62
12 122 6
12 125 57
12 127 25
12 128 26
12 130 42
12 131 60
12 133 22
12 135 42
12 136 32
12 137 5
12 139 16
12 144 11
12 145 34
12 146 76
12 150 40
12 152 59
12 155 39
12 158 76
12 159 7
12 161 9
12 163 57
12 171 67
12 174 39
12 176 28
12 178 76
12 183 27
12 185 1
12 187 46
12 195 43
12 197 11
13 18 23
13 19 67
13 23 13
13 26 33
13 27 51
13 28 59
13 32 69
13 33 59
13 47 16
13 52 21
13 56 53
13 57 42
13 63 26
13 64 5
13 65 43
13 67 6
13 69 25
13 72 55
13 75 35
13 78 56
13 79 45
13 85 61
13 91 37
13 94 16
13 96 15
13 97 73
13 100 18
13 102 24
13 103 51
13 104 23
13 105 8
13 108 80
13 109 35
13 113 75
13 116 4
13 119 37
13 120 6
13 125 50
13 128 70
13 129 7
13 131 19
13 132 41
13 134 31
13 139 80
13 140 61
13 141 51
13 146 60
13 148 22
13 151 50
13 155 44
13 159 62
13 162 79
13 165 29
13 167 75
13 168 2
13 169 35
13 174 18
13 177 58
13 180 46
13 183 79
13 184 16
13 186 57
13 193 43
13 194 76
13 196 34
13 198 44
13 199 8
14 16 1
14 22 13
14 24 30
14 28 63
14 33 40
14 34 20
14 35 47
14 38 8
14 40 67
14 41 8
14 45 77
14 47 1
14 49 23
14 52 12
14 58 78
14 59 51
14 60 42
14 65 38
14 66 13
14 67 70
14 68 16
14 74 12
14 79 55
14 82 1
14 90 17
14 92 4
14 93 64
14 94 74
14 96 33
14 100 23
14 102 63
14 104 5
14 106 7
14 107 19
14 108 40
14 112 56
14 114 21
14 115 77
14 118 28
14 119 57
14 121 65
14 122 45
14 124 65
14 125 28
14 127 71
14 129 5
14 134 2
14 135 21
14 139 19
14 141 34
14 144 7
14 145 5
14 146 40
14 151 13
14 153 26
14 155 73
14 157 63
14 161 41
14 162 27
14 163 48
14 164 66
14 165 1
14 166 33
14 169 68
14 171 59
14 178 28
14 180 60
14 181 7
14 183 58
14 185 38
14 188 19
14 189 70
15 16 68
15 17 63
15 18 21
15 24 55
15 27 14
15 31 71
15 32 18
15 42 77
15 43 58
15 47 76
15 49 56
15 50 29
15 51 39
15 56 41
15 58 67
15 59 38
15 60 65
15 62 65
15 67 76
15 69 1
15 70 20
15 73 59
15 74 38
15 75 21
15 78 46
15 82 27
15 85 77
15 86 53
15 87 5
15 88 35
15 91 38
15 97 41
15 100 26
15 103 33
15 104 12
15 108 76
15 110 52
15 111 48
15 113 29
15 114 52
15 116 59
15 120 1
15 123 78
15 126 73
15 127 34
15 131 19
15 137 50
15 139 58
15 140 19
15 141 12
15 143 73
15 144 45
15 156 79
15 157 76
15 158 14
15 159 11
15 160 51
15 161 72
15 164 52
15 167 69
15 172 57
15 177 43
15 178 20
15 179 79
15 183 15
15 186 60
15 188 43
15 189 76
15 195 56
15 199 46
16 17 35
16 18 58
16 21 68
16 22 55
16 26 9
16 36 21
16 39 42
16 42 75
16 43 22
16 44 49
16 45 37
16 48 65
16 49 65
16 51 44
16 53 51
16 55 32
16 56 80
16 58 46
16 60 16
16 64 26
16 71 40
16 75 54
16 76 70
16 78 8
16 83 47
16 84 8
16 86 39
16 89 47
16 90 17
16 91 40
16 92 60
16 95 43
16 100 31
16 102 6
16 104 40
16 105 4
16 109 2
16 110 55
16 111 64
16 113 12
16 117 40
16 119 52
16 120 55
16 124 22
16 127 16
16 130 25
16 131 42
16 132 79
16 133 77
16 134 55
16 135 18
16 136 64
16 138 40
16 139 28
16 144 5
16 145 39
16 146 2
16 148 29
16 150 69
16 151 67
16 154 62
16 161 35
16 165 46
16 166 34
16 168 44
16 170 13
16 171 41
16 174 76
16 176 40
16 178 16
16 179 49
16 180 61
16 181 18
16 182 67
16 183 58
16 186 52
16 188 16
16 190 29
16 195 59
16 197 12
16 200 10
17 19 50
17 21 6
17 24 31
17 28 22
17 30 26
17 33 23
17 34 26
17 46 17
17 49 51
17 50 42
17 51 32
17 52 15
17 54 79
17 55 13
17 57 14
17 59 18
17 61 10
17 62 71
17 64 77
17 65 19
17 66 72
17 69 67
17 71 73
17 72 13
17 73 35
17 74 3
17 76 43
17 79 37
17 81 56
17 84 64
17 87 77
17 94 6
17 95 43
17 97 57
17 98 30
17 99 28
17 100 51
17 101 20
17 102 52
17 106 29
17 109 33
17 110 73
17 112 55
17 113 49
17 115 19
17 118 33
17 121 56
17 122 10
17 123 80
17 125 40
17 126 76
17 128 42
17 131 12
17 132 74
17 134 6
17 138 16
17 140 5
17 145 58
17 146 12
17 152 12
17 153 4
17 155 18
17 157 63
17 162 45
17 163 61
17 164 41
17 165 55
17 166 13
17 170 39
17 173 66
17 176 62
17 179 31
17 186 52
17 188 22
17 189 14
17 190 77
17 191 45
17 193 72
17 195 75
17 199 26
18 20 65
18 21 47
18 25 16
18 27 3
18 30 66
18 33 30
18 35 61
18 36 57
18 40 78
18 41 4
18 42 15
18 46 47
18 53 73
18 61 74
18 64 36
18 65 39
18 67 1
18 68 67
18 73 30
18 76 33
18 79 80
18 80 73
18 84 72
18 88 44
18 91 46
18 94 6
18 99 59
18 102 34
18 105 28
18 106 41
18 110 43
18 112 54
18 116 69
18 119 25
18 123 48
18 126 47
18 129 48
18 134 12
18 135 79
18 138 49
18 140 58
18 142 43
18 145 43
18 151 52
18 155 51
18 157 47
18 158 51
18 162 59
18 166 1
18 169 8
18 172 10
18 173 9
18 175 80
18 176 62
18 177 60
18 178 24
18 179 73
18 180 53
18 187 49
18 191 7
18 193 44
18 194 22
18 195 73
18 199 62
18 200 1
19 21 61
19 24 23
19 25 74
19 26 62
19 27 53
19 30 3
19 33 47
19 36 29
19 38 40
19 40 56
19 41 44
19 43 72
19 46 65
19 48 5
19 50 10
19 52 49
19 53 13
19 54 50
19 57 24
19 58 22
19 59 48
19 66 54
19 72 51
19 74 46
19 76 68
19 80 7
19 81 16
19 84 48
19 85 53
19 88 48
19 89 51
19 90 17
19 91 6
19 92 34
19 93 43
19 94 80
19 95 20
19 96 14
19 99 49
19 103 73
19 104 20
19 106 66
19 107 17
19 110 70
19 114 7
19 116 43
19 117 13
19 119 47
19 120 66
19 121 63
19 123 14
19 125 67
19 128 2
19 134 76
19 135 27
19 140 33
19 154 44
19 155 78
19 157 35
19 164 8
19 168 52
19 172 35
19 177 35
19 178 72
19 180 31
19 183 23
19 185 39
19 186 72
19 188 12
19 190 3
19 191 79
19 192 66
19 195 70
19 197 24
19 199 51
19 200 64
20 24 59
20 27 10
20 28 30
20 29 28
20 31 80
20 33 39
20 35 28
20 38 47
20 39 17
20 41 48
20 42 56
20 43 30
20 45 41
20 46 6
20 47 54
20 48 77
20 51 57
20 52 63
20 53 45
20 54 38
20 63 12
20 64 19
20 65 56
20 69 11
20 70 39
20 71 80
20 73 65
20 75 31
20 76 20
20 77 80
20 78 41
20 81 42
20 82 9
20 85 14
20 88 2
20 90 42
20 91 74
20 92 51
20 93 62
20 94 17
20 105 3
20 107 58
20 108 44
20 112 69
20 115 42
20 116 12
20 120 66
20 121 20
20 125 13
20 127 69
20 129 5
20 130 25
20 134 6
20 142 52
20 144 17
20 146 76
20 148 48
20 149 12
20 153 64
20 154 64
20 155 52
20 156 9
20 158 75
20 159 43
20 163 54
20 165 20
20 167 16
20 168 55
20 173 14
20 181 49
20 182 58
20 185 66
20 187 65
20 191 18
20 192 19
20 193 55
20 195 53
20 198 38
20 200 21
21 23 24
21 26 60
21 27 29
21 28 67
21 31 13
21 34 38
21 35 56
21 36 78
21 40 15
21 42 57
21 43 28
21 47 58
21 49 20
21 50 53
21 51 77
21 53 12
21 54 60
21 56 9
21 57 1
21 59 18
21 60 42
21 62 39
21 64 15
21 65 16
21 71 79
21 72 44
21 77 46
21 78 45
21 82 24
21 83 55
21 85 77
21 86 29
21 88 11
21 89 12
21 90 27
21 95 48
21 96 13
21 98 72
21 99 62
21 104 4
21 105 38
21 120 23
21 124 31
21 127 42
21 130 16
21 133 42
21 134 9
21 135 77
21 138 69
21 140 32
21 143 53
21 144 67
21 146 3
21 147 68
21 150 42
21 151 72
21 152 44
21 154 27
21 157 43
21 160 73
21 162 22
21 166 80
21 167 34
21 169 69
21 170 22
21 171 47
21 174 36
21 177 59
21 178 48
21 181 23
21 182 49
21 187 49
21 191 10
21 192 78
21 196 27
22 23 17
22 27 58
22 31 56
22 33 25
22 36 42
22 38 6
22 39 79
22 42 12
22 43 71
22 47 39
22 51 62
22 53 24
22 56 76
22 60 50
22 63 32
22 65 41
22 67 54
22 70 1
22 71 11
22 72 2
22 74 64
22 76 44
22 77 24
22 81 60
22 83 36
22 84 13
22 85 56
22 87 13
22 92 33
22 93 49
22 94 36
22 99 23
22 100 32
22 102 58
22 103 18
22 104 15
22 108 13
22 109 15
22 111 46
22 113 57
22 115 77
22 116 52
22 118 39
22 121 27
22 125 51
22 130 76
22 131 19
22 133 41
22 138 7
22 139 57
22 142 49
22 144 3
22 147 32
22 148 25
22 150 40
22 151 44
22 156 18
22 158 48
22 160 69
22 162 11
22 163 10
22 170 73
22 171 23
22 172 24
22 174 32
22 179 27
22 180 38
22 181 19
22 183 7
22 184 49
22 185 78
22 188 71
22 192 67
22 193 61
22 195 48
22 196 77
22 198 22
22 199 52
23 24 64
23 26 75
23 29 44
23 31 7
23 34 17
23 36 70
23 37 6
23 41 71
23 45 73
23 47 78
23 50 23
23 55 52
23 56 23
23 57 38
23 58 43
23 64 15
23 66 72
23 68 36
23 69 12
23 71 45
23 74 14
23 75 47
23 76 75
23 78 26
23 79 58
23 81 35
23 82 38
23 83 60
23 87 20
23 88 78
23 98 33
23 99 26
23 101 57
23 108 20
23 109 6
23 111 62
23 112 32
23 113 76
23 118 32
23 119 16
23 122 72
23 123 51
23 126 29
23 129 1
23 134 60
23 135 46
23 137 3
23 138 70
23 140 66
23 141 27
23 144 24
23 146 69
23 148 47
23 151 3
23 153 10
23 154 18
23 156 7
23 157 78
23 160 61
23 164 31
23 174 73
23 175 37
23 176 39
23 178 23
23 180 61
23 182 48
23 185 15
23 188 74
23 193 76
23 196 25
23 200 42
24 25 30
24 27 39
24 29 25
24 37 65
24 39 3
24 40 80
24 41 68
24 42 15
24 43 69
24 45 10
24 50 26
24 51 63
24 53 54
24 55 50
24 56 53
24 57 63
24 60 47
24 62 61
24 63 5
24 70 9
24 71 52
24 74 71
24 75 40
24 76 70
24 78 68
24 79 40
24 83 2
24 94 12
24 95 17
24 97 32
24 98 38
24 99 13
24 100 69
24 101 78
24 102 48
24 103 49
24 104 59
24 106 45
24 110 27
24 113 19
24 114 51
24 115 42
24 117 29
24 119 17
24 120 78
24 121 1
24 122 52
24 127 15
24 130 4
24 133 54
24 134 7
24 135 75
24 136 67
24 139 55
24 142 43
24 143 44
24 145 37
24 147 62
24 148 35
24 149 41
24 151 3
24 152 36
24 153 60
24 155 62
24 159 37
24 163 12
24 167 12
24 169 23
24 175 54
24 177 17
24 180 48
24 182 30
24 184 44
24 185 40
24 188 22
24 189 16
24 191 56
24 195 78
25 26 67
25 29 24
25 30 20
25 33 17
25 36 46
25 37 9
25 38 60
25 42 9
25 50 19
25 51 12
25 52 8
25 53 25
25 54 77
25 55 74
25 62 80
25 67 60
25 69 22
25 70 60
25 73 16
25 74 57
25 78 21
25 80 32
25 81 9
25 85 33
25 87 31
25 88 10
25 90 72
25 96 61
25 97 24
25 101 47
25 102 53
25 105 60
25 121 51
25 122 56
25 125 6
25 127 31
25 128 75
25 130 72
25 131 38
25 134 27
25 135 67
25 136 24
25 140 23
25 141 65
25 142 71
25 144 45
25 145 41
25 148 79
25 149 43
25 153 28
25 154 23
25 158 24
25 161 66
25 164 9
25 165 36
25 167 79
25 169 40
25 173 17
25 174 37
25 175 25
25 176 80
25 178 22
25 179 18
25 180 38
25 181 70
25 183 71
25 186 4
25 187 65
25 188 65
25 195 22
25 197 36
26 27 34
26 28 25
26 30 68
26 32 51
26 34 52
26 35 34
26 37 30
26 40 2
26 42 79
26 55 69
26 63 54
26 64 5
26 65 30
26 66 46
26 70 27
26 71 43
26 73 75
26 75 10
26 76 71
26 81 75
26 83 37
26 84 20
26 85 5
26 87 53
26 94 23
26 95 23
26 100 68
26 102 77
26 103 65
26 104 25
26 105 12
26 106 67
26 108 57
26 110 55
26 112 14
26 114 71
26 115 26
26 116 46
26 118 71
26 119 49
26 120 12
26 121 63
26 122 5
26 123 3
26 124 71
26 126 51
26 127 62
26 129 43
26 130 4
26 131 40
26 132 6
26 135 30
26 136 11
26 143 4
26 148 15
26 149 20
26 151 7
26 152 58
26 156 5
26 157 15
26 158 65
26 161 1
26 163 50
26 164 67
26 167 64
26 169 13
26 171 77
26 174 19
26 176 18
26 178 76
26 180 19
26 181 32
26 182 70
26 194 3
26 197 49
27 31 50
27 32 71
27 36 9
27 39 38
27 44 69
27 46 17
27 48 75
27 49 69
27 50 8
27 51 60
27 52 4
27 57 44
27 58 13
27 61 5
27 64 20
27 65 16
27 66 55
27 68 63
27 72 40
27 75 43
27 78 77
27 82 2
27 85 65
27 86 63
27 87 48
27 88 80
27 89 59
27 91 79
27 93 76
27 96 19
27 97 39
27 98 9
27 99 18
27 101 17
27 103 59
27 105 42
27 106 32
27 108 15
27 109 76
27 114 4
27 115 19
27 117 56
27 123 28
27 124 52
27 128 48
27 130 45
27 132 54
27 135 63
27 139 27
27 140 4
27 141 13
27 147 56
27 150 59
27 151 32
27 153 25
27 161 42
27 170 74
27 174 74
27 176 30
27 178 19
27 179 71
27 180 42
27 181 14
27 182 15
27 186 73
27 187 78
27 194 69
27 197 43
27 200 57
28 33 35
28 34 15
28 35 40
28 36 33
28 40 21
28 46 17
28 47 38
28 50 2
28 51 22
28 54 14
28 56 79
28 57 67
28 61 48
28 62 7
28 65 29
28 68 74
28 70 71
28 71 66
28 73 7
28 74 48
28 77 6
28 78 69
28 86 57
28 91 67
28 92 76
28 94 57
28 99 78
28 100 49
28 101 54
28 102 9
28 114 66
28 116 4
28 120 6
28 123 62
28 125 4
28 127 17
28 129 75
28 132 33
28 137 29
28 138 29
28 139 38
28 140 22
28 141 27
28 146 23
28 147 9
28 150 48
28 151 18
28 152 11
28 153 49
28 155 31
28 156 36
28 158 30
28 160 2
28 161 51
28 162 39
28 164 24
28 168 54
28 170 57
28 173 44
28 174 65
28 176 68
28 177 59
28 178 45
28 179 74
28 181 75
28 182 66
28 184 46
28 187 64
28 189 11
28 190 44
28 193 15
28 196 48
28 200 36
29 30 59
29 31 4
29 33 62
29 34 37
29 35 12
29 38 41
29 43 14
29 44 66
29 46 70
29 48 61
29 53 40
29 56 6
29 59 11
29 65 30
29 67 51
29 68 75
29 70 21
29 73 11
29 76 63
29 81 45
29 82 71
29 83 59
29 84 39
29 85 12
29 86 61
29 91 36
29 95 25
29 96 10
29 98 74
29 99 27
29 101 32
29 105 24
29 106 67
29 107 32
29 112 2
29 114 25
29 115 75
29 116 16
29 117 67
29 118 6
29 119 33
29 124 24
29 129 36
29 131 15
29 132 27
29 134 63
29 135 26
29 137 80
29 138 16
29 139 28
29 141 7
29 142 44
29 145 45
29 147 68
29 148 80
29 151 17
29 153 50
29 161 72
29 167 38
29 174 75
29 175 53
29 181 66
29 183 10
29 187 63
29 189 52
29 190 15
29 195 10
29 199 53
29 200 73
30 32 37
30 35 40
30 36 32
30 38 43
30 42 35
30 43 51
30 45 43
30 46 29
30 54 24
30 56 23
30 58 68
30 61 75
30 64 50
30 65 46
30 69 17
30 70 30
30 76 5
30 77 61
30 78 74
30 80 48
30 81 45
30 82 1
30 89 75
30 92 46
30 97 73
30 98 72
30 102 74
30 105 69
30 107 69
30 109 53
30 114 80
30 117 79
30 119 67
30 120 5
30 122 22
30 123 35
30 125 32
30 126 59
30 129 55
30 131 6
30 132 75
30 133 1
30 136 78
30 142 1
30 143 14
30 144 44
30 146 32
30 148 48
30 149 33
30 153 19
30 154 44
30 155 28
30 156 12
30 157 12
30 161 53
30 162 37
30 168 26
30 175 51
30 183 49
30 186 65
30 188 36
30 190 15
30 192 6
30 194 77
30 195 39
30 198 67
30 199 73
31 32 14
31 36 79
31 40 70
31 41 12
31 45 68
31 47 68
31 50 72
31 52 54
31 55 63
31 57 72
31 65 36
31 72 72
31 77 30
31 80 31
31 81 3
31 83 27
31 84 40
31 85 40
31 86 18
31 87 53
31 88 41
31 92 4
31 93 55
31 94 58
31 97 71
31 98 71
31 102 42
31 103 5
31 109 37
31 111 35
31 114 30
31 118 38
31 119 64
31 120 17
31 121 37
31 122 13
31 134 49
31 135 79
31 140 50
31 141 30
31 142 34
31 143 32
31 161 74
31 165 21
31 170 80
31 171 42
31 172 30
31 173 4
31 176 73
31 178 31
31 185 65
31 186 24
31 187 71
31 188 28
31 189 54
31 192 57
31 193 19
31 194 70
31 195 69
31 196 48
31 200 3
32 33 51
32 34 29
32 37 44
32 38 67
32 39 28
32 40 70
32 43 59
32 52 3
32 55 9
32 58 45
32 60 10
32 69 56
32 70 72
32 72 41
32 73 17
32 74 45
32 78 74
32 81 23
32 86 58
32 91 68
32 95 30
32 96 17
32 101 21
32 105 2
32 107 60
32 108 21
32 116 38
32 118 70
32 122 14
32 125 25
32 127 76
32 129 52
32 131 78
32 133 53
32 136 4
32 138 56
32 141 2
32 142 51
32 143 43
32 148 80
32 159 14
32 160 43
32 161 14
32 162 45
32 163 34
32 166 18
32 168 53
32 170 2
32 173 60
32 178 54
32 179 67
32 180 48
32 182 37
32 183 41
32 184 80
32 186 72
32 187 55
32 190 11
32 193 49
32 196 15
32 197 72
32 198 14
32 199 14
33 37 3
33 39 46
33 41 33
33 42 19
33 49 46
33 50 1
33 51 77
33 52 48
33 63 28
33 65 57
33 66 66
33 69 29
33 70 16
33 76 3
33 78 33
33 80 7
33 85 38
33 86 49
33 87 76
33 89 14
33 96 57
33 97 48
33 99 63
33 100 71
33 102 5
33 103 16
33 104 38
33 106 49
33 107 59
33 113 2
33 114 18
33 115 68
33 120 36
33 124 17
33 126 16
33 128 77
33 130 74
33 131 60
33 134 27
33 135 22
33 141 64
33 143 20
33 144 75
33 146 61
33 147 16
33 149 24
33 152 18
33 155 61
33 158 46
33 159 56
33 160 30
33 163 41
33 166 37
33 167 69
33 168 79
33 169 54
33 173 1
33 174 64
33 175 31
33 180 51
33 182 60
33 183 42
33 184 11
33 185 15
33 186 1
33 189 19
33 191 61
33 192 22
33 194 23
33 198 67
33 199 43
34 37 78
34 39 73
34 41 3
34 48 24
34 49 6
34 50 4
34 52 13
34 53 13
34 57 9
34 58 26
34 60 77
34 62 35
34 66 66
34 70 36
34 71 67
34 73 52
34 80 41
34 82 32
34 91 4
34 92 31
34 93 53
34 94 70
34 98 68
34 100 35
34 103 57
34 107 75
34 109 3
34 110 35
34 112 75
34 114 40
34 119 28
34 122 7
34 133 65
34 134 40
34 135 42
34 137 29
34 140 16
34 141 70
34 144 28
34 146 54
34 147 2
34 150 28
34 152 16
34 154 79
34 156 59
34 158 14
34 161 4
34 166 18
34 167 8
34 168 57
34 171 71
34 174 25
34 180 53
34 182 60
34 186 24
34 187 5
34 190 23
34 191 3
34 192 60
34 193 58
34 194 65
34 195 27
34 197 28
34 200 57
35 38 61
35 39 25
35 44 11
35 45 9
35 50 80
35 51 27
35 52 35
35 56 52
35 57 29
35 59 66
35 64 24
35 72 74
35 75 8
35 82 45
35 86 64
35 90 8
35 91 46
35 93 36
35 97 17
35 99 11
35 102 68
35 104 58
35 106 17
35 109 21
35 118 16
35 121 43
35 122 4
35 123 50
35 127 22
35 128 38
35 129 77
35 130 16
35 132 70
35 134 18
35 136 40
35 139 31
35 140 55
35 142 20
35 148 16
35 150 58
35 157 1
35 161 29
35 162 13
35 163 32
35 165 53
35 170 3
35 171 59
35 172 8
35 173 79
35 174 62
35 178 13
35 180 36
35 184 54
35 185 76
35 187 8
35 189 52
35 192 33
35 193 35
35 195 65
35 196 45
35 200 52
36 37 77
36 39 72
36 41 10
36 42 13
36 44 20
36 48 31
36 50 63
36 52 26
36 53 68
36 63 52
36 66 49
36 68 50
36 71 17
36 74 18
36 76 26
36 77 53
36 79 51
36 82 59
36 87 67
36 89 10
36 91 65
36 93 52
36 95 75
36 96 11
36 100 18
36 101 61
36 103 50
36 107 71
36 108 5
36 110 2
36 113 26
36 114 80
36 116 15
36 118 67
36 121 48
36 122 71
36 123 28
36 134 53
36 135 24
36 136 62
36 138 14
36 142 39
36 145 35
36 146 27
36 149 47
36 150 2
36 156 20
36 162 57
36 164 79
36 166 44
36 174 61
36 179 11
36 183 62
36 185 55
36 188 26
36 190 5
36 192 66
36 193 18
36 195 53
37 38 63
37 41 65
37 43 62
37 49 52
37 57 22
37 61 15
37 64 1
37 66 56
37 67 2
37 68 22
37 69 9
37 70 74
37 71 26
37 72 42
37 74 57
37 75 9
37 76 15
37 77 54
37 78 23
37 81 70
37 82 60
37 85 68
37 95 13
37 97 23
37 98 9
37 99 32
37 100 21
37 102 28
37 105 5
37 109 43
37 111 24
37 113 69
37 114 30
37 118 22
37 123 69
37 125 43
37 126 50
37 127 25
37 129 21
37 130 73
37 133 54
37 139 12
37 140 62
37 141 74
37 143 58
37 144 65
37 146 73
37 148 20
37 150 74
37 151 8
37 153 69
37 154 33
37 155 39
37 156 50
37 160 24
37 165 69
37 167 46
37 172 45
37 173 40
37 180 72
37 188 39
37 189 56
37 192 43
37 194 24
37 195 62
37 199 27
37 200 6
38 41 48
38 42 15
38 46 79
38 49 47
38 52 1
38 54 44
38 55 76
38 56 37
38 58 53
38 62 69
38 64 19
38 67 57
38 68 16
38 70 15
38 71 25
38 73 72
38 77 53
38 79 6
38 80 72
38 81 77
38 82 5
38 85 14
38 92 42
38 95 4
38 99 66
38 104 26
38 109 30
38 110 24
38 113 34
38 116 47
38 117 46
38 122 10
38 124 58
38 126 53
38 128 35
38 129 19
38 130 56
38 131 24
38 137 34
38 146 12
38 150 71
38 154 21
38 156 11
38 159 41
38 160 77
38 161 32
38 162 38
38 164 58
38 166 47
38 167 22
38 169 47
38 170 20
38 171 60
38 172 30
38 173 77
38 175 51
38 177 8
38 179 67
38 180 55
38 181 43
38 185 11
38 190 29
38 191 44
38 195 31
38 196 75
38 197 73
39 40 77
39 46 66
39 47 66
39 50 67
39 53 64
39 55 66
39 58 66
39 59 61
39 64 43
39 65 65
39 67 31
39 68 16
39 69 23
39 73 24
39 74 50
39 76 39
39 78 30
39 79 12
39 80 19
39 81 72
39 86 77
39 87 67
39 88 71
39 93 3
39 98 17
39 100 52
39 102 41
39 104 30
39 106 18
39 109 31
39 111 4
39 115 25
39 117 69
39 118 34
39 121 44
39 128 73
39 130 6
39 131 74
39 132 24
39 134 62
39 140 44
39 142 44
39 143 80
39 146 43
39 148 72
39 149 40
39 150 65
39 151 79
39 154 43
39 155 71
39 157 14
39 158 12
39 159 32
39 161 17
39 174 8
39 178 4
39 180 47
39 184 65
39 186 4
39 187 62
39 188 54
39 191 74
39 192 16
39 197 63
39 198 10
39 199 71
39 200 31
40 43 44
40 46 26
40 47 67
40 48 64
40 49 67
40 50 8
40 58 80
40 64 42
40 66 37
40 70 55
40 74 77
40 84 48
40 86 11
40 88 22
40 92 59
40 96 79
40 97 53
40 99 30
40 100 43
40 102 17
40 104 26
40 105 44
40 106 17
40 107 13
40 109 24
40 111 51
40 112 22
40 114 14
40 116 59
40 118 15
40 120 44
40 122 52
40 125 40
40 126 56
40 132 46
40 133 22
40 134 80
40 136 79
40 139 77
40 140 52
40 141 27
40 142 31
40 144 56
40 145 7
40 147 49
40 151 12
40 152 13
40 153 12
40 154 12
40 157 69
40 158 21
40 159 54
40 162 6
40 166 35
40 167 21
40 170 32
40 171 58
40 172 76
40 175 50
40 176 1
40 179 59
40 181 20
40 182 35
40 183 9
40 187 78
40 190 49
40 191 7
40 192 41
40 197 5
41 47 63
41 48 51
41 51 43
41 52 22
41 55 54
41 63 33
41 64 35
41 68 76
41 69 51
41 71 78
41 72 1
41 73 40
41 75 36
41 76 73
41 79 45
41 95 23
41 98 41
41 99 51
41 102 75
41 106 39
41 111 66
41 113 55
41 115 26
41 116 28
41 117 29
41 119 64
41 124 73
41 125 44
41 126 7
41 128 7
41 129 27
41 130 22
41 131 6
41 133 74
41 134 76
41 135 16
41 144 63
41 145 67
41 146 13
41 147 56
41 150 32
41 155 3
41 156 57
41 159 69
41 161 41
41 163 5
41 168 54
41 172 29
41 174 17
41 175 66
41 178 7
41 184 70
41 185 40
41 186 49
41 187 1
41 193 46
41 195 4
41 196 54
41 198 27
41 200 28
42 47 80
42 49 78
42 50 56
42 53 59
42 57 56
42 58 34
42 62 37
42 64 73
42 66 48
42 71 31
42 72 43
42 73 51
42 79 17
42 82 80
42 84 56
42 86 65
42 88 38
42 91 25
42 93 23
42 94 31
42 95 9
42 98 72
42 101 31
42 102 41
42 104 36
42 106 80
42 107 52
42 108 77
42 110 36
42 113 66
42 117 63
42 119 6
42 123 63
42 124 28
42 129 7
42 135 30
42 136 6
42 139 15
42 140 58
42 142 77
42 144 46
42 145 74
42 147 14
42 148 37
42 155 51
42 159 7
42 163 8
42 164 51
42 171 74
42 172 63
42 174 5
42 176 46
42 180 77
42 181 41
42 182 40
42 184 35
42 190 4
42 192 37
42 194 32
42 195 42
42 197 47
42 198 49
42 199 6
42 200 23
43 45 74
43 46 39
43 48 44
43 52 19
43 53 35
43 55 23
43 57 22
43 59 2
43 60 59
43 62 18
43 68 59
43 69 78
43 73 68
43 74 46
43 76 8
43 77 11
43 78 77
43 81 54
43 83 38
43 85 34
43 90 9
43 91 23
43 92 52
43 93 15
43 94 67
43 95 74
43 96 70
43 98 11
43 99 36
43 105 29
43 106 38
43 115 32
43 116 74
43 118 22
43 123 27
43 124 78
43 127 63
43 128 38
43 131 74
43 132 2
43 134 51
43 137 13
43 142 63
43 143 53
43 147 71
43 149 32
43 153 58
43 156 14
43 158 75
43 163 6
43 166 12
43 167 16
43 168 10
43 169 31
43 171 22
43 173 46
43 177 50
43 178 25
43 179 30
43 180 11
43 189 34
43 193 11
43 194 7
43 196 24
43 198 19
44 45 9
44 46 28
44 47 32
44 48 50
44 51 36
44 52 43
44 53 14
44 56 73
44 57 37
44 59 59
44 62 10
44 65 65
44 66 20
44 67 15
44 69 2
44 70 20
44 79 25
44 82 1
44 83 66
44 84 32
44 87 18
44 89 75
44 90 63
44 93 4
44 94 1
44 95 15
44 96 45
44 99 26
44 101 72
44 102 33
44 106 32
44 109 32
44 110 28
44 111 16
44 112 6
44 113 5
44 124 69
44 127 71
44 129 23
44 130 26
44 133 4
44 143 44
44 150 27
44 152 67
44 156 3
44 157 62
44 158 69
44 159 60
44 160 16
44 161 55
44 163 36
44 166 59
44 167 55
44 169 71
44 172 38
44 179 47
44 180 25
44 182 54
44 185 63
44 187 26
44 188 68
44 189 22
44 191 29
44 192 58
45 46 34
45 48 29
45 51 4
45 54 77
45 56 27
45 57 76
45 58 28
45 60 43
45 62 44
45 71 7
45 74 41
45 75 74
45 76 18
45 77 66
45 78 77
45 79 58
45 80 77
45 82 74
45 88 2
45 90 54
45 94 68
45 98 75
45 99 50
45 101 50
45 103 14
45 105 69
45 107 20
45 108 1
45 114 45
45 116 64
45 117 33
45 119 12
45 121 20
45 124 46
45 126 67
45 128 27
45 129 1
45 131 46
45 132 12
45 133 34
45 134 68
45 137 49
45 140 53
45 141 53
45 146 54
45 149 19
45 153 48
45 154 58
45 155 59
45 158 70
45 159 36
45 160 46
45 164 22
45 171 8
45 173 47
45 174 78
45 175 13
45 178 6
45 179 73
45 181 32
45 183 51
45 184 38
45 186 14
45 188 36
45 194 2
45 196 36
45 197 1
45 198 36
46 47 29
46 49 62
46 50 26
46 52 12
46 53 9
46 57 40
46 58 62
46 61 72
46 67 25
46 68 16
46 69 77
46 74 54
46 77 10
46 79 40
46 82 28
46 83 49
46 84 39
46 85 22
46 88 76
46 89 70
46 91 34
46 93 26
46 95 70
46 96 73
46 97 8
46 101 58
46 109 10
46 110 59
46 112 17
46 114 24
46 115 27
46 117 7
46 118 59
46 119 49
46 120 70
46 122 64
46 123 5
46 127 25
46 128 21
46 131 33
46 134 15
46 135 29
46 139 2
46 140 9
46 141 73
46 142 61
46 144 69
46 147 15
46 148 31
46 149 28
46 150 77
46 151 5
46 152 35
46 153 64
46 155 60
46 161 18
46 163 4
46 164 40
46 165 80
46 169 66
46 170 52
46 172 43
46 173 14
46 176 58
46 177 22
46 179 28
46 184 15
46 191 21
46 192 71
46 196 23
46 197 55
46 198 58
46 199 10
46 200 78
47 48 13
47 50 7
47 51 7
47 53 74
47 58 53
47 59 59
47 64 46
47 68 1
47 69 24
47 72 80
47 77 70
47 80 69
47 81 73
47 83 77
47 84 67
47 95 27
47 96 22
47 98 12
47 104 3
47 105 57
47 109 45
47 111 16
47 112 23
47 114 13
47 117 52
47 119 20
47 120 1
47 122 28
47 125 18
47 127 26
47 130 9
47 131 32
47 135 70
47 140 33
47 141 21
47 146 53
47 147 62
47 148 75
47 149 77
47 151 33
47 152 31
47 153 3
47 154 67
47 160 21
47 161 70
47 163 18
47 165 67
47 166 54
47 167 41
47 168 45
47 169 58
47 170 53
47 172 51
47 173 55
47 175 76
47 177 54
47 178 39
47 180 78
47 181 63
47 182 51
47 183 48
47 187 33
47 189 51
47 192 31
47 199 21
48 49 42
48 53 76
48 55 1
48 56 42
48 61 36
48 65 17
48 67 27
48 70 13
48 71 76
48 73 62
48 75 65
48 77 52
48 78 80
48 81 63
48 85 72
48 87 22
48 88 14
48 90 40
48 91 39
48 92 9
48 93 26
48 94 68
48 95 29
48 96 63
48 104 9
48 108 21
48 111 56
48 112 10
48 116 55
48 119 41
48 121 4
48 122 14
48 125 74
48 126 16
48 129 2
48 135 71
48 136 22
48 137 79
48 138 15
48 139 58
48 140 61
48 142 64
48 145 54
48 147 28
48 150 36
48 151 25
48 154 75
48 156 35
48 161 15
48 162 48
48 165 10
48 166 57
48 167 19
48 168 59
48 171 61
48 172 53
48 173 57
48 177 23
48 183 58
48 187 27
48 189 26
48 192 63
48 194 67
48 196 74
48 197 72
48 198 1
48 199 48
48 200 60
49 54 5
49 58 16
49 60 48
49 62 28
49 67 27
49 68 16
49 73 45
49 76 10
49 79 76
49 81 34
49 83 37
49 87 39
49 91 10
49 92 43
49 95 69
49 97 38
49 99 53
49 101 70
49 105 33
49 108 33
49 120 53
49 123 3
49 124 37
49 125 29
49 130 8
49 131 30
49 136 25
49 138 43
49 140 31
49 141 39
49 142 53
49 143 39
49 150 42
49 153 44
49 154 38
49 155 6
49 157 52
49 160 11
49 161 26
49 163 79
49 166 47
49 168 21
49 169 8
49 170 21
49 171 35
49 173 26
49 176 42
49 177 2
49 179 10
49 182 14
49 183 60
49 187 50
49 188 19
49 191 23
49 192 20
49 194 77
49 195 30
49 197 31
49 199 56
50 51 28
50 54 31
50 55 78
50 56 49
50 61 73
50 63 70
50 70 9
50 72 8
50 74 10
50 76 12
50 79 24
50 80 29
50 82 19
50 84 73
50 85 40
50 86 72
50 87 3
50 89 24
50 92 48
50 97 47
50 100 41
50 103 33
50 105 62
50 109 32
50 110 76
50 112 44
50 117 46
50 118 45
50 120 15
50 121 42
50 128 43
50 129 56
50 130 24
50 131 67
50 133 53
50 134 57
50 136 19
50 137 68
50 138 28
50 140 54
50 141 34
50 142 59
50 143 80
50 144 8
50 147 1
50 148 58
50 153 18
50 154 18
50 155 38
50 162 62
50 163 28
50 165 27
50 169 38
50 170 19
50 173 26
50 176 47
50 178 4
50 182 63
50 185 62
50 186 4
50 187 27
50 188 27
50 189 20
50 192 77
50 199 36
51 53 18
51 54 4
51 55 66
51 57 37
51 58 48
51 59 63
51 60 8
51 62 6
51 64 46
51 66 9
51 68 32
51 70 69
51 72 20
51 73 63
51 76 21
51 77 40
51 82 74
51 86 24
51 90 23
51 92 76
51 94 37
51 95 6
51 97 12
51 99 31
51 104 32
51 106 19
51 109 55
51 113 12
51 116 35
51 120 57
51 122 39
51 126 46
51 131 63
51 135 33
51 136 24
51 146 38
51 149 54
51 152 3
51 157 47
51 159 69
51 160 9
51 163 11
51 164 50
51 165 30
51 167 63
51 175 16
51 176 53
51 189 63
51 193 20
51 196 40
51 198 16
51 200 50
52 64 63
52 67 74
52 71 33
52 73 57
52 75 58
52 77 58
52 79 50
52 81 31
52 82 30
52 85 18
52 87 77
52 89 34
52 92 11
52 94 43
52 96 47
52 99 79
52 101 49
52 102 32
52 104 63
52 106 15
52 113 15
52 115 29
52 116 42
52 117 76
52 118 78
52 121 30
52 123 61
52 130 51
52 131 15
52 142 55
52 143 22
52 146 14
52 147 12
52 148 19
52 150 31
52 151 37
52 155 67
52 156 59
52 163 17
52 172 1
52 173 15
52 180 30
52 181 68
52 183 69
52 189 46
52 190 41
52 191 2
52 192 76
52 199 69
53 55 13
53 56 57
53 57 71
53 60 14
53 61 44
53 63 1
53 64 52
53 68 65
53 71 76
53 72 42
53 74 21
53 76 50
53 77 16
53 79 50
53 80 48
53 82 79
53 90 17
53 91 73
53 96 5
53 98 4
53 101 60
53 102 56
53 104 68
53 108 67
53 110 33
53 111 49
53 112 65
53 115 66
53 116 37
53 119 52
53 120 46
53 123 29
53 125 10
53 126 47
53 129 17
53 133 12
53 134 66
53 137 61
53 138 57
53 139 80
53 142 41
53 143 26
53 144 51
53 146 5
53 147 44
53 149 79
53 150 58
53 151 5
53 154 55
53 155 44
53 156 27
53 158 74
53 161 25
53 163 35
53 164 80
53 165 5
53 169 21
53 171 54
53 174 58
53 175 38
53 179 22
53 181 59
53 182 59
53 184 53
53 186 58
53 187 38
53 190 3
53 192 70
53 195 50
53 199 1
53 200 36
54 59 56
54 60 63
54 61 49
54 64 61
54 66 17
54 67 72
54 70 46
54 71 60
54 76 57
54 78 4
54 79 45
54 82 25
54 89 71
54 91 79
54 93 48
54 95 27
54 98 21
54 100 7
54 104 69
54 106 75
54 110 55
54 111 76
54 113 56
54 114 49
54 116 77
54 118 76
54 119 38
54 120 34
54 121 30
54 124 66
54 126 24
54 128 50
54 130 67
54 133 66
54 136 18
54 138 58
54 141 61
54 142 58
54 146 44
54 147 45
54 150 12
54 152 37
54 153 40
54 154 70
54 155 57
54 156 67
54 157 48
54 161 21
54 163 22
54 166 52
54 167 48
54 170 1
54 176 72
54 177 27
54 178 2
54 179 47
54 186 37
54 188 61
54 190 40
54 192 33
54 194 51
54 196 70
54 199 74
54 200 59
55 59 79
55 61 14
55 62 1
55 69 65
55 70 52
55 76 31
55 79 45
55 85 68
55 86 77
55 88 62
55 89 26
55 93 57
55 97 74
55 99 69
55 105 11
55 107 9
55 109 2
55 110 73
55 111 32
55 114 24
55 117 32
55 118 58
55 125 41
55 128 22
55 135 78
55 137 57
55 138 70
55 143 71
55 145 48
55 146 66
55 148 56
55 154 60
55 159 36
55 162 3
55 163 71
55 167 36
55 168 59
55 169 4
55 170 35
55 172 67
55 174 7
55 177 63
55 182 47
55 183 33
55 186 3
55 187 72
55 188 59
55 191 33
55 193 16
55 195 79
55 198 74
56 58 44
56 59 71
56 65 40
56 67 49
56 68 18
56 72 2
56 75 21
56 78 48
56 79 28
56 80 22
56 85 6
56 86 29
56 87 33
56 89 13
56 90 39
56 92 31
56 94 19
56 95 19
56 96 38
56 97 49
56 102 1
56 105 45
56 106 12
56 111 17
56 112 10
56 115 51
56 118 29
56 119 77
56 121 42
56 122 53
56 128 31
56 133 41
56 138 78
56 144 61
56 145 66
56 151 20
56 152 43
56 153 27
56 155 19
56 157 31
56 158 58
56 160 38
56 164 10
56 168 71
56 170 5
56 171 79
56 173 32
56 174 26
56 175 24
56 176 4
56 179 37
56 180 26
56 182 14
56 185 55
56 188 23
56 192 75
56 195 41
56 197 12
56 198 23
56 200 1
57 60 70
57 64 69
57 66 4
57 71 12
57 77 16
57 81 5
57 84 56
57 85 42
57 88 46
57 89 2
57 91 55
57 93 18
57 95 66
57 97 50
57 102 60
57 106 26
57 107 51
57 110 68
57 111 62
57 113 70
57 115 17
57 117 44
57 119 79
57 121 75
57 123 17
57 124 41
57 127 34
57 130 21
57 134 59
57 140 48
57 142 68
57 147 21
57 148 34
57 152 65
57 155 5
57 159 39
57 161 64
57 171 30
57 177 15
57 178 55
57 179 54
57 180 30
57 181 9
57 184 47
57 187 67
57 188 59
57 190 75
57 193 24
57 195 72
57 196 46
57 200 40
58 62 66
58 63 1
58 64 6
58 65 3
58 67 78
58 70 19
58 71 44
58 72 52
58 76 54
58 86 49
58 87 57
58 88 51
58 91 39
58 96 70
58 100 3
58 101 47
58 103 18
58 104 8
58 109 5
58 112 16
58 116 14
58 124 57
58 126 25
58 127 6
58 128 31
58 129 78
58 130 67
58 132 76
58 133 26
58 134 21
58 135 15
58 145 75
58 147 49
58 148 9
58 150 74
58 151 69
58 158 45
58 161 66
58 163 5
58 171 21
58 175 50
58 176 25
58 178 80
58 181 16
58 182 65
58 183 14
58 184 14
58 186 59
58 187 18
58 188 78
58 190 65
58 194 43
58 198 38
58 199 29
59 64 61
59 72 24
59 74 35
59 77 41
59 78 38
59 79 19
59 81 22
59 83 55
59 85 79
59 87 20
59 88 31
59 89 7
59 90 68
59 92 13
59 96 75
59 99 24
59 101 71
59 103 23
59 106 47
59 115 71
59 116 3
59 117 43
59 118 43
59 120 79
59 122 62
59 125 80
59 126 75
59 128 19
59 132 54
59 134 67
59 139 12
59 140 18
59 145 25
59 149 78
59 156 25
59 158 42
59 159 54
59 160 63
59 161 4
59 164 22
59 173 31
59 178 67
59 180 19
59 182 24
59 187 22
59 190 7
59 193 65
59 197 72
59 199 17
59 200 36
60 61 48
60 63 63
60 66 31
60 67 19
60 69 76
60 71 47
60 72 17
60 79 29
60 84 17
60 86 23
60 88 12
60 93 65
60 95 28
60 96 75
60 97 68
60 100 53
60 101 41
60 102 45
60 103 3
60 104 37
60 105 73
60 108 71
60 112 11
60 115 63
60 121 49
60 124 62
60 128 57
60 132 29
60 134 11
60 137 74
60 142 19
60 144 23
60 148 6
60 149 76
60 150 45
60 152 77
60 157 21
60 158 49
60 162 12
60 163 55
60 164 59
60 165 27
60 167 26
60 168 43
60 169 22
60 170 58
60 173 45
60 174 8
60 175 46
60 176 38
60 183 15
60 185 32
60 191 44
60 193 74
60 195 71
60 196 6
60 198 37
60 199 67
60 200 29
61 63 52
61 65 21
61 68 23
61 74 62
61 76 56
61 87 14
61 88 41
61 91 51
61 97 14
61 99 2
61 100 78
61 101 43
61 102 24
61 107 2
61 108 38
61 109 5
61 114 40
61 116 42
61 117 52
61 122 77
61 125 42
61 126 73
61 131 63
61 135 53
61 140 50
61 141 1
61 144 43
61 146 40
61 148 32
61 150 62
61 154 62
61 159 51
61 162 23
61 168 43
61 170 47
61 172 47
61 184 67
61 186 77
61 187 54
61 196 71
61 197 69
61 198 3
61 200 41
62 66 74
62 67 30
62 68 53
62 71 35
62 72 24
62 74 4
62 75 46
62 76 7
62 83 47
62 88 17
62 89 48
62 92 80
62 96 51
62 100 28
62 101 27
62 102 34
62 105 15
62 106 25
62 107 53
62 109 43
62 110 36
62 112 76
62 118 31
62 119 35
62 125 12
62 126 36
62 127 70
62 129 45
62 135 37
62 137 46
62 139 53
62 140 60
62 141 68
62 142 65
62 143 26
62 144 60
62 145 80
62 146 22
62 147 14
62 148 75
62 153 24
62 154 39
62 162 16
62 163 17
62 164 34
62 168 74
62 170 47
62 173 26
62 174 4
62 178 36
62 181 49
62 182 57
62 185 36
62 187 26
62 192 13
62 195 53
62 197 2
62 198 20
62 199 4
62 200 15
63 64 2
63 67 7
63 70 76
63 71 59
63 74 73
63 76 4
63 79 4
63 84 78
63 86 76
63 90 6
63 91 76
63 94 12
63 99 18
63 100 6
63 103 42
63 105 31
63 106 70
63 107 17
63 108 39
63 109 25
63 114 39
63 116 79
63 117 27
63 121 20
63 122 15
63 123 66
63 124 11
63 125 46
63 133 10
63 134 71
63 138 45
63 141 28
63 143 76
63 150 70
63 153 74
63 154 27
63 156 6
63 163 4
63 175 32
63 181 69
63 188 75
63 189 21
63 190 45
63 193 58
63 195 12
63 196 56
63 197 48
63 198 16
63 199 80
63 200 53
64 65 5
64 69 1
64 70 50
64 73 12
64 75 52
64 76 59
64 78 18
64 79 40
64 80 72
64 82 48
64 86 45
64 88 71
64 94 27
64 99 49
64 101 49
64 106 27
64 111 13
64 112 28
64 117 24
64 118 78
64 119 38
64 127 46
64 133 29
64 134 11
64 136 34
64 139 30
64 140 8
64 144 30
64 146 73
64 147 49
64 148 72
64 152 5
64 153 38
64 158 26
64 159 46
64 160 9
64 162 65
64 165 46
64 167 17
64 168 16
64 170 74
64 174 4
64 175 5
64 178 37
64 182 54
64 183 74
64 187 15
64 190 57
64 191 67
64 195 57
64 197 20
65 66 11
65 67 13
65 68 10
65 69 77
65 70 22
65 72 24
65 79 41
65 80 38
65 81 14
65 87 36
65 92 33
65 95 59
65 98 28
65 103 1
65 106 62
65 112 47
65 113 56
65 115 31
65 118 10
65 122 27
65 124 15
65 125 77
65 126 29
65 127 78
65 129 53
65 134 69
65 135 48
65 141 63
65 142 15
65 146 16
65 149 25
65 152 28
65 154 8
65 156 51
65 159 58
65 162 11
65 170 54
65 171 78
65 172 40
65 174 36
65 175 79
65 177 8
65 180 78
65 183 67
65 184 7
65 185 48
65 186 53
65 187 7
65 188 43
65 190 65
65 195 19
65 199 53
66 70 15
66 72 80
66 75 55
66 76 22
66 77 20
66 80 63
66 81 11
66 84 19
66 85 43
66 88 42
66 91 54
66 97 58
66 99 49
66 100 11
66 102 71
66 103 9
66 104 67
66 107 65
66 109 56
66 110 44
66 111 18
66 114 43
66 115 2
66 118 41
66 121 27
66 122 24
66 127 50
66 129 39
66 130 25
66 133 78
66 135 51
66 137 10
66 138 13
66 141 52
66 148 69
66 152 67
66 153 28
66 158 14
66 159 16
66 161 8
66 162 78
66 166 72
66 167 5
66 168 57
66 169 39
66 170 47
66 171 65
66 174 40
66 176 50
66 177 72
66 178 13
66 179 68
66 180 26
66 183 80
66 188 7
66 191 63
66 192 68
66 196 33
66 197 80
66 198 36
66 199 68
67 70 2
67 72 5
67 73 38
67 74 10
67 75 50
67 76 48
67 79 13
67 80 63
67 81 21
67 83 59
67 85 60
67 89 37
67 91 79
67 93 75
67 96 30
67 98 28
67 100 22
67 105 53
67 106 70
67 108 27
67 109 22
67 112 21
67 113 44
67 115 10
67 117 21
67 118 22
67 120 3
67 121 3
67 122 72
67 126 50
67 130 74
67 131 3
67 137 38
67 139 33
67 141 59
67 143 28
67 144 59
67 145 1
67 149 27
67 150 2
67 152 59
67 153 7
67 157 11
67 158 28
67 159 42
67 160 45
67 161 6
67 162 16
67 164 80
67 165 13
67 166 59
67 174 12
67 180 71
67 184 57
67 190 40
67 191 69
67 193 27
67 195 45
67 197 44
67 198 32
67 200 30
68 69 60
68 71 53
68 72 4
68 73 60
68 75 7
68 77 1
68 80 42
68 84 66
68 85 34
68 89 14
68 90 59
68 91 60
68 92 35
68 94 39
68 96 54
68 99 32
68 101 64
68 106 54
68 107 14
68 109 67
68 111 16
68 113 33
68 115 37
68 116 72
68 118 48
68 123 3
68 124 56
68 125 61
68 126 8
68 127 70
68 129 57
68 130 32
68 133 7
68 136 77
68 138 75
68 144 60
68 146 34
68 150 22
68 158 7
68 159 59
68 160 24
68 164 71
68 167 7
68 168 29
68 173 52
68 175 13
68 178 62
68 179 70
68 180 31
68 183 66
68 190 60
68 191 14
68 192 29
68 195 37
68 196 6
68 200 58
69 73 11
69 75 32
69 77 4
69 81 14
69 82 21
69 83 61
69 84 10
69 86 39
69 91 34
69 92 70
69 93 79
69 95 66
69 96 51
69 100 17
69 101 54
69 102 27
69 105 74
69 106 9
69 111 22
69 112 78
69 118 16
69 119 45
69 120 57
69 121 30
69 123 13
69 126 34
69 130 55
69 132 18
69 135 62
69 136 22
69 137 73
69 153 7
69 158 35
69 160 66
69 161 13
69 162 47
69 164 25
69 165 20
69 167 67
69 168 48
69 169 77
69 172 31
69 175 65
69 176 75
69 177 16
69 179 77
69 180 20
69 182 20
69 183 21
69 188 42
69 189 16
69 191 17
69 194 21
69 195 39
69 197 10
69 198 35
69 199 7
70 72 39
70 75 54
70 78 14
70 81 18
70 84 24
70 85 71
70 86 31
70 89 9
70 91 2
70 92 59
70 94 15
70 96 50
70 99 57
70 103 79
70 104 20
70 111 69
70 112 37
70 113 64
70 114 26
70 116 38
70 117 37
70 121 52
70 125 23
70 127 13
70 128 10
70 130 75
70 131 35
70 132 62
70 133 1
70 134 9
70 136 56
70 138 65
70 139 49
70 141 61
70 142 17
70 143 29
70 146 44
70 147 26
70 148 76
70 151 16
70 153 21
70 156 42
70 157 66
70 164 58
70 170 72
70 172 17
70 176 10
70 178 75
70 179 60
70 181 29
70 182 51
70 187 54
70 188 51
70 191 36
70 199 58
70 200 35
71 76 29
71 77 35
71 78 17
71 79 11
71 80 15
71 82 59
71 84 25
71 85 67
71 86 70
71 90 5
71 93 63
71 95 63
71 97 70
71 98 26
71 100 18
71 102 39
71 103 64
71 104 40
71 108 33
71 109 2
71 111 67
71 114 46
71 115 51
71 119 3
71 122 52
71 127 30
71 133 1
71 134 9
71 136 4
71 137 52
71 139 4
71 140 45
71 141 26
71 144 46
71 149 9
71 150 58
71 152 5
71 154 69
71 155 53
71 158 59
71 167 79
71 168 1
71 172 45
71 175 45
71 176 52
71 178 44
71 180 41
71 182 44
71 183 39
71 184 69
71 185 7
71 188 7
71 189 16
71 190 14
71 195 40
71 197 55
71 198 73
72 74 79
72 77 26
72 78 43
72 80 51
72 87 77
72 88 60
72 89 26
72 91 7
72 93 35
72 94 77
72 95 22
72 96 24
72 97 72
72 99 70
72 101 24
72 103 20
72 105 79
72 107 43
72 108 26
72 112 39
72 117 33
72 119 51
72 124 61
72 125 38
72 129 5
72 130 69
72 133 32
72 137 26
72 139 77
72 141 5
72 142 43
72 143 58
72 146 64
72 148 4
72 151 10
72 158 3
72 162 39
72 165 50
72 171 58
72 175 36
72 181 36
72 182 18
72 183 5
72 187 47
72 189 79
72 190 36
72 191 78
72 195 30
72 200 37
73 80 39
73 81 37
73 82 42
73 85 3
73 86 55
73 89 2
73 92 45
73 93 30
73 99 80
73 101 49
73 102 32
73 103 32
73 104 25
73 105 56
73 109 28
73 113 45
73 116 19
73 117 18
73 120 53
73 126 15
73 127 48
73 128 80
73 129 44
73 132 48
73 135 65
73 138 75
73 139 5
73 140 3
73 141 59
73 144 10
73 147 44
73 148 58
73 150 31
73 152 43
73 154 76
73 156 20
73 157 34
73 160 78
73 162 45
73 164 40
73 165 26
73 166 71
73 168 15
73 169 14
73 174 5
73 175 28
73 177 37
73 178 11
73 180 59
73 181 17
73 187 36
73 192 69
73 194 4
73 195 19
73 199 51
73 200 33
74 77 51
74 78 11
74 82 50
74 83 61
74 87 59
74 90 73
74 92 48
74 93 67
74 94 8
74 95 62
74 101 67
74 102 37
74 104 59
74 109 44
74 110 70
74 113 14
74 115 2
74 116 65
74 118 60
74 123 35
74 124 3
74 126 68
74 130 31
74 132 63
74 135 73
74 136 61
74 137 69
74 138 51
74 142 13
74 144 55
74 145 36
74 151 62
74 153 46
74 154 45
74 157 78
74 161 75
74 162 19
74 164 2
74 165 56
74 168 71
74 171 73
74 172 9
74 173 40
74 177 40
74 179 54
74 181 13
74 182 12
74 184 79
74 185 14
74 186 61
74 189 80
74 193 66
74 196 40
74 197 1
74 199 11
75 79 18
75 80 14
75 84 10
75 85 13
75 86 80
75 90 7
75 91 53
75 95 63
75 97 15
75 102 3
75 104 31
75 107 1
75 108 9
75 110 53
75 111 68
75 113 46
75 127 17
75 130 49
75 131 78
75 133 68
75 136 6
75 138 26
75 141 69
75 144 7
75 147 18
75 148 28
75 150 55
75 156 22
75 157 34
75 159 43
75 160 34
75 164 71
75 166 46
75 167 1
75 168 29
75 173 48
75 178 56
75 179 73
75 180 65
75 182 66
75 183 61
75 184 23
75 186 40
75 189 9
75 193 25
75 195 20
75 196 29
75 198 75
75 199 67
75 200 5
76 77 13
76 80 33
76 82 80
76 83 37
76 85 16
76 88 21
76 89 48
76 90 79
76 92 26
76 93 2
76 95 29
76 96 67
76 98 71
76 100 74
76 103 75
76 106 59
76 108 47
76 109 19
76 110 40
76 113 13
76 114 69
76 115 19
76 119 29
76 123 31
76 128 76
76 138 67
76 139 26
76 140 41
76 143 25
76 144 8
76 149 44
76 151 34
76 155 63
76 158 80
76 159 70
76 160 53
76 163 27
76 165 58
76 173 34
76 174 65
76 175 60
76 177 27
76 179 50
76 183 17
76 188 2
76 190 26
76 191 44
76 195 74
76 197 80
76 198 11
77 80 68
77 83 65
77 85 4
77 87 35
77 88 27
77 89 36
77 91 65
77 94 14
77 95 47
77 96 65
77 97 6
77 98 72
77 100 58
77 103 73
77 106 14
77 108 77
77 109 28
77 110 61
77 111 76
77 112 22
77 124 54
77 125 73
77 130 30
77 132 18
77 135 20
77 136 31
77 138 73
77 143 57
77 144 33
77 147 62
77 148 13
77 152 28
77 153 26
77 154 40
77 155 30
77 156 11
77 160 77
77 164 18
77 166 69
77 169 74
77 171 16
77 172 53
77 173 28
77 174 7
77 175 21
77 178 29
77 181 15
77 183 56
77 185 39
77 190 12
77 200 44
78 82 5
78 83 10
78 94 70
78 96 39
78 97 8
78 98 28
78 99 45
78 101 39
78 103 72
78 108 41
78 114 57
78 118 39
78 127 58
78 128 34
78 134 9
78 136 52
78 137 69
78 140 77
78 144 44
78 148 77
78 150 66
78 151 17
78 155 15
78 158 25
78 159 23
78 162 64
78 164 51
78 165 1
78 166 57
78 168 29
78 169 69
78 170 47
78 171 55
78 177 22
78 178 3
78 180 14
78 182 36
78 184 63
78 189 20
78 190 71
78 193 5
78 195 40
78 196 22
78 198 25
78 199 4
79 84 79
79 88 8
79 90 22
79 92 3
79 94 32
79 95 10
79 96 56
79 100 3
79 102 27
79 105 19
79 109 25
79 110 80
79 113 53
79 117 70
79 119 2
79 120 28
79 124 52
79 126 31
79 129 48
79 130 50
79 131 9
79 134 26
79 137 28
79 138 25
79 139 41
79 140 23
79 142 65
79 146 13
79 151 72
79 153 42
79 154 64
79 158 8
79 161 32
79 166 45
79 169 13
79 171 6
79 172 59
79 173 77
79 175 76
79 177 70
79 178 36
79 180 52
79 184 33
79 185 38
79 186 3
79 188 67
79 191 71
79 192 7
79 193 24
79 194 7
79 196 57
79 198 72
79 199 73
79 200 28
80 81 14
80 86 23
80 87 9
80 96 30
80 99 15
80 101 64
80 102 27
80 103 60
80 104 29
80 108 7
80 110 33
80 113 76
80 115 62
80 118 30
80 120 6
80 121 38
80 125 21
80 128 52
80 129 21
80 130 9
80 134 76
80 135 61
80 140 33
80 141 80
80 142 34
80 143 21
80 144 80
80 145 76
80 146 2
80 150 24
80 152 45
80 157 36
80 158 31
80 160 17
80 161 9
80 162 43
80 164 30
80 167 80
80 170 57
80 172 68
80 173 43
80 175 34
80 176 63
80 184 41
80 189 15
80 190 11
80 191 16
80 192 6
80 194 66
80 196 16
80 199 6
81 84 46
81 96 47
81 101 60
81 103 37
81 114 18
81 115 1
81 117 65
81 131 74
81 137 55
81 145 13
81 147 53
81 150 20
81 151 16
81 152 71
81 153 56
81 158 43
81 159 49
81 160 25
81 163 78
81 165 63
81 166 18
81 168 23
81 170 1
81 171 34
81 173 7
81 174 78
81 177 27
81 180 41
81 183 2
81 184 52
81 185 69
81 187 62
81 188 26
81 191 72
81 194 29
81 195 2
81 199 75
82 84 42
82 86 27
82 89 78
82 90 7
82 92 60
82 95 77
82 100 29
82 101 71
82 102 27
82 103 42
82 104 29
82 107 3
82 108 70
82 109 24
82 112 64
82 117 51
82 118 60
82 121 51
82 122 1
82 124 54
82 132 53
82 136 9
82 137 70
82 139 60
82 142 46
82 143 43
82 144 65
82 145 14
82 149 65
82 150 62
82 152 4
82 153 13
82 155 73
82 156 5
82 160 1
82 163 28
82 164 10
82 165 56
82 166 48
82 167 35
82 169 35
82 171 7
82 175 59
82 176 43
82 179 21
82 180 52
82 181 45
82 184 61
82 186 33
82 189 4
82 192 7
82 194 55
82 199 1
82 200 64
83 84 39
83 87 73
83 88 41
83 93 28
83 96 65
83 98 64
83 99 40
83 103 17
83 108 39
83 110 66
83 113 12
83 115 36
83 117 53
83 125 20
83 128 4
83 129 80
83 130 43
83 132 66
83 133 21
83 135 48
83 137 73
83 138 27
83 140 62
83 141 73
83 144 47
83 146 63
83 148 23
83 154 55
83 157 4
83 159 31
83 160 46
83 164 18
83 167 23
83 171 34
83 172 64
83 173 26
83 175 41
83 176 2
83 177 72
83 180 14
83 182 39
83 184 22
83 189 44
83 190 8
83 191 71
83 192 74
83 193 44
83 196 2
83 197 41
84 85 47
84 86 6
84 87 70
84 90 56
84 91 61
84 92 51
84 94 78
84 98 34
84 102 19
84 106 2
84 109 80
84 110 14
84 112 50
84 116 17
84 117 21
84 119 58
84 122 37
84 124 35
84 128 35
84 129 7
84 130 62
84 133 40
84 136 28
84 137 79
84 139 21
84 141 15
84 143 31
84 147 79
84 150 37
84 158 10
84 164 57
84 167 33
84 174 80
84 177 16
84 181 66
84 182 39
84 184 26
84 186 65
84 187 59
84 191 5
84 197 7
84 198 36
85 91 53
85 98 27
85 103 47
85 106 19
85 107 38
85 111 45
85 115 23
85 121 44
85 122 62
85 123 56
85 124 26
85 126 67
85 128 69
85 132 9
85 136 41
85 139 76
85 140 41
85 143 13
85 145 25
85 146 55
85 149 63
85 150 57
85 154 1
85 157 67
85 159 18
85 161 18
85 165 16
85 166 38
85 168 13
85 171 74
85 172 6
85 173 76
85 175 22
85 176 74
85 180 62
85 182 12
85 183 76
85 189 53
85 190 2
85 192 49
85 193 23
85 194 71
85 197 76
86 87 36
86 88 21
86 91 65
86 93 10
86 94 53
86 96 38
86 97 76
86 99 27
86 100 7
86 102 39
86 105 11
86 106 77
86 107 58
86 110 11
86 120 54
86 121 7
86 124 7
86 126 77
86 127 39
86 132 71
86 133 19
86 134 70
86 136 38
86 137 78
86 142 46
86 143 71
86 145 58
86 146 53
86 147 14
86 152 43
86 153 52
86 157 49
86 160 61
86 161 24
86 162 64
86 164 37
86 166 73
86 168 10
86 169 68
86 170 48
86 176 66
86 179 46
86 180 25
86 184 77
86 186 64
86 187 76
86 188 17
87 88 17
87 90 14
87 92 18
87 93 10
87 94 39
87 95 21
87 97 71
87 99 66
87 100 52
87 102 52
87 104 1
87 106 72
87 107 66
87 109 12
87 110 51
87 111 67
87 112 75
87 113 65
87 115 62
87 118 42
87 121 24
87 122 47
87 123 49
87 127 68
87 129 46
87 130 40
87 131 11
87 133 3
87 138 32
87 139 22
87 142 9
87 145 1
87 147 65
87 153 58
87 155 41
87 156 56
87 158 3
87 160 8
87 163 28
87 165 37
87 170 61
87 174 27
87 177 72
87 179 28
87 180 47
87 186 57
87 187 4
87 189 72
87 194 51
87 197 37
87 200 77
88 89 28
88 92 28
88 93 17
88 95 37
88 97 12
88 102 59
88 106 72
88 107 37
88 108 46
88 110 15
88 111 63
88 116 43
88 118 52
88 121 9
88 122 6
88 123 68
88 124 5
88 125 72
88 128 65
88 130 67
88 131 74
88 132 7
88 133 15
88 135 73
88 137 46
88 139 9
88 140 23
88 143 57
88 146 56
88 148 57
88 151 69
88 152 56
88 154 21
88 155 68
88 158 1
88 160 22
88 163 34
88 167 7
88 169 56
88 172 34
88 176 14
88 180 23
88 181 36
88 185 30
88 189 32
88 191 76
88 192 20
88 195 32
88 196 61
88 198 39
88 199 42
89 91 20
89 92 6
89 93 40
89 94 75
89 95 41
89 96 16
89 97 61
89 98 67
89 100 14
89 101 62
89 103 1
89 105 51
89 109 77
89 116 71
89 117 48
89 118 25
89 119 3
89 120 38
89 122 39
89 123 49
89 124 19
89 128 62
89 129 2
89 132 52
89 133 1
89 135 74
89 137 16
89 139 20
89 143 57
89 146 60
89 147 23
89 148 41
89 149 78
89 155 7
89 156 68
89 157 74
89 158 42
89 160 57
89 161 23
89 162 51
89 163 55
89 164 14
89 170 59
89 171 39
89 174 76
89 179 36
89 182 11
89 188 78
89 189 29
89 190 7
89 195 44
89 198 65
90 91 26
90 92 42
90 96 8
90 98 26
90 105 54
90 108 49
90 111 4
90 112 9
90 113 28
90 114 57
90 117 45
90 122 62
90 124 8
90 127 72
90 129 5
90 130 1
90 131 63
90 132 37
90 133 51
90 138 19
90 143 55
90 147 15
90 148 19
90 149 29
90 153 75
90 154 72
90 155 8
90 156 41
90 159 14
90 161 75
90 162 31
90 163 27
90 167 14
90 169 32
90 172 65
90 173 22
90 175 29
90 179 50
90 183 7
90 184 58
90 186 24
90 187 64
90 189 2
90 191 75
90 196 35
91 92 34
91 93 6
91 94 20
91 95 58
91 96 31
91 98 50
91 103 37
91 110 62
91 112 48
91 115 32
91 118 53
91 119 30
91 121 5
91 122 57
91 127 11
91 130 12
91 133 12
91 134 44
91 137 9
91 140 56
91 141 72
91 143 61
91 146 10
91 147 30
91 148 54
91 149 28
91 150 46
91 154 38
91 164 50
91 165 69
91 168 19
91 170 23
91 172 34
91 173 30
91 175 72
91 177 53
91 178 36
91 183 8
91 184 33
91 187 33
91 188 50
91 192 20
91 193 64
92 94 54
92 95 42
92 97 60
92 98 78
92 100 35
92 101 2
92 103 35
92 104 51
92 105 70
92 111 78
92 115 34
92 118 38
92 119 42
92 127 66
92 131 69
92 133 35
92 135 56
92 141 26
92 145 69
92 147 45
92 153 2
92 157 16
92 159 67
92 162 56
92 164 5
92 165 19
92 168 19
92 171 23
92 174 3
92 179 17
92 180 46
92 181 53
92 185 32
92 187 29
92 189 3
92 193 23
92 195 27
92 197 70
92 198 61
92 200 71
93 94 73
93 100 56
93 104 32
93 105 70
93 109 17
93 110 26
93 111 63
93 113 5
93 115 33
93 117 37
93 119 73
93 122 37
93 123 61
93 124 50
93 126 54
93 130 25
93 134 63
93 137 35
93 138 21
93 148 25
93 150 15
93 152 22
93 153 44
93 156 14
93 159 5
93 161 64
93 164 44
93 167 20
93 170 8
93 172 42
93 173 52
93 175 34
93 177 11
93 178 56
93 180 6
93 181 60
93 184 78
93 187 26
93 189 48
93 192 54
93 196 14
93 198 23
93 199 44
94 97 63
94 99 68
94 104 58
94 105 1
94 111 29
94 112 38
94 113 7
94 116 40
94 119 17
94 120 67
94 122 5
94 125 15
94 135 63
94 139 19
94 142 54
94 143 65
94 144 37
94 145 69
94 146 59
94 148 25
94 149 58
94 151 4
94 154 33
94 155 58
94 156 75
94 159 44
94 160 14
94 168 71
94 169 52
94 170 12
94 173 53
94 174 78
94 175 5
94 180 39
94 182 58
94 183 8
94 184 16
94 185 73
94 186 26
94 187 1
94 188 43
94 194 50
94 195 70
94 197 19
94 198 33
95 97 59
95 99 7
95 100 42
95 102 67
95 105 75
95 109 53
95 113 69
95 119 76
95 120 20
95 122 27
95 123 3
95 125 62
95 129 53
95 131 38
95 133 58
95 134 73
95 135 72
95 136 29
95 137 1
95 139 74
95 140 22
95 142 2
95 149 2
95 150 13
95 152 21
95 154 28
95 155 16
95 160 59
95 161 57
95 163 10
95 164 38
95 165 17
95 166 54
95 168 21
95 169 51
95 170 16
95 171 44
95 172 52
95 173 14
95 176 5
95 177 67
95 185 57
95 188 4
95 189 52
95 191 15
95 195 68
95 197 41
95 199 63
95 200 74
96 97 60
96 100 12
96 101 13
96 102 41
96 103 44
96 104 30
96 105 11
96 106 10
96 107 51
96 108 74
96 110 55
96 112 16
96 114 44
96 115 43
96 117 76
96 118 34
96 119 18
96 120 31
96 125 40
96 127 22
96 128 57
96 130 1
96 133 42
96 136 11
96 143 1
96 148 51
96 149 30
96 152 69
96 153 11
96 154 23
96 155 22
96 156 7
96 157 16
96 158 71
96 159 42
96 160 23
96 161 79
96 162 71
96 166 40
96 168 52
96 170 3
96 172 30
96 173 68
96 176 75
96 181 30
96 183 74
96 186 47
96 191 60
96 192 17
96 195 70
97 99 9
97 101 23
97 104 49
97 105 73
97 106 4
97 107 8
97 112 77
97 113 71
97 115 11
97 116 17
97 117 24
97 118 35
97 121 30
97 123 12
97 127 54
97 128 6
97 133 35
97 138 10
97 140 72
97 143 38
97 146 26
97 149 45
97 155 58
97 156 66
97 159 13
97 160 10
97 162 27
97 164 63
97 166 37
97 168 74
97 169 78
97 172 25
97 173 13
97 174 65
97 178 76
97 183 23
97 184 76
97 185 37
97 187 36
97 191 6
97 193 35
97 194 63
97 195 59
97 199 30
98 100 44
98 109 5
98 111 21
98 119 12
98 120 58
98 123 80
98 136 55
98 137 33
98 139 49
98 141 4
98 144 49
98 146 58
98 153 23
98 154 17
98 158 65
98 159 64
98 160 46
98 161 16
98 170 65
98 171 58
98 172 53
98 173 38
98 175 50
98 179 19
98 181 26
98 189 67
98 191 60
98 193 23
98 200 55
99 101 52
99 103 11
99 105 2
99 112 18
99 114 76
99 119 13
99 122 62
99 123 26
99 124 57
99 129 49
99 130 79
99 132 6
99 133 14
99 134 47
99 135 42
99 137 35
99 139 30
99 141 28
99 145 75
99 149 78
99 152 4
99 163 53
99 167 77
99 170 63
99 174 7
99 180 60
99 184 20
99 186 11
99 191 16
99 195 29
99 196 64
100 104 24
100 105 27
100 106 78
100 110 10
100 112 41
100 118 45
100 120 28
100 122 9
100 127 5
100 130 10
100 132 41
100 133 17
100 135 38
100 136 72
100 137 8
100 138 8
100 141 22
100 146 57
100 148 61
100 149 47
100 152 45
100 153 40
100 160 52
100 162 64
100 163 40
100 167 62
100 168 20
100 169 68
100 171 71
100 173 37
100 175 27
100 176 41
100 177 24
100 180 69
100 181 47
100 182 26
100 193 4
100 194 31
100 196 58
100 198 30
101 103 42
101 105 53
101 108 22
101 110 21
101 111 59
101 117 1
101 118 34
101 119 60
101 122 75
101 124 16
101 126 50
101 127 16
101 129 30
101 131 15
101 132 21
101 133 10
101 135 54
101 136 19
101 138 10
101 141 61
101 145 53
101 150 73
101 152 71
101 153 44
101 160 70
101 161 24
101 162 6
101 163 65
101 164 31
101 172 68
101 173 10
101 175 55
101 176 78
101 178 68
101 183 39
101 186 65
101 189 29
101 193 68
101 196 48
101 197 62
102 103 30
102 104 5
102 106 50
102 107 70
102 109 2
102 111 23
102 116 79
102 118 38
102 119 48
102 120 75
102 121 43
102 122 44
102 127 35
102 133 73
102 135 12
102 137 37
102 139 24
102 141 28
102 146 74
102 147 44
102 148 55
102 149 18
102 150 78
102 154 65
102 157 30
102 158 34
102 161 63
102 162 4
102 165 70
102 175 19
102 179 23
102 181 31
102 186 26
102 187 32
102 188 18
102 189 73
102 190 58
102 191 46
102 192 21
102 193 44
102 198 47
102 200 65
103 104 79
103 108 37
103 112 38
103 114 55
103 117 26
103 118 20
103 121 40
103 127 27
103 134 46
103 138 41
103 140 28
103 141 61
103 146 49
103 147 75
103 148 45
103 150 8
103 151 80
103 153 80
103 156 50
103 158 62
103 159 67
103 161 77
103 162 14
103 164 38
103 165 9
103 167 43
103 169 35
103 170 48
103 171 42
103 172 23
103 175 12
103 177 10
103 179 27
103 182 58
103 186 17
103 189 16
103 190 27
103 192 51
103 193 73
103 194 35
103 196 55
103 197 26
103 198 71
104 106 2
104 107 59
104 110 60
104 115 23
104 116 58
104 117 18
104 118 9
104 124 54
104 128 49
104 130 29
104 132 35
104 141 78
104 149 50
104 152 43
104 153 69
104 154 66
104 158 22
104 163 40
104 164 23
104 169 54
104 170 17
104 176 22
104 180 74
104 182 77
104 190 19
104 194 32
105 107 50
105 109 72
105 110 46
105 117 57
105 119 5
105 122 71
105 123 58
105 130 33
105 132 1
105 133 47
105 135 26
105 137 56
105 138 60
105 142 55
105 143 3
105 147 52
105 150 37
105 151 45
105 155 19
105 157 30
105 164 39
105 166 58
105 167 52
105 169 68
105 170 16
105 171 5
105 172 12
105 173 60
105 175 9
105 179 57
105 180 3
105 182 5
105 184 17
105 186 42
105 189 65
105 190 58
105 192 45
105 194 32
105 195 42
105 196 74
105 199 48
105 200 73
106 116 72
106 121 30
106 122 54
106 124 56
106 127 71
106 132 52
106 138 31
106 140 71
106 141 64
106 142 9
106 144 72
106 146 14
106 149 74
106 151 29
106 156 52
106 157 17
106 158 74
106 159 38
106 162 7
106 165 45
106 166 34
106 169 71
106 170 1
106 171 2
106 178 64
106 180 64
106 181 15
106 182 20
106 185 13
106 186 10
106 187 42
106 188 60
106 191 2
106 192 6
106 193 22
106 194 22
106 195 24
106 197 46
106 198 80
106 199 68
106 200 8
107 108 34
107 114 25
107 115 57
107 116 37
107 125 64
107 127 33
107 129 40
107 131 77
107 134 49
107 136 35
107 138 65
107 140 12
107 143 51
107 144 15
107 145 6
107 148 22
107 152 66
107 154 66
107 156 33
107 161 53
107 165 27
107 166 19
107 167 13
107 170 22
107 171 23
107 172 4
107 174 38
107 177 16
107 178 3
107 181 70
107 185 62
107 194 60
107 195 49
107 196 42
108 112 52
108 113 15
108 115 10
108 121 28
108 122 9
108 123 73
108 124 56
108 125 8
108 126 23
108 127 18
108 128 41
108 135 21
108 140 59
108 143 42
108 146 34
108 149 75
108 151 56
108 153 21
108 159 46
108 160 36
108 162 56
108 163 39
108 166 68
108 167 61
108 171 14
108 174 56
108 175 71
108 176 56
108 181 74
108 186 24
108 191 64
108 192 68
108 194 36
108 197 74
108 199 52
109 112 62
109 117 79
109 119 36
109 121 25
109 124 13
109 125 63
109 126 23
109 127 22
109 129 20
109 130 33
109 135 38
109 137 13
109 139 4
109 142 50
109 143 29
109 144 34
109 146 1
109 148 46
109 149 34
109 152 4
109 154 12
109 155 19
109 156 52
109 158 59
109 160 78
109 163 46
109 166 63
109 168 11
109 171 25
109 172 9
109 178 35
109 180 78
109 181 21
109 183 76
109 187 36
109 190 1
109 191 73
109 193 10
109 194 29
109 196 13
109 197 36
109 198 7
110 111 76
110 112 2
110 116 62
110 118 35
110 122 42
110 126 19
110 127 62
110 129 23
110 130 66
110 132 67
110 133 30
110 134 24
110 136 51
110 139 29
110 140 57
110 142 62
110 143 74
110 144 13
110 146 69
110 147 67
110 148 70
110 149 24
110 150 55
110 154 65
110 157 13
110 160 69
110 163 46
110 167 16
110 168 21
110 170 73
110 177 57
110 181 73
110 185 68
110 186 68
110 188 4
110 189 41
110 191 55
110 192 29
110 193 39
110 195 80
110 197 59
110 199 14
111 112 54
111 113 74
111 115 15
111 116 26
111 117 66
111 121 69
111 122 22
111 124 24
111 132 52
111 134 80
111 138 22
111 140 41
111 142 62
111 143 72
111 144 77
111 146 51
111 153 43
111 157 68
111 158 19
111 160 19
111 161 65
111 165 29
111 166 75
111 167 1
111 169 6
111 170 41
111 174 74
111 175 6
111 178 41
111 182 21
111 183 32
111 184 68
111 187 34
111 188 6
111 191 71
111 193 57
111 194 31
111 196 41
111 197 32
111 199 52
111 200 49
112 113 42
112 120 61
112 125 29
112 127 77
112 135 20
112 142 64
112 144 62
112 146 73
112 148 10
112 151 42
112 153 14
112 156 28
112 158 17
112 159 29
112 160 10
112 162 30
112 167 20
112 175 49
112 177 42
112 179 49
112 180 12
112 181 26
112 185 71
112 188 58
112 189 42
112 194 64
112 196 10
112 198 8
113 117 21
113 119 10
113 124 70
113 126 30
113 127 11
113 135 44
113 139 40
113 140 56
113 144 22
113 146 39
113 148 29
113 149 4
113 151 23
113 153 24
113 158 46
113 174 8
113 176 63
113 185 3
113 186 13
113 191 36
113 192 80
113 193 45
113 195 45
113 200 20
114 116 74
114 118 62
114 119 6
114 121 79
114 122 63
114 123 29
114 126 76
114 127 65
114 128 38
114 129 21
114 130 34
114 131 29
114 132 12
114 133 28
114 136 34
114 137 80
114 138 28
114 139 71
114 141 76
114 145 40
114 146 79
114 148 41
114 150 24
114 153 44
114 156 68
114 162 8
114 164 61
114 167 23
114 168 19
114 170 68
114 174 58
114 177 9
114 178 32
114 181 36
114 183 16
114 184 33
114 187 2
114 189 35
114 194 79
114 195 68
114 197 31
114 199 4
114 200 67
115 116 69
115 119 3
115 124 54
115 130 40
115 135 70
115 137 71
115 144 18
115 145 3
115 146 29
115 147 67
115 148 51
115 150 15
115 151 63
115 152 42
115 154 18
115 155 69
115 157 33
115 158 12
115 162 79
115 163 22
115 168 47
115 169 40
115 173 62
115 175 31
115 176 17
115 178 26
115 179 28
115 180 13
115 183 48
115 193 23
115 199 49
116 118 74
116 119 46
116 120 60
116 121 23
116 122 37
116 123 48
116 124 31
116 127 55
116 128 53
116 129 36
116 131 28
116 133 76
116 134 68
116 135 47
116 141 13
116 146 21
116 158 76
116 159 41
116 164 7
116 166 27
116 167 73
116 168 42
116 171 23
116 175 49
116 177 8
116 180 70
116 183 11
116 185 52
116 186 35
116 187 34
116 189 73
116 190 40
116 191 8
116 192 38
116 193 8
116 195 50
116 196 65
117 121 63
117 123 41
117 124 34
117 126 79
117 131 75
117 132 27
117 134 10
117 136 19
117 137 42
117 139 73
117 141 54
117 149 50
117 150 27
117 151 44
117 153 27
117 155 40
117 156 30
117 157 73
117 160 8
117 161 54
117 163 1
117 166 47
117 168 54
117 170 57
117 179 4
117 180 20
117 184 74
117 185 38
117 187 56
117 189 3
117 195 49
117 197 47
117 199 48
117 200 70
118 121 61
118 123 73
118 127 56
118 128 52
118 132 48
118 135 51
118 137 71
118 138 28
118 145 35
118 146 52
118 148 44
118 149 9
118 150 69
118 152 48
118 153 29
118 156 60
118 157 37
118 160 15
118 167 44
118 168 31
118 172 20
118 173 9
118 174 26
118 177 32
118 180 41
118 181 43
118 182 2
118 184 61
118 185 19
118 186 79
118 188 37
118 197 41
119 120 42
119 121 73
119 123 60
119 132 54
119 137 32
119 140 11
119 141 17
119 143 5
119 144 44
119 149 70
119 151 74
119 152 68
119 154 73
119 158 75
119 172 32
119 176 36
119 180 19
119 186 15
119 187 45
119 188 71
119 191 62
119 192 29
119 194 58
119 195 6
119 196 43
119 197 41
119 198 66
119 199 60
120 121 29
120 123 48
120 125 42
120 126 22
120 127 78
120 129 63
120 130 11
120 133 69
120 137 52
120 138 71
120 140 54
120 142 75
120 144 12
120 146 58
120 147 10
120 150 33
120 151 80
120 152 13
120 153 39
120 154 4
120 156 50
120 163 77
120 164 32
120 166 31
120 168 39
120 172 23
120 173 78
120 178 59
120 183 33
120 184 53
120 185 57
120 195 70
121 124 71
121 126 45
121 127 2
121 129 57
121 130 47
121 133 37
121 136 61
121 137 10
121 138 66
121 140 79
121 142 37
121 144 26
121 147 41
121 150 22
121 151 48
121 152 21
121 153 32
121 154 22
121 157 66
121 158 3
121 159 39
121 162 33
121 167 21
121 170 69
121 171 75
121 172 1
121 175 52
121 177 55
121 181 47
121 182 53
121 183 16
121 184 5
121 185 39
121 186 32
121 190 2
121 191 39
121 193 34
121 195 67
121 196 75
121 198 13
122 123 68
122 124 53
122 125 32
122 126 72
122 127 35
122 128 74
122 129 80
122 130 19
122 137 53
122 138 3
122 141 55
122 149 41
122 151 32
122 154 78
122 160 66
122 164 22
122 166 56
122 167 76
122 169 35
122 170 68
122 171 12
122 175 69
122 177 69
122 178 2
122 179 4
122 180 75
122 181 64
122 185 23
122 187 3
122 188 38
122 190 19
122 191 36
122 193 76
122 200 8
123 126 67
123 127 51
123 128 5
123 129 78
123 130 15
123 137 8
123 147 19
123 150 43
123 151 61
123 153 25
123 154 36
123 157 73
123 158 10
123 159 72
123 160 15
123 162 27
123 164 72
123 166 75
123 168 6
123 176 61
123 177 76
123 178 69
123 183 60
123 184 22
123 185 22
123 191 35
123 193 46
123 194 57
123 195 39
123 198 66
123 199 73
123 200 60
124 126 32
124 130 59
124 144 14
124 145 43
124 156 78
124 157 34
124 158 36
124 159 6
124 160 70
124 161 74
124 162 80
124 164 39
124 165 62
124 166 35
124 167 5
124 168 71
124 172 23
124 174 71
124 175 10
124 182 80
124 184 31
124 185 12
124 186 15
124 187 75
124 195 21
124 197 29
124 200 33
125 127 13
125 128 7
125 132 15
125 139 58
125 141 20
125 142 73
125 150 54
125 151 18
125 153 31
125 154 8
125 155 34
125 157 5
125 163 30
125 166 68
125 169 1
125 170 51
125 171 73
125 175 67
125 176 74
125 179 39
125 183 32
125 185 32
125 186 67
125 194 78
125 197 69
125 199 33
126 130 66
126 131 17
126 134 62
126 145 9
126 146 51
126 147 54
126 148 76
126 149 14
126 150 56
126 151 9
126 155 20
126 158 10
126 159 75
126 166 2
126 168 76
126 169 64
126 171 56
126 172 60
126 176 15
126 177 41
126 178 25
126 181 51
126 182 64
126 183 16
126 191 18
126 195 73
126 196 51
126 197 7
126 199 18
127 128 47
127 133 23
127 134 48
127 136 37
127 138 21
127 144 34
127 146 39
127 147 24
127 151 45
127 154 51
127 155 22
127 156 77
127 157 65
127 159 37
127 160 23
127 161 41
127 164 63
127 165 63
127 168 30
127 170 65
127 171 41
127 177 6
127 184 1
127 186 19
127 187 49
127 189 17
127 190 3
127 193 77
127 196 12
127 197 54
127 199 19
128 129 35
128 130 73
128 131 37
128 133 63
128 135 29
128 139 4
128 141 33
128 143 75
128 146 15
128 153 24
128 154 74
128 156 23
128 159 66
128 164 41
128 169 40
128 170 28
128 171 50
128 174 71
128 179 11
128 180 63
128 181 16
128 184 48
128 187 1
128 192 67
128 193 66
128 196 29
128 197 49
128 198 49
129 131 24
129 132 36
129 133 48
129 135 38
129 136 52
129 137 38
129 138 77
129 145 1
129 146 21
129 150 51
129 151 61
129 152 71
129 154 24
129 157 67
129 160 63
129 161 69
129 162 66
129 163 43
129 164 73
129 166 11
129 169 4
129 172 51
129 173 79
129 176 17
129 177 22
129 180 26
129 181 57
129 182 56
129 183 6
129 188 37
129 189 42
129 194 43
129 197 57
129 198 48
130 132 14
130 133 72
130 134 70
130 141 24
130 142 64
130 143 28
130 144 56
130 146 30
130 148 59
130 151 1
130 154 32
130 157 47
130 159 14
130 160 64
130 163 39
130 165 55
130 171 55
130 176 38
130 181 63
130 183 18
130 184 27
130 185 32
130 189 42
130 195 6
130 198 46
130 200 22
131 132 79
131 133 29
131 134 2
131 135 26
131 136 50
131 138 33
131 141 6
131 143 27
131 145 61
131 146 65
131 150 62
131 154 20
131 163 25
131 164 23
131 165 58
131 167 41
131 168 22
131 169 72
131 174 64
131 177 52
131 178 51
131 179 68
131 181 45
131 184 1
131 186 69
131 188 64
131 189 45
131 191 75
131 192 79
131 193 1
131 196 7
131 197 30
131 200 18
132 133 64
132 134 49
132 137 32
132 139 14
132 140 20
132 146 32
132 148 37
132 151 50
132 157 30
132 158 71
132 163 15
132 164 54
132 165 26
132 167 37
132 168 62
132 170 74
132 173 48
132 177 57
132 179 52
132 184 11
132 185 66
132 189 37
132 190 66
132 191 65
132 193 4
132 198 49
132 199 56
133 134 52
133 135 60
133 136 43
133 138 79
133 144 46
133 145 49
133 147 18
133 150 34
133 151 42
133 152 55
133 157 60
133 166 53
133 168 52
133 169 18
133 172 27
133 174 6
133 175 66
133 177 25
133 178 34
133 179 9
133 180 13
133 181 59
133 182 55
133 183 78
133 190 52
133 192 50
133 194 8
133 197 67
133 199 25
134 136 27
134 139 16
134 142 39
134 143 21
134 144 4
134 149 10
134 151 34
134 153 4
134 160 17
134 162 1
134 163 40
134 165 46
134 166 43
134 168 37
134 169 71
134 171 32
134 172 80
134 173 24
134 174 69
134 177 61
134 181 16
134 183 5
134 187 65
134 188 10
134 189 23
134 190 51
134 195 35
135 140 16
135 144 75
135 145 77
135 147 54
135 148 64
135 150 29
135 153 47
135 157 20
135 161 15
135 166 77
135 170 8
135 171 74
135 172 7
135 174 66
135 177 13
135 179 77
135 182 31
135 187 43
135 188 54
135 189 57
135 195 78
135 196 52
136 140 30
136 142 28
136 143 43
136 146 51
136 150 76
136 151 75
136 153 18
136 155 78
136 157 69
136 161 32
136 163 39
136 165 20
136 169 3
136 171 52
136 172 6
136 174 6
136 177 44
136 178 64
136 179 43
136 180 63
136 184 6
136 189 12
136 192 14
136 195 35
136 197 60
136 198 12
136 199 23
137 138 18
137 140 49
137 142 75
137 143 54
137 144 25
137 146 44
137 149 21
137 153 27
137 154 65
137 156 69
137 157 26
137 158 8
137 161 64
137 162 52
137 165 64
137 166 38
137 167 2
137 168 59
137 175 39
137 176 72
137 180 23
137 183 49
137 184 16
137 187 18
137 191 15
137 192 25
137 193 10
137 195 6
137 196 72
137 198 27
137 199 40
138 141 15
138 145 11
138 149 28
138 152 39
138 153 72
138 154 68
138 156 74
138 158 41
138 163 32
138 164 3
138 166 2
138 167 31
138 169 80
138 170 59
138 172 40
138 174 7
138 175 51
138 178 76
138 179 45
138 183 20
138 184 20
138 187 40
138 188 50
138 190 26
138 200 40
139 140 18
139 144 9
139 145 4
139 146 45
139 149 25
139 150 64
139 156 43
139 163 66
139 164 2
139 167 39
139 175 62
139 177 44
139 178 75
139 181 42
139 182 66
139 183 63
139 186 43
139 193 44
139 194 45
139 195 47
139 199 72
140 144 39
140 145 66
140 148 27
140 152 44
140 158 15
140 159 1
140 160 71
140 165 30
140 170 45
140 171 35
140 175 20
140 178 28
140 179 39
140 181 52
140 183 37
140 184 31
140 185 21
140 189 28
140 192 59
140 197 34
140 200 58
141 142 53
141 147 30
141 149 21
141 150 18
141 151 59
141 153 47
141 154 48
141 155 15
141 156 71
141 159 14
141 162 31
141 164 63
141 167 37
141 169 66
141 170 73
141 172 32
141 175 11
141 181 23
141 185 53
141 186 44
141 187 50
141 188 12
141 191 77
141 193 22
141 197 43
141 199 38
142 143 33
142 146 62
142 147 34
142 148 4
142 151 29
142 153 6
142 156 26
142 160 32
142 161 27
142 163 43
142 166 75
142 168 14
142 170 2
142 171 75
142 172 63
142 173 43
142 174 29
142 177 57
142 183 8
142 186 34
142 187 24
142 188 12
142 190 40
142 191 3
142 195 19
142 196 58
143 146 41
143 151 45
143 157 59
143 158 17
143 159 50
143 160 40
143 162 35
143 163 69
143 169 22
143 173 44
143 174 34
143 175 66
143 178 1
143 179 7
143 180 68
143 181 44
143 183 78
143 185 14
143 186 22
143 187 22
143 188 67
143 190 30
143 193 29
143 194 19
143 198 69
143 199 28
143 200 67
144 145 37
144 148 67
144 150 19
144 151 70
144 152 78
144 154 56
144 158 65
144 159 71
144 160 19
144 163 51
144 166 17
144 168 39
144 174 75
144 175 51
144 179 74
144 181 77
144 182 53
144 185 9
144 189 70
144 190 79
144 193 78
144 194 66
144 195 63
145 147 7
145 149 14
145 151 9
145 158 64
145 159 79
145 162 34
145 163 25
145 165 60
145 166 68
145 170 38
145 172 54
145 173 29
145 175 4
145 176 80
145 189 39
145 196 56
145 199 65
146 147 24
146 149 80
146 150 78
146 154 57
146 157 1
146 163 13
146 166 20
146 167 10
146 168 50
146 171 69
146 172 78
146 173 29
146 177 64
146 178 33
146 180 3
146 183 72
146 184 22
146 187 62
146 188 25
146 189 47
146 190 78
146 191 13
146 192 53
146 198 56
146 200 37
147 148 3
147 149 71
147 151 6
147 152 6
147 154 64
147 155 80
147 158 63
147 166 36
147 168 29
147 169 68
147 177 4
147 180 70
147 182 34
147 183 32
147 186 55
147 187 10
147 191 73
147 194 26
147 196 46
147 197 21
147 199 26
148 151 76
148 152 65
148 153 39
148 156 53
148 158 28
148 161 37
148 165 24
148 168 22
148 172 43
148 174 34
148 177 77
148 178 18
148 183 4
148 185 30
148 186 29
148 190 49
148 192 13
148 193 15
148 194 41
148 196 54
149 150 42
149 152 13
149 153 71
149 160 1
149 161 58
149 163 27
149 165 74
149 166 32
149 170 80
149 174 54
149 177 6
149 178 42
149 181 72
149 185 80
149 188 13
149 189 69
149 192 55
149 193 40
149 197 8
149 198 46
150 151 5
150 152 13
150 157 39
150 162 11
150 163 15
150 165 63
150 167 48
150 168 25
150 171 21
150 174 35
150 178 77
150 180 20
150 184 39
150 186 31
150 190 49
150 200 43
151 155 62
151 162 49
151 165 39
151 166 67
151 168 23
151 169 23
151 174 44
151 175 69
151 178 57
151 182 32
151 183 4
151 184 20
151 185 62
151 186 39
151 189 40
151 194 42
151 195 55
151 199 60
151 200 64
152 154 18
152 155 71
152 157 26
152 161 47
152 162 72
152 164 76
152 166 34
152 171 64
152 174 69
152 176 50
152 177 48
152 183 15
152 186 41
152 187 61
152 188 64
152 192 55
152 193 36
152 195 47
152 196 37
152 198 5
153 154 22
153 155 18
153 157 11
153 159 7
153 161 1
153 162 55
153 164 61
153 165 66
153 166 31
153 171 16
153 174 14
153 175 22
153 183 78
153 186 36
153 187 46
153 190 71
153 195 25
153 197 63
153 198 73
154 155 27
154 159 73
154 161 43
154 164 25
154 169 19
154 170 57
154 171 56
154 177 36
154 180 10
154 184 58
154 186 36
154 189 75
154 193 37
154 194 21
155 157 77
155 159 44
155 164 57
155 167 50
155 169 51
155 170 46
155 171 26
155 173 27
155 177 48
155 179 1
155 180 18
155 183 74
155 184 10
155 189 65
155 191 33
155 192 16
155 195 55
155 198 14
156 157 44
156 160 33
156 161 24
156 170 20
156 171 6
156 174 46
156 175 2
156 182 25
156 183 1
156 184 33
156 188 61
156 198 76
157 158 70
157 159 23
157 160 15
157 161 36
157 166 66
157 169 63
157 171 47
157 173 74
157 176 9
157 177 37
157 185 24
157 186 54
157 190 49
158 159 4
158 160 58
158 161 38
158 163 27
158 164 30
158 168 57
158 169 38
158 182 63
158 186 9
158 187 22
158 190 56
158 191 56
158 192 48
158 193 50
159 160 40
159 163 72
159 167 70
159 178 30
159 180 64
159 184 73
159 185 61
159 186 28
159 189 12
159 194 48
159 197 49
160 168 72
160 169 22
160 173 76
160 176 22
160 178 80
160 179 79
160 183 68
160 188 65
160 190 33
160 191 52
160 196 56
160 197 12
160 200 59
161 164 54
161 166 22
161 167 79
161 168 7
161 170 16
161 171 64
161 172 75
161 173 21
161 178 11
161 180 61
161 182 28
161 183 6
161 184 56
161 185 64
161 186 69
161 188 54
161 193 18
161 196 50
161 197 18
161 200 75
162 165 16
162 167 8
162 173 1
162 175 59
162 177 70
162 178 34
162 182 35
162 186 77
162 188 42
162 190 7
162 195 39
162 198 58
162 200 72
163 169 15
163 170 68
163 175 47
163 182 36
163 183 12
163 184 9
163 185 56
163 194 15
163 198 23
163 200 6
164 166 8
164 173 57
164 175 56
164 178 11
164 179 51
164 180 75
164 183 25
164 191 71
164 193 24
164 194 62
164 195 53
164 197 12
164 199 50
164 200 19
165 168 66
165 169 80
165 170 5
165 175 79
165 180 20
165 183 35
165 187 14
165 191 64
165 193 29
165 194 76
165 195 55
165 200 53
166 167 13
166 169 65
166 172 17
166 173 59
166 180 40
166 181 30
166 183 16
166 184 75
166 186 62
166 189 63
166 190 53
166 196 34
166 200 57
167 174 49
167 175 80
167 178 21
167 180 53
167 187 36
167 192 70
167 193 39
167 194 35
167 195 73
167 197 70
167 198 55
167 200 61
168 169 77
168 177 35
168 180 78
168 184 6
168 185 6
168 186 12
168 188 66
168 190 9
168 191 34
168 192 19
168 193 31
168 197 75
168 198 35
168 200 10
169 173 58
169 176 15
169 178 75
169 179 5
169 181 70
169 183 26
169 185 27
169 186 18
169 193 55
169 196 26
169 198 63
170 171 25
170 172 47
170 174 79
170 175 47
170 176 1
170 179 2
170 181 54
170 182 51
170 184 43
170 188 71
170 189 23
170 190 49
170 192 66
170 195 40
170 197 59
170 198 71
171 173 44
171 176 24
171 179 11
171 181 71
171 182 45
171 185 3
171 188 54
171 192 63
171 193 24
171 194 58
171 195 30
171 197 75
172 176 27
172 181 64
172 187 10
172 188 41
172 190 35
172 193 34
172 195 6
172 197 74
173 175 54
173 176 76
173 177 10
173 180 40
173 183 47
173 184 16
173 185 71
173 186 75
173 187 11
173 188 68
173 191 46
173 199 63
174 176 68
174 177 35
174 179 43
174 180 16
174 181 24
174 190 20
174 191 20
174 194 56
174 199 33
175 176 62
175 180 70
175 184 54
175 187 57
175 188 42
175 192 65
175 196 1
175 198 41
175 200 54
176 177 74
176 178 71
176 182 29
176 185 67
176 188 18
176 190 22
176 191 37
176 192 37
176 195 65
176 199 66
177 180 13
177 181 58
177 182 38
177 184 36
177 187 7
177 188 14
177 191 27
177 193 60
177 194 58
178 180 56
178 181 72
178 182 67
178 184 55
178 185 36
178 186 6
178 187 24
178 192 79
178 193 62
178 194 34
178 196 34
178 197 32
178 199 52
178 200 16
179 180 72
179 183 26
179 184 72
179 186 23
179 188 33
179 190 2
179 193 76
179 195 60
179 199 22
179 200 17
180 181 58
180 182 33
180 186 8
180 191 29
180 194 72
180 195 51
180 197 17
180 199 14
180 200 61
181 182 19
181 184 19
181 186 19
181 187 59
181 188 76
181 189 35
181 191 51
181 192 34
181 193 35
181 195 15
181 196 35
181 197 25
181 198 40
181 199 8
181 200 3
182 183 72
182 190 78
182 196 21
182 200 54
183 184 32
183 186 12
183 188 56
183 189 66
183 190 66
183 192 50
183 196 5
183 197 70
184 190 4
184 191 77
184 197 77
185 189 45
185 191 69
185 192 77
185 193 74
185 195 63
185 196 63
185 199 21
185 200 58
186 188 21
186 194 36
186 195 55
186 196 61
186 199 53
187 191 9
187 197 70
187 199 76
187 200 50
188 190 13
188 191 43
188 192 44
188 196 79
188 197 58
188 198 11
189 194 6
189 195 29
189 197 44
189 199 49
190 191 6
190 197 59
191 193 72
191 195 60
191 197 57
191 200 32
192 193 5
192 197 64
193 196 63
193 197 38
193 200 18
194 197 41
194 198 67
194 200 18
196 197 15
196 198 34
196 199 18
197 198 51
