200 1995
1 2 3
1 4 1
1 6 4
1 7 2
1 27 1
1 31 4
1 38 4
1 48 3
1 56 1
1 61 2
1 69 4
1 71 2
1 75 5
1 88 1
1 90 1
1 95 3
1 98 4
1 103 1
1 128 2
1 137 4
1 145 2
1 170 3
1 171 3
1 184 1
1 198 1
2 23 1
2 49 1
2 55 3
2 76 1
2 83 3
2 93 3
2 97 2
2 102 1
2 137 5
2 140 4
2 153 5
2 169 4
2 178 5
2 183 1
2 185 2
2 196 5
2 200 2
3 8 5
3 24 2
3 33 1
3 44 4
3 51 5
3 52 2
3 55 5
3 64 5
3 69 4
3 71 5
3 83 3
3 86 5
3 92 3
3 115 5
3 140 5
3 143 1
3 190 2
3 191 1
3 200 1
4 5 3
4 47 5
4 50 4
4 51 4
4 59 2
4 80 4
4 82 5
4 84 1
4 88 5
4 106 3
4 110 1
4 118 4
4 122 3
4 127 5
4 141 2
4 160 4
4 188 3
4 200 3
5 15 1
5 34 1
5 77 3
5 78 4
5 86 1
5 90 4
5 92 1
5 95 2
5 96 2
5 116 1
5 120 3
5 137 2
5 144 4
5 145 1
5 149 4
5 150 5
5 163 4
5 164 1
5 169 3
5 172 3
5 173 2
5 195 2
6 14 1
6 22 5
6 27 5
6 34 3
6 38 3
6 48 2
6 55 2
6 58 1
6 68 4
6 85 4
6 98 2
6 112 1
6 118 5
6 131 5
6 142 4
6 165 4
6 167 1
6 172 4
6 174 5
6 176 5
6 181 3
7 8 5
7 15 1
7 16 2
7 22 3
7 37 4
7 50 5
7 54 2
7 64 4
7 70 4
7 82 4
7 92 5
7 97 2
7 99 4
7 108 2
7 109 4
7 115 4
7 130 4
7 131 2
7 140 5
7 162 4
7 165 3
7 171 5
7 183 5
7 197 3
8 14 3
8 39 4
8 61 2
8 66 5
8 75 1
8 99 5
8 118 4
8 133 2
8 149 5
8 178 4
8 180 4
8 189 3
8 198 2
8 199 3
9 11 3
9 12 1
9 14 2
9 17 1
9 36 2
9 39 1
9 44 4
9 46 1
9 73 2
9 78 5
9 98 2
9 107 2
9 108 1
9 112 3
9 113 4
9 117 4
9 142 4
9 157 1
9 167 2
9 185 5
9 198 3
10 12 4
10 20 5
10 32 3
10 43 4
10 45 4
10 47 3
10 55 2
10 64 1
10 67 3
10 99 4
10 108 5
10 114 5
10 117 4
10 118 2
10 133 5
10 148 3
10 157 2
10 193 2
11 20 1
11 44 1
11 45 5
11 64 1
11 74 5
11 85 4
11 87 1
11 117 3
11 150 1
11 154 2
11 156 2
11 160 5
11 163 1
11 174 2
12 14 4
12 15 2
12 33 5
12 49 2
12 51 5
12 52 3
12 60 2
12 65 2
12 69 4
12 84 1
12 90 3
12 108 4
12 126 5
12 128 4
12 139 4
12 144 2
12 147 1
12 148 5
12 152 4
12 169 3
12 176 1
12 182 5
13 43 4
13 48 5
13 50 5
13 70 4
13 81 3
13 88 1
13 99 5
13 114 4
13 153 3
13 164 2
13 177 4
14 15 2
14 17 2
14 21 2
14 28 3
14 33 1
14 39 2
14 49 4
14 56 4
14 57 1
14 63 3
14 68 4
14 72 5
14 77 3
14 79 5
14 98 4
14 103 4
14 125 1
14 127 2
14 128 1
14 145 1
14 150 3
14 151 2
14 160 2
14 173 1
14 187 4
14 199 2
14 200 2
15 30 5
15 59 1
15 61 1
15 62 4
15 63 1
15 67 3
15 86 3
15 97 5
15 98 4
15 105 1
15 115 5
15 117 2
15 130 5
15 132 4
15 147 4
15 151 5
15 164 2
15 165 3
15 197 1
15 198 3
16 25 2
16 40 2
16 50 5
16 60 4
16 86 4
16 98 2
16 102 1
16 107 2
16 129 4
16 136 1
16 155 1
16 174 4
16 178 3
16 183 5
17 36 2
17 98 5
17 100 3
17 120 4
17 128 4
17 135 3
17 145 2
17 149 3
17 158 4
17 170 4
17 200 5
18 44 4
18 47 3
18 59 3
18 68 5
18 73 1
18 77 3
18 80 4
18 99 5
18 111 3
18 121 3
18 130 4
18 132 3
18 142 2
18 143 2
18 148 4
18 177 5
18 182 1
18 191 2
18 193 3
18 200 2
19 24 2
19 30 1
19 31 2
19 44 5
19 52 2
19 66 3
19 75 4
19 83 4
19 98 1
19 114 2
19 122 2
19 139 5
19 150 4
19 160 1
19 173 1
19 177 3
19 184 3
19 186 2
19 193 5
20 40 4
20 44 2
20 47 2
20 51 2
20 57 5
20 61 4
20 81 2
20 89 2
20 91 2
20 109 5
20 113 5
20 120 3
20 126 3
20 132 4
20 138 3
20 151 5
20 169 4
20 172 4
20 173 2
20 180 1
20 182 4
20 194 4
21 27 2
21 30 2
21 46 3
21 58 1
21 67 1
21 94 1
21 108 5
21 114 1
21 117 1
21 130 4
21 150 2
21 180 5
21 190 3
21 191 5
22 27 3
22 32 4
22 42 5
22 44 4
22 50 3
22 86 5
22 95 3
22 105 5
22 121 1
22 126 5
22 132 3
22 149 2
22 158 5
22 177 3
22 181 2
22 189 5
23 36 5
23 41 4
23 64 5
23 75 4
23 76 1
23 91 1
23 99 3
23 109 3
23 110 4
23 116 1
23 129 5
23 147 4
23 157 3
23 159 4
23 173 2
23 174 4
23 178 4
23 179 2
23 185 5
23 188 1
23 190 1
23 192 1
23 198 2
23 199 3
23 200 3
24 30 5
24 54 2
24 63 1
24 93 1
24 101 4
24 106 3
24 117 3
24 125 3
24 127 1
24 138 4
24 148 1
24 161 2
24 166 3
25 47 4
25 55 5
25 58 1
25 82 3
25 89 5
25 94 3
25 96 4
25 138 2
25 143 4
25 148 5
25 153 2
25 154 4
25 157 3
25 180 1
25 181 3
25 185 3
25 186 1
25 189 5
25 190 2
25 191 1
26 27 3
26 37 1
26 49 5
26 56 2
26 60 1
26 70 3
26 74 2
26 95 4
26 99 1
26 100 2
26 102 3
26 103 5
26 113 4
26 114 5
26 118 3
26 120 1
26 141 5
26 143 3
26 150 1
26 161 1
26 174 4
26 187 3
26 189 1
27 57 2
27 60 2
27 71 2
27 85 5
27 86 1
27 96 4
27 105 5
27 106 3
27 123 5
27 125 1
27 126 1
27 130 1
27 137 5
27 155 5
27 156 4
27 164 2
27 165 4
27 184 1
27 195 3
28 29 3
28 33 2
28 36 3
28 43 4
28 44 5
28 69 1
28 71 4
28 75 2
28 84 3
28 102 1
28 106 5
28 108 5
28 110 3
28 127 3
28 155 4
28 158 1
29 33 5
29 36 5
29 39 2
29 47 4
29 58 1
29 59 4
29 67 2
29 70 2
29 73 1
29 74 1
29 86 5
29 91 3
29 95 2
29 103 3
29 105 1
29 115 2
29 126 5
29 130 2
29 148 3
29 152 4
29 157 2
29 163 1
29 171 5
29 173 3
29 199 2
30 34 1
30 70 4
30 75 4
30 76 4
30 77 3
30 78 2
30 79 4
30 82 3
30 91 5
30 99 4
30 100 3
30 102 3
30 103 3
30 118 2
30 128 5
30 137 2
30 141 1
30 150 4
30 158 4
30 162 4
30 197 3
31 33 4
31 37 5
31 54 4
31 72 5
31 79 1
31 82 3
31 88 3
31 94 3
31 115 3
31 118 5
31 122 1
31 130 5
31 153 5
31 162 1
31 163 5
31 167 4
32 36 5
32 39 4
32 51 5
32 74 5
32 109 5
32 115 2
32 121 1
32 136 4
32 137 2
32 157 3
32 171 1
32 196 2
33 35 5
33 50 2
33 59 5
33 69 3
33 70 2
33 78 2
33 84 1
33 85 2
33 87 1
33 103 4
33 107 2
33 113 4
33 122 1
33 131 1
33 141 3
33 150 5
33 158 2
33 163 3
33 185 2
33 199 4
34 52 1
34 75 4
34 78 2
34 80 3
34 89 5
34 106 5
34 119 3
34 123 1
34 132 1
34 149 4
34 160 1
34 162 4
34 169 5
34 172 4
34 174 3
34 175 2
34 188 4
34 195 1
34 196 2
34 198 2
34 199 2
35 41 4
35 51 5
35 53 3
35 80 5
35 83 1
35 84 1
35 117 1
35 118 1
35 134 3
35 136 1
35 152 4
35 178 4
36 38 2
36 69 1
36 80 3
36 90 1
36 100 1
36 104 4
36 105 1
36 126 5
36 134 3
36 141 1
36 175 1
36 196 1
37 45 1
37 53 1
37 59 1
37 72 1
37 75 4
37 78 4
37 83 4
37 88 2
37 94 4
37 99 4
37 103 1
37 104 3
37 118 2
37 134 3
37 138 5
37 149 2
37 155 5
37 161 2
37 175 4
37 185 4
37 188 3
37 193 1
37 196 3
38 61 4
38 62 1
38 66 1
38 84 5
38 101 3
38 108 3
38 110 3
38 117 2
38 119 1
38 130 5
38 189 1
38 194 2
39 46 1
39 54 2
39 56 2
39 69 4
39 70 2
39 71 2
39 77 2
39 83 3
39 111 4
39 112 2
39 114 4
39 118 3
39 121 3
39 125 1
39 142 5
39 170 1
39 180 4
39 186 2
40 43 3
40 57 4
40 61 1
40 66 2
40 70 3
40 74 1
40 96 3
40 99 4
40 143 3
40 144 5
40 155 5
40 185 1
40 194 5
41 49 1
41 59 2
41 60 1
41 62 1
41 65 5
41 69 2
41 96 5
41 105 2
41 113 1
41 115 2
41 119 1
41 142 4
41 146 3
41 147 5
41 157 1
41 161 4
41 165 3
41 177 2
41 182 1
41 184 4
41 193 1
42 55 1
42 57 1
42 77 1
42 85 3
42 88 5
42 97 5
42 98 3
42 99 5
42 105 4
42 110 3
42 121 3
42 127 4
42 131 4
42 135 5
42 154 2
42 170 5
42 173 3
42 183 1
42 187 1
43 48 1
43 81 4
43 82 2
43 113 2
43 172 4
43 176 3
44 53 5
44 57 2
44 58 2
44 71 3
44 73 2
44 79 4
44 85 2
44 94 1
44 100 4
44 104 4
44 127 2
44 144 5
44 169 3
44 195 4
44 200 5
45 51 3
45 52 5
45 58 5
45 60 2
45 83 4
45 98 3
45 109 5
45 116 4
45 123 3
45 124 3
45 145 3
45 150 5
45 176 5
45 198 1
46 47 3
46 61 4
46 72 5
46 75 1
46 96 5
46 102 4
46 110 3
46 118 3
46 122 2
46 123 5
46 133 4
46 139 2
46 143 5
46 173 2
46 175 1
47 62 4
47 64 4
47 73 2
47 81 3
47 84 3
47 93 5
47 105 2
47 110 4
47 112 2
47 116 4
47 125 4
47 127 5
47 129 4
47 130 1
47 141 3
47 180 5
47 181 4
47 190 5
47 195 3
47 196 5
48 66 2
48 83 4
48 89 1
48 146 3
48 148 1
48 153 4
48 165 4
48 166 3
48 172 2
48 174 2
48 178 2
48 191 2
48 197 4
48 200 4
49 52 4
49 76 1
49 79 2
49 88 2
49 96 4
49 99 2
49 103 3
49 112 2
49 113 5
49 128 5
49 135 4
49 140 1
49 145 4
49 149 3
49 154 3
49 167 4
49 183 5
50 56 4
50 60 1
50 70 3
50 71 5
50 77 2
50 85 2
50 86 4
50 111 1
50 116 2
50 125 2
50 144 2
50 153 2
50 161 4
50 164 4
50 168 1
50 181 1
51 67 1
51 69 5
51 71 5
51 105 2
51 110 5
51 112 2
51 135 3
51 139 4
51 144 2
51 151 2
51 156 5
51 158 3
51 183 4
52 65 1
52 88 5
52 102 3
52 104 1
52 110 5
52 120 4
52 130 1
52 159 2
52 165 4
52 184 2
53 55 4
53 56 4
53 63 2
53 68 3
53 76 4
53 80 5
53 103 2
53 148 1
53 164 3
53 177 4
53 182 2
53 187 3
54 62 2
54 86 5
54 89 4
54 129 3
54 133 3
54 155 4
54 160 1
54 162 1
54 170 2
54 173 5
54 180 5
54 193 5
54 198 3
55 58 5
55 62 2
55 85 4
55 97 4
55 114 5
55 117 5
55 120 3
55 138 5
55 146 5
55 155 5
55 161 4
55 174 1
55 181 5
55 189 4
55 190 4
56 58 5
56 61 2
56 65 1
56 66 2
56 77 5
56 89 1
56 91 3
56 101 3
56 102 4
56 109 3
56 112 5
56 113 2
56 121 5
56 122 2
56 127 1
56 129 4
56 147 1
56 151 3
56 161 5
56 174 5
56 177 4
56 180 4
56 190 2
56 194 3
57 58 2
57 59 4
57 60 4
57 68 3
57 70 5
57 71 1
57 74 2
57 77 2
57 88 5
57 102 2
57 106 3
57 115 1
57 117 2
57 133 4
57 139 2
57 157 2
57 177 4
57 181 1
57 185 3
57 191 3
57 198 4
58 63 5
58 69 1
58 91 4
58 93 1
58 98 3
58 113 5
58 122 5
58 149 3
58 170 2
58 174 5
58 182 2
58 187 3
58 196 2
58 198 1
59 66 4
59 74 2
59 75 2
59 77 4
59 83 3
59 90 5
59 125 2
59 132 3
59 138 3
59 154 5
59 156 4
59 157 3
59 172 5
59 188 4
59 200 1
60 66 5
60 78 1
60 86 1
60 98 3
60 104 1
60 116 4
60 120 2
60 129 2
60 141 3
60 142 5
60 147 2
60 167 3
60 169 4
60 180 4
60 198 2
61 81 4
61 94 3
61 102 2
61 110 2
61 111 2
61 114 3
61 126 5
61 133 5
61 147 5
61 152 2
61 174 5
61 175 4
61 187 4
61 188 5
61 191 2
61 200 1
62 63 2
62 87 4
62 97 4
62 98 4
62 100 2
62 109 5
62 121 1
62 126 4
62 141 1
62 146 3
62 163 3
62 166 2
62 196 4
63 64 3
63 87 4
63 96 2
63 97 1
63 109 2
63 111 5
63 113 5
63 136 1
63 190 4
63 193 2
64 95 5
64 132 2
64 134 5
64 156 2
64 173 5
64 174 1
64 197 1
64 200 4
65 86 1
65 93 5
65 118 3
65 127 5
65 129 4
65 154 4
65 173 4
65 177 4
65 178 4
65 184 5
65 197 4
66 69 4
66 71 5
66 95 1
66 99 1
66 101 2
66 120 3
66 138 3
66 164 3
66 169 2
66 174 3
66 179 3
66 183 2
66 190 5
66 191 5
67 69 4
67 79 3
67 91 4
67 99 4
67 104 3
67 110 1
67 111 2
67 114 3
67 116 5
67 142 1
67 143 4
67 148 1
67 149 5
67 151 3
67 155 4
67 156 1
67 159 1
67 171 2
67 176 4
67 179 3
67 191 1
67 200 3
68 75 1
68 89 1
68 107 5
68 114 3
68 132 1
68 134 4
68 142 4
68 162 5
68 173 5
68 180 3
68 188 4
68 189 3
68 191 2
69 77 1
69 80 1
69 88 2
69 101 5
69 102 2
69 116 1
69 118 2
69 135 3
69 149 5
69 150 4
69 168 1
69 170 4
69 184 1
69 196 2
70 71 2
70 75 2
70 76 1
70 90 4
70 101 2
70 111 1
70 112 3
70 120 1
70 122 1
70 123 2
70 128 1
70 134 3
70 139 5
70 147 1
70 160 5
70 184 4
70 200 3
71 72 1
71 83 5
71 91 3
71 93 4
71 97 5
71 109 5
71 131 5
71 137 2
71 144 3
71 152 2
71 166 5
71 168 3
71 178 1
71 182 4
71 190 2
71 195 2
71 197 1
72 74 1
72 83 4
72 95 3
72 105 5
72 113 3
72 117 1
72 119 4
72 142 3
72 148 5
72 153 5
72 154 5
72 177 5
72 184 3
72 185 5
72 188 5
72 189 4
72 191 4
72 193 2
73 115 2
73 142 4
73 145 2
73 163 4
73 172 2
73 186 1
73 199 4
74 80 2
74 99 5
74 100 3
74 108 5
74 109 3
74 118 3
74 132 5
74 138 5
74 153 1
74 167 3
74 171 1
74 176 4
74 182 2
74 197 2
74 199 4
75 78 2
75 86 2
75 111 5
75 127 5
75 137 4
75 164 5
75 186 1
75 195 1
75 197 2
75 200 2
76 97 5
76 103 2
76 114 5
76 120 4
76 122 2
76 128 5
76 136 5
76 141 1
76 144 5
76 152 4
76 188 1
76 191 3
77 79 1
77 85 2
77 114 5
77 126 4
77 130 5
77 136 2
77 155 2
77 162 1
77 171 3
77 179 4
77 187 2
77 191 5
77 192 5
78 82 2
78 88 2
78 130 1
78 159 1
78 174 4
78 192 3
78 199 2
79 88 4
79 89 2
79 105 1
79 112 4
79 122 2
79 136 3
79 138 4
79 143 2
79 152 2
79 174 2
79 189 4
80 83 2
80 85 4
80 99 3
80 102 1
80 171 4
80 194 5
81 94 1
81 114 4
81 119 1
81 123 1
81 127 3
81 134 1
81 138 2
81 149 3
81 150 4
81 152 3
81 153 2
81 155 1
81 189 3
81 191 3
82 106 4
82 108 4
82 111 3
82 121 5
82 133 5
82 138 3
82 172 3
82 175 2
82 193 1
82 195 3
83 97 3
83 101 1
83 109 2
83 138 5
83 145 3
83 180 2
83 182 4
84 99 3
84 103 5
84 113 2
84 125 5
84 128 5
84 132 5
84 133 5
84 136 4
84 143 3
84 155 4
84 174 1
84 178 2
84 181 4
84 182 3
84 184 2
84 189 3
84 191 1
85 94 5
85 99 1
85 110 1
85 137 2
85 156 2
85 167 2
85 170 5
85 176 3
85 177 4
85 183 4
85 186 5
85 194 4
85 197 5
86 95 3
86 134 2
86 171 5
86 178 1
86 186 4
86 188 5
86 195 3
87 93 5
87 104 5
87 108 2
87 123 5
87 157 5
87 168 1
87 173 1
87 182 1
87 187 4
87 188 3
87 191 3
87 196 1
88 105 5
88 127 5
88 137 3
88 138 1
88 157 4
88 172 3
88 174 2
88 181 3
88 198 3
88 200 3
89 104 1
89 128 5
89 137 2
89 138 2
89 141 5
89 178 3
89 189 1
89 194 2
90 101 3
90 102 2
90 106 3
90 120 3
90 122 5
90 139 4
90 142 4
90 161 3
90 166 1
90 176 4
90 200 1
91 94 5
91 103 3
91 105 3
91 107 4
91 120 2
91 135 1
91 140 1
91 147 5
91 160 1
91 166 4
91 173 1
91 183 2
92 108 5
92 109 5
92 120 3
92 127 2
92 141 1
92 167 5
92 178 3
92 179 4
93 106 3
93 126 5
93 150 1
93 153 5
93 158 4
93 160 1
93 170 2
93 186 1
93 191 4
93 197 4
94 103 3
94 119 3
94 151 3
94 163 5
94 176 5
94 189 2
94 191 3
95 128 3
95 139 2
95 143 1
95 160 3
95 174 4
95 185 1
95 192 1
95 200 1
96 109 4
96 125 4
96 134 4
96 137 3
96 148 4
96 162 2
96 167 4
96 168 2
96 170 1
96 174 4
96 178 4
96 198 4
97 103 5
97 105 2
97 113 5
97 117 2
97 123 3
97 124 4
97 127 1
97 129 2
97 132 2
97 140 1
97 145 2
97 155 4
97 156 3
97 157 3
97 160 2
97 161 1
97 162 4
97 165 4
97 176 1
97 181 4
97 194 3
97 200 5
98 106 1
98 117 5
98 123 1
98 127 5
98 129 1
98 130 4
98 133 4
98 135 1
98 160 1
98 164 1
98 173 4
99 109 2
99 110 4
99 118 2
99 120 4
99 139 3
99 155 5
99 173 2
99 179 3
99 180 5
100 116 5
100 126 1
100 131 1
100 136 1
100 140 3
100 141 3
100 143 4
100 168 2
100 179 2
101 102 1
101 118 3
101 121 5
101 124 4
101 130 5
101 144 1
101 178 5
102 110 2
102 146 4
102 149 5
102 160 5
102 191 2
102 193 2
102 196 3
103 158 5
103 189 4
103 190 4
104 108 4
104 109 3
104 112 4
104 124 4
104 127 2
104 141 4
104 143 2
104 150 3
104 163 2
104 165 1
104 182 1
104 200 5
105 113 4
105 114 1
105 122 2
105 124 1
105 129 1
105 141 2
105 144 5
105 160 4
105 177 5
105 178 4
105 183 3
106 108 1
106 114 1
106 119 5
106 140 5
106 147 5
106 156 1
106 157 4
106 170 1
106 172 4
106 174 3
106 179 1
106 189 5
106 195 2
107 108 4
107 112 5
107 139 5
107 145 3
107 147 5
107 150 1
107 163 2
107 193 4
107 196 3
108 111 4
108 112 5
108 122 4
108 124 3
108 128 5
108 129 3
108 134 2
108 141 3
108 144 3
108 148 4
108 150 1
108 165 4
108 187 2
108 191 5
108 195 4
108 200 2
109 131 2
109 133 5
109 145 2
109 149 4
109 156 3
109 162 5
109 170 2
110 125 4
110 135 3
110 139 4
110 141 4
110 144 2
110 160 3
110 163 3
110 175 3
110 180 3
110 183 3
110 200 1
111 117 5
111 128 4
111 129 3
111 131 1
111 134 5
111 150 5
111 152 2
111 172 4
111 178 4
111 180 5
111 185 5
111 196 2
111 200 2
112 118 4
112 126 5
112 138 3
112 153 2
112 154 3
112 174 2
112 197 3
113 131 3
113 134 5
113 155 4
113 167 3
113 181 1
113 189 3
114 117 1
114 140 3
114 185 2
115 122 3
115 130 2
115 152 2
115 153 2
115 160 2
115 162 3
115 166 5
115 167 4
115 184 4
115 195 4
116 119 3
116 130 3
116 131 5
116 144 1
116 172 4
116 173 5
116 182 4
116 184 3
116 187 3
116 189 1
117 126 2
117 131 2
117 134 1
117 139 1
117 152 4
117 166 3
117 173 2
117 177 2
117 179 2
117 197 2
118 146 2
118 152 3
118 155 4
118 161 4
118 164 5
118 179 1
118 181 1
119 121 2
119 131 4
119 135 1
119 141 1
119 153 1
119 181 2
119 192 5
119 194 2
119 200 1
120 123 2
120 148 5
120 160 1
120 170 3
120 172 1
120 173 2
120 195 1
120 198 3
121 124 3
121 134 3
121 143 1
121 146 1
121 147 3
121 159 3
122 126 3
122 127 2
122 133 3
122 142 2
122 148 5
122 149 1
122 153 4
122 158 4
122 167 4
122 177 2
122 178 4
122 183 1
122 184 4
122 193 4
122 199 5
123 136 1
123 143 3
123 148 2
123 154 3
123 156 1
123 185 1
123 193 5
123 194 3
124 156 5
124 168 5
124 177 5
124 197 5
125 171 2
125 176 4
125 193 4
126 132 3
126 148 5
126 186 5
126 191 5
126 192 4
127 134 3
127 138 2
127 145 3
127 146 5
127 158 3
127 160 3
127 174 1
127 192 5
127 195 1
128 133 1
128 138 4
128 140 5
128 146 1
128 152 1
128 158 4
128 161 1
128 182 2
128 185 5
128 197 3
129 140 2
129 149 3
129 154 2
129 162 5
129 172 2
129 174 2
129 200 1
130 135 3
130 144 5
130 160 5
130 161 1
130 170 1
130 195 3
130 197 5
130 199 4
131 141 2
131 148 1
131 161 4
131 171 5
131 173 3
131 184 2
132 137 5
132 144 3
132 146 2
132 160 2
132 179 3
132 193 5
132 195 3
133 146 5
133 166 4
133 171 4
133 182 4
133 194 2
134 137 1
134 142 3
134 180 1
134 182 2
134 194 4
135 141 4
135 143 5
135 152 2
135 155 1
135 159 4
135 175 1
135 184 5
135 185 3
135 187 1
136 139 3
136 154 4
136 183 1
136 190 3
136 197 4
136 200 2
137 138 1
137 141 5
137 152 1
137 165 2
137 170 3
137 178 1
137 182 3
138 141 5
138 143 5
138 180 1
138 186 4
138 187 2
138 189 3
138 193 2
138 200 4
139 162 2
139 164 1
139 167 3
140 145 3
140 156 2
140 159 2
140 182 2
140 200 4
141 143 3
141 151 5
141 160 4
141 161 3
141 170 1
141 190 1
141 200 5
142 143 3
142 162 1
142 181 2
142 183 3
142 191 3
142 192 1
142 193 5
142 197 2
142 200 5
143 150 3
143 168 5
143 171 1
143 178 2
143 192 1
143 196 5
144 150 3
144 158 3
144 169 4
144 190 3
144 197 1
145 149 3
145 159 5
145 176 2
145 187 4
145 188 1
146 172 4
146 177 2
147 151 5
147 162 1
147 166 1
147 181 3
147 184 5
147 190 2
147 193 5
147 194 4
148 150 5
148 153 1
148 160 3
148 164 4
148 195 3
149 173 1
149 182 4
149 188 5
149 197 2
150 162 4
150 163 5
150 168 2
150 172 4
150 175 3
150 179 5
150 182 4
150 184 5
150 197 2
150 200 5
151 165 2
151 181 2
151 189 5
152 156 2
152 159 1
152 166 4
152 171 2
152 181 2
153 155 2
153 165 3
153 192 1
153 199 2
154 190 3
154 192 5
154 200 2
155 163 5
155 168 4
155 175 5
155 180 3
155 188 4
155 191 5
156 157 3
156 165 1
156 187 2
156 189 4
157 186 2
157 187 2
157 196 4
158 162 4
158 167 2
158 168 1
158 171 4
158 187 3
159 160 3
159 168 2
159 174 5
160 164 4
160 179 4
160 191 4
161 164 5
161 177 2
161 183 4
161 193 3
162 166 2
162 183 2
162 190 2
163 183 2
163 194 5
163 199 5
164 167 2
164 171 2
164 177 3
164 181 3
164 182 1
164 186 2
164 188 2
164 190 5
165 190 2
166 167 4
167 183 5
168 181 3
168 190 1
168 194 3
169 173 3
169 178 5
169 200 1
170 179 3
170 184 3
170 194 1
170 195 4
171 173 3
171 178 5
171 194 4
172 177 2
172 184 4
172 195 1
173 174 1
173 188 1
173 193 2
173 199 5
174 188 5
174 192 2
176 177 3
176 181 5
176 186 4
176 189 5
177 200 5
178 199 3
179 181 4
180 193 4
182 185 4
183 197 4
184 185 2
184 196 2
184 199 4
185 186 2
185 189 5
186 190 2
186 191 2
188 194 4
188 199 3
189 194 3
189 200 1
190 196 4
193 196 4
194 199 3
195 196 4
197 199 3
199 200 4
