100 236
1 12 56
1 26 159
1 34 35
1 61 62
1 66 115
1 78 29
1 82 72
2 24 131
2 44 86
2 88 8
3 15 99
3 20 45
3 24 66
3 31 18
3 82 113
3 96 127
4 10 159
4 37 66
4 43 149
4 58 142
4 97 113
5 8 138
5 31 7
5 86 128
5 92 68
6 19 146
6 31 95
6 35 36
6 42 52
6 60 150
6 79 63
6 82 112
7 33 116
7 56 158
7 62 88
7 87 151
7 97 24
8 64 141
8 99 128
9 16 7
9 18 10
9 19 102
9 26 84
9 41 134
9 46 112
9 89 144
10 27 51
10 34 94
10 89 60
11 31 125
11 69 10
11 83 127
11 89 109
12 23 118
12 25 7
13 67 21
13 72 22
13 73 140
13 85 139
14 27 18
14 30 78
14 38 19
14 48 71
14 83 60
15 28 145
15 82 27
16 51 87
16 63 132
16 89 33
17 42 39
17 71 60
17 84 109
18 65 83
18 74 145
18 88 20
18 93 96
19 29 63
19 35 93
19 52 159
19 57 82
19 69 30
19 80 124
20 34 1
20 51 150
20 73 154
20 94 28
20 98 40
21 25 87
21 26 107
21 37 29
21 39 157
21 77 138
22 32 70
22 34 94
22 60 28
22 61 25
22 82 75
22 85 157
22 99 10
23 30 50
23 34 150
23 47 150
24 28 50
24 39 22
24 85 147
25 63 60
26 51 84
26 58 126
26 60 121
26 63 150
26 100 16
28 67 141
28 69 76
28 85 77
28 98 55
29 40 92
29 67 141
30 60 127
30 91 87
30 98 27
31 43 67
31 66 71
31 72 91
31 97 13
32 50 92
32 100 121
33 100 19
34 48 115
34 53 122
34 61 135
34 64 88
34 68 139
34 76 29
34 85 37
34 91 146
35 43 63
35 85 138
35 93 88
35 97 66
36 57 35
36 81 44
36 84 64
36 87 15
37 40 20
37 52 65
37 59 4
37 87 33
38 64 18
39 44 128
39 76 100
40 50 17
40 64 54
40 75 51
41 46 136
41 70 110
41 86 42
42 48 148
42 72 57
42 73 75
44 77 30
45 51 151
45 59 50
45 64 19
46 69 63
46 92 129
47 52 43
47 85 126
47 93 134
47 99 160
48 71 126
48 84 94
50 52 136
50 64 6
50 92 102
51 66 93
51 98 148
52 98 81
53 55 3
54 83 139
54 84 132
55 62 160
55 81 12
55 90 13
56 61 88
56 87 38
57 71 53
57 90 96
58 61 14
58 89 140
59 63 7
59 80 2
59 81 110
59 86 20
60 80 71
60 84 138
60 85 101
61 93 120
63 79 80
63 80 94
63 88 104
63 98 130
64 78 41
64 95 51
65 87 145
66 72 121
66 74 46
66 77 52
67 80 132
67 81 133
68 77 81
68 82 40
68 85 124
68 95 113
69 84 39
69 96 56
70 92 113
71 88 147
72 83 136
72 88 92
76 98 25
76 99 96
77 98 7
77 99 23
79 93 120
79 95 143
80 90 96
80 99 44
84 88 28
85 94 66
86 96 51
86 99 30
88 95 65
89 97 45
90 97 111
94 100 32
95 97 18
