200 1009
1 12 30
1 22 34
1 39 125
1 62 57
1 72 193
1 80 69
1 81 198
1 92 240
1 105 34
2 19 125
2 24 106
2 75 107
2 86 238
2 90 76
2 107 220
2 109 110
2 112 311
2 136 117
2 160 303
2 183 59
3 6 88
3 26 269
3 29 99
3 73 281
3 92 254
3 103 233
3 155 145
3 200 174
4 6 274
4 34 259
4 43 304
4 44 102
4 89 95
4 120 240
4 148 25
4 160 316
4 189 112
4 196 144
5 18 14
5 44 290
5 137 9
5 139 112
5 156 138
5 177 151
5 185 216
5 186 262
5 191 179
5 200 92
6 16 296
6 107 125
6 139 59
6 154 36
6 186 199
7 10 152
7 17 304
7 41 114
7 57 186
7 68 311
7 91 313
7 101 57
7 152 214
7 158 199
7 183 3
7 186 291
7 187 293
7 191 287
8 23 67
8 30 240
8 62 272
8 73 258
8 84 176
8 88 306
8 102 271
8 106 36
8 114 257
8 150 295
9 24 292
9 61 312
9 63 150
9 87 133
9 93 316
9 94 289
9 99 166
9 173 227
9 195 178
10 38 218
10 39 215
10 73 233
10 75 42
10 83 179
10 90 28
10 110 145
10 124 218
10 139 72
10 194 267
10 197 120
11 23 260
11 33 279
11 34 51
11 56 225
11 92 266
11 107 43
11 131 153
11 154 257
11 181 170
11 182 32
12 15 238
12 18 33
12 46 100
12 49 65
12 50 103
12 56 248
12 64 318
12 76 96
12 100 224
12 132 69
12 135 303
12 160 42
12 166 316
12 171 63
12 176 201
12 180 108
12 181 308
13 34 160
13 52 76
13 59 221
13 66 127
13 79 91
13 96 167
14 18 317
14 63 315
14 69 136
14 72 291
14 115 268
14 153 184
14 173 318
14 178 5
14 185 183
15 24 153
15 29 153
15 69 227
15 74 235
15 105 162
15 124 89
15 131 288
15 154 301
15 190 303
15 193 240
16 43 300
16 46 260
16 48 233
16 77 264
16 133 257
16 199 215
16 200 262
17 28 39
17 70 151
17 143 224
17 184 280
17 192 65
18 19 167
18 47 210
18 56 270
18 74 105
18 107 268
18 133 162
18 150 19
18 160 38
18 187 112
19 68 165
19 78 6
19 102 14
19 122 15
19 171 92
19 175 123
19 199 98
20 40 299
20 49 183
20 69 280
20 77 64
20 104 229
20 109 273
20 159 137
20 175 129
20 176 289
20 191 61
21 56 69
21 59 222
21 90 198
21 130 266
21 135 289
21 148 1
22 40 315
22 66 154
22 69 230
22 99 292
22 127 108
22 176 316
23 32 159
23 55 48
23 59 36
23 67 91
23 118 83
23 143 262
23 167 46
23 172 293
23 176 229
23 183 202
24 29 83
24 33 227
24 44 62
24 47 90
24 69 303
24 96 59
24 103 213
24 131 140
24 136 58
24 166 219
24 188 164
25 26 41
25 28 205
25 29 75
25 32 257
25 63 56
25 113 264
25 122 285
25 129 214
25 141 95
25 166 112
25 170 276
25 190 181
26 35 153
26 67 277
26 78 248
26 110 252
26 149 183
26 174 180
26 176 155
26 178 189
26 179 83
27 31 144
27 50 231
27 66 99
27 68 270
27 74 232
27 107 246
27 138 291
27 164 300
27 200 243
28 43 111
28 91 20
28 173 120
28 176 312
28 180 24
29 35 151
29 37 25
29 49 145
29 65 318
29 66 206
29 88 254
29 93 187
29 126 158
29 129 202
29 133 76
29 157 288
29 161 263
30 41 227
30 56 293
30 62 100
30 84 154
30 89 110
30 111 161
30 117 168
30 164 31
30 165 115
30 187 223
31 52 201
31 92 64
31 108 28
31 111 146
31 158 179
31 194 311
32 63 279
32 83 148
32 91 62
32 97 121
32 99 104
32 104 111
32 110 114
32 113 29
32 142 22
32 150 208
32 166 19
32 167 163
32 170 45
32 188 92
32 200 58
33 38 315
33 53 62
33 68 136
33 115 23
33 130 315
33 136 237
33 156 272
33 171 116
33 187 226
33 189 183
34 46 314
34 68 266
34 90 90
34 97 255
34 100 301
34 124 212
34 128 122
35 62 71
35 95 30
35 102 203
35 106 274
35 132 223
35 185 316
35 190 154
36 55 227
36 74 237
36 97 172
36 103 172
36 117 111
36 133 174
36 144 24
36 195 188
37 59 163
37 105 6
37 113 194
37 124 188
37 186 203
37 198 291
38 70 22
38 83 82
38 84 6
38 133 23
38 145 293
38 154 82
38 177 116
39 46 117
39 67 196
39 69 4
39 76 63
39 93 35
39 103 94
39 116 199
39 117 73
39 122 84
39 158 238
39 162 305
39 178 93
39 181 194
40 62 20
40 91 256
40 97 298
40 116 230
40 156 216
41 87 227
41 89 289
41 91 48
41 121 104
41 125 313
41 134 68
41 175 205
41 191 179
41 200 152
42 51 161
42 104 294
42 107 142
42 110 8
42 120 198
42 175 145
42 191 10
42 197 297
43 45 29
43 86 120
43 95 310
43 107 66
43 109 85
43 126 43
43 188 307
43 190 104
44 46 2
44 53 89
44 60 282
44 78 224
44 146 73
44 153 127
44 160 159
44 183 76
44 195 27
44 198 3
45 51 289
45 54 261
45 59 202
45 78 4
45 102 289
45 105 220
45 164 20
46 72 112
46 94 6
46 121 134
46 126 220
46 130 126
46 164 278
46 170 23
46 177 288
47 52 87
47 55 188
47 57 8
47 80 69
47 89 258
47 122 151
47 137 284
47 138 176
47 165 7
47 169 278
47 186 174
47 192 303
48 116 11
48 119 205
48 183 76
48 188 160
49 85 65
49 91 63
49 107 87
49 131 155
50 65 40
50 102 300
50 121 163
50 129 147
50 159 8
50 168 65
50 169 227
50 188 114
50 189 94
51 89 63
51 111 67
51 120 191
51 128 234
51 133 166
51 152 257
51 172 139
52 62 41
52 69 176
52 98 271
52 132 242
52 145 21
52 162 32
52 168 205
52 198 166
53 57 295
53 58 127
53 80 103
53 86 119
53 117 110
53 149 106
53 153 97
53 157 179
53 180 212
54 85 140
54 103 109
54 109 18
54 124 157
54 182 246
54 196 16
55 66 150
55 70 115
55 134 178
55 146 238
55 160 258
56 64 310
56 122 202
56 139 116
56 140 301
56 165 145
56 180 173
56 191 303
56 194 60
56 198 267
57 93 137
57 108 279
57 122 318
57 147 263
57 151 259
57 165 102
57 181 50
57 194 274
58 73 274
58 76 188
58 111 303
58 161 223
59 63 16
59 74 1
59 81 9
59 83 43
59 95 198
59 97 87
59 102 88
59 122 3
59 171 218
59 192 263
60 91 312
60 181 16
61 92 15
61 103 177
61 111 134
61 120 261
61 134 211
61 141 75
61 145 176
61 149 257
61 159 244
61 166 49
61 193 35
62 64 240
62 70 133
62 89 134
62 115 283
62 124 92
62 129 65
62 130 133
62 152 224
62 159 35
63 102 297
63 122 207
63 138 108
63 141 76
63 171 155
63 188 204
64 88 98
64 96 313
64 103 221
64 113 270
64 154 90
64 172 313
64 174 85
64 186 154
64 191 271
65 101 113
65 121 5
66 159 35
66 190 208
67 85 166
67 98 50
67 100 273
67 122 57
67 178 57
67 195 227
67 200 11
68 72 286
68 85 76
68 139 133
68 158 29
68 173 171
69 103 300
69 165 285
69 169 151
69 178 301
69 196 126
70 77 229
70 107 3
70 136 314
70 160 86
70 174 215
70 181 317
70 182 18
70 185 171
70 191 105
70 193 167
70 196 12
71 92 110
71 100 244
71 111 232
71 114 95
71 127 146
71 152 142
71 155 64
71 174 99
71 176 218
71 189 158
71 191 73
72 93 114
72 95 318
72 98 211
72 101 112
72 140 137
72 190 254
73 143 94
73 171 282
74 96 120
74 103 247
74 129 154
74 164 301
74 200 143
75 76 162
75 93 219
75 112 70
75 131 202
75 147 127
75 154 112
75 191 231
76 127 271
76 128 184
76 135 183
76 138 252
77 98 282
77 129 81
77 155 125
77 158 287
77 171 96
77 180 63
77 193 298
78 125 115
78 153 49
78 163 133
79 88 97
79 120 2
79 128 17
79 150 172
79 153 174
79 180 195
80 188 165
80 190 39
81 87 211
81 106 8
81 118 263
81 149 309
81 172 38
81 175 220
81 188 284
82 87 54
82 108 86
82 135 236
82 148 73
82 200 143
83 126 83
83 143 317
83 149 87
83 155 218
84 105 288
84 114 318
84 119 146
84 144 320
84 171 72
84 180 31
84 200 294
85 98 5
85 116 51
85 141 60
85 158 66
85 175 129
85 189 174
85 191 77
86 102 212
86 137 279
86 166 202
86 168 293
86 178 297
86 194 116
86 196 231
86 198 58
87 93 94
87 94 307
87 96 296
87 138 65
87 139 267
87 163 303
87 164 47
88 135 127
88 155 265
88 158 178
88 167 308
88 170 37
88 194 172
89 95 216
89 111 267
89 124 168
89 132 300
89 159 269
89 164 219
89 170 61
89 189 265
89 192 76
89 199 16
90 100 142
90 118 248
90 154 115
90 193 269
90 194 58
91 132 305
91 162 164
91 187 67
92 122 42
92 134 241
92 166 221
92 181 247
92 198 44
93 162 124
94 114 45
94 119 196
94 126 120
94 135 104
94 163 115
94 164 293
94 171 64
95 116 95
95 121 237
95 129 191
95 166 83
95 170 103
95 174 16
95 189 160
95 191 149
95 195 310
96 132 155
96 135 102
96 148 319
96 150 93
96 151 174
96 159 184
96 161 142
96 162 86
96 199 203
97 120 132
97 147 8
97 164 22
97 168 193
98 103 248
98 113 214
98 118 316
98 122 52
98 146 103
98 153 193
98 154 46
98 158 211
98 171 66
98 172 262
98 189 261
99 109 47
99 135 259
99 147 111
99 194 95
99 195 168
100 104 73
100 127 86
100 150 152
100 155 20
100 157 225
100 185 287
101 110 87
101 111 226
101 127 320
101 194 86
101 199 261
102 141 86
102 157 246
102 159 90
102 166 81
102 180 285
102 183 239
102 189 80
103 132 190
103 165 14
103 171 185
103 172 182
103 188 182
104 108 122
104 135 260
104 153 264
104 193 296
104 195 142
105 154 284
105 162 25
105 177 263
105 181 3
106 123 100
106 124 76
106 148 7
106 149 66
106 159 88
106 172 17
107 141 153
107 151 32
107 157 313
107 162 286
107 179 156
108 142 63
108 148 40
108 149 107
108 185 141
108 195 216
109 129 281
109 163 293
109 185 293
110 111 286
110 124 279
110 156 193
110 177 16
110 188 100
110 191 300
110 198 299
111 162 260
111 168 262
111 176 159
111 184 80
112 118 268
112 120 267
112 143 172
112 158 140
112 177 108
112 186 9
112 196 74
113 162 150
113 164 169
113 170 295
113 178 67
113 182 17
113 200 129
114 140 46
114 180 197
114 196 247
115 120 108
115 123 236
115 176 94
115 180 297
116 119 44
116 120 267
116 121 41
116 126 261
116 127 21
116 159 189
116 186 174
117 143 296
117 170 41
117 187 69
117 195 279
118 136 249
118 149 162
118 153 259
119 124 16
119 178 243
119 180 239
119 196 225
120 141 112
120 152 127
120 184 42
121 135 87
121 168 6
121 184 249
121 197 300
122 154 44
122 177 115
123 135 87
123 164 137
123 171 168
123 186 251
123 192 192
123 196 19
124 125 130
124 148 193
124 170 37
124 196 222
125 132 98
125 135 120
125 197 181
126 136 282
126 141 221
126 142 128
126 145 223
126 161 303
126 185 311
127 145 76
127 150 38
127 177 216
128 138 258
128 144 99
128 150 91
128 154 208
128 165 36
128 185 117
128 199 112
129 137 111
129 139 246
129 149 98
129 184 312
130 141 282
130 142 58
130 146 176
130 164 215
131 155 131
131 193 132
132 143 167
132 177 74
132 197 299
133 166 121
133 181 108
134 153 65
134 154 52
134 162 276
134 177 274
134 178 261
135 140 21
135 155 249
135 180 195
135 188 196
136 146 240
136 153 69
136 160 156
136 181 39
137 153 255
137 163 145
137 169 2
137 174 92
138 152 12
138 185 17
139 161 28
140 146 22
140 180 241
141 166 261
141 168 296
141 180 193
141 181 102
142 149 133
142 156 96
143 144 50
143 156 94
143 172 99
143 175 210
143 182 90
144 162 27
144 170 174
144 181 52
144 190 223
145 159 141
145 176 262
145 179 176
146 154 7
146 159 252
146 168 42
147 151 320
147 159 286
147 175 203
148 161 20
148 175 265
148 193 89
148 196 249
149 156 47
149 183 3
150 155 30
150 176 18
150 180 69
150 189 253
152 158 54
152 164 305
152 171 248
152 186 223
153 170 7
153 172 229
154 178 308
154 190 107
156 166 158
156 192 216
158 171 121
159 161 303
159 162 41
159 190 313
160 165 85
160 187 184
160 199 188
161 165 170
161 168 280
161 171 148
161 180 117
161 186 89
161 190 246
161 192 21
161 194 258
161 195 158
161 198 155
163 189 303
164 200 174
166 185 266
166 188 209
170 194 309
171 187 233
171 189 136
172 185 178
172 193 47
173 196 11
174 187 174
176 182 128
176 184 113
177 194 51
177 197 18
179 180 37
179 184 127
181 182 114
181 194 245
183 194 289
184 189 285
184 198 287
188 191 129
188 197 7
190 199 72
196 198 289
