100 497
1 28 74
1 36 125
1 44 68
1 49 92
1 60 286
1 98 218
2 7 48
2 12 99
2 18 26
2 34 280
2 40 148
2 55 101
2 61 63
2 62 248
2 75 233
2 80 76
2 90 108
2 95 183
2 100 4
3 24 94
3 47 313
3 49 141
3 86 299
3 88 81
3 96 235
4 10 10
4 13 114
4 24 164
4 54 302
4 75 132
4 87 201
4 88 175
4 89 280
5 23 131
5 27 285
5 46 109
5 77 301
5 82 148
5 95 245
5 97 10
6 8 53
6 20 65
6 25 211
6 35 190
6 41 302
6 47 260
6 52 204
6 59 105
6 65 83
6 75 273
6 76 238
6 78 162
6 87 105
6 92 286
6 95 257
6 96 32
7 11 242
7 17 138
7 35 316
7 44 274
7 67 20
7 77 264
7 87 66
7 92 282
7 93 104
8 16 277
8 18 187
8 22 217
8 24 278
8 41 66
8 42 4
8 59 259
8 60 107
8 66 264
8 73 61
8 84 232
8 91 43
8 95 234
8 100 212
9 29 96
9 36 30
9 57 212
9 72 116
9 77 58
9 78 202
9 83 211
9 96 244
10 30 283
10 47 47
10 57 186
10 72 261
10 81 149
11 18 39
11 31 213
11 43 75
11 51 120
11 73 283
11 81 319
11 84 279
11 85 62
11 95 161
11 97 42
12 48 282
12 84 301
12 85 269
12 88 145
12 89 269
12 90 35
12 94 190
13 40 126
13 47 191
13 51 49
13 54 212
13 70 289
13 82 65
13 93 210
14 28 135
14 34 67
14 41 78
14 65 152
14 71 247
14 77 273
14 90 127
14 94 258
15 18 265
15 20 121
15 35 40
15 42 112
15 45 199
15 46 15
15 71 47
15 73 237
15 80 160
15 81 136
15 86 136
16 23 60
16 43 122
16 56 9
16 73 112
16 86 23
16 88 50
16 98 242
16 99 124
17 30 261
17 34 207
17 43 171
17 46 231
17 53 193
17 65 56
17 67 300
17 73 227
17 79 52
17 81 314
17 87 9
17 96 118
18 21 193
18 26 314
18 29 51
18 40 281
18 51 127
18 54 273
18 67 165
18 78 109
18 84 18
18 86 158
18 97 140
19 22 282
19 35 219
19 45 291
19 46 73
19 48 79
19 56 159
19 75 305
19 92 189
19 95 68
20 40 297
20 46 85
20 51 41
20 54 126
20 77 293
20 90 49
20 96 138
21 29 180
21 32 209
21 39 196
21 46 30
21 50 277
21 63 217
21 70 289
21 73 73
21 74 73
21 81 11
21 87 244
21 88 190
22 36 320
22 49 210
22 52 189
22 55 268
22 56 23
22 59 148
22 60 105
22 64 172
22 82 31
22 86 177
22 98 295
23 25 282
23 41 7
23 47 307
23 67 80
23 76 266
24 30 76
24 45 230
24 59 172
24 63 167
24 64 142
24 80 268
24 87 61
24 99 56
25 34 234
25 55 310
25 56 22
25 63 267
25 69 258
25 72 61
25 74 223
25 97 278
26 31 41
26 33 304
26 40 65
26 44 188
26 47 112
26 54 139
26 84 68
26 89 174
27 40 158
27 48 170
27 50 150
27 55 186
27 62 28
27 63 51
27 66 55
27 70 24
27 72 105
28 50 64
28 56 172
28 59 80
28 63 185
28 69 210
28 92 96
29 31 307
29 35 265
29 73 103
29 80 198
29 84 55
30 36 36
30 92 223
31 32 178
31 36 38
31 78 95
31 91 92
32 35 149
32 36 304
32 58 228
32 66 162
32 72 251
32 74 181
32 75 130
32 88 301
32 100 53
33 49 183
33 54 302
33 97 130
34 41 41
34 59 149
34 85 251
34 86 118
34 90 78
35 55 164
35 67 309
35 78 279
35 79 36
36 39 223
36 57 72
36 58 301
36 59 198
37 42 314
37 49 175
37 51 17
37 68 40
37 80 12
37 88 40
38 47 65
38 50 278
38 52 312
38 57 2
38 72 307
38 74 258
38 78 28
38 80 85
38 83 119
38 90 72
39 48 270
39 67 270
39 70 127
40 42 99
40 59 109
40 65 289
40 66 170
40 71 271
40 77 132
40 79 298
40 80 111
40 87 296
41 59 21
41 65 129
41 68 129
41 70 177
41 78 73
41 91 35
42 48 122
42 65 302
42 76 33
42 78 82
43 49 125
43 50 298
43 58 182
43 59 139
43 61 116
43 79 43
43 85 241
44 51 168
44 68 287
44 70 48
44 77 9
44 80 71
44 92 106
45 47 92
45 51 244
45 52 207
45 74 299
45 78 10
45 96 294
45 98 115
46 47 106
46 84 215
47 85 309
47 96 187
48 63 236
48 97 173
49 50 80
49 52 170
49 59 89
49 63 312
49 71 89
49 92 58
50 74 91
50 85 39
50 88 296
50 89 166
50 92 18
51 58 184
51 64 83
51 65 100
51 70 244
51 83 101
51 84 300
51 86 18
51 98 167
52 53 92
52 61 105
52 65 6
52 76 260
52 79 190
52 80 56
52 96 30
53 90 2
53 94 5
53 98 225
54 61 239
54 63 160
54 83 45
54 93 77
55 61 51
55 71 74
55 76 136
55 79 131
55 83 225
55 85 89
55 90 112
55 94 246
56 65 34
56 77 169
56 78 209
56 82 161
56 85 221
56 98 156
56 100 107
57 70 158
57 71 21
57 94 17
58 67 19
58 81 11
58 95 40
58 100 158
59 61 33
59 87 147
59 88 154
60 71 130
60 83 160
60 91 58
60 99 96
61 64 121
61 93 121
62 73 127
62 76 257
62 79 251
62 80 2
62 96 281
63 75 292
63 93 216
63 99 64
64 71 168
64 79 125
64 99 1
65 90 67
65 92 175
66 74 169
66 91 26
66 97 67
67 88 282
68 79 139
68 80 69
68 85 255
69 70 202
69 76 124
69 88 137
70 72 84
70 78 244
70 81 23
70 92 315
71 75 96
71 78 308
71 79 5
72 75 168
72 79 2
72 86 265
72 97 260
73 77 153
73 82 250
73 88 160
74 81 78
74 88 31
74 94 63
75 96 25
76 88 87
77 78 315
77 85 58
77 91 284
78 93 207
78 97 227
79 84 271
79 86 50
79 97 301
80 81 128
80 92 254
80 95 32
82 84 200
82 85 120
82 86 271
82 98 279
83 84 120
83 87 74
84 95 236
84 96 224
84 97 213
84 99 14
85 88 285
85 91 10
86 87 228
86 89 143
86 100 241
87 97 224
88 92 60
88 97 255
89 94 251
89 98 165
90 91 163
90 97 40
90 100 252
91 98 219
91 99 64
92 96 185
93 98 73
93 99 84
94 99 115
95 96 14
97 100 97
