100 1965
1 3 64
1 4 37
1 5 20
1 9 51
1 11 73
1 12 50
1 13 15
1 16 1
1 19 40
1 20 63
1 21 57
1 25 61
1 26 43
1 28 62
1 32 15
1 33 69
1 34 44
1 37 27
1 38 60
1 41 15
1 43 25
1 46 29
1 52 63
1 54 35
1 57 54
1 58 68
1 60 80
1 61 29
1 64 40
1 66 44
1 67 63
1 68 60
1 69 16
1 70 46
1 75 59
1 76 5
1 77 30
1 79 23
1 80 53
1 82 43
1 86 21
1 87 26
1 90 30
1 91 28
1 92 68
1 94 22
2 11 34
2 14 61
2 18 39
2 19 68
2 20 74
2 23 31
2 24 44
2 25 75
2 26 76
2 28 3
2 30 74
2 33 59
2 37 65
2 39 32
2 40 50
2 41 77
2 42 35
2 44 77
2 47 48
2 48 33
2 52 54
2 54 30
2 64 25
2 65 13
2 68 80
2 69 25
2 70 15
2 71 13
2 73 54
2 78 38
2 79 47
2 80 79
2 82 33
2 86 23
2 88 3
2 90 15
2 95 66
2 96 76
2 99 42
3 4 25
3 8 10
3 16 2
3 19 28
3 20 44
3 22 36
3 29 63
3 39 2
3 42 37
3 43 18
3 52 15
3 53 62
3 54 78
3 55 46
3 58 19
3 59 54
3 61 24
3 62 76
3 66 69
3 67 11
3 68 51
3 69 59
3 71 11
3 72 51
3 74 52
3 75 12
3 76 2
3 77 18
3 79 76
3 82 62
3 87 38
3 88 34
3 89 57
3 90 45
3 92 7
3 93 16
3 94 10
3 95 48
3 100 32
4 5 23
4 7 5
4 8 53
4 12 33
4 15 61
4 18 76
4 22 49
4 23 19
4 26 53
4 31 63
4 35 38
4 38 32
4 40 12
4 41 23
4 44 32
4 45 14
4 48 3
4 50 46
4 57 39
4 58 14
4 60 15
4 61 34
4 65 39
4 69 23
4 70 26
4 71 23
4 77 49
4 79 69
4 82 40
4 83 3
4 84 57
4 85 21
4 88 72
4 90 59
4 93 56
4 94 34
4 95 55
4 98 19
4 99 53
4 100 25
5 6 15
5 7 27
5 8 15
5 9 68
5 11 47
5 13 14
5 15 26
5 16 59
5 17 65
5 18 26
5 19 58
5 22 3
5 25 51
5 26 5
5 30 26
5 31 49
5 32 45
5 35 71
5 39 41
5 40 53
5 44 62
5 46 20
5 47 5
5 48 17
5 50 31
5 51 79
5 62 39
5 66 31
5 67 44
5 70 73
5 73 75
5 75 50
5 77 53
5 78 52
5 81 7
5 82 56
5 83 45
5 85 25
5 91 11
5 95 54
5 98 34
6 7 18
6 8 16
6 10 12
6 12 48
6 13 8
6 16 73
6 18 33
6 20 78
6 23 11
6 24 63
6 26 48
6 29 11
6 34 3
6 35 80
6 38 2
6 40 61
6 43 23
6 44 17
6 46 48
6 48 38
6 49 23
6 51 78
6 53 55
6 54 34
6 56 24
6 57 71
6 59 73
6 60 40
6 61 49
6 62 23
6 69 30
6 71 30
6 73 51
6 74 34
6 75 48
6 76 44
6 78 15
6 83 80
6 84 68
6 86 16
6 87 29
6 90 34
6 91 26
6 92 56
6 95 66
7 8 45
7 11 39
7 15 59
7 16 3
7 20 23
7 23 10
7 26 14
7 29 78
7 30 51
7 34 52
7 39 32
7 41 70
7 45 19
7 48 4
7 51 41
7 54 72
7 56 15
7 57 52
7 60 1
7 61 74
7 65 50
7 66 14
7 68 2
7 69 3
7 71 30
7 72 57
7 74 74
7 81 55
7 89 28
7 90 35
7 91 25
7 93 57
7 95 51
7 99 23
7 100 56
8 9 36
8 14 55
8 15 52
8 16 40
8 17 32
8 21 69
8 23 33
8 25 20
8 26 79
8 27 74
8 31 71
8 35 13
8 39 31
8 43 10
8 44 39
8 47 59
8 48 36
8 49 4
8 52 14
8 53 73
8 54 56
8 55 2
8 56 65
8 57 38
8 58 44
8 61 56
8 62 9
8 65 28
8 68 42
8 69 19
8 70 3
8 71 63
8 73 28
8 74 76
8 76 39
8 79 23
8 83 9
8 85 42
8 86 20
8 87 55
8 88 51
8 94 54
8 96 10
8 97 32
8 99 71
8 100 42
9 11 60
9 17 7
9 23 28
9 24 51
9 25 28
9 26 43
9 27 59
9 30 60
9 31 1
9 32 4
9 34 73
9 36 23
9 37 52
9 38 61
9 44 14
9 48 1
9 49 30
9 50 13
9 54 2
9 55 56
9 57 75
9 59 53
9 61 5
9 62 33
9 64 76
9 65 31
9 70 46
9 72 77
9 75 28
9 76 35
9 77 13
9 80 45
9 81 79
9 83 33
9 87 56
9 91 73
9 93 32
9 94 50
9 100 45
10 13 59
10 14 25
10 17 78
10 21 34
10 27 72
10 33 29
10 35 25
10 36 52
10 37 80
10 40 41
10 42 50
10 43 74
10 46 58
10 48 53
10 50 80
10 52 25
10 54 13
10 57 20
10 58 61
10 59 9
10 62 56
10 63 66
10 64 60
10 67 32
10 68 17
10 70 66
10 72 7
10 73 35
10 74 45
10 75 44
10 76 64
10 79 10
10 81 76
10 87 59
10 88 2
10 89 73
10 92 37
10 99 9
10 100 20
11 18 31
11 20 61
11 27 23
11 28 64
11 34 29
11 35 28
11 37 8
11 40 68
11 43 51
11 44 28
11 46 16
11 49 78
11 51 69
11 53 52
11 56 39
11 57 56
11 59 53
11 60 21
11 61 15
11 62 25
11 67 49
11 71 50
11 73 20
11 77 72
11 78 59
11 79 70
11 80 70
11 86 23
11 87 57
11 88 50
11 90 75
11 91 47
11 92 13
11 96 42
11 97 42
11 98 28
11 100 17
12 13 31
12 16 39
12 18 1
12 20 32
12 23 29
12 27 28
12 29 33
12 33 58
12 45 37
12 47 67
12 48 80
12 49 58
12 62 57
12 63 38
12 65 2
12 74 52
12 75 34
12 78 57
12 81 29
12 83 8
12 84 50
12 92 22
12 93 34
12 94 16
12 96 57
12 99 70
13 14 12
13 15 18
13 16 28
13 19 61
13 20 40
13 22 54
13 23 5
13 24 72
13 28 50
13 30 50
13 37 14
13 38 63
13 39 65
13 40 6
13 46 26
13 47 15
13 53 17
13 55 59
13 57 4
13 58 72
13 67 5
13 70 68
13 71 72
13 72 46
13 73 21
13 76 78
13 77 69
13 88 8
13 90 10
13 92 74
13 94 16
13 97 69
13 98 1
14 15 38
14 19 48
14 20 33
14 23 13
14 24 34
14 25 16
14 29 24
14 31 51
14 35 55
14 37 17
14 38 26
14 39 68
14 40 57
14 41 36
14 42 20
14 43 43
14 44 19
14 48 20
14 49 32
14 50 28
14 53 44
14 55 36
14 56 24
14 64 72
14 67 56
14 72 37
14 73 14
14 76 19
14 78 52
14 80 78
14 82 19
14 86 18
14 88 6
14 89 10
14 91 20
14 92 19
14 94 13
14 95 71
15 16 66
15 19 65
15 21 63
15 24 8
15 25 54
15 26 41
15 28 78
15 29 2
15 30 38
15 36 24
15 40 34
15 41 20
15 43 66
15 48 7
15 49 9
15 54 62
15 57 45
15 62 77
15 65 67
15 66 20
15 70 42
15 72 79
15 73 66
15 74 41
15 77 46
15 87 44
15 88 23
15 90 5
15 91 58
15 93 62
15 94 15
15 98 53
16 17 9
16 18 62
16 19 68
16 22 5
16 27 22
16 29 51
16 40 61
16 43 60
16 44 17
16 49 79
16 52 36
16 54 80
16 55 5
16 59 14
16 61 48
16 65 13
16 66 24
16 67 37
16 68 8
16 70 69
16 76 31
16 79 4
16 80 42
16 81 51
16 82 23
16 83 30
16 88 32
16 89 58
16 90 20
16 91 10
16 92 30
16 96 42
17 18 53
17 21 75
17 22 57
17 24 45
17 26 29
17 30 8
17 34 59
17 37 67
17 40 62
17 45 38
17 46 65
17 48 45
17 50 42
17 54 7
17 56 32
17 61 19
17 62 64
17 67 2
17 73 80
17 75 64
17 80 67
17 82 8
17 83 26
17 86 72
17 87 36
17 91 78
17 92 46
17 93 18
17 94 71
17 96 69
17 97 49
17 98 34
17 99 24
18 20 76
18 21 38
18 23 65
18 25 11
18 26 13
18 28 45
18 31 28
18 36 46
18 42 46
18 44 56
18 48 48
18 49 3
18 52 36
18 54 29
18 55 30
18 57 24
18 60 16
18 64 74
18 66 4
18 68 65
18 76 55
18 82 48
18 83 40
18 86 44
18 87 2
18 90 46
18 91 25
18 92 31
18 96 27
18 97 17
18 100 15
19 24 46
19 25 23
19 30 76
19 36 76
19 38 75
19 41 58
19 48 2
19 49 70
19 50 4
19 54 79
19 56 72
19 58 2
19 59 56
19 71 19
19 74 1
19 75 19
19 79 21
19 80 46
19 83 21
19 85 6
19 87 42
19 88 64
19 90 54
19 92 9
19 95 18
19 98 29
19 100 59
20 21 45
20 23 49
20 24 65
20 26 1
20 28 10
20 31 41
20 34 4
20 36 36
20 37 1
20 38 3
20 39 45
20 46 51
20 48 62
20 49 73
20 51 6
20 55 64
20 58 25
20 59 49
20 60 67
20 64 15
20 65 11
20 66 54
20 67 11
20 71 42
20 75 2
20 79 38
20 80 37
20 83 72
20 87 36
20 89 22
20 90 56
20 95 51
20 98 80
21 23 54
21 31 46
21 33 57
21 43 4
21 44 16
21 46 63
21 47 13
21 48 33
21 57 36
21 58 6
21 59 40
21 61 43
21 62 1
21 64 79
21 65 5
21 76 73
21 77 21
21 78 43
21 81 23
21 82 63
21 83 1
21 84 14
21 85 36
21 86 39
21 87 44
21 88 58
21 92 48
22 23 56
22 26 29
22 27 33
22 33 64
22 39 45
22 46 18
22 47 16
22 54 55
22 56 61
22 64 80
22 66 55
22 71 44
22 73 27
22 74 16
22 75 61
22 77 23
22 80 14
22 82 64
22 86 10
22 94 43
22 95 11
22 100 69
23 25 24
23 26 80
23 28 76
23 30 31
23 33 25
23 37 30
23 38 72
23 39 14
23 40 31
23 41 35
23 42 44
23 45 60
23 46 24
23 50 51
23 56 22
23 59 4
23 62 50
23 63 76
23 68 70
23 70 23
23 72 20
23 75 21
23 77 27
23 78 1
23 79 63
23 82 12
23 84 66
23 88 13
23 89 4
23 92 50
24 25 75
24 27 14
24 33 80
24 35 29
24 36 25
24 40 32
24 44 1
24 47 42
24 48 14
24 51 68
24 52 10
24 53 51
24 54 34
24 57 48
24 58 54
24 59 75
24 63 8
24 65 52
24 67 23
24 71 7
24 72 21
24 73 80
24 74 37
24 76 28
24 77 18
24 79 5
24 80 51
24 82 32
24 87 76
24 90 47
24 96 23
24 97 5
24 99 78
24 100 72
25 26 22
25 27 17
25 30 3
25 36 34
25 37 18
25 39 43
25 44 55
25 45 43
25 47 78
25 53 22
25 57 26
25 60 70
25 62 76
25 63 78
25 64 33
25 66 53
25 67 71
25 69 17
25 70 10
25 71 18
25 72 69
25 73 39
25 74 39
25 75 43
25 76 38
25 80 33
25 81 38
25 82 18
25 87 1
25 91 7
25 93 14
25 97 50
25 98 62
26 28 25
26 30 21
26 31 45
26 35 38
26 36 18
26 38 51
26 40 60
26 41 19
26 45 45
26 50 22
26 52 46
26 55 18
26 59 12
26 63 11
26 65 52
26 68 33
26 70 17
26 74 62
26 76 15
26 77 64
26 79 9
26 81 66
26 83 63
26 87 53
26 88 75
26 93 60
26 95 59
26 97 23
26 98 6
26 99 71
27 28 28
27 29 6
27 30 58
27 31 73
27 38 25
27 45 46
27 47 6
27 52 17
27 53 6
27 54 45
27 55 28
27 56 16
27 60 62
27 66 26
27 67 40
27 70 24
27 71 51
27 72 79
27 73 3
27 75 4
27 76 75
27 77 1
27 80 32
27 82 60
27 83 4
27 84 58
27 85 25
27 86 37
27 87 64
27 88 52
27 89 13
27 95 59
27 99 47
28 29 54
28 30 39
28 32 15
28 37 33
28 43 35
28 47 15
28 49 19
28 51 22
28 53 55
28 55 10
28 58 50
28 59 73
28 61 68
28 62 67
28 63 58
28 67 77
28 72 16
28 73 44
28 75 36
28 78 58
28 79 43
28 81 27
28 84 79
28 86 41
28 90 67
28 91 46
28 92 6
28 94 66
28 100 48
29 30 11
29 32 27
29 35 38
29 38 25
29 42 20
29 43 78
29 44 66
29 47 20
29 50 10
29 51 4
29 52 19
29 53 11
29 56 6
29 58 49
29 63 47
29 64 35
29 66 63
29 68 34
29 69 78
29 70 28
29 71 9
29 72 48
29 73 45
29 75 14
29 78 22
29 80 73
29 81 56
29 82 58
29 84 33
29 86 24
29 89 72
29 94 42
29 99 16
30 32 80
30 33 6
30 34 2
30 41 10
30 43 64
30 44 40
30 47 76
30 51 53
30 52 28
30 56 54
30 58 27
30 60 46
30 61 41
30 63 22
30 68 44
30 69 55
30 71 6
30 74 69
30 78 50
30 79 15
30 80 38
30 81 24
30 83 43
30 84 13
30 85 45
30 86 19
30 93 80
30 95 12
31 33 37
31 36 4
31 39 74
31 41 67
31 43 23
31 44 33
31 45 11
31 47 58
31 48 18
31 49 24
31 51 18
31 54 28
31 57 69
31 58 63
31 59 73
31 60 20
31 64 8
31 65 24
31 66 34
31 68 41
31 73 79
31 76 3
31 84 50
31 87 2
31 90 48
31 91 29
31 92 17
31 93 4
31 94 9
31 97 70
31 99 50
31 100 58
32 33 20
32 34 49
32 37 46
32 38 66
32 45 62
32 47 9
32 52 27
32 53 41
32 57 10
32 60 9
32 61 69
32 62 21
32 63 23
32 66 51
32 68 46
32 69 80
32 70 32
32 74 22
32 77 45
32 78 42
32 81 54
32 85 19
32 87 40
32 88 1
32 89 15
32 92 49
32 98 16
33 34 62
33 39 31
33 40 51
33 43 45
33 50 52
33 53 26
33 55 73
33 59 36
33 62 14
33 63 73
33 67 60
33 68 31
33 72 15
33 75 74
33 78 40
33 79 8
33 82 38
33 84 13
33 88 68
33 91 47
33 92 69
33 94 47
33 95 1
33 96 62
33 99 79
33 100 18
34 37 67
34 38 71
34 41 37
34 42 40
34 44 79
34 49 4
34 53 19
34 55 12
34 59 32
34 62 39
34 63 68
34 64 8
34 65 33
34 69 37
34 70 33
34 76 78
34 81 7
34 84 44
34 85 63
34 89 54
34 90 52
34 92 23
34 96 15
34 98 22
34 99 55
35 40 69
35 41 49
35 43 46
35 45 76
35 47 12
35 48 26
35 49 53
35 50 37
35 53 61
35 59 51
35 60 78
35 61 19
35 69 10
35 72 37
35 74 25
35 76 56
35 78 48
35 79 43
35 80 43
35 88 67
35 90 38
35 91 72
35 94 53
35 99 37
36 37 68
36 43 1
36 44 25
36 46 34
36 48 23
36 49 72
36 50 62
36 51 53
36 55 26
36 56 63
36 57 36
36 59 70
36 61 35
36 64 65
36 68 18
36 70 2
36 75 6
36 76 29
36 78 21
36 80 4
36 87 4
36 89 74
36 90 40
36 91 39
36 93 75
36 97 13
36 98 15
36 100 30
37 39 15
37 40 24
37 43 75
37 44 36
37 45 18
37 46 13
37 48 76
37 51 40
37 55 70
37 59 3
37 63 5
37 64 23
37 65 37
37 66 43
37 71 29
37 72 60
37 80 55
37 82 29
37 87 75
37 89 55
37 90 79
37 94 7
37 97 22
37 98 7
38 40 62
38 43 13
38 46 34
38 53 21
38 58 38
38 59 39
38 60 28
38 63 35
38 65 57
38 68 78
38 70 38
38 71 72
38 72 63
38 77 20
38 86 44
38 92 3
38 97 32
38 99 43
39 45 56
39 46 29
39 48 42
39 49 8
39 53 29
39 56 36
39 58 41
39 66 3
39 67 67
39 71 29
39 72 33
39 73 51
39 77 12
39 80 34
39 82 27
39 83 5
39 88 36
39 89 64
39 91 7
39 93 39
39 96 20
39 97 57
40 41 25
40 48 54
40 50 33
40 51 44
40 53 52
40 55 37
40 56 56
40 59 28
40 61 67
40 63 6
40 64 1
40 68 28
40 70 21
40 71 29
40 73 18
40 74 5
40 76 53
40 77 21
40 81 5
40 84 33
40 85 69
40 87 26
40 88 20
40 90 36
40 92 51
40 94 7
40 95 34
40 100 63
41 42 21
41 43 43
41 44 43
41 45 15
41 46 37
41 50 28
41 51 24
41 52 29
41 54 54
41 55 50
41 60 52
41 61 72
41 69 8
41 71 57
41 74 63
41 75 44
41 76 7
41 79 16
41 81 80
41 84 52
41 86 37
41 87 18
41 88 12
41 92 78
41 94 76
41 99 64
42 44 20
42 45 61
42 51 44
42 52 32
42 58 59
42 60 14
42 61 53
42 64 5
42 67 32
42 69 29
42 72 68
42 76 23
42 77 27
42 78 35
42 79 8
42 80 38
42 83 51
42 84 75
42 86 62
42 89 3
42 91 27
42 94 27
42 97 21
42 98 58
43 45 29
43 46 63
43 50 57
43 51 49
43 56 16
43 57 74
43 60 68
43 61 17
43 62 54
43 64 56
43 67 9
43 68 50
43 69 64
43 71 3
43 72 13
43 75 33
43 78 57
43 80 14
43 81 65
43 86 28
43 87 12
43 89 3
43 90 12
43 92 17
43 93 19
43 98 72
43 99 35
44 47 56
44 48 39
44 50 18
44 54 48
44 56 54
44 57 51
44 58 53
44 60 72
44 61 71
44 62 77
44 66 66
44 67 59
44 69 57
44 71 31
44 72 31
44 73 27
44 76 51
44 80 78
44 81 76
44 84 70
44 86 26
44 87 59
44 88 24
44 89 4
44 94 27
44 95 78
44 96 7
44 97 60
44 99 3
44 100 6
45 50 76
45 53 21
45 57 13
45 58 57
45 60 67
45 62 70
45 63 54
45 66 59
45 68 53
45 71 17
45 73 22
45 75 12
45 76 31
45 77 44
45 79 50
45 81 69
45 83 23
45 91 11
45 93 71
45 95 47
45 98 40
45 99 47
46 48 66
46 51 23
46 55 53
46 57 60
46 59 51
46 61 16
46 62 39
46 68 2
46 69 48
46 72 69
46 76 56
46 77 61
46 83 42
46 85 60
46 88 34
46 89 51
46 91 26
46 93 55
46 94 47
46 95 42
46 96 4
46 100 55
47 56 20
47 60 38
47 64 72
47 66 79
47 68 58
47 69 61
47 70 68
47 71 74
47 77 73
47 79 9
47 83 45
47 89 1
47 92 33
47 96 33
47 97 80
47 98 8
47 99 38
48 49 40
48 51 36
48 52 59
48 53 65
48 54 47
48 56 56
48 60 16
48 67 62
48 69 2
48 73 33
48 81 43
48 86 27
48 87 12
48 92 4
48 94 69
48 97 46
48 98 63
48 100 44
49 58 54
49 59 29
49 60 7
49 61 36
49 66 5
49 68 28
49 69 3
49 70 6
49 71 10
49 72 52
49 78 40
49 84 11
49 85 72
49 86 72
49 90 30
49 93 7
49 94 77
49 98 58
49 100 38
50 51 4
50 52 60
50 55 11
50 56 12
50 57 73
50 62 32
50 64 58
50 66 38
50 67 31
50 68 27
50 69 74
50 71 48
50 73 28
50 74 31
50 77 77
50 86 62
50 87 51
50 88 54
50 90 10
50 91 11
50 94 33
50 95 47
50 99 41
50 100 72
51 54 12
51 55 3
51 57 6
51 58 31
51 59 79
51 65 73
51 66 9
51 69 17
51 70 40
51 74 64
51 75 64
51 78 71
51 79 76
51 80 51
51 83 35
51 95 50
51 96 16
51 99 73
52 55 47
52 57 31
52 58 16
52 60 30
52 63 25
52 67 29
52 68 38
52 70 45
52 75 49
52 77 16
52 78 66
52 85 60
52 88 3
52 89 76
52 92 12
52 93 52
52 94 30
52 100 54
53 61 7
53 63 13
53 65 23
53 69 58
53 70 13
53 74 63
53 76 18
53 80 43
53 82 78
53 89 30
53 90 51
53 94 80
53 95 53
53 96 1
53 98 22
53 100 42
54 55 27
54 56 26
54 60 23
54 61 62
54 62 55
54 65 15
54 68 69
54 70 17
54 78 4
54 83 15
54 85 28
54 88 78
54 91 28
54 93 60
54 94 5
54 96 13
54 97 36
54 98 34
54 100 69
55 56 78
55 58 43
55 61 77
55 62 79
55 63 2
55 64 16
55 67 57
55 69 66
55 71 4
55 72 26
55 83 67
55 84 65
55 85 16
55 87 14
55 89 42
55 90 31
55 92 29
55 98 28
55 100 42
56 57 44
56 60 28
56 67 9
56 70 71
56 73 66
56 74 3
56 75 74
56 76 51
56 77 11
56 78 31
56 79 78
56 80 17
56 88 10
56 89 19
56 90 73
56 92 1
56 94 15
57 60 26
57 61 66
57 63 20
57 67 36
57 68 49
57 69 14
57 72 46
57 74 45
57 75 53
57 76 59
57 78 30
57 79 39
57 80 79
57 83 2
57 86 29
57 89 31
57 95 55
57 96 71
57 98 47
57 100 43
58 60 61
58 64 15
58 67 11
58 70 64
58 71 40
58 75 71
58 77 8
58 78 59
58 80 14
58 81 52
58 86 52
58 91 29
58 92 57
58 95 57
58 97 14
59 60 59
59 74 36
59 77 56
59 78 78
59 80 58
59 84 22
59 85 44
59 88 44
59 89 72
59 90 42
59 93 51
59 96 45
60 61 2
60 64 56
60 67 49
60 68 42
60 69 19
60 70 59
60 73 22
60 75 80
60 76 73
60 79 23
60 83 66
60 84 57
60 86 58
60 87 71
60 89 2
60 93 5
60 98 14
60 100 75
61 70 3
61 71 64
61 75 28
61 77 74
61 78 29
61 88 8
61 96 36
61 98 58
61 100 12
62 67 1
62 70 71
62 71 36
62 76 29
62 78 65
62 80 1
62 86 45
62 91 11
62 94 42
62 96 75
62 97 74
62 98 35
62 99 53
63 64 52
63 67 70
63 68 1
63 69 55
63 70 67
63 73 1
63 76 77
63 77 52
63 78 40
63 80 30
63 84 21
63 86 73
63 89 30
63 90 28
63 92 9
63 94 63
63 95 50
63 96 9
63 97 74
64 72 1
64 74 61
64 77 71
64 78 69
64 84 15
64 87 36
64 93 22
64 94 41
64 95 36
64 97 42
65 67 78
65 71 67
65 74 15
65 77 77
65 79 19
65 84 46
65 86 39
65 88 73
65 94 13
65 95 55
65 96 75
65 97 47
65 99 38
65 100 10
66 67 77
66 68 69
66 76 6
66 79 64
66 80 73
66 84 48
66 86 80
66 89 22
66 91 79
66 93 38
66 95 79
66 97 72
66 100 37
67 68 58
67 69 14
67 72 11
67 77 79
67 81 16
67 82 69
67 84 53
67 86 50
67 87 5
67 89 30
67 90 76
67 91 57
67 93 14
67 98 61
67 99 2
67 100 26
68 69 49
68 70 24
68 75 55
68 76 69
68 78 48
68 79 62
68 87 13
68 88 66
68 89 17
68 91 29
68 94 4
68 95 24
68 96 1
68 99 42
69 72 6
69 74 68
69 81 25
69 83 75
69 85 71
69 88 77
69 89 32
69 90 80
69 93 31
69 94 36
69 95 54
69 97 64
69 99 48
69 100 38
70 73 3
70 74 8
70 77 12
70 78 31
70 82 26
70 83 8
70 84 3
70 86 52
70 88 67
70 89 23
70 97 2
70 99 68
71 76 7
71 77 32
71 80 72
71 86 3
71 88 15
71 95 53
71 100 26
72 73 12
72 74 44
72 75 58
72 76 60
72 77 13
72 79 53
72 85 4
72 88 66
72 89 40
72 90 10
72 92 64
72 96 59
72 97 20
73 76 47
73 77 80
73 79 13
73 81 69
73 86 48
73 87 5
73 88 33
73 89 29
73 93 17
73 94 70
73 97 59
74 76 28
74 84 51
74 88 7
74 92 32
74 98 69
74 99 24
74 100 28
75 79 33
75 86 19
75 89 30
75 90 3
75 92 68
75 94 35
75 95 66
75 99 2
76 78 69
76 80 40
76 81 31
76 85 55
76 90 11
76 91 34
76 95 68
77 78 29
77 81 77
77 82 29
77 88 68
77 90 4
77 91 22
77 95 60
77 96 52
77 97 61
78 81 63
78 84 53
78 85 11
78 86 32
78 90 79
78 92 63
78 93 16
78 95 21
78 99 66
79 80 12
79 87 74
79 88 73
79 89 44
79 95 61
79 96 55
80 81 39
80 82 78
80 83 52
80 85 10
80 86 47
80 88 72
80 92 2
80 93 20
80 100 74
81 82 80
81 85 5
81 86 12
81 89 65
81 100 39
82 87 60
82 88 68
82 93 37
82 94 20
82 96 46
82 100 61
83 86 18
83 93 76
83 98 12
84 85 9
84 91 8
84 92 52
84 94 80
84 96 52
84 97 55
84 100 47
85 89 69
85 92 36
85 97 41
85 99 57
86 93 68
86 94 9
86 98 39
86 99 35
87 92 80
87 93 46
87 94 13
87 96 50
87 97 7
87 98 67
88 90 6
88 93 32
88 96 29
88 99 65
88 100 27
89 91 56
89 93 7
89 100 55
90 92 29
91 95 64
91 100 30
92 97 42
92 98 18
92 99 57
92 100 50
94 95 24
94 100 73
95 97 32
95 98 18
95 99 21
96 97 55
96 98 68
96 100 8
98 99 29
98 100 26
