100 544
1 8 2
1 26 1
1 37 5
1 38 9
1 65 3
1 68 9
1 98 4
2 6 5
2 17 10
2 28 2
2 53 4
2 61 4
2 62 10
2 74 4
2 77 6
2 80 8
2 85 8
2 87 7
2 93 8
3 7 9
3 26 3
3 29 10
3 30 5
3 49 4
3 52 7
3 56 3
3 68 2
3 79 5
4 17 9
4 30 7
4 39 4
4 44 3
4 74 9
4 75 3
4 78 9
4 80 8
4 87 8
4 92 7
4 93 4
5 6 5
5 15 3
5 25 8
5 26 1
5 29 10
5 30 6
5 53 7
5 60 2
5 68 7
5 75 4
5 76 2
5 79 2
5 82 6
5 85 3
5 91 10
5 98 10
5 99 2
6 17 1
6 27 2
6 37 8
6 45 1
6 52 6
6 56 5
6 61 3
6 62 10
6 70 5
6 74 9
6 85 7
6 100 1
7 20 6
7 28 9
7 39 3
7 41 5
7 66 6
7 68 9
7 87 7
7 91 1
7 93 5
7 98 8
8 33 2
8 40 8
8 48 3
8 58 10
8 65 5
8 71 6
8 79 10
9 10 5
9 16 7
9 34 6
9 45 3
9 61 9
9 67 5
9 69 3
9 73 3
9 75 4
9 83 3
9 94 1
10 50 2
10 61 3
10 67 9
10 72 9
10 84 8
10 95 6
11 14 6
11 27 4
11 30 4
11 46 7
11 57 9
11 66 5
11 68 3
11 74 7
11 86 7
11 91 1
11 95 10
12 24 10
12 26 5
12 29 5
12 34 5
12 39 2
12 42 4
12 44 3
12 47 5
12 57 5
12 65 2
12 80 5
12 85 6
13 24 4
13 28 7
13 54 1
13 55 5
13 86 6
13 92 6
14 30 10
14 34 5
14 35 6
14 55 4
14 71 4
14 73 10
14 75 1
14 89 1
14 97 9
15 27 4
15 29 1
15 44 1
15 50 1
15 65 10
15 75 8
15 77 4
15 82 5
16 24 9
16 27 7
16 34 10
16 50 7
16 54 1
16 56 3
16 62 5
16 70 7
16 76 7
16 84 3
16 92 2
16 96 9
16 100 5
17 31 7
17 34 6
17 42 6
17 64 7
17 66 10
17 71 7
17 75 3
17 88 5
18 20 1
18 21 4
18 23 8
18 25 4
18 34 10
18 52 4
18 55 10
18 57 1
18 62 8
18 66 9
18 75 9
18 90 4
18 92 2
18 98 9
19 23 4
19 30 6
19 31 5
19 44 1
19 67 8
19 79 10
19 83 3
19 85 2
19 91 5
19 96 2
19 99 4
20 33 1
20 36 10
20 44 6
20 51 1
20 69 4
20 84 8
20 88 4
21 34 3
21 38 7
21 70 3
21 72 9
21 79 7
21 87 7
21 92 10
21 97 8
22 23 6
22 24 5
22 35 5
22 39 9
22 54 8
22 59 8
22 88 8
22 94 9
22 99 7
23 31 4
23 39 9
23 46 7
23 48 5
23 50 10
23 53 5
23 61 6
23 65 2
23 72 3
23 92 8
24 36 6
24 38 5
24 47 10
24 69 4
24 74 7
24 91 7
25 42 3
25 46 9
25 51 4
25 69 2
26 37 8
26 47 9
26 49 5
26 52 8
26 72 5
26 80 1
26 86 6
27 28 2
27 35 5
27 39 9
27 45 9
27 55 1
28 33 4
28 35 8
28 36 5
28 38 5
28 55 7
28 80 5
28 82 8
28 95 9
29 35 4
29 44 3
29 45 9
29 50 6
29 55 7
29 62 8
29 67 3
29 78 2
29 80 9
29 90 10
29 97 6
30 43 1
30 60 7
30 82 5
30 84 10
30 86 10
30 92 5
31 35 9
31 59 4
31 67 7
31 77 8
31 85 10
31 95 6
32 39 4
32 63 1
32 81 2
32 84 1
32 88 8
32 90 6
33 36 10
33 43 10
33 47 7
33 53 1
33 58 10
33 65 5
33 66 6
33 72 4
33 74 2
33 76 2
33 77 2
33 83 3
33 94 2
33 98 6
34 39 4
34 52 7
34 56 9
34 58 8
34 86 7
34 94 1
34 98 3
35 36 7
35 46 1
35 50 2
35 51 1
35 57 4
35 76 9
35 77 1
35 78 4
35 88 4
36 47 5
36 79 9
36 80 8
37 39 2
37 58 5
37 72 4
37 89 3
37 90 5
38 43 6
38 50 6
38 56 2
38 72 4
38 78 6
38 87 8
38 97 5
38 98 10
39 47 8
39 56 2
39 57 7
39 70 3
39 75 9
39 86 2
39 96 3
39 99 8
39 100 2
40 44 2
40 45 7
40 46 9
40 48 3
40 55 4
40 60 6
40 66 5
40 74 2
40 79 5
40 80 10
40 88 7
40 89 7
41 67 10
41 75 9
41 96 9
41 98 4
41 100 2
42 45 3
42 68 5
42 69 10
42 71 5
42 87 3
42 89 5
42 96 8
42 97 4
43 49 4
43 51 5
43 52 7
43 67 3
43 83 2
43 86 5
43 87 4
43 91 10
43 98 3
44 48 1
44 86 6
45 66 7
45 71 7
45 83 10
46 58 6
46 59 5
46 62 8
46 67 10
46 79 1
46 85 6
46 86 2
47 62 10
47 68 6
47 74 3
47 89 2
47 91 9
47 95 8
47 96 2
48 54 5
48 57 3
48 58 8
48 68 10
48 72 7
48 78 5
48 79 7
48 92 10
49 60 7
49 69 8
49 83 1
49 91 1
49 96 6
49 100 10
50 55 9
50 68 8
50 74 10
50 87 10
50 93 4
50 96 3
51 65 6
51 67 9
51 75 4
51 81 1
51 98 5
52 68 3
52 80 3
52 94 3
53 62 7
53 75 10
53 79 1
53 82 10
53 84 9
53 88 3
53 89 4
53 94 7
53 98 5
54 60 9
54 61 9
54 94 5
54 97 6
55 56 8
55 58 3
55 59 2
55 67 6
55 75 2
55 85 2
55 88 7
55 90 6
56 57 3
56 68 6
56 69 4
56 70 5
56 97 4
57 71 1
58 67 1
58 68 9
58 70 5
58 86 6
58 91 5
59 70 9
59 72 7
59 77 7
59 95 3
59 96 4
60 67 4
60 76 7
60 77 8
60 90 6
60 94 7
61 66 9
61 68 5
61 71 5
61 75 7
61 80 4
61 85 3
61 96 2
61 99 10
62 63 2
62 73 3
62 76 2
62 86 9
62 87 8
63 67 10
63 68 4
63 71 6
63 81 8
63 93 7
64 71 1
64 100 2
65 93 4
65 98 1
66 69 10
66 74 2
66 92 2
67 82 8
67 83 10
68 69 5
68 76 9
68 86 5
68 95 8
68 96 3
68 100 10
70 81 6
70 96 10
71 77 4
71 79 10
71 81 6
71 99 2
72 73 6
72 78 8
73 82 6
73 96 10
73 100 10
74 75 10
74 78 7
74 81 6
75 84 6
75 94 4
76 81 8
76 92 7
77 84 7
77 85 10
77 94 10
77 95 2
77 100 8
78 88 3
79 83 9
80 87 3
81 82 2
81 85 6
82 85 5
82 95 4
83 93 6
83 96 4
84 92 8
85 90 7
85 93 7
87 94 2
87 96 6
88 91 6
88 92 6
89 91 9
90 92 5
92 96 5
92 100 9
94 99 10
94 100 2
96 97 5
