200 4028
1 3 3
1 17 12
1 32 4
1 37 4
1 38 3
1 39 4
1 42 18
1 44 3
1 46 17
1 50 5
1 54 15
1 72 19
1 96 4
1 107 6
1 111 1
1 113 12
1 114 7
1 117 4
1 123 12
1 124 11
1 130 6
1 139 5
1 142 9
1 146 4
1 148 13
1 160 4
1 161 9
1 162 7
1 165 8
1 178 13
1 185 20
1 187 11
1 191 11
1 192 12
1 193 8
2 9 20
2 17 20
2 26 19
2 47 19
2 51 10
2 53 19
2 61 15
2 63 13
2 74 15
2 84 13
2 88 10
2 89 18
2 117 11
2 118 1
2 121 20
2 127 13
2 128 6
2 130 2
2 141 16
2 149 11
2 152 20
2 153 19
2 159 10
2 161 13
2 162 9
2 163 4
2 171 9
2 172 3
2 179 16
2 182 4
2 197 11
3 4 20
3 12 16
3 25 13
3 35 3
3 42 16
3 43 1
3 45 13
3 49 1
3 50 2
3 54 6
3 60 15
3 61 9
3 74 10
3 79 2
3 80 2
3 82 18
3 84 11
3 89 6
3 91 2
3 92 11
3 112 5
3 113 7
3 118 18
3 121 19
3 130 16
3 133 15
3 134 19
3 138 13
3 148 1
3 150 6
3 152 11
3 155 8
3 158 16
3 163 11
3 164 15
3 169 9
3 170 18
3 173 5
3 179 3
3 182 19
3 183 11
3 185 18
3 194 18
3 198 16
4 10 3
4 11 6
4 18 11
4 29 5
4 30 16
4 34 1
4 36 3
4 59 17
4 61 2
4 63 11
4 68 12
4 69 5
4 70 19
4 71 17
4 74 13
4 75 11
4 78 18
4 80 14
4 84 20
4 86 18
4 89 1
4 101 5
4 104 15
4 112 6
4 116 16
4 124 17
4 129 12
4 133 20
4 138 7
4 142 14
4 145 15
4 146 5
4 147 16
4 148 14
4 149 6
4 157 17
4 160 10
4 166 19
4 174 7
4 178 11
4 183 9
4 186 2
4 187 20
4 197 4
5 18 3
5 21 17
5 22 3
5 25 18
5 27 8
5 35 1
5 37 20
5 46 11
5 47 18
5 52 16
5 54 5
5 55 1
5 56 5
5 57 4
5 58 16
5 62 10
5 69 12
5 70 4
5 79 3
5 87 20
5 90 16
5 96 14
5 97 5
5 98 2
5 99 11
5 100 12
5 103 19
5 104 13
5 106 1
5 117 20
5 119 19
5 124 18
5 126 5
5 132 3
5 140 6
5 155 7
5 157 20
5 160 17
5 167 19
5 168 7
5 171 8
5 172 4
5 180 3
5 193 11
5 198 17
5 200 3
6 8 1
6 9 17
6 14 6
6 15 1
6 18 7
6 20 4
6 24 9
6 25 10
6 27 16
6 31 11
6 33 11
6 37 11
6 40 15
6 42 9
6 46 20
6 52 3
6 54 8
6 60 17
6 61 11
6 62 1
6 63 13
6 70 9
6 71 16
6 72 2
6 75 1
6 81 12
6 83 4
6 91 14
6 107 2
6 113 16
6 114 3
6 116 4
6 117 4
6 121 20
6 129 8
6 133 4
6 139 11
6 147 5
6 151 12
6 153 13
6 157 18
6 170 5
6 180 20
6 189 12
6 194 16
6 199 10
7 9 18
7 13 1
7 14 5
7 25 18
7 31 4
7 35 12
7 36 4
7 38 10
7 44 16
7 45 17
7 53 14
7 54 11
7 55 2
7 64 20
7 65 15
7 66 9
7 74 8
7 80 9
7 86 14
7 87 17
7 90 20
7 99 19
7 105 19
7 111 8
7 119 20
7 123 5
7 129 19
7 131 5
7 132 19
7 133 19
7 137 15
7 141 4
7 142 7
7 144 10
7 147 8
7 154 14
7 155 2
7 159 6
7 162 12
7 169 11
7 172 19
7 174 9
7 180 20
7 186 17
7 191 18
7 193 5
7 199 14
8 9 18
8 11 14
8 12 20
8 14 18
8 20 8
8 22 1
8 33 11
8 34 15
8 40 19
8 41 12
8 50 15
8 51 2
8 54 16
8 55 17
8 56 1
8 69 10
8 85 1
8 89 17
8 93 8
8 94 5
8 107 19
8 114 7
8 123 18
8 130 8
8 139 17
8 142 7
8 155 19
8 157 3
8 158 8
8 160 19
8 168 9
8 170 6
8 177 18
8 181 2
8 189 1
8 193 4
8 200 15
9 10 2
9 13 17
9 15 12
9 17 9
9 24 2
9 41 13
9 44 12
9 45 10
9 50 20
9 55 18
9 56 8
9 68 10
9 105 15
9 113 9
9 114 16
9 117 10
9 124 14
9 125 16
9 137 8
9 139 6
9 140 6
9 144 15
9 166 17
9 170 2
9 176 19
9 178 6
9 182 4
9 184 15
9 185 14
9 193 9
10 12 8
10 18 6
10 22 1
10 26 17
10 27 8
10 30 13
10 33 6
10 34 3
10 36 4
10 37 4
10 42 14
10 46 14
10 50 15
10 51 7
10 53 5
10 54 14
10 62 11
10 74 20
10 78 2
10 89 13
10 95 2
10 99 20
10 100 9
10 101 19
10 110 12
10 112 19
10 113 7
10 117 9
10 121 11
10 124 16
10 125 9
10 127 3
10 130 19
10 140 3
10 146 11
10 161 19
10 163 4
10 164 17
10 173 4
10 176 6
10 194 2
10 197 4
11 13 13
11 19 8
11 20 10
11 27 18
11 32 10
11 34 17
11 38 3
11 44 20
11 45 3
11 63 2
11 65 12
11 73 19
11 75 12
11 76 12
11 77 11
11 87 11
11 89 15
11 90 10
11 96 19
11 100 13
11 101 12
11 125 8
11 126 15
11 133 17
11 135 3
11 145 11
11 151 18
11 154 8
11 160 19
11 164 2
11 173 17
11 183 14
11 185 14
11 190 15
11 193 3
11 195 7
12 14 9
12 16 12
12 18 12
12 26 2
12 27 7
12 29 7
12 40 12
12 41 9
12 43 16
12 48 17
12 52 16
12 59 15
12 60 9
12 68 18
12 78 12
12 82 12
12 88 6
12 99 3
12 106 9
12 116 12
12 123 1
12 129 9
12 141 16
12 158 19
12 160 20
12 172 13
12 178 14
12 189 13
12 190 19
12 195 1
12 198 11
13 23 12
13 28 14
13 34 18
13 35 4
13 38 3
13 48 17
13 49 3
13 51 14
13 57 13
13 62 6
13 76 16
13 78 5
13 85 17
13 88 18
13 93 19
13 96 6
13 108 20
13 113 13
13 117 19
13 119 15
13 121 4
13 122 3
13 123 3
13 125 16
13 127 2
13 138 1
13 150 6
13 152 13
13 161 20
13 163 12
13 167 12
13 169 10
13 171 11
13 172 4
13 187 14
13 190 15
13 192 6
13 198 20
14 17 9
14 22 14
14 24 12
14 25 3
14 27 14
14 30 11
14 33 2
14 34 6
14 37 9
14 38 2
14 44 17
14 46 20
14 52 16
14 53 8
14 61 20
14 63 3
14 67 4
14 68 9
14 70 5
14 73 9
14 74 14
14 91 1
14 94 14
14 95 1
14 98 16
14 108 16
14 109 12
14 111 3
14 115 16
14 123 19
14 127 12
14 132 18
14 148 15
14 154 12
14 162 13
14 163 14
14 165 6
14 187 3
15 18 5
15 19 1
15 26 4
15 28 18
15 32 12
15 37 13
15 38 3
15 40 8
15 45 14
15 53 4
15 55 7
15 60 18
15 69 2
15 73 1
15 80 2
15 90 16
15 91 16
15 93 17
15 99 3
15 102 1
15 110 7
15 126 6
15 128 10
15 133 7
15 143 18
15 153 13
15 165 2
15 167 18
15 169 13
15 178 16
15 189 1
15 195 11
15 196 2
15 197 13
15 200 16
16 17 10
16 19 12
16 35 20
16 37 14
16 45 13
16 52 16
16 54 15
16 58 4
16 64 7
16 67 1
16 69 14
16 82 8
16 85 12
16 92 4
16 95 3
16 106 19
16 107 12
16 111 18
16 115 18
16 117 15
16 118 6
16 132 1
16 134 2
16 136 20
16 139 12
16 142 7
16 147 8
16 149 7
16 158 3
16 162 3
16 165 1
16 171 1
16 173 8
16 183 17
16 186 15
16 190 1
16 199 14
17 18 14
17 20 14
17 21 15
17 31 19
17 36 2
17 42 3
17 45 8
17 52 19
17 55 12
17 66 9
17 67 1
17 69 6
17 70 8
17 75 7
17 77 18
17 80 10
17 85 12
17 89 16
17 93 14
17 94 4
17 96 10
17 104 16
17 107 7
17 110 8
17 112 4
17 113 2
17 120 18
17 123 7
17 126 7
17 133 5
17 134 16
17 142 17
17 144 20
17 150 8
17 151 12
17 152 1
17 154 12
17 156 13
17 164 2
17 165 11
17 179 4
17 189 4
17 198 12
18 21 17
18 27 6
18 30 8
18 36 3
18 39 12
18 41 17
18 57 16
18 60 12
18 83 10
18 87 1
18 91 17
18 92 6
18 100 11
18 105 12
18 108 5
18 115 12
18 119 1
18 130 4
18 138 3
18 150 2
18 154 17
18 156 16
18 169 19
18 170 13
18 177 9
18 183 8
18 184 19
18 191 4
18 194 12
18 199 10
19 21 5
19 25 4
19 28 19
19 35 8
19 40 3
19 44 6
19 45 12
19 48 4
19 54 13
19 57 20
19 62 11
19 75 16
19 77 3
19 87 8
19 88 2
19 93 13
19 105 19
19 114 1
19 121 10
19 125 5
19 126 18
19 129 7
19 135 5
19 145 7
19 147 19
19 161 6
19 164 19
19 189 9
19 192 5
19 194 19
19 195 8
19 197 2
19 200 11
20 23 16
20 33 6
20 40 15
20 43 7
20 49 2
20 52 17
20 53 12
20 54 14
20 55 10
20 62 3
20 63 10
20 73 1
20 80 1
20 85 17
20 89 13
20 90 19
20 92 16
20 97 20
20 101 8
20 110 20
20 124 2
20 125 9
20 145 8
20 147 16
20 149 19
20 151 16
20 152 7
20 161 14
20 176 1
20 177 6
20 182 19
20 184 12
20 185 9
20 187 13
20 195 9
20 200 12
21 30 5
21 35 5
21 37 5
21 51 15
21 59 15
21 66 2
21 72 20
21 74 12
21 79 12
21 83 5
21 87 8
21 91 3
21 126 2
21 132 17
21 141 10
21 159 17
21 160 3
21 161 17
21 163 6
21 167 5
21 168 11
21 170 13
21 172 8
21 173 19
21 175 14
21 176 19
21 179 9
21 199 1
21 200 1
22 33 4
22 45 17
22 56 6
22 57 19
22 75 3
22 78 18
22 79 13
22 85 7
22 91 14
22 95 3
22 99 18
22 108 1
22 111 14
22 114 13
22 120 12
22 123 8
22 124 3
22 129 19
22 132 14
22 138 9
22 140 20
22 144 3
22 148 3
22 154 3
22 155 8
22 160 8
22 161 9
22 167 20
22 173 16
22 183 15
22 184 7
22 190 16
22 192 12
22 193 13
22 195 12
22 200 9
23 27 9
23 30 20
23 32 16
23 33 17
23 49 16
23 51 7
23 64 20
23 65 7
23 67 19
23 77 4
23 81 6
23 87 11
23 92 4
23 93 16
23 96 18
23 102 10
23 115 10
23 119 10
23 127 13
23 128 6
23 129 19
23 131 13
23 132 6
23 135 14
23 141 5
23 143 19
23 154 20
23 162 1
23 176 20
23 185 5
23 195 19
24 26 13
24 30 9
24 37 9
24 50 15
24 54 12
24 55 10
24 57 18
24 59 5
24 65 6
24 69 18
24 74 10
24 77 13
24 82 17
24 83 12
24 87 1
24 99 16
24 107 14
24 108 3
24 111 4
24 114 11
24 117 2
24 123 15
24 142 12
24 148 17
24 149 1
24 151 14
24 158 16
24 160 2
24 161 5
24 163 12
24 166 14
24 168 5
24 175 9
24 180 13
24 182 16
24 190 15
24 195 9
25 35 6
25 37 4
25 38 2
25 43 8
25 49 15
25 52 9
25 57 11
25 74 13
25 81 11
25 82 18
25 85 10
25 88 18
25 97 10
25 99 11
25 112 12
25 115 10
25 116 9
25 117 13
25 119 11
25 121 5
25 133 11
25 134 13
25 136 3
25 138 20
25 143 13
25 144 17
25 151 11
25 159 19
25 164 1
25 165 2
25 167 6
25 168 20
25 181 14
25 185 2
25 196 12
26 27 3
26 39 8
26 40 15
26 42 12
26 44 2
26 46 18
26 52 3
26 66 1
26 68 11
26 71 12
26 72 6
26 74 12
26 76 9
26 78 15
26 80 8
26 87 1
26 88 13
26 94 4
26 99 4
26 101 12
26 102 5
26 104 13
26 105 2
26 106 8
26 108 3
26 111 3
26 114 14
26 116 11
26 118 20
26 121 17
26 128 12
26 133 20
26 135 8
26 139 15
26 140 13
26 141 19
26 142 15
26 164 13
26 165 8
26 171 3
26 200 14
27 37 7
27 43 16
27 46 8
27 47 17
27 52 18
27 53 1
27 65 1
27 67 2
27 70 7
27 75 8
27 77 16
27 78 14
27 84 10
27 85 11
27 94 16
27 98 17
27 99 2
27 108 5
27 118 16
27 120 3
27 121 20
27 125 8
27 126 5
27 127 18
27 132 5
27 149 20
27 152 1
27 165 18
27 166 13
27 168 1
27 171 19
27 176 11
27 178 10
27 185 6
27 186 7
27 190 6
28 31 7
28 40 2
28 45 14
28 48 15
28 57 1
28 62 5
28 63 9
28 64 20
28 65 6
28 66 8
28 74 11
28 80 8
28 81 10
28 85 18
28 96 1
28 109 20
28 115 9
28 118 10
28 120 4
28 121 12
28 123 13
28 139 15
28 140 11
28 150 4
28 153 16
28 155 9
28 164 9
28 169 11
28 173 10
28 175 8
28 182 6
28 183 6
28 189 7
28 194 10
28 195 11
28 197 16
29 30 12
29 40 11
29 53 19
29 59 6
29 67 19
29 68 19
29 88 19
29 92 16
29 97 7
29 98 5
29 104 9
29 106 13
29 107 17
29 109 7
29 112 16
29 122 3
29 124 17
29 127 10
29 131 1
29 137 3
29 144 16
29 148 3
29 155 12
29 158 10
29 159 12
29 166 3
29 173 20
29 179 20
29 182 1
29 184 6
29 199 14
30 36 17
30 38 5
30 46 17
30 55 16
30 57 15
30 62 19
30 63 14
30 64 5
30 73 2
30 80 12
30 82 19
30 83 12
30 86 20
30 88 15
30 92 4
30 98 2
30 100 11
30 107 7
30 111 12
30 112 16
30 115 9
30 116 12
30 119 20
30 124 2
30 126 19
30 136 19
30 141 1
30 144 20
30 146 2
30 153 10
30 156 7
30 159 8
30 164 11
30 166 4
30 169 12
30 175 4
30 185 17
30 189 9
30 194 18
30 199 8
31 34 4
31 37 17
31 45 7
31 49 9
31 54 7
31 57 1
31 58 13
31 59 6
31 60 11
31 61 18
31 66 16
31 67 7
31 84 13
31 98 15
31 102 14
31 125 16
31 131 14
31 132 10
31 134 6
31 136 18
31 137 11
31 148 10
31 157 12
31 165 9
31 167 8
31 168 13
31 175 13
31 177 7
31 178 10
31 179 13
31 181 6
31 184 18
31 194 16
32 33 11
32 34 2
32 35 2
32 37 13
32 54 13
32 55 18
32 66 17
32 69 18
32 70 17
32 75 13
32 77 2
32 84 2
32 85 19
32 88 14
32 89 12
32 93 6
32 96 4
32 106 20
32 107 12
32 108 9
32 115 18
32 119 16
32 122 20
32 125 10
32 126 13
32 131 1
32 157 11
32 164 11
32 165 16
32 171 17
32 180 8
32 192 13
32 195 4
32 200 8
33 36 15
33 39 3
33 41 15
33 43 7
33 46 4
33 60 4
33 63 3
33 73 4
33 81 17
33 84 17
33 87 15
33 99 13
33 120 11
33 132 14
33 133 4
33 141 17
33 142 4
33 144 9
33 163 15
33 172 5
33 178 4
33 180 5
33 183 19
33 197 4
34 36 14
34 37 20
34 41 12
34 43 10
34 48 2
34 52 13
34 65 4
34 66 18
34 68 3
34 72 20
34 73 2
34 80 7
34 82 13
34 89 2
34 91 13
34 97 18
34 99 16
34 103 4
34 108 13
34 109 13
34 114 10
34 116 17
34 126 15
34 134 20
34 136 10
34 139 6
34 140 12
34 141 5
34 143 9
34 153 1
34 177 12
34 183 7
34 184 14
34 189 2
34 190 4
34 196 7
34 199 4
35 38 10
35 44 11
35 62 19
35 63 12
35 68 12
35 79 3
35 81 18
35 83 12
35 85 20
35 92 2
35 93 13
35 98 4
35 103 9
35 106 19
35 111 9
35 114 2
35 128 7
35 129 14
35 131 3
35 133 15
35 145 1
35 147 12
35 155 9
35 167 3
35 170 6
35 171 15
35 179 13
35 180 9
35 187 19
35 192 14
35 193 7
35 196 7
35 197 13
36 39 1
36 41 12
36 48 5
36 49 6
36 51 9
36 53 11
36 59 16
36 60 11
36 61 1
36 62 12
36 63 7
36 77 4
36 80 16
36 82 12
36 90 9
36 93 16
36 95 20
36 102 11
36 105 19
36 109 3
36 124 15
36 125 10
36 126 2
36 127 4
36 143 2
36 145 16
36 151 14
36 154 16
36 162 1
36 163 9
36 174 14
36 178 9
36 180 13
36 184 19
36 185 20
36 189 16
36 190 9
36 200 10
37 43 16
37 50 4
37 66 19
37 75 4
37 78 17
37 83 1
37 85 9
37 87 3
37 88 13
37 90 18
37 92 10
37 93 18
37 99 6
37 101 18
37 110 17
37 111 3
37 117 14
37 120 11
37 128 2
37 133 14
37 135 11
37 141 13
37 144 1
37 148 7
37 149 18
37 153 8
37 154 5
37 156 13
37 159 4
37 162 8
37 168 10
37 173 14
37 179 13
37 180 7
37 188 20
37 191 6
37 192 3
37 196 8
37 199 4
38 41 13
38 42 17
38 43 9
38 46 17
38 51 16
38 55 11
38 61 8
38 64 9
38 68 17
38 77 9
38 78 20
38 81 20
38 88 15
38 95 11
38 109 9
38 113 18
38 114 8
38 130 13
38 143 18
38 151 19
38 156 4
38 158 8
38 161 12
38 165 19
38 184 10
38 185 8
38 194 20
38 195 2
38 197 2
39 40 6
39 45 6
39 53 7
39 57 15
39 75 16
39 77 11
39 81 7
39 89 11
39 92 19
39 94 12
39 95 12
39 99 15
39 103 9
39 109 2
39 112 11
39 113 5
39 116 16
39 118 13
39 123 7
39 127 19
39 130 13
39 134 10
39 141 4
39 146 11
39 156 16
39 160 9
39 162 11
39 165 17
39 166 18
39 170 8
39 179 11
39 184 2
39 191 15
39 195 3
40 42 17
40 62 20
40 63 10
40 66 20
40 71 14
40 72 13
40 73 13
40 74 15
40 78 11
40 81 20
40 83 17
40 84 5
40 86 19
40 89 7
40 93 17
40 96 2
40 102 11
40 103 17
40 112 19
40 116 19
40 117 12
40 123 16
40 125 19
40 132 11
40 135 16
40 136 7
40 138 11
40 140 18
40 155 5
40 157 2
40 161 8
40 171 2
40 172 17
40 174 1
40 180 14
40 181 20
40 185 20
40 186 16
40 191 4
40 192 9
40 195 13
40 196 7
40 199 18
41 42 17
41 47 6
41 54 3
41 59 20
41 63 20
41 69 1
41 71 17
41 87 7
41 90 5
41 94 12
41 95 9
41 103 7
41 110 17
41 125 16
41 144 12
41 146 11
41 151 13
41 154 11
41 157 11
41 165 14
41 167 17
41 168 17
41 172 17
41 176 7
41 183 13
41 195 7
41 197 5
42 46 5
42 47 15
42 58 13
42 61 2
42 66 10
42 84 1
42 86 9
42 94 15
42 103 14
42 109 8
42 110 7
42 111 11
42 113 18
42 114 10
42 119 13
42 144 4
42 152 11
42 153 1
42 157 17
42 160 4
42 161 11
42 162 4
42 164 15
42 165 3
42 167 3
42 169 19
42 172 3
42 185 15
42 189 7
42 191 7
42 192 6
42 194 1
42 196 3
43 47 5
43 50 20
43 51 2
43 52 6
43 54 7
43 57 5
43 63 4
43 72 16
43 73 10
43 75 1
43 77 20
43 82 15
43 90 4
43 92 5
43 96 8
43 104 6
43 111 5
43 112 12
43 115 2
43 124 12
43 132 1
43 133 17
43 135 9
43 138 5
43 140 18
43 141 6
43 142 1
43 151 7
43 153 4
43 155 12
43 164 11
43 172 13
43 182 18
43 184 13
43 185 20
44 47 12
44 49 12
44 50 6
44 56 19
44 73 13
44 74 4
44 76 8
44 77 10
44 79 5
44 81 10
44 82 13
44 83 14
44 85 1
44 88 13
44 89 5
44 90 11
44 95 15
44 97 4
44 104 2
44 106 14
44 108 7
44 113 17
44 114 18
44 118 5
44 120 16
44 121 17
44 122 10
44 126 5
44 129 7
44 132 10
44 133 15
44 138 14
44 150 3
44 153 17
44 158 5
44 164 10
44 166 19
44 170 8
44 179 2
44 181 2
44 186 15
44 192 13
44 200 18
45 53 11
45 60 5
45 66 2
45 75 4
45 76 16
45 83 4
45 88 18
45 94 4
45 95 7
45 104 6
45 121 2
45 126 17
45 129 8
45 131 18
45 133 2
45 138 8
45 145 17
45 150 3
45 153 20
45 154 9
45 167 16
45 171 16
45 172 3
45 178 5
45 183 11
46 58 15
46 62 13
46 65 10
46 66 9
46 67 6
46 72 4
46 79 20
46 80 2
46 81 5
46 83 1
46 87 17
46 91 11
46 101 12
46 106 5
46 119 15
46 125 7
46 129 2
46 132 2
46 136 12
46 145 5
46 149 6
46 158 6
46 167 13
46 169 7
46 171 20
46 172 1
46 178 9
46 179 18
46 183 10
46 189 14
46 194 14
46 199 8
47 58 15
47 59 11
47 70 3
47 71 4
47 72 20
47 75 7
47 80 9
47 89 6
47 91 15
47 93 15
47 96 12
47 98 10
47 114 19
47 119 16
47 121 1
47 123 2
47 126 19
47 137 17
47 139 3
47 142 5
47 144 10
47 145 11
47 149 17
47 155 17
47 157 11
47 163 2
47 178 3
47 188 16
47 191 15
47 194 8
47 196 11
48 55 1
48 57 1
48 63 17
48 65 13
48 69 10
48 73 16
48 77 10
48 78 14
48 82 4
48 86 9
48 88 14
48 93 14
48 103 12
48 113 13
48 120 9
48 126 13
48 131 17
48 133 9
48 135 2
48 139 14
48 141 16
48 148 9
48 157 1
48 161 18
48 168 6
48 169 10
48 177 18
48 185 9
48 192 8
48 196 20
49 51 18
49 56 9
49 59 15
49 62 3
49 65 2
49 70 3
49 76 13
49 78 15
49 80 20
49 87 13
49 91 14
49 92 3
49 94 6
49 101 13
49 102 4
49 104 20
49 112 5
49 113 3
49 121 8
49 132 17
49 137 13
49 143 16
49 146 1
49 152 14
49 154 19
49 157 1
49 159 9
49 161 3
49 167 1
49 169 3
49 170 4
49 173 11
49 176 2
49 187 3
49 190 8
49 194 17
50 53 6
50 61 5
50 64 18
50 66 16
50 69 7
50 72 6
50 80 19
50 87 16
50 91 8
50 94 7
50 96 16
50 98 18
50 99 9
50 101 18
50 113 10
50 123 16
50 125 16
50 139 7
50 140 19
50 143 18
50 146 19
50 149 11
50 150 11
50 154 6
50 156 12
50 157 15
50 164 6
50 172 10
50 174 18
50 175 12
50 183 14
50 188 17
51 53 9
51 55 17
51 63 1
51 64 5
51 67 1
51 71 16
51 75 16
51 85 18
51 87 1
51 88 11
51 90 14
51 92 14
51 93 6
51 113 2
51 115 20
51 125 12
51 131 14
51 134 20
51 136 12
51 161 20
51 168 18
51 172 11
51 178 5
51 183 11
51 187 4
51 194 1
51 198 16
52 66 8
52 68 13
52 78 4
52 79 8
52 92 9
52 105 6
52 106 15
52 117 2
52 121 1
52 128 20
52 130 17
52 133 19
52 146 19
52 170 6
52 171 18
52 179 3
52 180 14
52 182 7
52 188 18
52 191 16
52 199 4
53 55 7
53 57 17
53 69 8
53 75 13
53 80 19
53 82 6
53 88 5
53 89 6
53 90 7
53 97 11
53 98 8
53 100 4
53 104 20
53 107 12
53 108 12
53 118 10
53 125 3
53 126 12
53 127 13
53 135 8
53 136 7
53 140 3
53 142 18
53 145 15
53 150 9
53 151 15
53 157 16
53 163 5
53 164 15
53 176 9
53 179 16
53 198 19
54 62 7
54 64 13
54 72 16
54 81 4
54 88 3
54 93 20
54 94 5
54 101 19
54 104 3
54 111 15
54 115 4
54 122 6
54 123 19
54 126 3
54 127 6
54 129 2
54 135 20
54 138 15
54 140 4
54 143 13
54 146 15
54 149 9
54 152 20
54 153 9
54 163 12
54 167 1
54 170 14
54 173 9
54 178 2
54 182 7
54 183 10
54 185 4
54 188 19
54 190 15
54 196 19
54 198 14
54 200 13
55 58 16
55 63 10
55 66 6
55 67 3
55 68 6
55 73 10
55 74 17
55 76 11
55 80 1
55 86 7
55 87 11
55 88 6
55 94 8
55 99 4
55 104 3
55 110 15
55 113 10
55 116 14
55 117 3
55 132 16
55 143 1
55 146 3
55 152 17
55 153 3
55 154 19
55 162 3
55 170 17
55 180 12
55 184 2
55 194 5
55 196 15
56 60 20
56 61 1
56 71 3
56 74 15
56 80 4
56 87 4
56 89 15
56 90 1
56 95 2
56 97 11
56 98 9
56 100 18
56 108 2
56 114 8
56 121 15
56 134 4
56 147 14
56 156 3
56 174 19
56 182 19
56 186 11
56 192 7
56 195 20
56 199 11
56 200 5
57 58 11
57 59 19
57 66 5
57 67 18
57 69 10
57 82 4
57 85 7
57 88 5
57 89 12
57 100 7
57 104 15
57 110 9
57 121 7
57 124 10
57 125 6
57 133 14
57 139 4
57 143 20
57 146 4
57 148 2
57 164 3
57 173 17
57 177 17
57 182 11
57 183 5
57 189 16
58 60 19
58 68 12
58 70 1
58 73 15
58 81 10
58 90 4
58 91 20
58 100 20
58 105 4
58 114 8
58 116 2
58 123 20
58 127 12
58 128 4
58 139 20
58 141 2
58 142 1
58 146 20
58 148 18
58 152 5
58 156 13
58 160 5
58 161 14
58 165 20
58 166 19
58 167 7
58 169 18
58 177 8
58 181 15
58 200 4
59 62 16
59 64 19
59 65 16
59 69 2
59 81 4
59 91 13
59 94 12
59 95 2
59 103 10
59 109 16
59 116 1
59 118 19
59 123 15
59 133 12
59 134 7
59 139 11
59 141 4
59 151 4
59 168 15
59 171 1
59 180 15
59 185 17
59 188 20
59 199 18
60 66 1
60 69 4
60 71 4
60 74 10
60 82 12
60 84 7
60 85 1
60 87 11
60 91 1
60 93 7
60 95 15
60 98 6
60 118 1
60 124 17
60 126 20
60 136 14
60 137 18
60 156 12
60 161 12
60 164 6
60 168 8
60 172 6
60 175 11
60 177 9
60 179 6
60 181 14
60 185 15
60 197 4
60 198 2
60 200 19
61 65 2
61 66 7
61 70 2
61 73 6
61 86 18
61 87 9
61 91 11
61 101 1
61 108 1
61 109 16
61 116 8
61 122 18
61 127 8
61 129 1
61 134 11
61 139 2
61 144 12
61 145 6
61 147 16
61 150 20
61 152 2
61 156 13
61 159 17
61 164 15
61 165 12
61 172 8
61 187 18
61 190 19
61 193 3
61 194 12
62 70 2
62 71 12
62 76 12
62 80 9
62 81 9
62 82 10
62 87 20
62 99 11
62 102 1
62 103 15
62 104 11
62 106 3
62 110 16
62 111 17
62 118 14
62 120 2
62 122 13
62 131 15
62 147 16
62 157 16
62 168 19
62 170 9
62 172 7
62 174 7
62 175 17
62 177 19
62 182 6
62 189 8
62 195 2
63 64 19
63 65 7
63 66 18
63 68 20
63 70 6
63 76 8
63 77 17
63 83 12
63 85 13
63 86 8
63 87 6
63 89 17
63 90 3
63 99 12
63 103 5
63 104 18
63 111 10
63 124 7
63 131 18
63 132 11
63 140 11
63 146 19
63 147 17
63 156 6
63 162 4
63 165 12
63 173 16
63 179 20
63 183 3
63 184 7
63 195 1
63 200 19
64 67 13
64 74 14
64 94 6
64 95 13
64 102 14
64 104 14
64 112 17
64 114 8
64 122 10
64 123 14
64 130 15
64 136 2
64 138 13
64 156 10
64 159 11
64 160 13
64 180 17
64 189 11
64 191 8
64 192 3
64 200 6
65 70 19
65 89 2
65 90 20
65 91 4
65 95 10
65 97 6
65 107 18
65 111 13
65 112 9
65 120 6
65 126 8
65 134 12
65 136 4
65 137 18
65 140 11
65 145 17
65 153 20
65 160 6
65 161 1
65 166 7
65 168 12
65 170 20
65 186 14
65 187 11
65 189 18
65 190 18
65 195 15
65 196 9
65 198 1
65 200 4
66 69 17
66 78 1
66 85 1
66 89 15
66 94 2
66 95 15
66 96 2
66 97 3
66 98 17
66 100 8
66 101 1
66 103 11
66 109 3
66 117 19
66 123 11
66 132 17
66 135 5
66 139 15
66 145 9
66 146 7
66 147 17
66 153 19
66 160 3
66 172 20
66 177 12
66 178 10
66 183 16
66 191 10
66 200 9
67 69 15
67 73 15
67 77 11
67 86 7
67 88 11
67 90 19
67 101 12
67 102 14
67 106 11
67 111 1
67 114 18
67 121 3
67 132 16
67 141 1
67 146 7
67 148 7
67 158 12
67 162 16
67 164 7
67 165 15
67 166 1
67 177 20
67 182 16
67 188 11
67 194 5
67 195 6
68 76 18
68 86 6
68 93 16
68 98 1
68 100 20
68 105 16
68 108 1
68 121 18
68 122 9
68 127 18
68 130 5
68 131 1
68 132 16
68 134 15
68 136 18
68 138 17
68 143 13
68 147 20
68 156 5
68 167 4
68 168 5
68 176 4
68 178 12
68 180 16
68 185 11
68 188 7
68 196 5
68 200 19
69 71 12
69 81 11
69 82 9
69 89 4
69 95 9
69 97 9
69 100 8
69 114 7
69 119 19
69 123 10
69 127 15
69 134 13
69 138 18
69 146 15
69 151 6
69 152 11
69 154 13
69 169 11
69 172 12
69 173 16
69 174 10
69 175 11
69 183 6
69 185 13
69 188 11
69 200 17
70 74 18
70 75 11
70 85 1
70 88 19
70 89 15
70 91 18
70 96 8
70 99 17
70 101 2
70 118 17
70 126 14
70 129 10
70 130 16
70 131 7
70 135 5
70 145 15
70 146 20
70 150 13
70 164 17
70 169 9
70 173 10
70 178 6
70 183 1
70 185 13
70 193 11
70 197 20
71 72 16
71 74 1
71 80 15
71 81 5
71 101 18
71 106 20
71 137 6
71 139 8
71 144 11
71 155 9
71 158 15
71 162 11
71 164 17
71 169 17
71 171 19
71 176 13
71 180 11
71 181 12
71 183 1
71 192 2
71 198 8
72 77 10
72 78 3
72 82 10
72 83 13
72 88 14
72 99 19
72 100 4
72 102 15
72 104 16
72 106 16
72 113 11
72 118 6
72 121 1
72 123 1
72 129 14
72 132 3
72 150 11
72 151 5
72 157 11
72 158 11
72 160 13
72 174 7
72 176 17
72 192 17
73 74 2
73 77 8
73 81 10
73 85 7
73 88 19
73 97 9
73 113 3
73 115 8
73 121 3
73 127 7
73 143 1
73 144 18
73 147 5
73 154 15
73 156 1
73 179 8
73 180 20
73 181 7
73 182 19
73 183 14
73 184 4
73 186 3
73 189 15
73 191 20
74 82 12
74 84 20
74 85 20
74 88 13
74 90 13
74 93 9
74 96 15
74 101 12
74 105 4
74 106 9
74 108 9
74 109 15
74 120 8
74 130 3
74 132 20
74 142 16
74 150 12
74 163 10
74 167 2
74 170 2
74 171 17
74 175 13
74 176 5
74 178 12
74 184 13
74 188 2
74 189 12
74 190 17
74 193 19
74 196 6
74 200 3
75 76 3
75 90 13
75 92 7
75 94 11
75 96 9
75 100 8
75 109 14
75 111 11
75 112 1
75 131 4
75 133 14
75 139 20
75 142 10
75 151 7
75 153 20
75 156 3
75 159 19
75 164 7
75 174 4
75 176 3
75 188 10
75 191 5
75 192 3
75 193 9
75 197 9
76 83 16
76 84 18
76 85 10
76 97 12
76 100 5
76 109 1
76 110 19
76 118 2
76 122 14
76 133 20
76 135 18
76 138 2
76 140 13
76 154 19
76 161 15
76 168 7
76 170 5
76 174 18
76 176 2
76 181 19
76 185 17
76 186 17
76 200 6
77 83 20
77 89 16
77 95 18
77 96 17
77 98 16
77 103 10
77 104 20
77 105 16
77 110 15
77 120 2
77 124 9
77 128 9
77 131 2
77 144 15
77 148 10
77 150 19
77 151 19
77 152 18
77 165 16
77 168 7
77 173 19
77 176 12
77 178 2
77 180 12
77 185 12
77 187 9
77 188 3
78 82 15
78 85 3
78 87 9
78 91 4
78 96 16
78 97 9
78 113 20
78 114 17
78 122 18
78 124 9
78 138 18
78 143 6
78 146 18
78 148 1
78 157 18
78 161 9
78 166 6
78 170 5
78 172 3
78 177 15
78 181 8
78 183 20
78 189 19
78 196 18
78 198 15
78 200 5
79 88 8
79 96 13
79 97 10
79 102 3
79 109 11
79 110 6
79 117 1
79 118 9
79 119 16
79 120 18
79 122 8
79 126 3
79 129 13
79 134 19
79 135 11
79 145 19
79 146 18
79 160 20
79 164 9
79 169 8
79 178 20
79 182 2
79 189 13
79 190 12
79 191 8
79 193 12
79 194 15
79 196 2
80 81 2
80 83 17
80 88 9
80 89 11
80 90 1
80 103 3
80 109 4
80 110 11
80 112 3
80 117 20
80 119 2
80 134 1
80 135 18
80 141 19
80 153 5
80 164 7
80 178 18
80 182 10
80 189 3
80 190 18
80 194 8
80 197 2
81 82 18
81 92 9
81 93 9
81 95 10
81 103 19
81 108 14
81 111 16
81 113 5
81 119 1
81 132 6
81 135 8
81 136 5
81 141 10
81 147 9
81 148 17
81 153 11
81 155 20
81 156 15
81 171 17
81 176 12
81 182 20
81 184 10
81 195 18
81 199 11
81 200 8
82 83 11
82 86 6
82 87 8
82 89 12
82 91 6
82 92 5
82 97 17
82 100 6
82 104 10
82 113 20
82 115 18
82 120 16
82 125 3
82 130 8
82 131 15
82 136 4
82 137 6
82 140 12
82 145 16
82 146 1
82 159 17
82 164 13
82 166 9
82 169 17
82 182 6
82 184 7
82 185 19
82 186 17
82 187 16
82 190 17
82 194 5
83 91 16
83 93 9
83 95 15
83 112 16
83 120 14
83 135 17
83 136 11
83 137 5
83 141 19
83 143 15
83 146 15
83 151 17
83 152 14
83 156 18
83 159 10
83 161 17
83 162 13
83 168 4
83 173 16
83 175 2
83 176 4
83 177 18
83 187 2
83 189 3
83 190 17
83 196 14
84 93 11
84 95 13
84 96 13
84 97 16
84 99 2
84 101 7
84 103 11
84 110 14
84 112 17
84 119 13
84 125 10
84 135 20
84 139 8
84 141 9
84 151 4
84 156 12
84 158 16
84 166 2
84 167 9
84 168 15
84 170 18
84 171 11
84 177 19
84 192 14
84 199 9
85 86 8
85 95 13
85 97 11
85 112 19
85 116 1
85 126 19
85 127 20
85 128 11
85 129 1
85 130 14
85 131 3
85 133 8
85 136 13
85 143 7
85 144 20
85 161 11
85 164 6
85 176 16
85 185 16
85 196 9
86 88 8
86 89 9
86 94 12
86 97 3
86 100 12
86 105 16
86 107 15
86 115 14
86 116 17
86 127 9
86 128 9
86 136 12
86 154 6
86 158 16
86 169 19
86 172 17
86 175 5
86 176 18
86 184 3
86 186 1
86 192 1
87 90 12
87 120 17
87 125 7
87 126 6
87 129 5
87 131 5
87 137 9
87 140 11
87 149 13
87 151 5
87 153 1
87 155 14
87 157 11
87 161 8
87 166 11
87 170 6
87 171 18
87 174 9
87 179 1
87 190 16
87 191 7
87 195 5
87 196 1
88 93 9
88 95 14
88 110 13
88 111 2
88 113 10
88 114 8
88 118 7
88 120 7
88 121 16
88 138 12
88 140 8
88 141 20
88 152 15
88 153 20
88 155 2
88 164 16
88 174 3
88 177 5
88 180 3
88 182 11
88 189 2
88 191 15
89 92 14
89 98 14
89 100 20
89 104 4
89 110 20
89 113 2
89 116 12
89 119 1
89 120 10
89 123 3
89 130 9
89 133 1
89 140 3
89 144 7
89 145 20
89 146 4
89 148 6
89 156 17
89 161 1
89 170 6
89 171 17
89 174 13
89 184 5
89 186 5
89 188 17
89 196 3
90 92 13
90 93 15
90 99 6
90 102 14
90 109 4
90 110 3
90 129 6
90 130 13
90 133 10
90 135 14
90 145 11
90 146 17
90 150 10
90 151 3
90 161 8
90 167 8
90 170 18
90 179 13
90 182 19
90 185 2
90 188 4
90 190 7
90 193 12
91 92 14
91 96 9
91 97 20
91 102 15
91 109 13
91 114 5
91 122 2
91 123 16
91 132 16
91 138 8
91 144 11
91 148 2
91 153 2
91 156 15
91 162 6
91 163 9
91 168 12
91 181 5
91 185 5
91 191 16
91 198 2
92 93 19
92 96 15
92 99 5
92 107 7
92 118 14
92 127 3
92 128 8
92 129 20
92 131 10
92 133 2
92 134 10
92 139 2
92 140 15
92 142 6
92 149 12
92 150 14
92 153 20
92 159 7
92 161 4
92 190 6
92 195 5
93 103 7
93 112 2
93 115 3
93 119 4
93 120 4
93 127 2
93 128 14
93 130 17
93 131 20
93 135 17
93 138 1
93 146 12
93 149 11
93 151 14
93 153 1
93 172 5
93 173 11
93 177 19
93 180 7
93 181 16
93 182 7
93 187 13
93 188 10
93 192 5
94 102 19
94 117 2
94 122 19
94 128 9
94 132 3
94 133 3
94 156 17
94 158 16
94 160 7
94 161 16
94 171 19
94 181 18
94 185 12
94 192 1
94 197 15
94 200 11
95 119 11
95 125 12
95 127 7
95 135 5
95 142 19
95 144 7
95 152 7
95 166 19
95 167 11
95 171 12
95 172 6
95 174 7
95 176 17
95 177 11
95 180 1
95 181 15
95 188 19
95 190 15
96 100 17
96 101 1
96 111 19
96 117 7
96 122 2
96 125 9
96 129 6
96 135 1
96 149 15
96 157 16
96 163 15
96 170 18
96 173 15
96 176 7
96 182 14
96 189 9
96 191 14
96 198 6
97 100 7
97 102 1
97 105 17
97 107 9
97 110 1
97 116 1
97 121 15
97 126 16
97 127 7
97 128 18
97 134 12
97 135 3
97 136 17
97 141 14
97 142 2
97 152 13
97 153 6
97 154 9
97 158 9
97 160 14
97 161 13
97 173 7
97 177 10
97 181 12
97 187 6
97 196 18
97 198 13
97 199 8
98 102 17
98 103 9
98 104 7
98 106 10
98 107 10
98 110 15
98 116 17
98 122 20
98 133 18
98 145 4
98 152 18
98 156 12
98 159 11
98 177 13
98 184 19
98 191 16
98 199 3
99 100 13
99 106 20
99 107 14
99 110 10
99 118 5
99 123 19
99 137 8
99 139 1
99 148 13
99 150 15
99 166 19
99 171 1
99 174 4
99 179 7
99 180 18
99 191 15
99 195 4
99 197 8
100 103 9
100 104 14
100 107 14
100 112 10
100 113 2
100 117 1
100 123 18
100 125 5
100 126 3
100 132 13
100 139 2
100 142 4
100 155 12
100 156 15
100 159 14
100 163 9
100 175 8
100 180 12
100 187 12
100 188 5
100 193 19
100 196 20
100 200 9
101 103 6
101 111 8
101 113 3
101 121 14
101 122 12
101 124 20
101 125 19
101 139 12
101 141 5
101 142 12
101 152 20
101 160 8
101 176 16
101 177 13
101 179 5
101 183 3
101 184 4
101 199 4
102 104 7
102 106 14
102 107 19
102 111 14
102 112 17
102 115 11
102 125 8
102 131 14
102 133 19
102 136 19
102 141 14
102 146 10
102 152 2
102 154 2
102 156 12
102 159 13
102 161 3
102 181 16
102 190 3
102 191 1
102 193 18
102 194 10
102 195 17
102 200 19
103 105 7
103 109 5
103 111 17
103 117 11
103 122 15
103 127 2
103 130 12
103 132 13
103 137 4
103 154 3
103 157 19
103 159 9
103 165 16
103 166 3
103 167 3
103 170 5
103 171 10
103 187 11
103 188 19
103 191 14
103 192 15
103 196 4
103 200 13
104 127 1
104 130 11
104 146 8
104 158 7
104 161 10
104 170 6
104 171 14
104 176 14
104 178 18
104 181 18
104 186 3
104 189 17
104 197 9
104 199 3
105 109 10
105 119 5
105 121 11
105 135 10
105 137 2
105 141 4
105 142 17
105 145 10
105 155 5
105 156 16
105 159 17
105 163 10
105 176 13
105 184 19
105 196 2
106 108 13
106 110 12
106 113 20
106 121 16
106 124 9
106 125 17
106 133 15
106 139 19
106 141 9
106 154 18
106 164 6
106 170 10
106 172 4
106 174 12
106 183 15
106 187 9
107 112 8
107 116 12
107 117 13
107 129 10
107 131 12
107 134 8
107 137 7
107 140 14
107 162 18
107 164 16
107 166 4
107 175 3
107 183 5
107 190 8
107 191 15
107 192 17
107 196 13
107 198 5
108 114 20
108 121 20
108 125 9
108 142 15
108 151 15
108 152 15
108 164 12
108 177 4
108 184 1
108 188 18
108 191 12
108 199 10
109 113 5
109 114 15
109 118 4
109 119 3
109 130 16
109 138 16
109 140 13
109 143 5
109 144 9
109 145 11
109 148 4
109 149 18
109 158 9
109 164 5
109 168 9
109 171 9
109 172 8
109 177 6
109 178 18
109 188 7
109 196 14
109 197 7
110 111 6
110 120 4
110 127 1
110 141 17
110 142 18
110 143 6
110 144 2
110 156 10
110 159 16
110 161 14
110 168 11
110 169 2
110 170 5
110 174 13
110 175 14
110 180 12
110 183 17
110 185 4
110 192 3
111 112 9
111 114 12
111 115 18
111 116 20
111 118 5
111 124 14
111 128 13
111 129 12
111 130 11
111 133 17
111 138 16
111 162 15
111 163 8
111 165 10
111 172 14
111 175 19
111 176 18
111 181 5
111 185 6
111 188 18
111 189 1
111 194 4
112 115 15
112 122 9
112 123 3
112 135 13
112 139 2
112 142 4
112 143 4
112 144 14
112 146 6
112 147 13
112 149 12
112 151 2
112 161 4
112 168 3
112 173 5
112 188 6
112 198 10
112 199 3
113 116 12
113 121 16
113 126 17
113 134 10
113 147 11
113 151 20
113 153 5
113 155 6
113 165 2
113 174 17
113 177 10
113 180 6
113 189 3
113 190 11
113 191 15
113 196 7
113 197 2
113 200 11
114 123 19
114 124 17
114 131 13
114 136 8
114 160 7
114 163 4
114 164 8
114 167 6
114 171 8
114 172 20
114 192 10
114 194 17
114 197 2
114 198 3
115 117 14
115 119 11
115 120 9
115 124 7
115 126 18
115 127 1
115 138 10
115 146 15
115 149 2
115 151 15
115 152 8
115 156 17
115 159 17
115 181 18
115 184 2
115 188 17
115 190 19
116 118 8
116 120 16
116 121 10
116 127 17
116 132 1
116 133 9
116 134 6
116 136 10
116 139 13
116 142 3
116 149 17
116 153 14
116 154 3
116 162 3
116 165 3
116 167 4
116 172 20
116 185 11
116 187 19
116 194 17
116 196 11
116 198 17
117 119 19
117 121 2
117 122 13
117 128 14
117 140 2
117 144 3
117 149 17
117 173 11
117 177 3
117 183 4
117 184 19
117 185 2
117 186 1
117 190 17
117 199 7
118 130 16
118 134 15
118 137 15
118 146 20
118 148 16
118 149 16
118 155 18
118 157 13
118 162 2
118 163 14
118 165 8
118 174 3
118 189 18
118 190 8
119 122 16
119 129 19
119 133 10
119 141 13
119 146 1
119 159 6
119 161 11
119 167 18
119 176 4
119 192 4
119 195 12
119 198 8
119 200 6
120 123 11
120 133 3
120 148 4
120 153 8
120 156 2
120 165 16
120 170 1
120 188 3
120 189 18
120 198 15
121 122 13
121 123 18
121 124 6
121 129 11
121 130 19
121 134 1
121 136 12
121 146 2
121 150 13
121 154 10
121 161 10
121 166 17
121 167 5
121 174 15
121 191 6
121 194 11
121 195 19
122 123 7
122 129 20
122 130 18
122 131 8
122 139 7
122 142 9
122 145 15
122 146 18
122 149 11
122 159 19
122 162 8
122 163 14
122 169 19
122 170 9
122 177 1
122 179 20
122 181 7
122 182 20
122 197 12
123 131 19
123 140 19
123 153 19
123 160 14
123 167 15
123 174 3
123 177 8
123 179 5
123 183 8
123 187 19
123 190 1
123 192 15
123 197 12
123 200 12
124 127 3
124 128 1
124 130 19
124 133 15
124 139 11
124 140 20
124 141 15
124 146 7
124 154 18
124 155 4
124 160 14
124 165 20
124 181 20
124 183 9
124 196 20
124 199 16
125 132 3
125 137 12
125 143 17
125 154 7
125 170 5
125 172 6
125 177 8
125 179 18
125 183 9
125 190 19
125 191 13
125 192 8
125 195 3
125 197 5
125 198 1
126 127 9
126 132 12
126 138 19
126 140 13
126 145 19
126 147 12
126 149 12
126 151 10
126 152 12
126 162 13
126 165 1
126 168 18
126 174 4
126 182 10
126 184 14
126 185 3
126 192 8
126 196 14
126 198 17
126 199 3
127 128 13
127 129 16
127 138 1
127 151 11
127 153 17
127 154 19
127 157 19
127 160 1
127 167 19
127 171 14
127 176 8
127 189 20
127 193 6
127 196 3
128 129 17
128 132 20
128 146 11
128 151 18
128 158 5
128 159 2
128 161 20
128 166 20
128 171 17
128 173 4
128 178 9
128 182 12
128 199 1
129 139 20
129 142 2
129 146 6
129 148 11
129 151 18
129 152 11
129 165 17
129 168 5
129 169 15
129 175 17
129 177 20
129 179 7
129 184 16
129 185 14
130 143 6
130 153 7
130 154 12
130 159 2
130 165 10
130 167 9
130 169 4
130 178 7
130 200 11
131 134 6
131 141 17
131 143 10
131 147 13
131 152 3
131 153 8
131 159 9
131 164 14
131 165 14
131 178 5
131 179 11
131 199 17
132 134 19
132 139 11
132 145 15
132 155 19
132 159 19
132 161 19
132 162 16
132 163 17
132 166 8
132 170 20
132 171 14
132 179 6
132 181 14
132 182 18
132 195 13
132 197 17
132 199 8
133 134 4
133 142 9
133 145 8
133 146 10
133 147 7
133 149 7
133 159 8
133 163 4
133 164 4
133 167 4
133 169 15
133 173 9
133 177 16
133 181 10
133 190 16
133 193 14
134 135 14
134 140 10
134 145 19
134 149 15
134 151 14
134 152 11
134 158 14
134 183 10
134 189 10
134 197 10
134 199 9
135 137 18
135 141 14
135 143 13
135 154 11
135 156 2
135 164 18
135 170 4
135 175 19
135 184 14
135 189 16
135 194 9
135 198 10
135 200 12
136 139 14
136 140 15
136 143 19
136 144 8
136 146 16
136 148 12
136 155 14
136 156 1
136 157 18
136 161 17
136 169 16
136 173 16
136 181 18
136 185 20
136 187 14
136 189 13
137 139 14
137 145 8
137 147 8
137 148 11
137 153 15
137 157 20
137 167 9
137 169 14
137 176 2
137 198 12
138 143 14
138 151 12
138 153 13
138 156 18
138 165 20
138 166 8
138 174 19
138 177 4
138 178 6
138 183 11
138 187 15
138 196 17
138 199 15
139 140 5
139 144 11
139 146 13
139 149 5
139 152 7
139 159 1
139 160 10
139 162 10
139 163 11
139 166 18
139 170 18
139 181 4
139 183 8
139 194 9
139 197 7
139 200 10
140 143 4
140 146 19
140 149 3
140 152 4
140 157 1
140 162 9
140 166 4
140 171 16
140 184 6
140 185 11
141 144 1
141 147 10
141 158 16
141 165 18
141 177 4
141 180 13
141 189 5
141 191 3
141 199 6
142 148 14
142 150 6
142 162 1
142 163 12
142 164 16
142 168 1
142 177 17
142 180 13
142 191 10
142 200 1
143 149 16
143 151 15
143 155 1
143 162 19
143 164 3
143 170 17
143 171 7
143 181 1
143 186 11
144 146 3
144 151 2
144 157 15
144 161 6
144 163 10
144 169 10
144 173 9
144 177 5
144 183 2
144 186 16
144 189 5
144 192 10
144 196 8
144 197 4
145 147 1
145 150 16
145 167 7
145 170 17
145 175 5
145 184 1
145 185 1
145 188 12
145 199 13
146 149 8
146 157 19
146 158 6
146 162 19
146 166 17
146 168 1
146 170 19
146 177 17
146 181 3
146 191 16
146 198 20
146 199 17
147 151 13
147 152 9
147 153 10
147 154 11
147 163 3
147 164 8
147 168 19
147 169 7
147 176 18
147 180 9
147 181 6
147 183 15
147 186 6
147 190 17
147 195 7
147 196 4
147 200 17
148 165 10
148 166 8
148 167 9
148 176 7
148 179 2
148 181 20
148 186 8
148 190 13
148 191 1
148 195 7
148 200 3
149 154 3
149 155 19
149 158 1
149 159 3
149 161 8
149 169 5
149 174 16
149 177 12
149 184 2
149 187 8
149 189 13
149 194 3
150 152 10
150 157 8
150 160 16
150 168 8
150 171 4
150 175 2
150 176 17
150 177 7
150 178 18
150 194 10
150 197 5
151 152 8
151 154 11
151 164 6
151 167 9
151 173 4
151 180 18
151 183 1
151 184 1
151 186 1
151 195 3
152 153 4
152 156 15
152 159 19
152 161 10
152 167 15
152 169 4
152 172 7
152 173 11
152 174 13
152 178 2
152 183 11
152 184 12
152 190 7
152 194 17
153 156 11
153 161 6
153 166 6
153 173 10
153 176 14
153 178 12
153 181 4
153 183 13
153 190 19
153 193 3
153 195 16
153 196 5
153 198 1
153 199 19
154 159 14
154 168 18
154 169 20
154 173 1
154 179 6
154 182 13
154 192 11
154 193 15
154 196 2
154 197 6
154 200 13
155 159 1
155 166 9
155 168 17
155 176 20
155 178 5
155 187 14
155 191 13
155 195 1
155 198 20
156 168 3
156 170 9
156 175 1
156 178 1
156 179 4
156 183 2
156 190 19
156 194 10
156 200 6
157 158 1
157 162 1
157 170 3
157 171 5
157 172 1
157 175 18
157 178 12
157 190 1
157 192 14
157 198 3
157 199 17
158 167 4
158 170 16
158 176 12
158 180 13
158 182 20
158 191 7
158 200 5
159 162 16
159 164 11
159 169 18
159 170 3
159 172 18
159 174 19
159 178 5
159 184 10
159 198 14
160 165 7
160 171 2
160 179 18
160 187 2
160 189 17
160 200 8
161 164 1
161 175 4
161 180 19
161 185 3
161 189 6
161 199 9
161 200 13
162 166 7
162 188 11
162 193 10
162 195 10
162 197 15
162 198 2
162 200 10
163 170 11
163 173 7
163 176 4
163 181 20
163 192 10
163 195 1
163 198 17
164 165 3
164 175 16
164 176 11
164 177 11
164 180 2
165 180 18
165 181 9
165 184 6
165 193 18
165 198 15
166 170 13
166 174 13
166 180 8
166 188 2
166 196 20
166 198 3
167 174 19
167 175 5
167 189 10
168 179 6
168 181 12
168 191 10
168 194 11
168 197 5
168 199 5
169 171 5
169 178 16
169 179 11
169 180 8
169 186 14
169 190 16
169 198 5
170 172 18
170 176 2
170 178 3
170 179 19
170 190 1
170 192 8
170 195 7
170 200 16
171 182 7
171 193 4
172 174 3
172 175 20
172 176 10
172 182 7
172 191 19
172 195 9
172 200 20
173 174 4
173 178 8
173 181 3
173 184 12
173 188 3
173 189 12
173 191 18
173 195 20
173 199 14
174 179 4
174 180 6
174 187 13
174 188 1
175 177 5
175 186 16
175 192 1
175 194 3
175 198 2
176 178 10
176 188 1
176 191 7
177 182 8
177 184 15
177 191 2
177 192 8
177 197 5
178 188 18
178 192 14
178 194 8
178 200 4
179 180 16
179 181 19
179 186 11
179 188 6
179 194 13
180 181 5
180 188 6
181 182 6
182 184 8
182 187 12
182 191 16
182 194 4
182 197 19
182 198 17
183 194 14
183 195 4
184 185 18
184 188 17
184 189 4
184 190 8
184 193 15
184 197 17
184 198 3
186 189 17
186 190 19
186 191 3
186 193 12
186 196 17
186 199 4
186 200 3
187 188 11
187 190 19
189 191 5
189 197 2
189 198 19
190 192 16
190 194 1
190 200 19
191 193 14
191 194 3
191 199 15
191 200 20
192 193 20
192 199 4
193 194 5
193 198 12
194 197 19
197 198 2
198 199 10
