400 4007
1 44 98
1 58 122
1 71 113
1 75 152
1 100 142
1 130 83
1 147 10
1 160 30
1 161 60
1 166 127
1 191 4
1 216 75
1 230 72
1 254 37
1 295 74
1 303 27
1 311 137
1 344 87
1 354 16
1 375 76
1 384 90
1 387 29
2 3 72
2 49 159
2 67 123
2 71 43
2 75 14
2 83 17
2 127 65
2 156 122
2 163 57
2 197 88
2 209 146
2 225 44
2 226 53
2 243 37
2 249 125
2 310 127
2 334 110
2 370 142
2 384 129
2 390 125
3 58 128
3 79 8
3 101 156
3 153 3
3 185 133
3 187 26
3 190 57
3 216 21
3 254 34
3 327 6
3 351 156
3 373 76
3 374 11
4 5 20
4 31 119
4 77 105
4 80 69
4 84 26
4 101 14
4 104 71
4 109 10
4 118 50
4 131 14
4 141 69
4 143 84
4 146 79
4 170 58
4 184 107
4 218 62
4 232 144
4 267 160
4 282 62
4 291 99
4 293 55
4 349 83
5 32 86
5 78 18
5 90 115
5 105 95
5 107 109
5 110 122
5 128 111
5 162 57
5 234 8
5 242 72
5 268 146
5 281 127
5 295 56
5 304 147
5 307 113
5 308 160
5 309 33
5 390 60
6 15 2
6 26 144
6 44 1
6 63 75
6 107 87
6 113 73
6 127 104
6 165 80
6 166 118
6 172 56
6 212 37
6 218 41
6 227 130
6 232 83
6 243 118
6 252 154
6 255 140
6 269 96
6 271 100
6 285 104
6 331 74
6 375 148
6 382 101
6 383 8
6 394 8
6 398 99
7 10 151
7 11 157
7 13 74
7 22 116
7 57 27
7 69 128
7 83 129
7 123 53
7 198 140
7 233 58
7 249 86
7 250 24
7 277 34
7 283 159
7 297 96
7 299 78
7 349 111
7 375 99
7 379 119
8 57 114
8 138 102
8 152 25
8 191 83
8 270 85
8 317 127
8 331 74
8 363 11
8 392 88
9 16 110
9 35 46
9 62 32
9 135 5
9 140 103
9 144 148
9 162 131
9 167 11
9 175 5
9 215 111
9 225 131
9 252 53
9 261 113
9 281 103
9 295 96
9 321 102
9 362 69
9 370 154
9 381 87
10 23 23
10 62 31
10 84 155
10 91 151
10 114 154
10 149 114
10 189 19
10 190 123
10 197 137
10 215 43
10 230 75
10 239 121
10 251 122
10 288 104
10 303 43
10 315 56
10 326 69
10 337 146
10 358 118
10 396 24
11 26 113
11 66 16
11 78 104
11 97 21
11 107 75
11 143 45
11 146 137
11 165 17
11 178 60
11 207 95
11 215 24
11 217 146
11 364 78
11 372 76
11 400 109
12 47 99
12 62 122
12 70 142
12 84 16
12 102 85
12 105 33
12 113 90
12 129 20
12 138 91
12 205 111
12 253 130
12 289 98
12 346 122
12 349 150
12 356 30
12 377 128
12 380 94
13 43 43
13 63 8
13 86 104
13 106 11
13 139 64
13 149 119
13 162 20
13 224 150
13 248 44
13 258 83
13 260 120
13 279 127
13 282 148
13 319 119
13 327 119
13 329 25
13 336 145
13 337 2
13 338 45
13 378 55
13 381 96
13 392 93
13 400 4
14 31 79
14 52 42
14 122 22
14 131 112
14 153 24
14 194 15
14 202 40
14 211 48
14 212 144
14 241 108
14 269 89
14 296 65
14 324 76
14 349 24
14 350 10
14 351 19
14 358 53
14 363 98
14 379 27
14 383 141
15 43 75
15 52 134
15 111 17
15 112 78
15 132 100
15 144 46
15 232 57
15 279 39
15 304 60
15 307 26
15 309 71
15 310 109
15 315 155
15 320 84
15 328 160
15 345 152
15 354 88
15 363 63
15 366 5
15 377 70
15 381 126
16 18 17
16 35 121
16 87 45
16 98 2
16 102 38
16 109 140
16 140 158
16 141 63
16 142 66
16 144 69
16 150 109
16 155 98
16 177 83
16 180 85
16 193 137
16 233 42
16 245 159
16 266 110
16 286 123
16 289 91
16 299 105
16 314 74
16 337 146
16 379 51
17 27 25
17 35 77
17 37 143
17 71 87
17 103 133
17 116 157
17 135 88
17 175 118
17 182 81
17 211 137
17 220 17
17 221 30
17 302 54
17 326 61
17 346 63
17 350 33
17 375 124
18 27 147
18 49 56
18 63 41
18 72 100
18 119 81
18 121 113
18 150 158
18 179 116
18 233 145
18 258 141
18 268 21
18 272 59
18 337 39
18 340 58
18 346 2
18 347 96
18 363 19
18 365 153
18 366 113
19 29 125
19 39 47
19 45 48
19 52 33
19 56 96
19 61 125
19 165 47
19 200 110
19 218 43
19 235 39
19 258 85
19 261 48
19 274 101
19 312 21
19 356 74
19 365 98
19 383 82
20 47 128
20 56 89
20 78 87
20 97 59
20 108 35
20 119 42
20 132 147
20 156 109
20 163 19
20 172 26
20 188 78
20 189 17
20 195 148
20 208 16
20 225 83
20 227 44
20 264 64
20 283 20
20 324 19
20 325 105
20 328 79
20 329 120
20 332 87
20 333 92
20 371 143
21 28 146
21 29 35
21 41 94
21 90 103
21 136 41
21 137 119
21 140 114
21 151 69
21 154 59
21 208 117
21 219 24
21 256 73
21 274 108
21 288 153
21 331 137
21 348 18
21 359 145
21 372 113
21 375 48
22 38 133
22 73 41
22 74 51
22 79 22
22 135 113
22 172 42
22 231 56
22 240 51
22 242 85
22 243 1
22 265 61
22 274 152
22 282 160
22 286 1
22 292 72
22 309 13
22 341 140
22 355 79
22 366 11
22 382 82
22 383 3
23 35 127
23 77 157
23 87 110
23 96 145
23 100 26
23 107 97
23 118 103
23 132 113
23 136 121
23 142 137
23 146 7
23 151 115
23 159 5
23 218 55
23 261 49
23 301 89
23 310 44
23 319 129
23 333 2
23 351 21
23 369 69
23 371 146
23 384 27
24 49 126
24 61 32
24 80 118
24 91 108
24 101 50
24 183 34
24 218 132
24 226 29
24 290 48
24 315 25
24 320 47
24 336 155
24 358 61
24 367 55
24 381 87
25 65 154
25 70 35
25 74 111
25 92 30
25 102 91
25 128 67
25 148 141
25 167 24
25 183 131
25 206 100
25 208 153
25 227 88
25 249 155
25 253 16
25 273 150
25 286 112
25 305 127
25 306 49
25 322 79
25 337 54
25 389 28
26 49 83
26 122 29
26 128 27
26 153 113
26 165 141
26 168 91
26 205 121
26 252 124
26 267 130
26 307 68
26 353 146
26 365 151
26 381 52
27 46 55
27 100 124
27 118 152
27 134 27
27 137 2
27 138 17
27 190 146
27 193 87
27 217 74
27 297 75
27 373 22
28 69 28
28 83 148
28 134 88
28 143 73
28 147 33
28 185 108
28 220 38
28 265 46
28 295 1
28 330 157
28 337 22
28 338 146
28 370 60
28 395 109
29 39 76
29 61 43
29 70 148
29 95 160
29 99 158
29 110 156
29 137 86
29 159 154
29 167 97
29 169 10
29 180 30
29 239 128
29 259 101
29 282 8
29 301 128
29 303 68
29 359 31
29 381 104
29 386 17
29 390 108
29 391 116
30 40 119
30 49 61
30 64 15
30 91 113
30 101 84
30 113 160
30 117 111
30 154 150
30 180 33
30 209 28
30 222 159
30 234 14
30 235 1
30 243 2
30 265 36
30 297 139
30 337 55
30 343 35
30 346 110
30 349 135
30 353 77
30 389 48
30 394 13
31 72 101
31 119 159
31 126 62
31 127 64
31 142 1
31 165 128
31 187 135
31 292 32
31 310 99
31 319 87
31 327 152
31 337 138
31 357 111
31 393 71
31 394 117
31 395 57
31 400 9
32 68 154
32 73 38
32 81 75
32 133 148
32 138 37
32 223 71
32 237 27
32 311 15
32 317 125
32 354 5
32 370 52
32 377 115
32 397 63
33 39 53
33 78 58
33 94 13
33 115 88
33 141 158
33 162 53
33 164 125
33 179 43
33 228 133
33 255 102
33 273 98
33 302 151
33 306 48
33 329 87
33 363 82
33 386 136
34 46 121
34 93 28
34 97 19
34 124 142
34 152 104
34 178 13
34 180 67
34 204 35
34 237 43
34 271 79
34 273 153
34 281 90
34 320 48
34 323 71
34 338 77
34 341 103
34 384 49
34 392 138
34 394 129
34 396 65
35 73 110
35 78 16
35 82 62
35 86 71
35 89 126
35 102 119
35 135 121
35 137 66
35 154 129
35 178 78
35 180 88
35 213 128
35 229 135
35 241 55
35 303 55
35 323 126
35 348 120
35 350 98
35 359 17
35 362 97
35 376 113
36 43 148
36 44 10
36 48 89
36 55 107
36 76 43
36 118 134
36 136 39
36 142 148
36 144 6
36 149 142
36 178 135
36 231 9
36 236 106
36 252 126
36 266 145
36 306 8
36 324 97
36 328 73
36 354 108
36 387 36
36 395 117
36 396 50
37 59 73
37 68 127
37 98 1
37 111 8
37 128 128
37 144 148
37 160 35
37 168 73
37 180 14
37 183 28
37 216 105
37 226 130
37 269 84
37 345 109
37 380 84
37 382 134
37 384 74
38 47 85
38 65 59
38 72 123
38 134 56
38 161 40
38 163 132
38 186 105
38 200 46
38 216 78
38 236 45
38 242 141
38 251 1
38 268 113
38 285 146
38 302 36
38 315 28
38 322 54
38 355 23
38 367 61
38 369 39
38 373 160
38 381 89
38 396 127
39 72 30
39 80 114
39 106 106
39 133 57
39 134 38
39 174 45
39 215 117
39 239 14
39 272 88
39 337 117
39 338 71
39 348 52
39 353 20
39 382 98
39 390 78
40 41 31
40 67 63
40 84 79
40 95 42
40 167 40
40 179 15
40 224 67
40 233 147
40 242 116
40 244 134
40 255 76
40 256 38
40 259 48
40 274 96
40 299 134
40 316 85
40 324 85
40 326 51
40 340 114
40 343 15
40 366 75
40 370 120
40 376 58
40 384 62
40 387 125
40 390 128
40 398 8
41 58 97
41 74 96
41 79 111
41 80 97
41 85 87
41 92 50
41 94 9
41 97 40
41 121 90
41 134 131
41 141 128
41 146 72
41 161 45
41 185 56
41 191 54
41 214 24
41 248 17
41 344 26
41 347 157
41 362 50
42 43 97
42 121 77
42 129 47
42 140 150
42 141 82
42 143 49
42 150 113
42 165 88
42 173 84
42 184 95
42 193 31
42 231 30
42 233 137
42 243 88
42 264 57
42 292 117
42 293 155
42 322 41
42 336 83
42 345 155
42 360 10
42 400 160
43 55 39
43 64 102
43 71 83
43 89 53
43 91 76
43 119 88
43 120 91
43 123 32
43 132 27
43 145 83
43 148 66
43 182 27
43 205 145
43 260 76
43 303 16
43 315 14
43 328 30
43 339 40
43 394 132
43 399 91
44 49 39
44 54 126
44 88 118
44 92 136
44 98 29
44 121 76
44 122 25
44 133 109
44 152 57
44 157 110
44 212 140
44 229 133
44 232 124
44 241 126
44 249 122
44 265 117
44 269 28
44 281 86
44 287 34
44 305 95
44 331 19
44 338 7
44 342 11
44 351 35
44 381 69
44 400 46
45 48 3
45 57 36
45 78 105
45 79 145
45 90 85
45 100 47
45 122 153
45 128 69
45 132 139
45 155 11
45 160 97
45 163 121
45 174 3
45 175 7
45 184 140
45 228 43
45 256 17
45 302 11
45 317 111
45 351 121
45 374 22
45 393 117
46 61 124
46 67 16
46 84 62
46 97 58
46 135 102
46 140 51
46 164 42
46 174 1
46 240 59
46 298 89
46 324 18
46 347 37
46 365 7
46 397 19
47 69 32
47 88 112
47 90 24
47 122 149
47 131 50
47 136 27
47 143 95
47 157 107
47 183 95
47 187 159
47 207 79
47 217 160
47 230 68
47 264 37
47 321 34
47 331 141
47 334 133
47 339 78
47 371 108
47 386 48
48 51 102
48 141 127
48 142 86
48 158 101
48 160 118
48 165 55
48 202 130
48 206 155
48 279 54
48 281 38
48 291 44
48 354 145
49 67 56
49 79 13
49 104 132
49 187 148
49 189 117
49 207 36
49 211 99
49 219 159
49 259 36
49 315 149
49 325 117
49 328 157
49 351 114
49 372 47
49 397 127
50 65 149
50 84 59
50 100 118
50 150 124
50 177 123
50 185 151
50 203 34
50 212 27
50 224 16
50 229 29
50 272 60
50 276 155
50 278 88
50 321 61
50 353 3
50 365 157
50 381 13
51 55 35
51 85 95
51 271 98
51 278 117
51 284 160
51 289 92
51 309 96
51 311 57
51 328 14
51 334 148
51 363 97
51 378 79
51 399 20
52 55 114
52 81 143
52 82 45
52 94 110
52 108 59
52 157 74
52 182 28
52 186 133
52 193 44
52 230 61
52 251 109
52 266 127
52 331 3
52 337 16
52 348 71
52 349 70
52 376 66
53 55 30
53 77 26
53 90 146
53 153 85
53 165 102
53 170 119
53 175 37
53 207 116
53 209 151
53 210 58
53 213 150
53 225 126
53 226 28
53 229 29
53 263 154
53 264 29
53 277 89
53 287 118
53 295 103
53 300 68
53 327 89
53 372 9
53 379 77
54 91 141
54 92 93
54 115 3
54 137 24
54 163 84
54 164 31
54 174 47
54 178 2
54 180 37
54 203 29
54 208 43
54 296 12
54 326 101
54 327 134
54 330 70
54 332 66
54 367 157
54 370 155
55 66 100
55 70 82
55 72 24
55 116 22
55 146 71
55 233 57
55 285 89
55 307 50
55 308 22
55 326 52
55 340 39
55 351 110
55 364 75
55 371 81
55 373 10
55 385 6
55 386 109
55 387 35
56 66 72
56 68 101
56 77 44
56 97 49
56 108 160
56 112 99
56 130 74
56 144 122
56 145 144
56 170 87
56 229 11
56 255 72
56 301 39
56 311 26
56 314 119
56 325 147
57 81 132
57 92 94
57 103 137
57 139 115
57 144 33
57 145 103
57 151 37
57 165 45
57 166 41
57 169 61
57 203 103
57 222 16
57 225 40
57 247 40
57 265 55
57 277 53
57 282 95
57 301 144
57 324 44
57 389 98
57 390 74
58 70 125
58 110 58
58 153 160
58 164 149
58 209 68
58 210 61
58 227 97
58 240 137
58 276 91
58 279 31
58 303 48
58 310 32
58 315 80
58 320 45
58 338 18
58 347 30
58 374 157
58 399 151
59 159 59
59 174 22
59 185 137
59 186 32
59 202 132
59 208 88
59 223 104
59 257 17
59 268 119
59 288 138
59 303 138
59 313 27
59 318 27
59 324 61
59 328 76
59 364 102
59 367 31
59 385 75
59 392 68
60 62 94
60 94 159
60 103 127
60 110 38
60 130 39
60 152 24
60 159 19
60 203 60
60 219 139
60 220 98
60 234 80
60 236 132
60 238 5
60 261 19
60 279 159
60 288 69
60 298 54
60 321 91
60 325 150
60 391 28
60 394 19
60 397 141
61 65 52
61 74 3
61 98 95
61 128 145
61 151 52
61 160 51
61 172 28
61 196 50
61 199 6
61 259 81
61 261 93
61 267 129
61 277 86
61 283 84
61 307 111
61 316 60
61 331 146
61 362 142
61 380 136
61 396 157
62 64 36
62 73 71
62 85 135
62 127 146
62 162 116
62 169 109
62 175 22
62 192 139
62 201 112
62 210 118
62 234 49
62 266 61
62 272 136
62 282 103
62 301 117
62 356 3
62 358 72
62 367 123
62 368 89
62 381 2
62 394 7
63 64 13
63 87 11
63 88 73
63 141 118
63 162 44
63 211 107
63 238 82
63 279 123
63 342 108
63 358 41
63 385 158
63 392 147
64 68 94
64 97 124
64 109 4
64 127 16
64 133 110
64 159 19
64 174 26
64 196 74
64 209 93
64 220 68
64 235 90
64 281 72
64 294 26
64 297 127
64 298 140
64 303 79
64 316 10
64 357 125
64 358 54
64 365 105
64 396 19
65 99 27
65 120 74
65 131 89
65 164 131
65 179 150
65 190 44
65 193 19
65 201 31
65 247 50
65 249 82
65 253 13
65 281 72
65 285 73
65 306 47
65 333 145
65 349 122
65 380 151
66 105 157
66 108 4
66 118 20
66 137 126
66 151 103
66 155 119
66 159 2
66 168 155
66 171 15
66 176 68
66 178 1
66 196 23
66 208 1
66 218 50
66 239 39
66 241 64
66 247 93
66 299 100
66 300 35
66 346 135
66 357 17
66 374 114
66 387 134
66 395 97
67 82 9
67 130 94
67 134 115
67 135 59
67 227 13
67 232 158
67 237 7
67 261 33
67 273 65
67 285 81
67 286 114
67 307 137
67 310 67
67 325 55
67 350 18
67 368 45
68 89 55
68 93 147
68 100 82
68 101 78
68 151 55
68 211 73
68 252 6
68 257 123
68 261 60
68 322 35
68 343 58
68 370 26
68 379 7
69 81 108
69 97 54
69 110 81
69 155 41
69 170 79
69 187 50
69 202 145
69 206 124
69 221 54
69 222 138
69 226 116
69 227 137
69 231 59
69 234 66
69 256 47
69 276 11
69 284 34
69 320 71
69 334 35
69 336 21
69 346 23
69 361 5
69 374 86
69 375 146
70 87 35
70 111 51
70 124 121
70 129 29
70 151 65
70 174 84
70 176 21
70 185 116
70 223 129
70 227 11
70 231 63
70 255 117
70 263 21
70 325 146
70 330 91
70 357 129
70 387 159
71 80 158
71 94 74
71 96 52
71 97 146
71 132 29
71 191 78
71 227 44
71 260 108
71 264 5
71 345 36
71 364 9
71 385 99
71 387 81
71 395 115
71 396 131
72 78 77
72 90 96
72 112 112
72 140 1
72 179 118
72 223 29
72 249 2
72 262 75
72 290 56
72 305 100
72 342 153
72 349 127
72 380 131
73 86 36
73 121 69
73 132 141
73 187 127
73 199 20
73 212 104
73 214 62
73 259 3
73 262 55
73 272 63
73 281 27
73 282 85
73 338 47
73 351 68
73 396 126
73 399 108
74 75 123
74 126 130
74 146 90
74 190 117
74 203 72
74 208 62
74 219 106
74 222 150
74 233 6
74 239 47
74 241 89
74 266 157
74 273 35
74 289 36
74 348 153
74 357 82
75 87 40
75 99 88
75 124 4
75 125 106
75 162 137
75 163 28
75 178 89
75 181 59
75 200 30
75 210 36
75 255 113
75 257 120
75 317 2
75 326 127
75 327 9
75 337 21
75 358 38
75 369 11
75 373 81
76 97 20
76 104 65
76 105 23
76 174 63
76 183 56
76 187 60
76 211 94
76 215 137
76 247 6
76 276 72
76 306 43
76 313 145
76 314 151
76 332 92
76 338 102
76 353 25
76 365 126
76 377 35
77 88 34
77 92 95
77 98 36
77 109 59
77 112 8
77 152 63
77 215 73
77 232 158
77 281 38
77 282 112
77 294 157
77 299 51
77 356 43
77 370 73
77 387 78
77 392 89
77 399 69
77 400 34
78 83 160
78 89 29
78 184 13
78 204 124
78 209 13
78 250 61
78 256 15
78 327 96
78 333 78
78 340 43
78 352 77
78 375 64
79 102 53
79 139 114
79 141 143
79 188 105
79 193 125
79 201 32
79 215 6
79 235 120
79 261 78
79 269 51
79 317 129
79 324 101
79 339 82
79 342 57
79 353 157
80 98 49
80 105 43
80 112 40
80 129 73
80 135 12
80 159 56
80 182 103
80 209 23
80 217 153
80 297 22
80 299 104
80 312 50
80 317 63
80 348 120
80 366 62
80 371 144
80 376 65
80 399 84
81 83 23
81 95 14
81 127 38
81 140 70
81 154 68
81 165 40
81 191 40
81 208 95
81 235 133
81 239 144
81 253 37
81 256 154
81 293 64
81 294 130
81 301 54
81 348 103
81 366 128
81 400 41
82 114 133
82 125 91
82 184 156
82 205 105
82 214 58
82 215 49
82 233 123
82 268 1
82 279 100
82 304 152
82 323 93
82 333 125
82 335 87
82 342 151
82 377 17
82 391 5
82 394 116
83 115 118
83 117 14
83 196 38
83 199 60
83 210 141
83 216 148
83 229 153
83 266 2
83 275 8
83 279 149
83 304 14
83 321 60
84 103 64
84 116 125
84 134 144
84 147 40
84 155 107
84 165 92
84 183 141
84 200 25
84 246 48
84 260 118
84 269 7
84 270 86
84 361 40
84 363 87
84 381 111
85 144 95
85 156 158
85 170 107
85 176 134
85 177 145
85 179 66
85 190 35
85 215 71
85 227 139
85 242 35
85 246 51
85 251 38
85 289 16
85 290 144
85 291 53
85 300 111
85 315 150
85 352 73
85 372 14
85 376 158
85 392 144
85 394 142
85 399 42
86 105 154
86 133 49
86 143 66
86 162 35
86 231 79
86 238 117
86 257 33
86 275 114
86 308 22
86 324 43
86 328 38
86 334 105
86 346 12
86 351 152
86 356 150
86 364 44
86 388 30
86 396 91
87 102 84
87 111 48
87 147 105
87 170 46
87 173 152
87 179 99
87 199 89
87 200 18
87 204 81
87 234 10
87 273 4
87 307 21
87 315 117
87 369 150
87 375 40
87 397 131
88 101 132
88 115 26
88 116 35
88 137 128
88 155 120
88 228 157
88 232 142
88 254 82
88 255 45
88 340 85
88 377 4
89 133 146
89 161 86
89 162 130
89 178 55
89 189 46
89 209 1
89 228 36
89 232 46
89 247 1
89 256 148
89 259 83
89 261 32
89 272 95
89 283 70
89 301 72
89 303 5
89 344 25
89 373 104
89 382 41
89 387 100
90 181 128
90 194 120
90 212 153
90 242 10
90 249 133
90 254 74
90 255 11
90 261 62
90 276 134
90 309 99
90 338 51
90 342 104
90 355 63
90 365 84
90 381 137
90 382 25
90 385 26
91 106 149
91 135 110
91 158 4
91 159 110
91 172 87
91 190 95
91 197 45
91 201 32
91 210 23
91 218 84
91 222 119
91 223 19
91 278 78
91 307 128
91 322 53
91 330 45
91 334 11
91 348 19
91 351 107
91 358 33
91 366 51
91 373 112
91 381 13
91 382 94
91 384 62
92 101 50
92 111 155
92 116 73
92 132 46
92 144 155
92 165 143
92 175 23
92 200 31
92 212 74
92 232 127
92 306 35
92 311 160
93 109 83
93 111 54
93 132 88
93 135 136
93 155 33
93 162 40
93 172 66
93 183 77
93 190 94
93 198 97
93 233 92
93 239 125
93 250 9
93 263 27
93 267 92
93 273 75
93 285 1
93 288 90
93 318 105
93 319 40
93 368 17
94 109 108
94 117 40
94 121 139
94 132 57
94 149 156
94 236 74
94 259 104
94 273 151
94 279 65
94 326 69
94 327 120
94 332 14
94 362 143
94 389 36
94 392 76
94 400 73
95 162 73
95 168 109
95 191 154
95 210 154
95 229 70
95 252 7
95 299 76
95 327 73
95 331 98
95 355 115
95 367 114
95 371 87
96 128 142
96 147 106
96 170 149
96 185 60
96 210 59
96 213 137
96 236 104
96 365 53
96 375 82
96 376 98
97 130 13
97 159 7
97 189 49
97 198 81
97 216 8
97 254 20
97 262 64
97 287 59
97 294 126
97 300 121
97 316 109
97 322 11
98 110 121
98 131 106
98 144 136
98 151 115
98 157 66
98 191 74
98 192 83
98 193 125
98 210 142
98 212 159
98 215 48
98 233 45
98 253 21
98 268 96
98 270 133
98 290 140
98 339 111
98 347 130
98 361 20
98 380 27
99 104 139
99 120 156
99 137 156
99 138 134
99 144 124
99 169 1
99 175 33
99 230 98
99 261 59
99 264 152
99 270 116
99 289 75
99 303 149
99 305 133
99 335 113
99 384 2
99 387 84
100 106 59
100 112 149
100 117 78
100 136 18
100 151 44
100 180 31
100 192 31
100 214 146
100 215 95
100 242 141
100 281 15
100 283 15
100 291 135
100 359 33
100 365 19
100 374 14
100 397 149
101 108 69
101 156 43
101 176 82
101 185 74
101 214 79
101 223 40
101 233 148
101 301 94
101 313 87
101 332 14
101 346 34
101 360 14
101 363 155
102 129 37
102 133 5
102 145 98
102 149 36
102 166 88
102 173 77
102 177 87
102 180 150
102 209 159
102 235 53
102 237 52
102 245 41
102 255 39
102 263 146
102 267 34
102 272 52
102 304 55
102 310 58
102 315 131
102 362 29
102 396 99
102 397 65
103 120 21
103 139 4
103 144 110
103 188 68
103 210 149
103 229 5
103 247 56
103 258 44
103 315 60
103 316 43
103 320 29
103 347 90
103 362 42
103 398 110
104 124 77
104 136 61
104 178 76
104 250 79
104 252 33
104 259 143
104 260 41
104 291 27
104 315 113
104 332 38
104 366 21
104 384 48
105 133 54
105 269 1
105 270 112
105 311 47
105 312 120
105 318 51
105 330 38
105 355 153
105 393 37
106 109 80
106 121 153
106 184 129
106 196 87
106 206 41
106 211 49
106 212 124
106 238 136
106 250 62
106 260 65
106 304 91
106 316 96
106 329 17
106 336 35
106 341 87
106 387 46
107 108 111
107 127 120
107 155 84
107 171 11
107 179 81
107 183 120
107 187 75
107 215 125
107 232 112
107 242 140
107 273 137
107 351 23
107 357 90
107 373 127
107 378 147
107 396 64
107 398 30
107 400 123
108 130 121
108 154 32
108 172 33
108 192 108
108 207 50
108 230 82
108 245 137
108 247 150
108 301 14
108 356 38
109 128 154
109 145 3
109 158 35
109 164 55
109 198 54
109 211 114
109 296 40
109 312 15
109 319 127
109 331 17
109 348 116
109 392 76
110 120 127
110 194 87
110 196 53
110 241 123
110 256 93
110 281 88
110 286 20
110 295 139
110 312 62
110 376 21
110 385 143
110 399 109
111 137 51
111 167 10
111 170 128
111 175 66
111 268 85
111 279 15
111 313 22
112 116 148
112 125 106
112 179 76
112 192 9
112 197 130
112 200 135
112 214 52
112 249 61
112 252 151
112 255 18
112 278 66
112 284 37
112 329 74
112 382 18
112 387 91
113 124 100
113 148 9
113 161 29
113 162 137
113 174 66
113 196 57
113 295 99
113 300 101
113 317 111
113 319 148
113 334 46
113 341 94
113 394 38
113 400 35
114 129 96
114 146 100
114 157 56
114 180 139
114 200 52
114 221 2
114 233 78
114 238 121
114 246 34
114 251 108
114 318 155
114 333 52
114 338 115
114 381 146
115 117 33
115 147 104
115 157 144
115 182 107
115 192 127
115 198 123
115 208 13
115 228 40
115 251 22
115 263 26
115 290 80
115 298 21
115 317 137
115 319 58
115 321 105
115 329 127
115 333 158
115 383 8
115 389 1
116 125 104
116 152 77
116 191 13
116 192 69
116 193 93
116 200 26
116 223 71
116 236 27
116 248 90
116 256 37
116 267 101
116 270 64
116 282 20
116 285 152
116 322 47
116 375 79
116 380 137
117 197 93
117 198 41
117 199 45
117 252 36
117 256 29
117 332 65
117 344 156
117 360 41
117 363 159
117 369 65
118 122 112
118 145 28
118 172 158
118 206 141
118 213 41
118 283 117
118 301 116
118 320 40
118 345 94
119 147 30
119 178 102
119 180 9
119 187 55
119 223 136
119 234 117
119 242 61
119 243 79
119 247 126
119 249 82
119 251 24
119 252 117
119 268 67
119 271 108
119 272 152
119 282 91
119 298 68
119 306 111
119 341 17
119 368 119
119 380 123
119 382 127
119 386 46
119 388 120
120 128 100
120 197 82
120 227 30
120 245 59
120 288 129
120 298 40
120 318 95
120 322 70
120 374 143
120 384 107
120 398 69
121 133 122
121 144 78
121 147 38
121 194 55
121 197 48
121 206 84
121 213 114
121 214 87
121 253 152
121 266 92
121 350 111
121 376 78
121 386 13
121 395 14
122 128 125
122 149 160
122 160 78
122 166 14
122 177 133
122 183 52
122 201 131
122 224 97
122 235 11
122 249 105
122 258 148
122 275 13
122 289 149
122 301 47
122 315 138
122 321 132
122 324 49
122 331 92
122 347 77
122 365 75
122 374 20
122 384 42
122 390 52
123 134 87
123 146 50
123 170 78
123 184 32
123 192 11
123 206 25
123 229 9
123 231 116
123 237 114
123 270 24
123 299 59
123 308 67
123 313 40
123 361 79
123 393 32
123 394 62
124 140 70
124 176 43
124 187 20
124 243 152
124 246 129
124 262 38
124 291 53
124 304 62
124 336 35
124 349 93
124 356 12
124 371 14
125 146 17
125 160 126
125 163 59
125 175 2
125 209 143
125 222 103
125 265 154
125 291 46
125 312 5
125 317 108
125 341 3
125 359 90
126 131 98
126 136 63
126 182 129
126 217 142
126 318 64
126 332 142
126 340 121
126 350 102
126 352 156
126 354 54
126 364 144
126 400 63
127 133 140
127 145 147
127 154 125
127 178 158
127 211 149
127 217 100
127 236 33
127 270 153
127 296 29
127 304 63
127 309 67
127 345 156
127 359 70
127 362 123
127 369 79
127 377 69
127 379 12
127 394 89
128 142 142
128 166 138
128 185 32
128 194 78
128 247 19
128 266 122
128 277 97
128 326 21
129 139 82
129 163 119
129 180 143
129 189 93
129 194 100
129 195 24
129 224 95
129 235 157
129 270 54
129 276 74
129 286 78
129 304 103
129 315 79
129 320 150
129 341 60
129 348 13
129 394 63
130 142 75
130 151 129
130 163 26
130 169 13
130 184 146
130 188 65
130 189 110
130 271 116
130 277 18
130 281 54
130 308 33
130 328 1
130 338 109
130 362 58
130 383 125
130 400 127
131 154 75
131 245 1
131 250 117
131 273 104
131 295 123
131 313 140
131 320 133
131 332 70
131 346 12
131 360 71
132 168 56
132 190 97
132 197 133
132 204 44
132 211 130
132 217 35
132 229 18
132 237 26
132 239 133
132 261 160
132 269 21
132 272 69
132 274 155
132 297 5
132 306 93
132 316 20
132 330 82
132 350 96
132 356 152
133 152 114
133 156 116
133 160 21
133 179 73
133 233 156
133 235 115
133 245 44
133 267 44
133 268 57
133 280 54
133 292 6
133 316 36
133 324 148
133 337 129
133 395 48
134 139 70
134 149 57
134 155 18
134 220 1
134 264 71
134 296 93
134 306 43
134 328 21
134 331 158
134 346 5
134 362 153
135 168 71
135 174 63
135 219 49
135 222 21
135 226 143
135 238 141
135 262 12
135 297 30
135 298 130
135 340 111
135 347 43
135 367 92
135 395 44
136 157 43
136 189 100
136 201 50
136 216 107
136 223 155
136 239 82
136 251 77
136 255 48
136 257 134
136 305 83
136 309 103
136 320 125
136 344 19
136 360 115
136 392 3
137 178 106
137 188 124
137 192 62
137 202 155
137 225 38
137 234 123
137 251 74
137 265 135
137 287 72
137 301 78
137 315 145
137 321 50
137 323 115
137 330 48
137 332 20
137 364 146
137 367 15
137 399 16
138 146 104
138 149 88
138 154 128
138 218 57
138 266 17
138 278 125
138 313 128
138 339 51
138 347 13
138 352 105
138 391 43
139 143 118
139 181 96
139 267 43
139 272 47
139 296 32
139 302 48
139 365 54
139 381 20
140 150 80
140 152 40
140 176 92
140 191 112
140 192 70
140 203 99
140 214 20
140 223 51
140 237 147
140 310 136
140 362 140
140 378 41
140 380 23
140 397 114
141 148 96
141 160 58
141 171 11
141 185 53
141 219 44
141 238 33
141 250 14
141 270 72
141 386 54
141 393 107
141 397 19
142 147 150
142 186 90
142 214 121
142 240 154
142 302 113
142 307 113
142 317 129
142 400 111
143 147 148
143 165 138
143 185 128
143 200 71
143 219 57
143 227 68
143 255 115
143 269 96
143 283 12
143 302 78
143 364 135
143 392 146
144 146 98
144 163 15
144 239 142
144 258 2
144 269 85
144 283 78
144 296 30
144 297 65
144 326 23
144 329 99
144 343 22
144 350 20
144 366 33
144 369 88
144 398 117
145 160 13
145 167 131
145 171 47
145 176 149
145 199 155
145 201 75
145 248 125
145 255 151
145 269 36
145 273 12
145 274 107
145 345 27
145 347 102
145 365 150
145 379 115
145 387 109
146 151 110
146 165 47
146 169 45
146 220 53
146 243 100
146 249 24
146 254 38
146 265 131
146 277 139
146 286 113
146 291 53
146 314 9
146 322 150
146 352 80
146 358 118
146 384 7
146 393 22
146 400 150
147 179 151
147 180 113
147 204 159
147 217 23
147 231 17
147 239 116
147 251 10
147 252 128
147 253 1
147 300 143
147 319 17
147 328 138
147 353 23
148 150 156
148 183 155
148 184 70
148 188 15
148 190 109
148 203 36
148 211 134
148 251 6
148 268 98
148 309 93
148 318 86
148 349 61
148 363 159
148 376 157
148 390 122
148 393 143
149 150 11
149 159 18
149 191 42
149 193 62
149 232 131
149 239 71
149 297 70
149 311 77
149 330 47
149 338 53
149 352 46
149 359 138
149 369 67
150 153 114
150 229 84
150 234 34
150 266 16
150 267 30
150 290 123
150 291 141
150 342 43
150 347 82
150 370 124
151 157 105
151 165 151
151 170 82
151 176 84
151 193 30
151 203 107
151 216 34
151 234 115
151 251 132
151 266 54
151 278 26
151 292 30
151 341 86
151 377 116
151 388 22
151 397 23
152 194 82
152 203 60
152 207 18
152 223 121
152 264 20
152 285 82
152 292 136
152 311 113
152 343 12
152 347 106
152 358 114
152 371 49
152 373 138
152 392 96
153 176 6
153 201 154
153 218 140
153 236 12
153 238 62
153 299 29
153 327 142
153 344 3
153 370 82
153 385 100
153 391 75
153 399 2
154 180 152
154 186 114
154 196 127
154 220 118
154 271 77
154 274 154
154 284 13
154 303 101
154 306 20
154 308 104
154 392 21
155 159 41
155 178 147
155 184 128
155 202 108
155 219 95
155 225 115
155 298 84
155 354 33
155 376 74
155 380 60
156 190 105
156 201 95
156 207 75
156 211 143
156 213 22
156 252 138
156 273 85
156 309 131
156 368 156
157 198 46
157 216 13
157 223 17
157 227 48
157 237 155
157 266 67
157 273 130
158 164 38
158 169 72
158 206 116
158 215 28
158 227 1
158 228 39
158 243 90
158 314 84
158 348 99
158 355 150
159 194 2
159 202 160
159 211 91
159 222 65
159 290 118
159 333 64
159 360 92
159 379 139
160 168 38
160 180 149
160 189 48
160 192 155
160 194 51
160 227 12
160 274 123
160 287 5
160 288 80
160 305 56
160 395 103
160 399 128
161 181 64
161 214 45
161 242 28
161 261 90
161 265 25
161 308 144
161 323 132
161 327 110
161 328 140
161 399 123
162 167 71
162 195 106
162 207 159
162 237 114
162 253 62
162 257 118
162 266 118
162 280 116
162 293 83
162 302 21
162 321 20
162 336 36
162 356 79
162 362 143
162 371 41
162 380 137
163 182 17
163 184 136
163 200 88
163 208 157
163 267 12
163 286 117
163 299 110
163 331 20
163 367 50
163 384 83
163 392 25
163 398 139
164 184 103
164 192 30
164 200 44
164 210 160
164 218 46
164 251 6
164 256 89
164 268 10
164 276 158
164 288 4
164 323 4
164 327 148
164 333 156
164 379 32
165 167 120
165 222 24
165 226 79
165 237 126
165 286 105
165 313 107
165 318 48
165 362 143
165 365 150
165 382 30
165 398 32
166 172 80
166 185 34
166 194 101
166 198 104
166 207 38
166 229 22
166 245 112
166 271 90
166 343 114
166 367 9
166 377 44
166 378 150
166 384 37
167 227 21
167 247 93
167 256 88
167 319 118
167 365 59
167 390 67
167 395 56
167 400 141
168 187 129
168 205 73
168 237 67
168 289 49
168 315 134
168 324 95
168 330 43
168 334 39
168 342 109
169 198 144
169 222 65
169 283 31
169 307 46
169 319 80
169 326 115
169 328 5
169 349 140
169 370 119
170 181 146
170 194 59
170 213 128
170 229 121
170 246 129
170 249 3
170 252 44
170 262 59
170 271 113
170 306 65
170 337 12
170 370 98
170 371 132
170 378 84
171 187 112
171 203 142
171 206 119
171 219 32
171 258 100
171 259 109
171 286 80
171 292 20
171 295 89
171 306 26
171 307 118
171 343 97
171 373 133
171 374 128
171 384 46
172 190 83
172 198 136
172 206 12
172 235 47
172 253 146
172 263 53
172 274 93
172 313 99
172 320 48
172 340 30
172 352 116
173 194 160
173 218 74
173 234 43
173 251 43
173 291 2
173 307 109
173 329 111
173 354 26
173 371 144
174 188 4
174 212 156
174 258 10
174 264 56
174 277 100
174 281 64
174 318 63
174 323 83
174 344 45
174 369 59
174 373 155
174 384 63
175 214 158
175 234 78
175 249 158
175 265 23
175 276 137
175 305 147
175 311 64
175 315 43
175 351 53
175 370 4
175 385 156
175 386 81
176 200 95
176 224 10
176 245 158
176 253 100
176 282 84
176 298 114
176 303 77
176 346 59
176 365 7
176 380 119
177 206 6
177 214 55
177 237 42
177 286 140
177 359 60
177 376 155
177 395 151
178 189 101
178 190 31
178 230 31
178 260 33
178 280 115
178 284 151
178 286 91
178 348 54
178 363 137
178 373 71
179 204 56
179 205 122
179 222 30
179 234 7
179 251 105
179 283 88
179 306 101
179 320 46
179 332 22
179 357 4
179 394 10
180 215 65
180 231 157
180 262 102
180 276 142
180 287 150
180 312 111
180 327 27
180 353 6
180 358 19
180 379 67
180 383 9
180 393 84
181 222 28
181 225 37
181 287 109
181 294 67
181 299 51
181 374 110
181 389 63
181 400 68
182 222 106
182 261 27
182 275 66
182 281 13
182 284 67
182 306 77
182 330 124
182 351 121
182 360 67
182 371 43
182 380 95
182 391 71
182 400 34
183 190 26
183 223 99
183 253 94
183 265 99
183 266 116
183 305 16
183 321 64
183 386 63
184 188 99
184 198 126
184 231 17
184 239 121
184 250 18
184 256 143
184 257 68
184 269 118
184 271 44
184 284 98
184 307 80
184 316 28
184 334 89
184 384 19
185 239 109
185 261 53
185 307 108
185 334 43
185 352 61
185 353 157
186 194 157
186 302 106
186 312 133
186 315 115
186 319 103
186 342 111
186 367 23
186 372 145
186 394 109
187 219 122
187 273 16
187 275 46
187 276 94
187 322 152
187 349 135
187 352 115
187 400 155
188 205 145
188 208 65
188 210 55
188 215 86
188 233 78
188 273 145
188 284 24
188 332 112
188 389 67
188 394 20
189 244 9
189 251 104
189 288 80
189 289 52
189 323 137
189 338 6
189 345 150
189 356 17
189 398 158
190 191 150
190 205 88
190 271 148
190 298 106
190 329 119
190 347 46
190 353 118
190 362 93
190 366 120
190 373 145
190 391 127
191 200 120
191 205 115
191 207 118
191 217 123
191 229 111
191 245 33
191 248 101
191 260 136
191 262 68
191 275 123
191 278 94
191 320 95
191 330 90
191 386 85
191 400 145
192 203 137
192 247 21
192 284 102
192 300 152
192 307 85
192 317 150
192 321 155
192 350 59
192 355 81
192 365 110
192 369 80
192 398 47
193 201 69
193 234 143
193 247 65
193 270 133
193 281 30
193 319 11
193 322 61
193 343 25
193 379 44
193 382 99
194 196 112
194 210 93
194 261 7
194 272 39
194 330 112
194 388 112
194 392 136
195 197 139
195 229 155
195 232 52
195 241 141
195 242 11
195 253 157
195 268 10
195 272 40
195 301 122
195 307 76
195 311 152
195 315 108
195 321 124
195 324 130
195 327 48
195 347 95
195 363 27
195 366 140
196 197 134
196 234 35
196 239 51
196 254 63
196 337 31
196 357 22
196 368 114
196 372 156
197 203 40
197 218 21
197 231 124
197 279 133
197 302 148
197 303 33
197 342 8
198 209 65
198 263 100
198 267 17
198 314 68
198 399 103
199 210 23
199 241 107
199 254 111
199 255 147
199 264 57
199 274 157
199 280 31
199 290 38
199 306 72
199 314 132
199 329 71
199 341 150
199 388 118
200 202 80
200 205 65
200 220 109
200 273 1
200 290 85
200 340 38
200 350 73
200 378 117
200 388 134
201 241 158
201 249 125
201 296 34
201 302 94
201 303 121
201 333 125
201 393 160
202 226 102
202 259 76
202 271 15
202 292 61
202 309 19
202 311 5
202 350 93
202 374 21
202 383 50
202 388 157
202 394 89
203 233 144
203 270 83
203 286 67
203 349 156
203 381 61
203 393 78
203 400 30
204 210 90
204 214 100
204 238 113
204 312 112
204 317 91
205 305 2
205 311 92
205 354 17
205 358 3
205 361 115
206 240 86
206 245 19
206 266 137
206 300 51
206 317 70
206 323 49
206 362 107
206 366 67
206 367 57
207 226 128
207 297 124
207 305 159
207 339 157
207 351 115
207 363 48
207 381 81
208 223 84
208 235 78
208 236 145
208 237 34
208 293 71
208 319 148
208 330 64
208 353 2
209 247 22
209 272 69
209 274 148
209 305 58
209 319 73
209 335 142
209 371 6
210 212 136
210 221 88
210 225 44
210 245 104
210 248 96
210 261 70
210 271 72
210 277 144
210 293 11
210 323 21
210 331 123
210 351 71
210 371 9
210 394 57
211 213 103
211 233 42
211 239 61
211 254 99
211 278 32
211 281 19
211 291 15
211 297 47
211 316 25
211 329 62
211 334 47
211 356 49
211 395 95
212 225 43
212 227 73
212 253 143
212 298 67
212 303 58
212 321 100
212 329 129
212 341 33
212 371 152
212 389 97
212 394 32
212 397 90
213 217 110
213 263 117
213 265 120
213 276 52
213 296 24
213 317 12
213 355 133
213 398 38
214 232 107
214 260 153
214 269 143
214 283 84
214 301 25
214 311 49
214 313 82
214 337 45
214 365 143
214 370 26
214 373 126
214 380 15
215 236 64
215 251 3
215 296 69
215 300 125
215 320 60
215 321 127
215 336 134
215 361 45
215 378 148
215 395 1
216 304 146
216 323 138
216 341 91
216 348 51
216 362 40
216 364 28
216 369 127
216 372 124
216 395 27
217 234 48
217 242 105
217 243 134
217 247 157
217 270 144
217 306 147
217 360 121
217 361 26
217 373 101
217 393 137
218 231 149
218 249 105
218 257 78
218 272 69
218 327 113
218 337 84
218 370 98
218 378 146
218 389 20
218 393 127
218 399 44
219 254 61
219 276 102
219 284 88
219 296 6
219 331 90
219 337 98
219 354 130
220 221 148
220 243 150
220 244 77
220 248 24
220 252 36
220 262 9
220 279 124
220 282 154
220 287 139
220 367 51
220 394 11
221 239 30
221 246 90
221 254 54
221 271 129
221 280 91
221 284 16
221 296 156
221 297 58
221 305 127
221 363 96
221 381 97
222 228 145
222 242 55
222 263 94
222 269 43
222 275 16
222 280 120
222 287 152
222 300 145
222 306 140
222 382 27
223 227 154
223 236 87
223 244 155
223 270 14
223 391 156
224 261 53
224 301 59
224 311 37
224 317 121
224 365 75
224 369 88
224 381 72
224 385 150
224 396 79
225 230 79
225 291 138
225 312 131
225 317 82
225 325 46
225 330 14
226 234 62
226 243 48
226 261 114
226 292 102
226 300 38
226 329 136
226 335 55
226 382 62
226 399 28
227 231 3
227 288 22
227 309 127
227 319 157
227 326 38
227 343 88
227 360 72
227 383 141
227 390 72
228 231 50
228 296 2
228 309 30
228 317 123
228 322 140
228 336 54
228 341 111
228 361 86
228 366 80
228 379 112
228 390 133
229 233 33
229 250 145
229 256 16
229 259 51
229 271 122
229 273 100
229 305 152
229 309 90
229 324 57
229 334 56
229 342 12
229 397 90
230 270 121
230 290 56
230 300 82
230 308 133
230 310 128
230 311 142
230 325 112
230 326 66
230 329 109
230 371 2
230 392 19
230 396 63
231 235 48
231 238 61
231 243 101
231 310 160
231 324 49
231 335 83
231 349 30
231 359 88
231 373 47
232 240 143
232 243 33
232 276 88
232 293 76
233 237 115
233 239 93
233 243 146
233 275 70
233 286 76
233 288 36
233 291 142
233 295 51
233 306 38
233 312 1
233 315 7
233 325 32
233 376 140
233 391 133
234 249 160
234 255 86
234 281 66
234 313 101
234 321 9
234 341 123
234 358 114
235 240 93
235 254 13
235 283 102
235 309 98
235 346 13
235 353 47
235 384 155
235 386 158
236 255 89
236 262 116
236 285 27
236 300 33
236 322 19
236 326 105
236 337 22
236 365 4
236 384 96
236 395 90
236 396 73
237 239 18
237 255 24
237 260 125
237 270 136
237 292 51
237 305 146
237 386 95
237 399 141
238 283 47
238 309 146
238 316 113
238 322 108
238 352 102
238 359 153
238 365 94
238 387 14
238 394 133
239 253 121
239 277 110
239 296 8
239 300 77
239 333 94
239 356 126
239 363 27
239 390 95
239 392 61
239 395 10
240 265 112
240 337 130
240 357 100
240 364 97
240 377 2
240 385 152
240 387 120
241 245 11
241 255 116
241 256 43
241 281 111
241 316 119
241 334 42
241 352 8
241 369 13
241 396 134
242 265 110
242 270 30
242 308 139
242 331 90
242 332 34
242 354 145
242 359 14
242 365 96
242 367 119
242 391 40
242 394 130
243 286 51
243 290 143
243 309 141
243 393 27
243 396 11
243 400 147
244 265 6
244 293 72
244 321 7
244 366 73
244 385 23
245 250 4
245 286 34
245 339 40
245 385 93
246 277 120
246 290 7
246 293 124
246 321 46
246 334 94
246 340 109
246 344 6
246 345 124
246 361 148
247 259 55
247 264 108
247 268 33
247 288 128
247 298 36
247 327 81
247 336 44
247 344 30
247 382 87
248 249 148
248 260 35
248 262 100
248 264 51
248 288 10
248 333 89
248 351 98
248 359 113
249 283 111
249 309 4
249 319 47
249 323 33
249 332 58
249 349 66
249 371 133
250 296 21
250 317 34
250 330 140
250 339 141
250 354 106
250 356 144
250 357 150
250 387 9
251 258 112
251 261 19
251 264 130
251 280 120
251 285 142
251 313 151
251 345 8
251 378 138
252 256 39
252 259 26
252 262 43
252 280 92
252 292 70
252 316 104
252 344 132
252 348 95
252 350 36
252 394 138
253 277 157
253 281 61
253 289 150
253 322 21
253 325 144
253 355 151
253 366 51
253 388 103
254 292 160
254 293 82
254 312 73
254 324 134
254 354 82
255 284 142
255 312 30
255 323 137
255 326 48
255 360 139
255 367 33
255 377 57
256 285 121
256 310 29
256 311 12
256 325 59
256 394 44
256 396 144
257 259 109
257 262 21
257 292 61
257 326 71
257 370 85
257 386 92
258 268 107
258 273 4
258 276 141
258 297 54
258 322 135
258 327 30
258 352 117
258 356 120
258 359 158
258 363 114
258 389 129
259 260 150
259 277 80
259 292 33
259 297 23
259 307 52
259 327 34
260 271 55
260 275 120
260 307 145
260 315 150
260 378 143
261 267 40
261 315 35
261 358 84
261 359 8
261 380 24
261 389 71
262 292 56
262 318 32
262 337 119
262 348 49
262 353 89
262 397 35
263 282 38
263 287 105
263 294 136
263 315 33
263 369 127
263 384 123
264 266 14
264 322 65
264 348 36
265 275 76
265 281 38
265 295 21
265 301 60
265 332 137
265 357 77
265 396 102
266 283 101
266 340 79
266 344 136
266 351 80
266 352 146
266 366 4
266 371 36
267 274 29
267 278 49
267 280 156
267 294 18
267 383 114
267 386 138
268 269 105
268 288 117
268 311 46
268 354 141
268 365 86
268 369 9
268 396 82
269 307 9
269 336 35
269 356 24
269 378 131
270 330 145
270 356 24
270 362 6
270 386 80
270 400 67
271 324 78
271 329 152
271 353 136
271 364 119
271 394 12
271 398 138
272 284 36
272 306 120
272 311 91
272 314 4
272 317 30
272 323 64
272 376 65
272 379 101
273 275 104
273 302 17
273 303 102
273 305 52
273 310 146
273 336 131
273 366 151
273 371 70
274 309 153
274 330 24
274 335 2
274 373 115
274 380 40
274 398 46
275 321 121
275 387 76
276 343 142
276 345 98
276 353 48
276 356 124
276 365 31
276 367 157
276 373 113
276 380 97
277 286 85
277 287 119
277 313 53
277 338 16
277 348 146
277 350 82
277 363 148
277 367 74
277 374 103
278 300 36
278 333 85
278 352 81
278 362 18
278 373 45
278 386 125
279 311 69
279 346 140
279 358 116
279 378 89
279 399 55
280 297 40
280 300 16
280 301 115
280 312 138
280 318 123
280 325 123
280 347 109
280 382 20
280 386 157
281 283 111
281 304 108
281 309 20
281 358 137
281 387 64
282 284 6
282 310 125
282 311 47
282 314 11
282 360 139
282 400 83
283 290 52
283 314 28
283 400 85
284 318 33
285 319 114
285 340 94
285 347 42
285 361 83
286 321 158
286 322 117
286 367 28
286 375 66
287 317 9
287 347 58
287 359 138
288 289 70
288 290 28
288 323 7
288 342 155
288 353 60
288 354 12
289 291 36
289 304 26
289 319 20
289 320 74
289 337 159
289 351 72
289 364 107
289 386 76
289 398 84
290 307 131
290 309 104
290 324 102
290 325 93
290 345 35
290 346 50
290 360 144
290 377 146
290 380 131
291 302 65
291 328 136
291 352 1
291 368 60
291 382 94
292 302 128
292 305 58
292 345 69
292 365 33
292 366 139
292 395 93
292 399 159
292 400 146
293 303 60
293 352 153
293 371 146
293 395 82
294 329 65
294 334 108
294 353 69
294 378 77
294 380 61
294 389 106
295 296 36
295 333 61
295 336 71
295 382 143
296 365 102
296 379 22
297 321 157
297 322 146
297 349 38
297 373 7
297 390 126
298 299 145
298 309 22
298 317 37
298 329 54
298 372 45
298 398 59
299 311 91
299 316 24
299 340 60
299 372 26
299 396 74
300 303 17
300 307 158
300 309 156
300 340 56
300 352 34
300 362 128
300 367 81
300 387 37
300 388 122
301 302 140
301 341 12
301 399 138
302 308 31
302 347 53
303 319 123
303 360 63
303 382 78
304 327 67
304 338 100
304 348 75
304 380 89
304 388 7
305 306 106
305 387 156
306 338 49
306 349 118
306 357 137
306 368 141
306 380 7
306 395 37
306 396 82
306 397 133
307 311 88
307 329 149
307 351 60
307 363 34
307 374 86
308 314 154
308 320 118
308 336 116
308 343 64
308 380 87
308 383 29
309 326 136
309 355 154
309 384 54
309 395 93
310 328 107
310 337 129
310 340 20
310 353 5
310 367 59
310 381 61
311 353 160
311 359 52
311 379 27
311 383 139
312 330 157
312 331 80
312 334 20
312 339 144
312 340 110
312 382 129
313 315 117
313 358 96
313 359 123
313 384 144
313 386 56
314 321 108
314 325 115
314 343 43
314 364 13
314 376 119
314 380 79
315 319 18
315 352 133
315 359 101
315 375 72
315 385 21
315 392 95
315 396 19
315 399 55
316 354 106
316 373 54
316 396 139
317 338 71
317 346 140
317 376 76
318 352 102
318 372 84
318 375 141
318 391 138
319 340 51
319 370 15
320 332 22
320 346 15
320 354 143
320 362 86
320 373 22
320 400 122
321 392 105
321 394 153
322 343 32
322 360 112
323 346 160
323 347 8
323 399 66
324 333 41
324 336 64
324 396 101
325 379 81
325 385 12
325 389 149
326 341 80
326 364 83
326 392 30
326 399 108
327 339 59
327 354 115
327 392 44
328 337 102
328 349 59
328 355 106
329 349 40
329 382 46
329 386 25
329 389 78
330 353 64
330 361 72
330 392 12
331 393 94
331 400 47
332 342 38
332 379 112
333 337 38
333 399 10
334 353 139
334 359 133
334 371 114
334 387 81
334 389 85
334 391 28
335 370 98
335 390 103
336 341 23
336 346 126
336 387 158
336 397 93
337 341 74
337 343 130
337 387 107
337 398 142
337 399 66
338 341 35
338 343 116
338 360 83
338 370 102
339 355 99
339 375 157
339 395 102
340 348 81
340 362 118
340 366 37
340 371 88
340 381 50
340 387 122
341 349 37
341 395 9
342 344 34
342 345 37
342 372 133
342 373 97
342 387 24
342 388 18
343 369 67
343 379 67
344 358 112
344 385 118
344 393 142
345 395 119
345 397 111
346 373 22
346 376 131
347 359 112
349 350 88
349 360 130
350 355 29
350 384 119
350 385 115
350 396 152
351 363 75
352 354 155
352 362 29
352 365 136
352 387 78
353 359 148
353 367 83
353 375 10
353 400 131
354 360 57
355 362 107
356 371 52
356 397 69
357 359 11
357 374 127
357 392 91
358 370 109
358 371 1
359 369 81
359 394 114
360 361 122
360 374 138
360 394 73
361 363 112
361 374 27
361 385 120
364 393 153
364 399 77
366 386 125
366 391 22
368 375 43
368 391 10
370 372 15
370 395 108
371 388 25
372 378 147
372 379 11
372 397 91
373 383 21
374 379 6
375 383 143
375 399 13
376 388 18
376 396 129
376 400 104
377 383 28
378 399 126
380 381 94
380 390 149
380 391 130
386 391 156
386 400 62
388 392 20
391 398 52
396 398 44
