50 486
1 2 82
1 4 86
1 5 302
1 9 166
1 10 306
1 11 36
1 15 312
1 16 185
1 23 141
1 25 29
1 26 14
1 29 30
1 31 162
1 35 44
1 36 78
1 37 288
1 38 238
1 41 215
1 42 91
1 45 264
1 48 36
1 49 182
2 3 82
2 4 270
2 5 182
2 9 102
2 12 309
2 13 59
2 15 114
2 19 135
2 21 95
2 23 86
2 24 82
2 25 280
2 29 269
2 30 166
2 31 139
2 32 315
2 33 299
2 35 127
2 40 115
2 42 195
2 43 163
2 44 100
2 45 320
2 47 316
2 48 246
3 6 13
3 11 286
3 12 150
3 13 110
3 15 7
3 17 280
3 19 147
3 21 235
3 27 183
3 36 142
3 38 14
3 42 308
3 43 138
3 44 298
3 45 131
3 49 295
3 50 249
4 9 123
4 11 291
4 14 277
4 19 38
4 21 33
4 22 92
4 26 273
4 27 262
4 28 25
4 36 108
4 48 70
4 49 229
5 6 153
5 8 93
5 12 143
5 13 102
5 15 194
5 19 254
5 21 218
5 22 315
5 23 305
5 24 66
5 28 274
5 33 149
5 37 172
5 40 194
5 41 319
5 44 144
5 45 259
5 47 45
5 49 239
6 7 260
6 8 30
6 12 165
6 13 19
6 14 170
6 15 30
6 17 121
6 18 212
6 22 220
6 25 196
6 27 76
6 30 194
6 33 119
6 35 248
6 36 164
6 39 294
6 40 260
6 42 183
6 46 97
6 50 116
7 10 195
7 11 160
7 12 140
7 16 21
7 18 180
7 20 237
7 33 189
7 35 152
7 36 202
7 39 17
7 43 304
8 9 281
8 17 286
8 18 289
8 21 291
8 26 129
8 27 265
8 29 224
8 30 35
8 31 223
8 34 146
8 36 317
8 38 254
8 42 265
8 44 43
8 46 9
8 47 274
8 48 311
9 10 68
9 11 11
9 14 250
9 15 112
9 16 194
9 18 208
9 22 271
9 24 234
9 25 125
9 26 17
9 27 173
9 29 306
9 31 119
9 32 301
9 38 305
9 39 281
9 40 58
9 43 171
9 45 48
9 47 294
9 48 156
9 49 260
9 50 317
10 11 144
10 12 142
10 15 207
10 16 224
10 17 215
10 20 208
10 24 121
10 25 226
10 28 231
10 29 19
10 30 191
10 32 315
10 35 202
10 37 245
10 38 311
10 40 10
10 46 139
11 15 50
11 16 136
11 17 28
11 18 304
11 19 153
11 21 169
11 25 118
11 26 145
11 28 59
11 32 104
11 36 227
11 38 87
11 39 51
11 41 26
11 42 5
11 49 145
11 50 27
12 13 87
12 17 195
12 19 120
12 21 141
12 22 78
12 23 219
12 24 7
12 27 196
12 28 234
12 29 27
12 31 290
12 32 320
12 33 83
12 35 138
12 37 157
12 42 45
12 44 318
12 45 287
12 46 27
12 47 168
12 48 142
13 17 66
13 20 139
13 22 88
13 24 5
13 28 122
13 31 23
13 33 9
13 42 87
13 46 276
14 15 104
14 17 13
14 18 271
14 19 219
14 20 95
14 21 104
14 24 227
14 29 37
14 30 61
14 32 144
14 37 293
14 38 218
14 41 217
14 43 57
14 48 142
14 50 149
15 16 198
15 18 159
15 22 281
15 36 280
15 37 308
15 38 90
15 40 283
15 43 25
15 46 125
16 19 315
16 20 308
16 23 18
16 26 26
16 29 128
16 32 112
16 33 126
16 34 140
16 36 61
16 40 56
16 44 148
16 45 144
16 50 264
17 18 37
17 21 145
17 27 178
17 30 82
17 33 140
17 35 122
17 40 251
17 43 155
17 44 282
17 45 190
17 49 124
17 50 34
18 20 124
18 27 302
18 29 162
18 30 41
18 31 29
18 32 61
18 33 68
18 34 253
18 36 131
18 37 58
18 38 149
18 42 41
18 43 188
18 44 178
18 46 70
18 47 32
18 49 216
19 20 58
19 23 309
19 24 291
19 26 96
19 32 77
19 35 23
19 36 13
19 43 296
19 44 261
19 45 195
19 46 75
19 50 85
20 22 294
20 24 227
20 25 69
20 26 69
20 31 124
20 41 252
20 48 97
21 22 177
21 24 21
21 30 297
21 37 164
21 38 195
21 43 236
21 44 69
21 45 244
21 46 308
22 24 288
22 26 254
22 27 232
22 31 213
22 34 67
22 39 320
22 40 86
22 41 305
22 42 78
22 44 204
22 46 216
22 47 156
22 50 104
23 24 151
23 25 290
23 26 305
23 28 196
23 31 174
23 32 35
23 33 13
23 37 36
23 38 22
23 39 130
23 41 76
23 43 87
23 46 124
23 49 176
23 50 28
24 25 300
24 27 252
24 30 180
24 32 277
24 38 247
24 39 141
24 40 120
24 41 57
24 47 74
24 48 273
24 50 292
25 29 216
25 32 226
25 33 152
25 34 77
25 36 277
25 39 160
25 42 69
25 43 263
25 44 86
25 48 202
25 50 137
26 30 137
26 32 130
26 36 95
26 39 249
26 44 121
26 46 95
26 48 218
26 50 152
27 28 145
27 30 271
27 32 302
27 37 209
27 38 228
27 40 74
27 41 167
27 42 216
27 46 54
27 47 92
28 31 24
28 33 125
28 35 95
28 37 66
28 43 174
28 46 291
29 31 147
29 33 48
29 34 74
29 40 166
29 42 281
29 44 53
29 47 143
29 49 245
30 32 190
30 33 315
30 34 191
30 38 144
30 39 270
30 40 49
30 41 25
30 42 274
30 45 200
30 46 84
30 48 207
31 32 271
31 38 69
31 39 140
31 40 242
31 41 227
31 42 264
31 50 110
32 33 276
32 36 204
32 38 3
32 43 38
32 44 230
32 45 176
32 48 300
33 35 170
33 42 298
33 48 188
33 49 64
34 37 73
34 41 12
34 44 319
34 49 288
35 42 104
35 45 65
35 48 208
36 42 292
36 44 309
36 46 203
36 47 66
36 48 266
36 49 203
36 50 94
37 40 175
37 41 52
37 45 83
37 47 83
38 43 102
38 45 203
38 46 242
38 47 156
39 40 44
39 41 249
39 43 183
39 44 66
39 46 135
39 49 251
40 42 36
40 43 305
40 44 174
40 48 155
41 44 246
41 45 278
41 47 252
42 46 293
42 48 197
43 44 261
43 45 22
43 46 34
43 47 1
43 48 312
43 50 234
44 48 110
45 47 6
45 48 22
45 50 277
47 48 71
47 49 10
49 50 258
