50 240
1 3 14
1 13 1
1 15 6
1 21 18
1 23 12
1 25 2
1 29 1
1 31 10
1 32 7
1 45 18
2 6 14
2 14 15
2 15 17
2 17 16
2 22 13
2 36 14
2 37 10
2 42 2
2 47 15
2 50 8
3 8 7
3 9 13
3 10 6
3 14 3
3 20 19
3 36 20
3 46 19
3 48 10
4 6 14
4 8 8
4 14 10
4 16 8
4 22 10
4 36 10
4 38 2
4 48 3
5 11 14
5 19 4
5 20 4
5 24 5
5 26 16
5 30 19
5 36 17
5 42 18
5 46 7
5 48 19
6 7 8
6 8 16
6 9 16
6 24 5
6 28 10
6 31 4
6 33 10
6 44 1
7 8 7
7 15 6
7 20 8
7 27 12
7 30 1
7 36 11
7 48 3
8 10 16
8 14 15
8 17 2
8 18 17
8 23 3
8 25 11
8 27 7
8 28 16
8 37 2
8 50 9
9 12 19
9 15 4
9 17 20
9 27 15
9 30 2
9 38 11
9 40 7
9 43 9
9 47 20
9 50 13
10 12 5
10 14 18
10 17 1
10 18 11
10 20 3
10 25 16
10 28 14
10 34 20
10 47 6
11 13 1
11 17 1
11 25 9
11 26 13
11 32 3
11 44 5
11 46 6
12 34 9
12 40 2
12 42 18
12 48 5
13 16 9
13 17 6
13 19 12
13 27 19
13 28 15
13 32 19
13 33 8
13 38 9
13 39 12
13 45 7
13 50 6
14 19 11
14 20 1
14 25 11
14 32 19
14 38 4
14 40 12
14 42 7
14 49 20
15 24 18
15 28 7
15 32 15
15 34 13
15 42 3
15 48 5
15 49 8
16 21 11
16 28 9
16 31 14
17 25 7
17 26 12
17 30 15
17 33 2
17 42 17
17 47 15
18 26 7
18 40 10
18 45 3
18 46 3
19 29 19
19 32 18
19 39 17
19 40 6
20 21 14
20 28 1
20 47 10
20 49 7
21 24 20
21 40 7
21 45 8
21 48 12
22 25 7
22 33 14
22 37 6
22 39 7
22 40 17
22 42 19
23 27 11
23 30 4
23 34 14
23 44 19
23 45 7
24 27 13
24 33 11
24 34 4
24 41 3
24 43 12
24 50 7
25 26 11
25 30 4
25 34 2
25 35 20
25 37 3
25 42 12
25 45 13
25 47 6
26 36 13
26 47 18
26 48 13
27 28 8
27 32 14
27 33 18
27 34 16
27 48 10
27 49 17
27 50 8
28 38 1
28 43 14
28 47 11
29 33 5
29 36 7
29 38 4
29 40 16
30 35 9
30 40 1
30 45 5
31 33 19
31 37 5
31 46 4
31 50 17
32 35 2
32 37 19
32 49 15
32 50 7
33 42 13
33 43 7
33 45 18
33 46 7
34 36 20
34 42 19
35 36 7
35 37 15
35 40 15
35 46 4
35 49 13
36 40 11
36 47 10
36 48 9
37 41 7
37 49 14
38 45 2
39 44 4
39 49 17
40 45 18
40 50 20
41 46 18
41 48 2
42 49 16
43 47 3
44 45 16
44 47 18
44 48 19
44 49 3
45 48 11
45 49 8
46 47 8
46 48 7
47 48 12
47 50 5
