50 986
1 2 8
1 3 1
1 4 8
1 5 10
1 6 5
1 7 6
1 8 1
1 9 4
1 10 6
1 12 5
1 15 7
1 16 2
1 18 10
1 20 6
1 21 9
1 22 9
1 23 3
1 24 1
1 25 4
1 26 8
1 28 1
1 29 4
1 30 4
1 31 6
1 34 2
1 35 1
1 36 5
1 37 2
1 38 5
1 39 10
1 40 1
1 41 7
1 43 1
1 48 9
1 49 4
1 50 8
2 4 3
2 5 4
2 6 8
2 7 1
2 9 2
2 10 7
2 11 3
2 12 10
2 13 7
2 14 5
2 16 1
2 19 5
2 20 6
2 21 5
2 22 1
2 24 1
2 25 5
2 26 1
2 27 7
2 28 10
2 29 5
2 30 5
2 31 4
2 32 9
2 33 7
2 34 7
2 35 7
2 36 10
2 37 2
2 38 10
2 39 10
2 40 8
2 41 5
2 44 8
2 45 9
2 46 9
2 47 4
2 49 1
2 50 4
3 4 9
3 7 3
3 8 5
3 9 6
3 11 9
3 12 9
3 13 3
3 14 9
3 15 2
3 16 5
3 17 1
3 18 9
3 19 1
3 20 7
3 21 2
3 23 10
3 24 8
3 27 1
3 29 1
3 30 9
3 31 3
3 32 8
3 33 10
3 35 3
3 36 8
3 37 8
3 39 10
3 40 2
3 41 9
3 42 2
3 43 3
3 44 4
3 46 6
3 49 7
3 50 2
4 5 4
4 6 7
4 7 6
4 8 6
4 10 6
4 11 6
4 12 10
4 14 8
4 15 2
4 17 6
4 18 7
4 19 5
4 21 5
4 22 7
4 23 6
4 24 3
4 25 6
4 26 10
4 27 3
4 28 10
4 29 1
4 30 9
4 31 10
4 33 3
4 34 3
4 35 8
4 36 9
4 37 7
4 38 10
4 40 5
4 41 1
4 42 7
4 43 8
4 44 10
4 45 8
4 46 5
4 47 9
4 48 1
4 49 7
4 50 3
5 6 4
5 7 6
5 8 8
5 9 9
5 10 10
5 14 6
5 16 3
5 17 1
5 18 4
5 19 2
5 20 5
5 21 2
5 22 5
5 23 1
5 25 6
5 26 7
5 28 5
5 29 7
5 30 3
5 31 7
5 32 6
5 33 1
5 34 1
5 35 1
5 38 2
5 39 9
5 40 1
5 41 2
5 42 8
5 44 9
5 46 1
5 47 7
5 48 5
5 49 6
5 50 8
6 7 9
6 8 4
6 10 6
6 11 1
6 12 8
6 13 10
6 14 2
6 16 10
6 17 7
6 18 2
6 19 1
6 20 6
6 21 8
6 22 7
6 23 9
6 24 2
6 26 10
6 27 3
6 28 6
6 29 3
6 30 2
6 31 9
6 32 1
6 33 3
6 34 7
6 35 9
6 37 5
6 38 7
6 40 4
6 42 7
6 43 5
6 44 1
6 45 4
6 46 3
6 47 6
6 49 1
6 50 6
7 8 4
7 9 7
7 11 2
7 12 9
7 14 4
7 15 3
7 16 9
7 17 2
7 18 6
7 19 3
7 21 4
7 22 6
7 24 8
7 25 10
7 26 2
7 27 10
7 28 8
7 29 9
7 30 4
7 31 9
7 32 6
7 33 9
7 34 8
7 36 9
7 37 6
7 38 4
7 39 2
7 40 6
7 41 3
7 42 4
7 43 9
7 44 4
7 45 4
7 46 9
7 47 8
7 48 1
7 49 8
7 50 6
8 9 6
8 10 2
8 11 5
8 12 9
8 13 5
8 15 4
8 16 9
8 17 10
8 18 7
8 19 10
8 20 3
8 21 6
8 22 7
8 23 2
8 25 9
8 26 9
8 27 10
8 29 3
8 30 3
8 31 7
8 33 6
8 34 6
8 37 1
8 38 4
8 39 3
8 40 9
8 41 8
8 42 2
8 44 7
8 46 8
8 47 7
8 48 5
8 49 10
8 50 6
9 10 9
9 11 9
9 12 6
9 13 8
9 14 2
9 15 5
9 16 3
9 17 10
9 18 6
9 19 9
9 20 2
9 21 6
9 22 9
9 23 4
9 24 2
9 25 1
9 29 1
9 30 6
9 31 4
9 32 7
9 33 3
9 34 6
9 35 3
9 36 9
9 37 8
9 38 7
9 40 8
9 41 7
9 42 9
9 43 1
9 44 2
9 45 8
9 46 5
9 47 7
9 48 3
9 49 9
10 11 10
10 12 8
10 13 3
10 14 9
10 16 4
10 17 4
10 18 8
10 19 5
10 21 9
10 22 7
10 24 8
10 25 9
10 26 6
10 27 9
10 28 2
10 29 9
10 30 1
10 31 7
10 32 3
10 33 9
10 34 1
10 35 1
10 36 8
10 37 9
10 38 6
10 39 7
10 40 8
10 41 10
10 42 9
10 43 5
10 44 3
10 45 7
10 49 7
10 50 10
11 13 2
11 15 2
11 16 6
11 17 7
11 18 5
11 19 1
11 21 5
11 22 8
11 24 6
11 25 7
11 26 3
11 27 6
11 28 2
11 29 3
11 30 8
11 31 9
11 33 6
11 34 6
11 35 1
11 37 6
11 38 10
11 40 6
11 41 7
11 42 7
11 44 5
11 45 9
11 46 3
11 47 2
11 48 9
12 13 4
12 14 5
12 15 3
12 16 9
12 17 3
12 18 7
12 19 4
12 20 4
12 21 6
12 22 5
12 23 7
12 24 3
12 26 9
12 27 7
12 28 6
12 29 3
12 30 1
12 31 2
12 32 8
12 33 2
12 34 7
12 35 6
12 36 3
12 37 9
12 39 8
12 40 6
12 41 2
12 43 5
12 44 3
12 45 4
12 46 8
12 47 8
12 49 10
12 50 3
13 14 9
13 15 4
13 16 1
13 17 8
13 18 4
13 19 10
13 20 7
13 21 10
13 23 7
13 24 5
13 25 3
13 26 5
13 27 6
13 29 3
13 30 9
13 31 3
13 32 5
13 33 7
13 34 6
13 35 3
13 36 4
13 37 7
13 42 7
13 43 10
13 44 3
13 45 10
13 46 8
13 48 5
14 15 9
14 18 3
14 19 3
14 20 8
14 21 5
14 22 1
14 23 6
14 24 8
14 25 6
14 26 6
14 27 7
14 28 7
14 29 3
14 30 2
14 31 2
14 32 2
14 34 6
14 35 1
14 36 10
14 38 3
14 39 10
14 40 2
14 41 2
14 42 4
14 43 1
14 44 4
14 45 3
14 46 2
14 47 10
14 48 6
14 49 8
14 50 1
15 16 5
15 17 6
15 18 9
15 20 10
15 21 5
15 22 6
15 23 8
15 24 8
15 26 7
15 27 4
15 29 6
15 30 6
15 32 3
15 33 4
15 34 5
15 35 1
15 36 2
15 38 3
15 41 3
15 42 3
15 43 9
15 44 2
15 45 6
15 46 7
15 49 7
16 17 2
16 19 7
16 21 4
16 22 7
16 23 9
16 24 4
16 27 9
16 28 7
16 29 3
16 30 10
16 32 10
16 33 2
16 34 2
16 35 9
16 36 5
16 37 4
16 38 7
16 39 2
16 40 6
16 41 3
16 43 4
16 44 6
16 45 4
16 46 3
16 47 6
16 49 4
16 50 9
17 18 9
17 21 5
17 22 8
17 24 1
17 25 6
17 26 1
17 28 4
17 29 3
17 30 7
17 31 5
17 32 8
17 33 8
17 35 3
17 36 1
17 39 9
17 40 3
17 42 4
17 43 4
17 44 8
17 45 9
17 46 8
17 47 9
17 48 5
17 49 2
17 50 2
18 19 6
18 20 3
18 21 8
18 22 4
18 23 3
18 24 2
18 25 4
18 26 1
18 28 8
18 29 3
18 31 6
18 32 5
18 33 8
18 34 1
18 35 6
18 38 8
18 39 1
18 41 8
18 42 1
18 43 10
18 44 6
18 45 3
18 46 8
18 47 4
18 48 10
18 49 9
18 50 1
19 20 2
19 22 9
19 23 8
19 25 9
19 27 4
19 28 3
19 30 5
19 31 3
19 32 1
19 33 8
19 34 3
19 35 8
19 36 7
19 38 7
19 39 8
19 40 1
19 41 6
19 42 6
19 43 5
19 44 5
19 45 8
19 46 4
19 47 9
19 49 6
19 50 9
20 22 4
20 26 6
20 29 9
20 30 3
20 31 7
20 33 8
20 34 3
20 35 1
20 36 10
20 37 5
20 38 8
20 39 3
20 40 3
20 41 3
20 42 2
20 44 1
20 45 9
20 46 1
20 49 5
20 50 2
21 22 8
21 23 3
21 25 10
21 26 7
21 27 6
21 28 4
21 29 3
21 33 2
21 34 6
21 35 4
21 36 6
21 37 4
21 38 10
21 39 3
21 41 5
21 42 9
21 43 8
21 44 8
21 45 7
21 46 1
21 47 10
21 48 10
21 49 3
21 50 8
22 23 6
22 24 9
22 25 4
22 26 1
22 27 6
22 28 9
22 29 1
22 30 5
22 32 1
22 33 3
22 35 3
22 36 2
22 37 9
22 38 7
22 39 3
22 40 7
22 41 3
22 42 10
22 43 4
22 44 2
22 45 6
22 46 6
22 47 8
22 48 3
22 49 1
22 50 2
23 25 9
23 26 2
23 27 2
23 28 5
23 29 4
23 30 5
23 33 1
23 34 1
23 35 8
23 39 7
23 42 2
23 44 5
23 45 4
23 46 7
23 48 1
23 49 10
23 50 1
24 26 3
24 27 2
24 28 10
24 29 10
24 30 4
24 31 2
24 32 6
24 33 5
24 34 8
24 37 9
24 38 4
24 39 10
24 40 8
24 41 9
24 42 10
24 43 8
24 44 8
24 46 10
24 47 9
24 49 1
24 50 1
25 26 3
25 27 10
25 28 8
25 29 3
25 30 10
25 32 8
25 33 1
25 35 3
25 36 4
25 37 8
25 38 3
25 40 7
25 41 6
25 42 3
25 43 10
25 44 5
25 45 2
25 46 4
25 47 3
26 27 5
26 28 1
26 29 8
26 30 8
26 31 6
26 32 8
26 33 7
26 34 7
26 35 5
26 36 1
26 37 7
26 38 3
26 40 3
26 41 10
26 43 9
26 44 3
26 46 3
26 47 7
26 48 9
26 49 6
26 50 8
27 28 4
27 29 2
27 30 6
27 31 5
27 33 8
27 34 1
27 35 9
27 36 9
27 37 1
27 38 3
27 39 8
27 40 2
27 42 3
27 43 2
27 44 6
27 45 1
27 46 1
27 47 9
27 48 2
27 49 4
27 50 8
28 29 9
28 30 8
28 31 8
28 33 3
28 34 7
28 35 4
28 36 7
28 37 2
28 38 7
28 40 2
28 41 9
28 42 3
28 43 9
28 44 8
28 48 2
28 49 8
28 50 10
29 30 3
29 31 4
29 32 7
29 33 10
29 34 2
29 35 1
29 36 10
29 37 2
29 39 5
29 40 3
29 43 1
29 44 7
29 46 6
29 47 2
29 48 7
29 49 8
30 31 8
30 32 2
30 34 9
30 36 7
30 38 3
30 40 7
30 42 8
30 43 7
30 44 8
30 45 6
30 46 6
30 47 2
30 48 4
30 50 4
31 32 5
31 33 1
31 34 6
31 35 10
31 36 1
31 37 8
31 38 3
31 39 3
31 41 6
31 42 8
31 44 3
31 45 6
31 46 7
31 47 8
31 48 6
31 49 8
31 50 10
32 33 7
32 35 8
32 36 3
32 37 5
32 38 7
32 39 4
32 40 10
32 41 9
32 42 6
32 43 9
32 44 5
32 45 5
32 46 2
32 49 8
33 34 1
33 35 6
33 36 4
33 37 8
33 38 2
33 40 8
33 41 10
33 42 5
33 44 5
33 45 10
33 46 1
33 47 1
33 48 3
33 50 10
34 35 1
34 36 2
34 38 1
34 40 2
34 41 7
34 42 1
34 43 7
34 45 2
34 46 5
34 47 2
34 48 1
34 49 5
34 50 3
35 37 7
35 38 6
35 40 6
35 41 9
35 42 1
35 43 5
35 44 5
35 45 5
35 46 10
35 47 6
35 48 6
35 49 3
36 38 6
36 39 1
36 40 3
36 41 8
36 42 1
36 43 10
36 44 10
36 45 1
36 46 4
36 47 3
36 48 6
36 49 5
36 50 2
37 38 8
37 39 8
37 40 1
37 41 6
37 42 1
37 43 3
37 44 3
37 46 3
37 48 4
37 49 5
37 50 8
38 39 6
38 40 5
38 41 5
38 43 3
38 44 5
38 45 5
38 46 6
38 47 8
38 48 5
38 49 1
38 50 4
39 40 4
39 44 9
39 47 10
39 48 8
39 49 2
39 50 4
40 41 4
40 44 1
40 45 2
40 46 10
40 48 7
40 49 10
40 50 7
41 42 3
41 43 7
41 46 1
41 49 2
41 50 2
42 43 6
42 44 3
42 45 10
42 46 2
42 47 2
42 48 3
42 49 3
42 50 2
43 44 3
43 45 9
43 46 5
43 47 2
43 48 10
43 49 7
44 45 2
44 48 5
44 49 2
44 50 4
45 46 2
45 47 4
45 48 7
45 49 2
45 50 10
46 48 4
46 49 3
46 50 6
47 48 3
47 50 1
48 49 9
48 50 4
49 50 3
