200 3946
1 4 25
1 9 73
1 12 18
1 14 1
1 26 24
1 34 17
1 41 15
1 48 53
1 57 11
1 62 79
1 64 24
1 68 44
1 69 40
1 76 1
1 82 10
1 83 11
1 84 13
1 85 78
1 86 51
1 87 10
1 98 27
1 106 27
1 107 37
1 108 20
1 109 65
1 112 51
1 125 7
1 130 32
1 131 8
1 134 10
1 135 4
1 136 73
1 137 46
1 138 15
1 146 35
1 149 72
1 151 59
1 153 23
1 155 16
1 156 7
1 161 38
1 166 36
1 167 75
1 168 30
1 171 11
1 172 27
1 180 68
1 183 51
1 189 73
1 197 45
2 6 74
2 24 69
2 42 5
2 47 78
2 49 48
2 56 55
2 59 64
2 61 7
2 75 78
2 77 67
2 87 30
2 89 54
2 92 28
2 93 7
2 96 46
2 100 46
2 108 46
2 110 51
2 114 30
2 125 1
2 128 19
2 131 78
2 132 16
2 133 46
2 134 19
2 137 57
2 140 5
2 157 28
2 165 67
2 173 9
2 182 68
2 183 42
2 184 45
2 188 19
2 199 68
3 4 43
3 6 26
3 12 12
3 22 2
3 26 8
3 30 28
3 38 14
3 40 34
3 43 18
3 56 16
3 59 27
3 78 21
3 80 67
3 84 13
3 88 22
3 89 29
3 90 15
3 92 11
3 102 40
3 122 26
3 127 55
3 133 14
3 134 68
3 136 77
3 138 3
3 141 54
3 155 20
3 161 39
3 167 14
3 184 44
3 186 63
4 12 78
4 14 33
4 18 23
4 22 28
4 30 39
4 35 26
4 37 41
4 38 47
4 39 32
4 42 64
4 43 20
4 53 64
4 54 31
4 58 35
4 61 66
4 70 50
4 74 21
4 77 69
4 79 63
4 82 53
4 86 7
4 88 63
4 92 76
4 105 24
4 113 27
4 118 71
4 120 62
4 123 11
4 126 71
4 127 41
4 128 16
4 136 13
4 137 14
4 142 27
4 150 77
4 154 46
4 157 10
4 162 54
4 165 36
4 171 25
4 181 24
4 182 22
4 183 79
4 184 61
4 188 15
4 191 18
4 193 23
5 10 6
5 16 15
5 17 3
5 24 4
5 26 20
5 27 79
5 29 14
5 57 12
5 58 14
5 63 73
5 71 17
5 72 53
5 76 65
5 78 74
5 82 30
5 87 31
5 97 17
5 106 11
5 108 14
5 112 50
5 115 77
5 124 28
5 131 46
5 133 58
5 137 71
5 139 40
5 144 57
5 154 42
5 156 77
5 161 6
5 164 78
5 171 70
5 173 41
5 180 15
5 182 52
5 185 67
5 193 9
5 194 34
5 196 12
5 199 37
6 16 18
6 26 22
6 27 79
6 29 57
6 36 26
6 48 49
6 51 40
6 61 13
6 80 66
6 83 30
6 88 21
6 112 53
6 113 9
6 117 69
6 121 63
6 131 20
6 132 3
6 134 70
6 136 75
6 142 27
6 143 8
6 147 7
6 152 7
6 156 7
6 160 17
6 161 6
6 165 36
6 179 20
6 180 37
6 183 62
6 184 28
6 185 38
6 186 64
6 188 12
6 192 20
7 22 20
7 23 11
7 27 36
7 28 19
7 30 43
7 46 12
7 50 39
7 52 48
7 56 49
7 70 25
7 71 61
7 72 22
7 80 45
7 82 41
7 93 47
7 94 26
7 102 59
7 112 69
7 119 77
7 121 15
7 128 45
7 138 13
7 148 37
7 157 15
7 158 11
7 163 32
7 164 51
7 172 1
7 173 74
7 185 42
7 195 11
8 17 50
8 23 78
8 25 22
8 26 80
8 27 26
8 38 19
8 43 16
8 49 49
8 54 33
8 57 62
8 63 44
8 65 9
8 67 26
8 77 74
8 79 16
8 80 49
8 81 39
8 87 31
8 99 80
8 100 31
8 106 23
8 113 50
8 114 67
8 117 46
8 120 63
8 123 60
8 127 59
8 128 69
8 129 40
8 134 38
8 135 43
8 138 64
8 139 6
8 143 3
8 151 4
8 160 8
8 165 58
8 173 1
8 178 78
8 179 46
8 185 73
9 25 1
9 33 12
9 51 43
9 55 42
9 56 72
9 60 5
9 63 42
9 73 64
9 75 77
9 79 79
9 87 74
9 88 5
9 93 63
9 95 16
9 107 75
9 113 16
9 115 8
9 118 31
9 123 21
9 125 58
9 127 43
9 128 45
9 129 71
9 130 76
9 133 46
9 135 51
9 153 37
9 157 8
9 167 28
9 174 17
10 21 16
10 25 76
10 26 51
10 28 70
10 32 18
10 33 76
10 38 74
10 40 24
10 47 46
10 59 54
10 60 77
10 62 5
10 63 73
10 65 53
10 76 13
10 80 66
10 84 13
10 91 63
10 93 61
10 94 78
10 111 60
10 115 20
10 119 70
10 120 38
10 123 18
10 124 34
10 128 19
10 129 64
10 132 24
10 135 39
10 137 25
10 147 49
10 149 79
10 158 79
10 168 71
10 170 48
10 174 1
10 176 50
10 181 25
10 187 69
10 195 57
11 22 66
11 23 80
11 32 30
11 34 54
11 35 38
11 44 8
11 50 26
11 53 40
11 54 27
11 56 41
11 64 55
11 71 55
11 94 14
11 105 5
11 106 20
11 115 50
11 116 28
11 129 69
11 140 63
11 142 78
11 144 68
11 153 39
11 155 35
11 160 18
11 166 47
11 170 1
11 172 64
11 181 57
11 185 65
11 190 28
11 196 16
11 198 26
12 23 73
12 26 79
12 27 50
12 28 2
12 31 62
12 59 70
12 61 77
12 63 70
12 98 49
12 99 51
12 102 20
12 105 48
12 108 78
12 112 25
12 115 14
12 116 19
12 118 65
12 135 11
12 142 6
12 148 64
12 149 32
12 152 71
12 160 22
12 162 74
12 164 13
12 168 10
12 170 55
12 172 54
12 180 37
12 187 68
12 199 56
12 200 29
13 14 77
13 17 78
13 21 23
13 23 36
13 24 46
13 25 22
13 28 7
13 31 49
13 33 61
13 36 65
13 37 55
13 40 73
13 51 43
13 58 28
13 63 18
13 68 53
13 74 25
13 85 1
13 87 50
13 90 2
13 96 26
13 110 53
13 113 77
13 120 55
13 122 6
13 127 70
13 132 25
13 135 59
13 140 79
13 147 18
13 151 80
13 167 1
13 174 79
13 179 15
13 185 43
13 194 22
14 16 76
14 18 53
14 20 30
14 21 41
14 22 72
14 23 28
14 24 45
14 25 73
14 29 70
14 30 74
14 36 22
14 41 74
14 44 63
14 49 37
14 50 11
14 57 34
14 62 17
14 63 31
14 67 35
14 70 29
14 83 78
14 89 59
14 91 62
14 92 61
14 94 38
14 95 58
14 98 49
14 99 49
14 102 12
14 103 42
14 150 49
14 156 42
14 158 75
14 165 55
14 169 71
14 174 20
14 177 28
14 182 52
14 184 3
14 196 25
14 199 52
15 16 11
15 17 16
15 22 47
15 32 12
15 34 21
15 36 27
15 38 74
15 42 67
15 48 62
15 59 64
15 72 64
15 79 70
15 90 32
15 93 66
15 95 54
15 101 35
15 102 18
15 103 20
15 111 56
15 114 27
15 121 21
15 139 15
15 140 44
15 141 74
15 145 77
15 149 52
15 152 6
15 164 63
15 167 47
15 168 32
15 172 8
15 173 75
15 176 24
15 177 48
15 182 72
15 192 16
15 194 9
15 198 37
16 24 65
16 37 24
16 42 38
16 46 28
16 48 66
16 49 10
16 50 27
16 51 32
16 59 28
16 62 53
16 64 18
16 70 12
16 71 42
16 76 74
16 77 26
16 78 56
16 82 14
16 87 58
16 88 65
16 96 55
16 101 22
16 102 53
16 109 28
16 110 43
16 112 46
16 117 17
16 120 2
16 121 37
16 127 33
16 133 61
16 141 41
16 143 1
16 144 3
16 147 50
16 153 65
16 155 65
16 162 43
16 165 18
16 173 62
16 184 36
16 196 32
17 29 4
17 31 52
17 32 22
17 35 40
17 44 55
17 52 66
17 59 22
17 70 31
17 73 11
17 75 63
17 82 71
17 84 69
17 86 12
17 88 44
17 89 72
17 90 79
17 92 71
17 93 59
17 102 30
17 109 42
17 110 46
17 111 17
17 121 48
17 124 46
17 125 1
17 127 80
17 132 7
17 133 55
17 142 63
17 145 54
17 148 57
17 155 75
17 156 35
17 159 55
17 160 68
17 161 21
17 164 47
17 168 54
17 170 7
17 175 12
17 191 58
17 199 15
17 200 40
18 29 49
18 34 22
18 36 50
18 40 25
18 41 68
18 52 60
18 66 25
18 69 27
18 71 16
18 76 28
18 78 70
18 79 73
18 81 55
18 92 12
18 93 10
18 96 77
18 98 15
18 101 14
18 104 8
18 106 78
18 107 11
18 109 10
18 110 64
18 114 20
18 123 50
18 131 49
18 137 32
18 138 26
18 139 32
18 142 41
18 154 52
18 156 12
18 159 12
18 161 39
18 166 56
18 169 9
18 170 60
18 179 42
18 190 55
18 199 44
19 21 9
19 22 28
19 23 14
19 28 5
19 30 68
19 34 35
19 35 27
19 47 54
19 67 38
19 73 52
19 74 27
19 76 67
19 81 77
19 84 8
19 90 1
19 91 5
19 105 13
19 109 40
19 120 57
19 130 77
19 137 76
19 139 78
19 144 25
19 145 7
19 147 32
19 150 36
19 156 33
19 161 47
19 166 27
19 170 29
19 175 35
19 180 49
19 198 49
20 21 51
20 27 13
20 39 60
20 40 67
20 49 3
20 62 44
20 64 56
20 65 2
20 66 41
20 72 76
20 80 40
20 88 37
20 89 69
20 106 53
20 110 69
20 111 66
20 119 74
20 122 5
20 126 41
20 137 50
20 139 37
20 148 37
20 152 12
20 160 49
20 168 37
20 171 17
20 173 20
20 174 42
20 175 47
20 178 15
20 179 16
20 183 21
20 184 47
20 185 51
20 186 33
20 189 33
20 190 28
20 193 25
20 200 5
21 43 9
21 56 15
21 63 17
21 64 69
21 74 11
21 75 36
21 81 78
21 86 6
21 95 64
21 113 31
21 114 44
21 116 55
21 127 11
21 131 80
21 132 49
21 140 22
21 148 21
21 153 56
21 164 73
21 167 10
21 174 30
21 175 13
21 182 57
21 187 70
21 192 34
21 195 73
22 23 53
22 26 78
22 35 22
22 38 64
22 45 63
22 62 76
22 64 36
22 68 54
22 85 8
22 87 58
22 91 62
22 98 49
22 101 59
22 104 28
22 107 55
22 109 12
22 125 19
22 130 66
22 135 24
22 138 50
22 140 14
22 147 1
22 149 45
22 163 37
22 180 57
22 184 6
22 199 39
23 33 59
23 37 24
23 39 24
23 41 35
23 47 6
23 50 12
23 52 25
23 59 58
23 63 38
23 66 11
23 67 66
23 89 8
23 97 77
23 105 54
23 110 71
23 120 43
23 128 78
23 136 65
23 137 16
23 141 14
23 146 39
23 150 45
23 155 8
23 157 11
23 160 42
23 166 21
23 175 6
23 182 17
23 186 35
23 193 19
23 194 71
23 195 36
23 196 67
24 31 67
24 32 60
24 34 4
24 42 47
24 45 22
24 46 60
24 51 67
24 55 25
24 60 24
24 73 41
24 80 3
24 82 58
24 87 66
24 90 53
24 92 4
24 95 72
24 97 59
24 101 25
24 102 21
24 104 25
24 106 38
24 114 44
24 121 58
24 126 18
24 130 72
24 131 19
24 132 18
24 135 2
24 137 56
24 139 11
24 140 34
24 144 15
24 162 70
24 172 10
24 187 68
24 194 53
24 196 33
25 32 29
25 39 4
25 45 50
25 47 12
25 51 73
25 55 59
25 63 51
25 67 78
25 74 50
25 79 6
25 93 3
25 97 72
25 115 52
25 118 75
25 125 13
25 126 6
25 132 11
25 135 26
25 138 76
25 143 10
25 144 32
25 147 44
25 148 56
25 152 14
25 155 70
25 159 67
25 163 43
25 171 79
25 190 12
25 191 63
25 192 76
25 194 19
25 199 58
26 30 37
26 39 44
26 41 7
26 52 5
26 54 67
26 55 46
26 56 56
26 63 63
26 65 53
26 69 10
26 80 12
26 82 7
26 83 47
26 85 6
26 88 11
26 90 56
26 91 30
26 97 48
26 102 43
26 103 19
26 105 31
26 108 18
26 114 19
26 121 4
26 125 16
26 132 31
26 133 44
26 137 44
26 138 60
26 144 59
26 146 13
26 152 26
26 154 21
26 164 31
26 166 68
26 169 56
26 173 61
26 177 20
26 183 67
26 189 38
26 190 39
26 197 2
26 199 50
27 28 22
27 35 12
27 40 59
27 41 70
27 49 50
27 59 54
27 68 20
27 73 57
27 77 71
27 87 56
27 88 28
27 96 3
27 103 9
27 115 37
27 117 72
27 127 33
27 130 48
27 134 35
27 137 53
27 147 5
27 151 73
27 154 56
27 159 77
27 161 27
27 169 1
27 173 31
27 177 58
27 186 28
27 189 40
27 190 71
27 194 15
27 195 3
28 29 4
28 31 24
28 38 20
28 46 65
28 56 7
28 59 77
28 64 61
28 65 60
28 66 23
28 74 13
28 83 14
28 86 10
28 87 66
28 88 69
28 93 60
28 96 73
28 109 44
28 113 32
28 114 44
28 120 76
28 129 32
28 131 70
28 145 63
28 153 29
28 156 8
28 157 59
28 159 57
28 161 20
28 163 50
28 164 66
28 165 70
28 170 44
28 179 47
28 189 1
28 192 2
28 193 15
28 195 7
28 200 61
29 32 4
29 33 44
29 39 55
29 42 22
29 43 35
29 52 54
29 57 69
29 72 73
29 73 45
29 74 76
29 84 76
29 85 76
29 88 67
29 93 6
29 103 70
29 106 43
29 107 62
29 110 34
29 114 29
29 116 50
29 117 75
29 122 55
29 123 74
29 130 30
29 134 19
29 141 59
29 142 20
29 146 72
29 150 52
29 155 76
29 162 76
29 163 29
29 172 55
29 173 37
29 187 36
29 195 2
30 37 39
30 40 5
30 41 73
30 53 59
30 54 24
30 58 72
30 60 16
30 61 26
30 75 45
30 81 74
30 83 74
30 84 17
30 91 28
30 93 44
30 94 43
30 96 17
30 99 46
30 102 80
30 103 54
30 117 25
30 128 44
30 132 24
30 134 68
30 135 8
30 139 45
30 159 16
30 162 15
30 165 22
30 176 63
30 186 1
30 196 39
31 34 11
31 36 63
31 43 14
31 44 56
31 46 20
31 62 33
31 77 34
31 87 11
31 88 34
31 91 64
31 94 44
31 96 24
31 97 21
31 101 25
31 108 56
31 114 2
31 116 2
31 117 62
31 120 28
31 123 59
31 124 67
31 129 65
31 131 59
31 139 32
31 140 35
31 141 27
31 142 70
31 176 30
31 184 24
31 189 19
31 193 72
32 35 25
32 36 32
32 41 27
32 43 10
32 44 2
32 64 23
32 66 36
32 70 34
32 71 22
32 79 1
32 86 39
32 90 5
32 91 77
32 97 48
32 104 72
32 109 68
32 117 71
32 120 4
32 124 13
32 129 1
32 134 74
32 136 67
32 146 67
32 149 66
32 150 43
32 152 12
32 163 15
32 165 65
32 178 9
32 181 40
32 185 37
32 188 64
32 190 73
32 196 7
33 38 28
33 41 45
33 42 80
33 44 79
33 46 45
33 47 79
33 58 34
33 61 15
33 65 44
33 68 32
33 77 53
33 87 41
33 92 67
33 99 32
33 103 33
33 104 47
33 107 75
33 108 22
33 115 52
33 118 17
33 123 63
33 124 68
33 130 7
33 136 8
33 140 22
33 141 6
33 142 13
33 144 32
33 147 78
33 160 18
33 177 28
33 193 79
33 194 34
33 196 38
33 199 10
33 200 61
34 40 14
34 41 17
34 46 34
34 48 51
34 50 78
34 52 72
34 53 1
34 55 31
34 58 27
34 64 13
34 66 15
34 71 29
34 90 28
34 92 66
34 99 68
34 102 68
34 115 35
34 117 72
34 119 57
34 121 66
34 125 56
34 130 73
34 131 58
34 133 26
34 137 61
34 139 28
34 144 2
34 151 8
34 152 44
34 156 16
34 175 35
34 181 13
34 185 44
34 189 26
34 192 63
34 194 4
34 195 25
35 36 18
35 40 37
35 41 71
35 47 48
35 59 54
35 60 12
35 61 46
35 66 62
35 80 73
35 86 77
35 88 33
35 89 29
35 95 10
35 96 34
35 98 72
35 101 40
35 103 59
35 107 20
35 108 58
35 122 49
35 124 4
35 127 51
35 135 73
35 139 52
35 151 30
35 159 9
35 167 38
35 169 57
35 177 8
35 179 28
35 185 68
35 192 28
35 194 49
35 195 44
35 197 10
36 39 53
36 40 45
36 47 67
36 55 61
36 62 61
36 68 56
36 73 77
36 74 29
36 77 70
36 83 74
36 94 19
36 95 6
36 99 5
36 101 55
36 105 22
36 112 69
36 113 37
36 119 59
36 130 63
36 131 50
36 133 25
36 135 23
36 138 57
36 139 24
36 141 45
36 142 5
36 144 6
36 150 8
36 153 68
36 159 78
36 171 1
36 172 30
36 177 47
36 179 33
36 182 72
36 189 63
36 198 28
37 58 41
37 63 50
37 77 58
37 83 57
37 100 18
37 114 32
37 116 35
37 120 63
37 126 79
37 129 17
37 134 17
37 139 20
37 146 32
37 159 47
37 166 76
37 170 30
37 171 3
37 177 49
37 190 58
38 47 57
38 50 79
38 51 64
38 52 67
38 57 44
38 68 64
38 72 73
38 75 1
38 77 38
38 81 48
38 84 39
38 85 34
38 86 23
38 88 68
38 89 21
38 91 50
38 92 67
38 93 68
38 98 36
38 110 16
38 111 23
38 115 79
38 118 67
38 123 63
38 124 42
38 126 48
38 132 53
38 134 28
38 137 3
38 143 44
38 152 58
38 164 72
38 171 24
38 172 37
38 179 17
38 181 48
38 182 18
38 184 71
38 191 55
38 192 23
38 199 60
39 49 51
39 52 66
39 58 27
39 60 64
39 61 64
39 70 47
39 74 30
39 75 69
39 77 3
39 86 72
39 88 47
39 90 3
39 93 19
39 94 55
39 95 48
39 106 12
39 108 8
39 110 10
39 111 3
39 113 19
39 124 1
39 125 1
39 126 17
39 132 34
39 134 42
39 146 19
39 149 70
39 154 17
39 159 8
39 162 18
39 165 58
39 175 24
39 182 25
39 184 73
39 190 31
39 196 19
39 197 27
39 199 30
40 41 69
40 51 78
40 54 5
40 55 7
40 58 42
40 60 61
40 62 42
40 68 44
40 69 66
40 79 50
40 91 43
40 96 44
40 103 12
40 104 33
40 106 15
40 107 47
40 121 2
40 122 5
40 124 79
40 125 59
40 132 26
40 141 77
40 147 4
40 149 34
40 168 46
40 171 53
40 182 13
40 184 46
40 190 59
40 195 67
40 198 72
40 199 77
41 51 75
41 59 4
41 61 60
41 64 56
41 68 19
41 74 17
41 77 80
41 83 62
41 89 78
41 94 57
41 95 76
41 98 67
41 101 23
41 112 19
41 113 26
41 118 76
41 121 5
41 127 55
41 134 36
41 139 80
41 142 58
41 143 36
41 164 8
41 166 33
41 176 43
41 179 4
41 184 12
41 192 31
41 193 13
41 198 17
42 63 79
42 64 39
42 66 27
42 80 48
42 82 58
42 89 21
42 99 75
42 100 24
42 108 69
42 109 43
42 118 18
42 119 7
42 131 36
42 141 34
42 154 36
42 161 10
42 166 27
42 175 33
42 191 78
42 193 57
42 194 43
42 195 38
43 44 37
43 47 5
43 51 10
43 54 2
43 56 45
43 57 74
43 77 55
43 101 38
43 105 79
43 107 60
43 112 17
43 115 51
43 122 9
43 124 64
43 127 28
43 128 15
43 129 39
43 136 30
43 137 73
43 140 53
43 144 13
43 151 6
43 163 26
43 166 76
43 171 64
43 180 15
43 182 3
44 53 11
44 60 37
44 65 23
44 75 37
44 77 52
44 94 1
44 96 20
44 97 34
44 102 67
44 105 8
44 108 26
44 114 10
44 116 3
44 124 43
44 153 22
44 178 5
44 190 33
44 193 1
44 195 23
44 196 20
45 53 59
45 55 73
45 58 26
45 60 75
45 61 18
45 62 69
45 71 59
45 76 66
45 79 17
45 80 60
45 96 36
45 101 1
45 102 13
45 104 45
45 105 15
45 106 70
45 111 18
45 119 78
45 126 41
45 144 32
45 146 35
45 153 33
45 158 38
45 160 11
45 176 15
45 184 18
45 188 5
45 190 51
45 191 78
45 200 42
46 51 47
46 54 72
46 59 9
46 63 51
46 68 65
46 70 60
46 78 25
46 80 68
46 83 37
46 84 65
46 87 43
46 91 23
46 95 25
46 97 20
46 99 8
46 103 74
46 112 77
46 117 39
46 119 26
46 135 32
46 147 55
46 158 3
46 159 6
46 163 80
46 164 74
46 176 16
46 177 64
46 179 58
46 186 36
46 188 41
46 199 20
46 200 17
47 72 34
47 81 71
47 89 37
47 93 32
47 103 16
47 105 29
47 106 49
47 112 6
47 113 51
47 117 13
47 120 15
47 123 45
47 131 60
47 133 20
47 134 39
47 142 18
47 145 4
47 149 70
47 154 15
47 158 44
47 164 78
47 166 24
47 167 51
47 170 31
47 173 64
47 188 51
47 199 41
48 58 61
48 63 35
48 66 77
48 67 57
48 71 24
48 73 8
48 74 52
48 77 11
48 79 39
48 88 44
48 98 78
48 102 58
48 105 74
48 112 80
48 115 25
48 116 44
48 121 50
48 134 34
48 152 51
48 153 74
48 162 43
48 165 54
48 171 62
48 179 42
48 181 61
48 190 1
48 193 57
48 196 3
48 200 56
49 51 5
49 58 55
49 63 42
49 65 6
49 66 25
49 68 3
49 71 64
49 74 72
49 84 30
49 88 11
49 91 65
49 112 61
49 120 38
49 123 36
49 126 6
49 129 9
49 131 6
49 136 44
49 140 32
49 141 3
49 142 62
49 147 23
49 163 77
49 167 26
49 169 55
49 173 42
49 182 64
49 189 76
49 190 15
49 195 13
49 198 59
49 199 23
50 53 48
50 58 54
50 62 41
50 78 11
50 86 33
50 107 76
50 114 56
50 115 52
50 125 51
50 127 61
50 139 72
50 148 43
50 163 35
50 170 31
50 171 2
50 173 38
50 174 18
50 175 36
50 180 80
50 195 43
51 59 80
51 75 58
51 79 63
51 88 12
51 89 60
51 92 23
51 98 1
51 101 48
51 104 2
51 110 42
51 127 53
51 129 22
51 130 1
51 143 6
51 148 21
51 150 51
51 151 62
51 152 6
51 160 17
51 163 40
51 168 80
51 182 25
51 187 61
51 198 49
51 199 30
52 53 74
52 54 8
52 60 52
52 71 50
52 78 17
52 80 64
52 83 57
52 86 73
52 94 66
52 96 47
52 100 2
52 101 76
52 113 67
52 114 40
52 122 46
52 124 67
52 136 23
52 143 12
52 149 50
52 153 19
52 154 80
52 164 66
52 169 28
52 172 17
52 178 77
52 188 13
53 55 8
53 64 77
53 65 66
53 68 13
53 73 39
53 80 5
53 82 31
53 88 38
53 89 18
53 94 80
53 96 5
53 98 39
53 99 61
53 113 15
53 125 20
53 126 8
53 127 31
53 129 69
53 130 65
53 153 80
53 159 3
53 161 35
53 166 24
53 167 63
53 174 12
53 180 64
53 181 45
53 190 2
54 57 65
54 59 9
54 68 78
54 70 66
54 76 38
54 77 78
54 82 7
54 86 44
54 92 59
54 99 29
54 107 37
54 111 32
54 115 79
54 116 33
54 123 71
54 125 56
54 135 60
54 136 68
54 137 28
54 138 58
54 158 47
54 159 7
54 160 78
54 163 20
54 167 6
54 183 78
54 194 29
54 196 36
54 198 36
55 63 79
55 65 49
55 68 78
55 69 26
55 74 74
55 79 80
55 86 30
55 90 72
55 94 15
55 96 5
55 102 8
55 106 79
55 108 27
55 109 75
55 117 66
55 119 41
55 126 59
55 136 15
55 159 64
55 163 11
55 168 59
55 175 13
55 178 15
55 179 6
55 183 2
55 184 13
55 191 2
55 197 38
55 199 50
56 62 5
56 67 62
56 70 57
56 84 73
56 85 2
56 87 18
56 88 74
56 90 10
56 91 53
56 97 65
56 105 9
56 106 23
56 109 51
56 111 45
56 114 50
56 116 46
56 121 34
56 122 34
56 125 42
56 133 80
56 139 2
56 140 45
56 142 76
56 146 10
56 147 37
56 162 40
56 179 49
56 182 6
56 193 23
56 195 42
56 199 45
57 63 52
57 65 2
57 66 59
57 69 24
57 70 17
57 73 49
57 75 73
57 79 68
57 81 11
57 83 49
57 86 31
57 88 69
57 90 11
57 97 2
57 103 5
57 107 76
57 113 49
57 116 26
57 126 41
57 129 67
57 135 37
57 137 29
57 139 42
57 140 57
57 143 13
57 147 67
57 148 46
57 152 1
57 153 34
57 157 24
57 159 13
57 165 57
57 168 55
57 177 30
57 179 3
57 188 25
57 192 26
58 59 51
58 66 74
58 71 45
58 73 56
58 75 79
58 76 39
58 85 64
58 86 76
58 101 30
58 106 78
58 112 1
58 113 76
58 118 27
58 126 36
58 130 47
58 132 3
58 133 35
58 136 30
58 138 62
58 143 8
58 144 9
58 145 37
58 146 79
58 154 52
58 157 12
58 158 77
58 159 61
58 172 59
58 173 74
58 178 18
58 180 43
58 181 15
58 190 51
58 191 58
58 193 68
58 199 71
58 200 16
59 61 73
59 69 39
59 71 51
59 73 46
59 75 78
59 78 59
59 80 77
59 99 13
59 108 39
59 122 40
59 129 42
59 132 28
59 133 18
59 136 43
59 150 55
59 158 50
59 177 74
59 178 58
59 179 62
59 190 29
59 195 74
59 196 2
60 63 50
60 67 77
60 74 34
60 81 48
60 82 6
60 85 10
60 87 32
60 95 55
60 97 16
60 105 70
60 114 24
60 116 13
60 122 20
60 124 16
60 129 61
60 133 70
60 138 69
60 142 2
60 153 72
60 154 27
60 165 17
60 167 27
60 168 2
60 186 7
60 190 41
60 191 74
60 192 76
60 193 9
61 71 72
61 74 60
61 84 14
61 88 10
61 91 30
61 93 76
61 97 26
61 111 36
61 112 14
61 122 36
61 126 42
61 129 26
61 155 39
61 162 22
61 168 8
61 175 56
61 177 70
61 178 61
61 180 53
61 183 21
61 188 51
61 191 78
61 194 9
61 200 36
62 64 71
62 66 1
62 72 49
62 76 10
62 80 70
62 83 2
62 86 24
62 93 12
62 95 67
62 96 53
62 98 53
62 99 71
62 102 54
62 104 53
62 109 56
62 112 15
62 114 71
62 116 13
62 119 5
62 127 46
62 130 54
62 133 58
62 135 45
62 139 5
62 144 38
62 146 10
62 149 44
62 153 6
62 155 55
62 157 33
62 158 14
62 161 70
62 163 79
62 169 3
62 172 49
62 174 13
62 177 16
62 178 10
62 179 32
62 189 62
62 191 43
63 67 60
63 76 62
63 78 13
63 85 11
63 91 46
63 92 14
63 95 29
63 97 40
63 102 40
63 109 31
63 111 6
63 116 54
63 118 27
63 124 63
63 126 56
63 128 13
63 137 36
63 139 54
63 150 54
63 162 72
63 163 45
63 169 24
63 175 57
63 176 29
63 177 13
63 183 48
63 184 8
63 188 44
63 192 35
64 70 28
64 84 26
64 98 51
64 105 50
64 107 61
64 108 56
64 110 47
64 114 63
64 115 55
64 120 77
64 125 74
64 126 79
64 129 27
64 130 26
64 137 66
64 144 5
64 164 65
64 167 7
64 181 14
64 184 64
64 190 58
64 192 61
64 195 41
65 67 22
65 69 13
65 79 15
65 89 62
65 92 71
65 100 10
65 104 69
65 108 72
65 111 70
65 116 56
65 127 28
65 128 64
65 130 46
65 133 21
65 134 33
65 136 75
65 142 7
65 149 44
65 160 41
65 165 18
65 173 14
65 174 11
65 183 18
65 189 70
65 196 78
65 199 26
66 67 70
66 71 56
66 72 39
66 84 67
66 116 41
66 130 54
66 131 54
66 132 27
66 133 19
66 135 5
66 150 63
66 152 52
66 166 76
66 175 59
66 177 24
66 191 16
66 194 76
66 198 78
67 71 71
67 73 78
67 78 10
67 89 8
67 102 70
67 103 59
67 104 77
67 110 14
67 131 53
67 143 54
67 150 69
67 152 14
67 154 74
67 155 8
67 158 49
67 159 63
67 166 40
67 170 10
67 175 10
67 179 48
67 187 28
67 196 44
68 69 14
68 70 74
68 77 27
68 78 8
68 83 9
68 84 39
68 89 28
68 91 10
68 93 58
68 109 62
68 112 24
68 113 74
68 118 33
68 125 57
68 128 35
68 129 61
68 133 29
68 140 20
68 146 39
68 155 78
68 169 9
68 170 19
68 181 18
68 188 2
68 195 29
68 196 52
68 200 79
69 73 28
69 76 1
69 77 59
69 79 56
69 82 37
69 85 46
69 89 52
69 107 66
69 109 47
69 111 10
69 114 60
69 115 10
69 122 26
69 128 27
69 132 63
69 145 5
69 148 70
69 154 71
69 176 66
69 182 73
69 191 12
69 192 7
70 72 30
70 73 37
70 77 33
70 84 68
70 93 44
70 104 47
70 107 38
70 113 49
70 125 63
70 129 45
70 130 45
70 132 61
70 136 40
70 139 11
70 143 23
70 149 49
70 151 53
70 155 10
70 165 14
70 167 5
70 168 8
70 169 38
70 174 48
70 183 35
70 189 33
70 191 79
71 76 31
71 77 20
71 80 45
71 81 22
71 84 26
71 91 48
71 100 14
71 101 42
71 111 76
71 123 76
71 129 79
71 130 18
71 131 71
71 132 74
71 133 71
71 134 44
71 135 46
71 136 40
71 137 73
71 138 46
71 149 40
71 153 4
71 155 57
71 161 45
71 179 45
71 180 68
71 181 77
71 184 6
71 192 68
71 193 18
71 194 50
71 198 70
72 81 16
72 82 9
72 90 49
72 92 8
72 93 35
72 98 34
72 114 63
72 122 5
72 128 17
72 131 75
72 133 70
72 138 76
72 145 9
72 154 13
72 157 18
72 159 27
72 169 35
72 173 24
72 180 54
72 181 71
72 183 48
72 187 16
72 188 38
72 191 28
72 196 34
73 74 57
73 87 6
73 92 55
73 94 39
73 101 34
73 102 61
73 104 5
73 106 27
73 109 79
73 118 68
73 120 65
73 121 24
73 122 75
73 124 26
73 126 3
73 129 25
73 131 49
73 135 31
73 139 11
73 145 72
73 157 51
73 161 62
73 164 65
73 175 44
73 179 79
73 181 2
73 182 69
73 184 16
73 193 2
73 197 47
73 200 61
74 78 54
74 81 16
74 89 68
74 92 72
74 96 51
74 112 1
74 119 45
74 121 49
74 134 51
74 147 15
74 151 63
74 160 12
74 168 41
74 175 65
74 181 64
74 192 16
74 197 46
74 198 71
75 78 77
75 82 55
75 89 49
75 90 59
75 91 17
75 98 15
75 112 7
75 113 71
75 120 43
75 125 25
75 131 12
75 132 23
75 134 45
75 137 5
75 143 51
75 150 14
75 156 17
75 163 76
75 173 61
75 174 3
75 177 73
75 182 7
75 186 63
75 189 17
75 197 10
76 89 2
76 98 77
76 103 50
76 111 70
76 112 14
76 115 5
76 116 49
76 120 44
76 124 22
76 132 44
76 135 73
76 151 71
76 160 28
76 162 55
76 170 40
76 178 16
76 199 72
77 81 61
77 89 34
77 96 8
77 98 46
77 99 7
77 102 79
77 104 39
77 105 57
77 109 17
77 110 51
77 113 42
77 117 77
77 119 41
77 122 67
77 128 78
77 131 30
77 136 66
77 139 42
77 148 46
77 154 8
77 159 26
77 163 69
77 168 13
77 173 9
77 183 50
77 184 79
77 188 54
77 189 39
77 193 41
78 82 9
78 85 59
78 92 16
78 97 35
78 99 27
78 100 35
78 110 52
78 114 6
78 124 64
78 133 36
78 137 28
78 149 28
78 150 2
78 151 72
78 156 32
78 162 35
78 168 21
78 179 65
78 185 39
78 190 1
78 198 8
79 86 60
79 90 61
79 97 9
79 98 62
79 99 14
79 102 58
79 106 74
79 112 35
79 114 9
79 115 7
79 117 47
79 118 9
79 122 22
79 123 2
79 129 54
79 139 4
79 141 37
79 148 77
79 151 45
79 164 41
79 167 67
79 172 35
79 175 63
79 177 65
79 178 37
79 189 30
79 193 3
79 194 38
79 197 17
79 199 11
80 82 31
80 83 35
80 85 80
80 86 38
80 96 22
80 105 76
80 110 70
80 114 68
80 121 26
80 129 66
80 134 3
80 141 72
80 145 24
80 146 69
80 147 10
80 152 67
80 161 26
80 162 6
80 163 18
80 167 55
80 171 8
80 181 44
80 182 3
80 186 56
80 197 31
81 82 8
81 88 67
81 92 41
81 94 4
81 101 56
81 105 12
81 114 80
81 122 17
81 128 9
81 129 11
81 132 53
81 140 26
81 143 80
81 144 27
81 145 2
81 150 31
81 152 56
81 157 13
81 161 19
81 164 52
81 167 66
81 171 78
81 177 75
81 181 43
81 199 3
82 89 4
82 101 18
82 106 35
82 114 43
82 118 69
82 119 71
82 143 7
82 161 15
82 166 79
82 174 35
82 177 39
82 181 80
82 184 79
82 185 76
82 186 66
82 187 1
83 85 40
83 96 33
83 97 11
83 100 70
83 102 10
83 104 10
83 111 25
83 115 68
83 126 6
83 131 46
83 142 75
83 145 75
83 154 11
83 155 38
83 158 72
83 163 19
83 174 50
83 178 51
83 185 32
83 196 24
83 198 4
83 199 58
84 85 52
84 88 29
84 92 27
84 98 41
84 104 17
84 107 2
84 111 33
84 117 32
84 122 7
84 127 30
84 132 45
84 135 10
84 140 19
84 142 1
84 143 39
84 148 70
84 150 70
84 151 25
84 152 57
84 155 8
84 163 23
84 170 67
84 171 58
84 172 58
84 176 14
84 182 19
84 184 14
84 185 57
84 187 35
84 192 25
84 195 58
85 86 67
85 93 5
85 97 1
85 100 52
85 105 16
85 110 41
85 114 18
85 130 41
85 141 80
85 143 26
85 145 34
85 151 71
85 155 54
85 156 71
85 161 58
85 166 21
85 167 51
85 173 25
85 177 58
85 183 56
85 184 42
85 189 37
85 192 76
85 194 61
85 195 72
86 88 33
86 104 26
86 114 65
86 125 61
86 138 65
86 160 78
86 171 16
86 189 46
86 193 42
86 198 17
86 200 77
87 94 23
87 95 32
87 98 4
87 103 55
87 105 23
87 108 66
87 115 14
87 118 51
87 120 65
87 121 52
87 144 26
87 146 4
87 150 44
87 152 8
87 159 56
87 164 34
87 169 2
87 171 22
87 174 25
87 175 78
87 177 25
87 179 31
87 181 43
87 187 69
87 199 44
88 91 7
88 94 70
88 97 49
88 99 75
88 120 72
88 123 13
88 138 59
88 145 3
88 149 58
88 150 7
88 153 31
88 161 58
88 162 78
88 166 38
88 169 38
88 172 78
88 179 7
88 183 63
88 192 67
88 197 34
89 101 22
89 104 61
89 105 27
89 107 69
89 111 2
89 118 33
89 119 56
89 136 13
89 138 71
89 139 12
89 142 22
89 146 23
89 147 73
89 165 35
89 166 29
89 171 47
89 176 32
89 179 17
89 183 31
89 184 8
89 186 78
89 195 50
90 98 71
90 99 34
90 104 56
90 105 50
90 111 7
90 114 39
90 116 20
90 119 57
90 122 40
90 130 72
90 134 80
90 135 50
90 137 39
90 144 61
90 147 36
90 152 57
90 154 32
90 161 16
90 166 64
90 176 33
90 187 76
90 189 42
90 200 6
91 97 9
91 100 53
91 105 26
91 109 32
91 115 57
91 124 19
91 125 27
91 130 37
91 136 25
91 143 80
91 147 18
91 165 55
91 170 8
91 176 1
91 180 68
91 186 49
92 100 63
92 101 28
92 102 74
92 110 38
92 119 7
92 126 29
92 128 61
92 132 36
92 133 71
92 139 1
92 143 58
92 149 76
92 158 16
92 162 41
92 164 27
92 166 70
92 172 10
92 175 41
92 176 19
92 181 78
92 183 3
92 185 61
92 193 45
93 101 50
93 103 52
93 105 50
93 106 36
93 108 55
93 119 45
93 120 6
93 124 35
93 139 78
93 141 53
93 142 4
93 144 65
93 148 45
93 151 38
93 155 54
93 159 31
93 160 29
93 168 63
93 169 63
93 175 42
93 181 3
93 183 76
93 184 54
93 188 18
93 190 21
93 191 4
93 200 60
94 97 77
94 99 72
94 101 13
94 107 29
94 109 48
94 122 67
94 124 13
94 126 49
94 133 25
94 135 8
94 138 61
94 152 56
94 153 1
94 156 32
94 162 24
94 165 33
94 170 70
94 182 56
94 188 29
94 190 22
94 194 19
94 196 23
94 197 54
95 96 70
95 99 28
95 102 10
95 112 45
95 116 71
95 117 36
95 119 32
95 123 51
95 131 49
95 152 29
95 160 59
95 162 60
95 172 16
95 176 34
95 184 53
95 196 44
95 198 34
96 101 73
96 102 66
96 105 46
96 109 22
96 121 17
96 122 48
96 130 73
96 141 13
96 147 40
96 149 79
96 152 7
96 153 54
96 154 62
96 163 60
96 166 30
96 167 56
96 171 66
96 172 70
96 174 54
96 175 32
96 176 14
96 189 8
96 191 23
96 194 23
96 200 41
97 99 11
97 102 18
97 103 10
97 107 27
97 108 4
97 111 35
97 124 35
97 125 17
97 126 47
97 128 21
97 131 47
97 143 38
97 145 5
97 163 79
97 165 59
97 167 42
97 168 53
97 176 60
97 177 23
97 187 28
97 193 14
98 99 7
98 101 37
98 106 43
98 109 14
98 112 54
98 116 49
98 118 3
98 126 67
98 134 19
98 136 73
98 138 49
98 149 57
98 152 36
98 156 65
98 158 58
98 164 20
98 165 28
98 171 4
98 174 3
98 177 5
98 180 18
98 194 72
99 101 74
99 109 61
99 113 30
99 118 59
99 124 17
99 133 70
99 141 18
99 142 4
99 152 1
99 156 19
99 158 72
99 159 60
99 160 27
99 163 2
99 164 41
99 167 15
99 169 5
99 172 45
99 173 22
99 179 57
100 107 2
100 120 61
100 121 14
100 125 57
100 133 55
100 137 75
100 156 2
100 168 73
100 170 34
100 172 76
100 177 2
100 179 71
100 180 1
100 188 26
100 200 5
101 104 39
101 106 7
101 113 32
101 119 68
101 121 71
101 122 71
101 139 27
101 170 7
101 177 26
101 183 3
101 185 50
101 200 40
102 111 21
102 114 78
102 115 2
102 116 5
102 123 47
102 124 10
102 125 11
102 128 6
102 135 2
102 137 69
102 144 79
102 148 69
102 153 9
102 158 54
102 175 54
102 178 54
102 179 48
102 181 69
102 185 17
102 189 1
102 192 29
102 195 1
103 106 55
103 108 41
103 113 19
103 120 78
103 122 49
103 124 71
103 126 35
103 129 66
103 130 51
103 132 22
103 135 48
103 140 59
103 147 30
103 156 28
103 161 28
103 164 3
103 170 27
103 173 68
103 179 49
103 181 50
103 187 10
103 188 59
103 193 11
104 117 66
104 119 60
104 120 23
104 126 69
104 130 37
104 133 75
104 137 10
104 144 29
104 150 29
104 171 32
104 173 73
104 177 26
104 179 31
104 184 21
104 195 29
104 198 55
105 111 10
105 113 75
105 115 48
105 119 25
105 123 70
105 126 52
105 132 50
105 136 28
105 138 24
105 142 10
105 143 61
105 147 75
105 148 56
105 160 35
105 163 39
105 173 44
105 181 73
105 184 33
105 186 62
105 189 68
105 196 48
105 197 34
105 198 65
106 107 62
106 111 72
106 112 50
106 117 16
106 118 63
106 121 28
106 134 70
106 135 6
106 143 62
106 149 28
106 152 40
106 160 7
106 161 20
106 162 33
106 173 36
106 174 40
106 177 27
106 189 31
106 200 55
107 117 10
107 121 23
107 125 26
107 128 40
107 130 55
107 134 79
107 142 32
107 155 78
107 157 37
107 161 49
107 167 2
107 169 36
107 173 12
107 180 76
107 181 76
107 186 71
107 187 30
107 189 19
107 200 63
108 109 1
108 110 53
108 111 8
108 119 6
108 136 5
108 137 54
108 140 44
108 141 25
108 149 47
108 150 42
108 156 66
108 160 29
108 165 72
108 170 33
108 171 55
108 172 16
108 173 38
108 182 48
108 197 76
109 112 49
109 115 46
109 120 19
109 122 80
109 134 4
109 142 9
109 147 68
109 150 68
109 164 51
109 171 77
109 173 53
109 176 28
109 178 60
109 180 21
109 182 5
109 191 2
109 200 43
110 127 40
110 131 29
110 134 79
110 137 34
110 148 9
110 151 5
110 154 6
110 156 57
110 158 24
110 160 31
110 163 66
110 167 49
110 172 65
110 180 78
110 181 22
110 189 29
110 196 49
111 115 42
111 116 19
111 121 67
111 129 72
111 130 79
111 134 10
111 135 19
111 136 47
111 140 30
111 148 12
111 150 2
111 151 35
111 152 75
111 156 34
111 160 76
111 167 71
111 174 37
111 176 23
111 181 1
111 182 29
111 184 42
111 198 76
111 199 71
111 200 33
112 113 25
112 116 4
112 117 26
112 119 57
112 124 32
112 125 63
112 127 10
112 142 48
112 144 72
112 148 30
112 152 45
112 154 56
112 159 15
112 166 58
112 169 75
112 178 59
112 181 1
112 184 20
112 188 30
112 190 80
112 192 62
113 117 21
113 118 19
113 126 57
113 129 13
113 134 78
113 136 45
113 141 73
113 148 23
113 150 12
113 151 80
113 152 67
113 156 71
113 158 59
113 159 51
113 160 36
113 161 69
113 165 33
113 167 19
113 176 42
113 186 65
113 190 21
113 193 8
113 194 40
113 195 72
113 197 62
113 198 16
113 200 3
114 115 30
114 116 4
114 134 35
114 135 67
114 136 19
114 143 17
114 148 80
114 150 31
114 152 43
114 153 69
114 159 12
114 169 21
114 172 53
114 181 40
114 183 49
114 190 50
114 198 49
114 199 10
115 117 44
115 118 14
115 131 21
115 134 24
115 143 56
115 146 64
115 152 72
115 157 10
115 164 76
115 165 47
115 169 73
115 170 31
115 178 41
115 179 56
115 181 43
115 182 43
115 190 80
115 191 17
116 121 25
116 123 10
116 126 62
116 133 41
116 138 68
116 139 2
116 141 58
116 151 41
116 152 66
116 159 44
116 162 12
116 164 71
116 173 61
116 177 8
116 182 18
116 184 41
117 119 46
117 131 60
117 139 69
117 148 59
117 152 8
117 160 36
117 164 42
117 165 5
117 168 39
117 181 74
117 195 6
117 200 46
118 131 57
118 154 71
118 157 12
118 163 11
118 166 13
118 181 5
118 183 58
118 192 73
118 198 56
119 121 50
119 122 59
119 130 55
119 141 36
119 145 31
119 158 66
119 160 9
119 168 20
119 183 53
119 187 69
119 190 18
119 197 71
119 198 79
120 126 10
120 128 65
120 135 28
120 142 44
120 143 7
120 154 41
120 159 34
120 163 52
120 166 36
120 167 30
120 171 42
120 186 76
120 187 24
120 188 57
120 196 63
121 125 28
121 127 67
121 131 33
121 132 78
121 133 42
121 136 21
121 142 49
121 146 29
121 147 1
121 163 79
121 171 50
121 176 64
121 185 29
121 197 64
122 133 51
122 142 9
122 148 3
122 154 67
122 159 26
122 163 19
122 165 34
122 169 48
122 179 54
122 182 42
122 189 70
122 196 17
123 124 17
123 130 79
123 131 41
123 135 67
123 137 2
123 140 65
123 141 78
123 153 17
123 157 52
123 185 13
123 187 22
123 190 11
124 133 66
124 135 75
124 140 2
124 145 14
124 148 42
124 149 32
124 159 12
124 162 46
124 163 2
124 165 28
124 166 48
124 173 42
124 181 14
124 186 78
124 193 44
124 195 52
124 197 76
125 126 63
125 129 13
125 131 74
125 135 72
125 137 42
125 147 72
125 149 15
125 153 37
125 154 20
125 162 66
125 166 70
125 179 21
125 190 28
125 191 26
126 127 35
126 131 27
126 137 71
126 139 69
126 140 7
126 146 1
126 147 70
126 152 78
126 159 59
126 162 26
126 163 68
126 166 10
126 167 29
126 171 7
126 181 46
126 184 29
126 192 75
126 195 19
126 197 1
126 199 55
126 200 28
127 132 70
127 135 5
127 145 66
127 151 51
127 152 2
127 159 58
127 161 30
127 164 27
127 165 28
127 175 17
127 179 64
127 183 33
127 197 67
128 132 71
128 137 47
128 143 59
128 144 48
128 147 43
128 148 60
128 161 61
128 162 31
128 163 55
128 169 45
128 174 40
128 175 56
128 178 1
128 185 39
128 186 43
128 187 62
129 132 34
129 153 73
129 154 46
129 166 27
129 169 4
129 173 43
129 174 6
129 176 11
129 185 46
129 186 34
129 190 73
129 195 3
129 198 8
129 199 54
130 132 43
130 136 32
130 137 2
130 138 40
130 139 55
130 140 27
130 141 12
130 142 21
130 144 77
130 146 5
130 152 22
130 153 45
130 166 61
130 183 13
130 191 80
130 194 16
130 199 45
131 132 63
131 140 72
131 172 35
131 176 6
131 184 9
131 185 41
131 187 56
131 192 70
131 198 79
132 134 5
132 136 4
132 144 72
132 148 10
132 149 51
132 150 17
132 153 53
132 158 49
132 180 34
132 184 44
132 185 29
132 195 43
133 137 32
133 139 24
133 141 53
133 142 74
133 148 19
133 154 1
133 156 58
133 163 21
133 167 71
133 172 9
133 176 25
133 178 6
133 184 14
133 189 37
133 195 40
133 197 74
133 200 60
134 135 58
134 137 17
134 138 35
134 139 68
134 143 72
134 149 43
134 150 55
134 151 3
134 156 66
134 157 42
134 159 35
134 162 63
134 168 36
134 172 72
134 175 24
134 176 49
134 189 67
134 192 24
134 196 34
134 197 1
135 136 56
135 139 2
135 149 20
135 151 31
135 152 5
135 153 74
135 154 70
135 155 26
135 156 58
135 194 51
135 199 3
136 139 27
136 141 32
136 147 76
136 149 1
136 150 32
136 155 58
136 160 25
136 161 9
136 163 7
136 171 19
136 172 14
136 173 7
136 180 4
136 190 39
136 195 80
136 196 34
137 146 4
137 153 6
137 156 33
137 166 39
137 168 35
137 169 9
137 171 30
137 173 44
137 175 74
137 184 80
137 192 23
137 197 5
138 146 78
138 150 51
138 156 49
138 157 4
138 158 70
138 161 54
138 162 10
138 166 72
138 168 37
138 174 25
138 177 32
138 186 33
138 188 15
138 190 55
138 193 28
138 198 61
139 152 26
139 154 72
139 155 17
139 157 80
139 162 38
139 164 53
139 165 1
139 170 22
139 176 61
139 177 77
139 178 66
139 181 6
139 188 78
139 190 79
139 194 3
140 143 48
140 153 35
140 156 46
140 167 30
140 168 29
140 169 68
140 180 16
140 191 52
140 195 47
140 200 69
141 143 60
141 148 4
141 151 58
141 154 27
141 157 1
141 171 60
141 179 32
141 181 6
141 194 5
141 199 13
142 143 2
142 144 52
142 145 36
142 147 27
142 149 70
142 155 15
142 157 41
142 159 43
142 170 49
142 175 4
142 189 64
142 196 18
143 156 49
143 169 58
143 174 65
143 176 61
143 183 78
143 193 30
143 200 43
144 149 9
144 151 29
144 155 16
144 159 11
144 172 61
144 191 47
144 194 16
144 195 61
144 196 21
144 199 12
145 148 43
145 149 9
145 153 75
145 154 31
145 157 56
145 158 79
145 162 49
145 163 24
145 170 68
145 171 47
145 177 5
145 180 17
145 187 45
145 194 67
145 200 20
146 159 17
146 163 68
146 174 79
146 175 38
146 178 15
146 181 41
146 186 10
146 188 26
146 191 35
147 148 78
147 151 48
147 152 74
147 155 59
147 162 46
147 170 54
147 172 32
147 178 49
147 184 1
147 186 58
147 187 62
147 190 12
148 149 33
148 150 40
148 151 40
148 157 54
148 158 17
148 159 12
148 160 60
148 165 34
148 166 71
148 174 23
148 181 12
148 183 39
148 184 4
148 185 73
148 188 34
149 153 41
149 158 46
149 159 6
149 163 5
149 164 56
149 168 76
149 170 10
149 173 53
149 177 4
149 178 66
149 181 16
149 188 73
149 191 41
149 192 33
149 196 69
149 199 1
149 200 16
150 159 38
150 168 57
150 169 66
150 176 74
150 178 77
150 179 54
150 180 6
150 189 78
150 191 66
150 193 36
151 153 40
151 155 11
151 156 12
151 177 29
151 185 54
151 196 42
152 155 2
152 159 66
152 164 62
152 169 42
152 171 39
152 174 31
152 176 45
152 179 22
152 180 56
152 188 71
153 158 8
153 160 37
153 164 28
153 179 60
153 180 6
153 183 54
153 186 27
153 193 61
153 196 67
153 197 79
154 162 43
154 167 64
154 169 55
154 171 32
154 177 53
154 182 55
154 185 73
154 194 4
155 163 19
155 170 51
155 181 26
155 186 31
155 192 6
155 193 64
155 194 70
155 196 70
155 199 34
156 159 32
156 163 20
156 169 3
156 186 10
156 192 29
157 158 80
157 163 51
157 168 31
157 179 43
157 189 59
157 195 71
158 170 63
158 173 74
158 176 14
158 177 46
158 186 19
158 188 20
158 190 76
159 164 63
159 172 53
159 173 46
159 175 27
159 178 75
159 184 32
159 191 51
159 197 41
159 200 54
160 165 54
160 166 58
160 169 28
160 172 52
160 175 70
160 183 80
160 184 22
160 190 76
160 194 12
160 197 50
160 199 24
161 164 59
161 167 12
161 174 50
161 181 38
161 186 14
161 195 12
161 197 17
161 198 52
162 164 51
162 174 60
162 175 62
162 188 56
162 197 14
162 199 69
163 164 69
163 165 28
163 169 72
163 170 7
163 171 16
163 173 26
163 175 56
163 176 22
163 177 26
163 178 24
163 196 27
164 171 42
164 173 6
164 175 18
164 176 42
164 177 57
164 178 23
164 193 13
164 197 21
165 176 69
165 188 60
165 192 58
165 199 9
165 200 65
166 168 33
166 169 45
166 172 44
166 184 54
166 190 3
166 192 10
166 194 10
167 169 74
167 178 67
167 182 35
167 184 62
167 197 36
168 171 79
168 174 71
168 175 12
168 176 32
168 177 75
168 180 63
168 184 79
168 193 63
168 195 72
168 200 35
169 170 78
169 177 56
169 182 10
169 184 11
169 186 9
169 188 27
169 190 31
169 194 13
170 173 79
170 175 32
170 176 30
170 191 4
171 172 61
171 173 18
171 180 1
171 199 57
172 173 16
172 177 15
172 183 60
172 187 5
172 193 57
172 199 11
172 200 15
173 177 38
173 178 10
173 180 76
173 181 51
173 188 25
173 191 29
173 192 58
173 194 45
174 175 63
174 177 53
174 184 63
174 185 49
174 188 60
174 190 23
174 191 78
174 192 37
174 196 4
174 198 6
174 199 21
175 184 51
175 193 52
175 195 36
176 182 61
176 191 67
176 192 40
176 193 43
176 196 50
177 184 1
177 192 61
177 199 53
178 179 7
178 180 12
178 183 24
178 185 40
178 193 53
178 194 19
179 183 42
179 189 13
179 195 17
179 198 35
180 188 62
180 195 75
181 187 71
181 190 50
181 192 2
181 197 40
181 198 42
181 199 75
181 200 75
182 189 50
182 197 68
182 199 29
183 184 8
183 190 67
183 198 56
183 200 35
184 187 69
184 188 44
184 189 29
184 194 78
184 196 72
185 186 69
185 196 80
185 200 14
186 187 32
186 194 44
186 195 64
186 196 11
186 200 11
187 188 44
187 192 39
187 197 36
187 200 72
188 191 24
189 190 15
190 196 36
190 200 76
191 193 37
192 193 4
192 195 40
193 194 30
194 199 41
195 196 58
196 200 79
