200 1991
1 5 5
1 6 40
1 59 22
1 66 27
1 71 19
1 76 36
1 84 37
1 86 29
1 90 37
1 95 29
1 96 33
1 120 40
1 122 25
1 126 25
1 127 17
1 133 5
1 135 28
1 139 34
1 142 36
1 147 28
1 150 33
1 151 19
1 168 22
1 172 29
1 179 28
1 182 8
1 184 7
1 187 29
1 193 15
1 200 16
2 41 28
2 43 39
2 46 3
2 61 2
2 91 20
2 103 5
2 108 2
2 116 38
2 123 37
2 158 23
2 159 22
2 169 11
2 173 17
3 7 32
3 27 13
3 37 38
3 48 30
3 55 21
3 60 15
3 74 17
3 82 1
3 95 10
3 103 37
3 108 26
3 111 32
3 117 12
3 123 39
3 140 11
3 145 29
3 146 37
3 162 21
3 164 38
3 167 35
3 171 37
3 175 29
4 6 18
4 12 17
4 13 22
4 17 27
4 19 31
4 32 37
4 37 5
4 46 9
4 57 4
4 60 19
4 68 33
4 81 22
4 96 5
4 99 4
4 131 12
4 138 1
4 140 34
4 141 11
4 143 30
4 158 27
4 160 35
4 195 39
5 12 29
5 15 38
5 17 1
5 22 28
5 25 5
5 54 29
5 57 18
5 58 6
5 64 16
5 72 2
5 79 9
5 81 39
5 98 40
5 109 8
5 121 37
5 137 12
5 155 2
5 161 13
5 171 17
5 175 17
5 180 29
5 186 28
6 49 18
6 68 16
6 73 30
6 74 20
6 90 23
6 99 22
6 106 14
6 108 28
6 114 31
6 119 26
6 129 27
6 149 10
6 162 39
6 172 24
6 183 35
6 191 25
6 198 10
6 200 4
7 10 15
7 18 13
7 19 16
7 35 15
7 41 32
7 45 10
7 46 26
7 62 39
7 142 38
7 150 8
7 165 18
7 167 28
7 169 14
7 185 29
7 196 37
8 14 16
8 19 10
8 21 6
8 27 32
8 28 20
8 92 8
8 100 22
8 102 8
8 119 33
8 120 34
8 124 38
8 130 13
8 131 15
8 133 11
8 141 14
8 146 30
8 149 21
8 155 12
8 160 31
8 166 30
8 174 30
8 176 5
8 190 23
9 17 32
9 18 17
9 22 30
9 28 26
9 30 5
9 58 20
9 62 29
9 68 30
9 72 26
9 108 18
9 120 13
9 136 3
9 140 16
9 145 4
9 148 39
9 149 32
9 169 11
9 184 24
10 28 39
10 31 31
10 45 27
10 64 38
10 84 26
10 124 17
10 130 2
10 147 26
10 148 10
10 157 27
10 163 6
10 185 23
10 192 11
10 196 35
10 199 30
11 21 38
11 57 27
11 60 15
11 65 37
11 66 32
11 67 16
11 71 29
11 103 11
11 105 7
11 114 25
11 124 1
11 141 30
11 142 18
11 144 1
11 145 34
11 148 18
11 163 34
11 169 10
11 186 5
11 197 3
12 17 33
12 18 19
12 42 13
12 52 2
12 56 37
12 73 5
12 82 31
12 83 21
12 88 28
12 98 9
12 105 39
12 112 33
12 115 19
12 116 20
12 135 28
12 166 37
12 170 5
12 181 1
12 185 10
12 190 26
13 16 37
13 30 23
13 32 35
13 38 15
13 54 27
13 59 40
13 66 31
13 69 15
13 87 27
13 95 38
13 105 12
13 128 1
13 131 8
13 151 4
13 154 7
13 155 24
13 182 18
13 187 30
13 196 25
13 198 23
13 200 33
14 19 13
14 20 19
14 37 20
14 59 15
14 63 6
14 75 32
14 88 39
14 104 12
14 126 37
14 127 13
14 135 12
14 146 1
14 156 37
14 167 8
14 176 3
14 188 7
15 17 40
15 20 29
15 39 39
15 43 4
15 52 7
15 53 15
15 104 7
15 105 5
15 114 35
15 116 26
15 120 32
15 122 17
15 123 37
15 141 20
15 143 4
15 157 4
15 166 8
15 190 40
16 19 10
16 49 36
16 52 23
16 54 9
16 59 12
16 76 18
16 81 17
16 99 2
16 106 24
16 107 6
16 111 27
16 130 14
16 135 30
16 136 39
16 153 36
16 160 5
16 165 33
16 166 13
16 182 2
16 184 18
16 195 34
17 55 21
17 65 25
17 67 24
17 75 5
17 78 22
17 89 22
17 97 16
17 102 39
17 112 5
17 137 29
17 148 13
17 154 25
17 156 10
17 196 33
18 24 18
18 27 9
18 28 7
18 30 16
18 40 37
18 55 8
18 77 28
18 80 8
18 116 18
18 120 24
18 130 13
18 139 24
18 163 37
18 166 21
18 191 10
18 194 1
19 30 14
19 31 22
19 46 20
19 52 29
19 53 19
19 58 2
19 60 17
19 65 33
19 70 5
19 76 19
19 93 9
19 108 28
19 114 26
19 116 2
19 137 24
19 138 35
19 157 23
19 167 36
19 177 35
19 180 8
19 199 1
20 31 2
20 51 38
20 72 19
20 84 30
20 94 26
20 113 36
20 117 8
20 118 33
20 120 28
20 121 10
20 126 37
20 158 31
20 162 24
20 171 14
20 177 22
20 181 18
20 182 36
20 183 40
20 184 25
21 22 38
21 27 27
21 33 23
21 50 40
21 64 11
21 65 32
21 67 3
21 73 37
21 76 39
21 79 1
21 81 6
21 85 5
21 105 7
21 131 39
21 132 24
21 153 29
21 177 9
21 179 9
21 194 34
22 27 18
22 28 7
22 29 36
22 32 9
22 34 17
22 39 28
22 46 31
22 89 10
22 94 22
22 107 39
22 112 13
22 120 16
22 127 12
22 141 2
22 145 29
22 172 27
22 177 33
22 183 23
22 188 29
23 27 27
23 28 25
23 35 23
23 40 11
23 58 35
23 59 3
23 73 31
23 75 32
23 79 13
23 101 28
23 111 1
23 117 10
23 135 3
23 140 4
23 141 31
23 146 3
23 147 5
23 149 14
23 174 40
23 178 10
23 180 1
23 184 20
23 189 40
23 199 39
23 200 31
24 26 26
24 31 35
24 33 37
24 46 32
24 47 40
24 52 33
24 68 27
24 82 3
24 96 4
24 103 36
24 112 4
24 130 26
24 132 29
24 142 15
24 146 17
24 153 29
24 155 27
24 162 37
24 163 29
24 166 11
24 200 20
25 29 18
25 46 35
25 47 19
25 48 31
25 55 15
25 57 12
25 62 20
25 67 6
25 70 17
25 71 31
25 89 34
25 105 14
25 120 32
25 132 17
25 140 39
25 151 6
25 178 32
25 180 6
25 189 13
25 191 18
26 78 16
26 87 15
26 90 10
26 129 20
26 160 27
26 172 14
27 29 7
27 32 37
27 44 30
27 58 5
27 67 19
27 81 12
27 84 15
27 86 15
27 90 6
27 95 13
27 108 30
27 147 11
27 148 19
27 151 34
27 155 25
27 161 11
27 164 31
27 177 32
27 182 2
27 198 34
28 29 38
28 30 33
28 43 26
28 49 14
28 60 31
28 66 28
28 67 26
28 77 14
28 90 8
28 104 17
28 111 9
28 122 23
28 134 37
28 141 20
28 144 29
28 147 22
28 148 40
28 153 17
28 158 2
28 168 28
28 176 4
28 180 31
28 181 17
28 182 27
28 189 28
29 36 1
29 40 22
29 43 20
29 46 18
29 48 32
29 52 4
29 62 7
29 75 11
29 80 39
29 83 27
29 90 33
29 97 23
29 114 24
29 115 18
29 118 8
29 142 28
29 148 1
29 160 40
29 162 4
29 174 26
29 184 2
29 196 36
30 34 27
30 49 28
30 56 38
30 57 8
30 62 35
30 67 10
30 78 13
30 113 20
30 149 39
30 154 15
30 165 34
30 171 9
30 173 14
30 174 24
30 199 18
31 32 20
31 48 27
31 49 9
31 50 7
31 55 31
31 63 15
31 73 4
31 82 15
31 89 5
31 90 32
31 110 14
31 130 18
31 131 38
31 139 29
31 144 3
31 149 22
31 164 17
31 165 7
31 166 40
31 170 36
31 183 36
31 187 20
31 193 13
31 196 10
32 35 4
32 58 6
32 62 22
32 63 24
32 71 9
32 72 19
32 92 35
32 104 13
32 107 5
32 108 6
32 109 10
32 111 3
32 119 29
32 123 35
32 124 18
32 125 9
32 170 31
32 182 21
32 193 7
33 45 5
33 56 24
33 63 13
33 79 38
33 105 26
33 114 36
33 130 36
33 153 5
34 55 15
34 60 14
34 70 40
34 75 38
34 77 22
34 81 26
34 83 4
34 90 29
34 96 23
34 120 23
34 123 2
34 140 22
34 150 6
34 151 40
34 176 27
34 178 2
34 183 26
34 190 23
34 198 6
34 199 10
35 47 40
35 57 22
35 69 18
35 95 15
35 99 37
35 108 3
35 115 7
35 126 17
35 142 7
35 164 32
35 179 14
35 183 2
35 185 22
35 186 25
35 188 12
36 41 35
36 46 1
36 58 25
36 68 25
36 100 11
36 112 8
36 116 35
36 120 7
36 122 39
36 130 20
36 131 17
36 139 34
36 143 40
36 144 40
36 164 4
36 180 27
36 197 17
36 198 40
37 56 25
37 60 24
37 70 6
37 79 37
37 89 20
37 100 19
37 107 40
37 112 20
37 113 9
37 117 36
37 120 5
37 130 1
37 132 18
37 133 18
37 140 2
37 143 5
37 151 21
37 160 11
37 167 26
37 186 20
37 189 30
37 192 4
38 40 33
38 42 6
38 47 3
38 58 31
38 60 21
38 61 7
38 87 5
38 97 2
38 111 6
38 117 8
38 125 9
38 144 18
38 148 16
38 149 14
38 177 27
38 180 30
38 185 39
39 40 20
39 44 11
39 49 14
39 55 16
39 57 11
39 60 9
39 63 34
39 68 23
39 80 4
39 81 28
39 83 6
39 86 10
39 127 3
39 135 19
39 159 8
39 161 25
40 45 40
40 47 4
40 72 11
40 76 3
40 109 2
40 125 32
40 144 23
40 153 11
40 162 35
40 166 22
40 199 22
40 200 39
41 46 19
41 49 10
41 79 20
41 80 16
41 82 18
41 86 15
41 88 2
41 108 10
41 117 7
41 120 2
41 131 25
41 146 18
41 151 10
41 168 27
41 178 6
41 195 35
42 70 27
42 95 11
42 96 27
42 97 38
42 127 6
42 147 19
42 167 34
42 183 13
42 197 31
43 44 28
43 48 14
43 54 30
43 63 31
43 65 12
43 78 28
43 81 15
43 94 22
43 97 31
43 98 4
43 102 29
43 107 36
43 108 23
43 114 9
43 131 26
43 141 6
43 148 18
43 152 36
43 158 39
43 166 36
43 169 25
43 189 28
44 57 17
44 85 34
44 100 36
44 129 3
44 131 17
44 142 32
44 143 2
44 156 36
44 167 22
44 169 2
44 195 18
45 61 17
45 80 25
45 85 15
45 89 30
45 93 10
45 104 17
45 109 32
45 116 5
45 120 6
45 121 2
45 133 16
45 146 9
45 147 6
45 149 6
45 153 36
45 170 32
45 173 30
45 176 22
45 182 16
45 193 7
45 195 1
46 48 12
46 68 24
46 77 37
46 81 40
46 85 26
46 95 6
46 111 3
46 142 37
46 146 24
46 155 6
46 158 21
46 166 8
46 168 21
46 172 34
46 185 3
46 186 29
46 193 40
47 60 26
47 85 1
47 86 22
47 87 8
47 99 21
47 104 23
47 105 7
47 109 6
47 112 29
47 114 31
47 132 25
47 136 2
47 143 28
47 144 2
47 149 31
47 151 21
47 164 39
47 177 19
47 183 24
47 188 8
47 191 22
48 51 17
48 67 24
48 76 17
48 77 6
48 105 31
48 114 17
48 133 39
48 143 18
48 146 22
48 166 24
48 180 39
48 183 40
49 54 3
49 60 20
49 64 18
49 71 36
49 81 23
49 82 5
49 91 24
49 99 6
49 102 13
49 131 4
49 145 19
49 185 14
50 52 8
50 76 6
50 78 8
50 93 1
50 95 4
50 97 30
50 118 8
50 123 24
50 130 40
50 137 40
50 139 3
50 157 4
50 159 12
50 166 8
50 174 3
50 177 5
50 185 18
50 195 13
50 199 40
51 53 15
51 63 36
51 84 22
51 86 1
51 88 40
51 99 11
51 102 21
51 108 26
51 109 31
51 119 16
51 125 15
51 132 7
51 133 16
51 149 25
51 165 40
51 174 14
52 106 31
52 109 34
52 110 1
52 117 33
52 137 25
52 141 29
52 149 17
52 150 14
52 165 28
52 182 21
53 71 28
53 72 5
53 73 36
53 94 26
53 104 21
53 108 6
53 119 27
53 141 16
53 143 28
53 160 15
53 168 7
53 170 40
53 174 25
53 193 14
54 64 6
54 70 18
54 71 11
54 77 12
54 79 28
54 160 12
54 162 38
54 165 34
54 167 30
54 170 30
54 173 26
54 182 1
54 187 14
54 196 29
54 197 23
54 199 8
55 75 22
55 79 32
55 93 15
55 121 37
55 126 11
55 129 20
55 143 29
55 158 39
55 170 20
55 172 24
55 173 2
55 195 8
55 197 1
56 102 3
56 106 13
56 131 12
56 142 38
56 151 37
56 156 31
56 160 22
56 167 36
56 181 19
56 189 34
56 197 39
56 200 33
57 62 6
57 68 31
57 93 26
57 97 10
57 99 38
57 101 12
57 110 18
57 126 20
57 128 23
57 129 30
57 130 7
57 143 38
57 161 6
57 165 10
57 171 12
57 177 31
57 183 19
57 187 15
58 64 6
58 76 17
58 90 17
58 100 25
58 110 6
58 118 1
58 123 10
58 126 32
58 129 14
58 135 24
58 139 21
58 145 33
58 147 10
58 151 20
58 158 40
58 184 1
58 185 30
59 63 4
59 66 8
59 69 38
59 77 6
59 82 33
59 86 5
59 96 32
59 104 21
59 105 34
59 112 29
59 117 11
59 120 3
59 127 9
59 133 5
59 134 25
59 156 21
59 163 37
59 194 5
59 195 24
59 196 10
60 69 19
60 81 12
60 94 34
60 106 22
60 122 40
60 125 24
60 157 37
60 167 25
60 192 40
61 69 26
61 82 34
61 92 13
61 94 17
61 98 16
61 124 23
61 141 36
61 142 12
61 149 22
61 151 12
61 156 29
61 164 8
61 169 6
62 70 3
62 78 13
62 80 14
62 81 6
62 86 24
62 98 33
62 109 29
62 110 12
62 114 36
62 138 3
62 151 16
62 162 38
62 163 35
62 164 32
62 172 15
62 189 23
62 196 22
62 198 20
63 65 12
63 66 32
63 107 17
63 109 17
63 120 31
63 122 27
63 138 12
63 142 6
63 144 4
63 164 32
63 170 36
63 192 23
64 67 26
64 68 32
64 71 5
64 76 29
64 77 12
64 116 37
64 118 20
64 119 4
64 125 3
64 140 18
64 152 26
64 154 12
64 165 25
65 96 18
65 100 33
65 102 11
65 133 28
65 135 22
65 139 23
65 140 40
65 160 26
65 163 10
65 169 34
65 177 21
65 184 2
66 103 13
66 109 11
66 114 7
66 122 25
66 125 29
66 127 6
66 132 15
66 133 14
66 138 36
66 144 3
66 145 38
66 146 32
66 148 1
66 163 25
66 169 32
66 174 31
66 178 29
66 188 1
67 71 22
67 76 23
67 107 40
67 127 19
67 161 6
67 190 6
67 192 15
68 69 17
68 77 9
68 79 28
68 97 23
68 107 35
68 109 27
68 112 19
68 126 4
68 127 31
68 153 38
68 157 29
68 168 25
68 182 7
69 84 34
69 87 15
69 95 7
69 96 40
69 111 23
69 115 1
69 127 17
69 148 38
69 172 27
69 189 13
69 191 12
69 195 3
69 197 16
70 77 11
70 79 9
70 91 6
70 94 34
70 100 40
70 129 29
70 133 10
70 134 37
70 144 8
70 148 22
70 162 4
70 171 33
70 177 16
70 189 37
70 195 12
70 200 8
71 94 33
71 115 11
71 117 18
71 138 22
71 139 1
71 146 10
71 158 31
71 179 14
71 193 37
71 199 6
72 92 16
72 94 27
72 97 26
72 105 29
72 117 3
72 141 28
72 147 14
72 148 2
72 184 4
72 198 34
72 200 5
73 81 4
73 88 12
73 95 36
73 99 20
73 113 38
73 116 23
73 119 19
73 120 29
73 124 6
73 149 6
73 178 18
73 186 13
73 190 27
73 194 7
73 195 12
74 79 22
74 86 31
74 89 19
74 110 20
74 121 1
74 123 8
74 129 27
74 132 36
74 136 34
74 144 30
74 154 24
74 173 34
74 174 9
74 177 36
75 82 36
75 90 19
75 99 17
75 101 8
75 105 29
75 106 2
75 135 16
75 147 36
75 159 12
75 164 40
75 168 38
75 186 8
75 198 26
75 199 23
75 200 19
76 84 13
76 98 40
76 135 17
76 184 23
76 192 20
76 200 7
77 86 32
77 103 24
77 153 30
77 179 20
77 183 22
77 191 1
78 93 23
78 94 2
78 99 34
78 113 13
78 114 38
78 145 12
78 153 12
78 158 10
78 169 35
78 170 31
78 182 14
78 188 16
79 81 21
79 99 13
79 112 23
79 116 14
79 124 17
79 140 6
79 157 32
79 159 13
79 180 19
79 181 38
79 185 12
79 197 7
79 198 9
80 85 16
80 88 8
80 89 18
80 92 16
80 94 29
80 106 26
80 117 39
80 120 5
80 145 16
80 148 33
80 149 34
80 153 35
80 161 35
80 166 40
80 168 31
80 169 4
81 102 26
81 103 7
81 154 27
81 170 25
81 173 20
81 174 1
81 188 3
81 193 17
82 86 29
82 101 12
82 107 19
82 112 32
82 128 30
82 166 40
82 169 5
83 88 10
83 95 31
83 97 6
83 168 12
83 170 1
83 190 34
83 197 38
84 102 12
84 104 32
84 139 9
84 151 26
84 171 19
84 178 38
84 194 32
84 195 33
85 110 9
85 127 15
85 131 39
85 138 12
85 153 5
85 161 31
85 165 38
85 178 1
85 192 12
85 198 8
86 92 10
86 102 39
86 103 40
86 115 31
86 119 29
86 121 12
86 124 36
86 137 8
86 145 12
86 169 36
86 178 24
86 187 18
86 193 7
87 93 24
87 130 34
87 136 31
87 156 9
87 164 38
87 173 34
88 95 8
88 101 13
88 113 7
88 132 33
88 142 27
88 143 25
88 165 27
88 166 31
88 178 40
88 179 18
88 193 8
88 197 39
89 99 34
89 101 24
89 102 20
89 104 5
89 106 9
89 113 31
89 117 29
89 119 15
89 139 16
89 151 27
89 153 5
89 175 1
89 197 6
89 199 11
90 105 38
90 114 29
90 118 16
90 120 15
90 122 20
90 123 25
90 127 38
90 132 3
90 138 1
90 139 18
90 144 36
90 145 19
90 172 14
90 184 16
90 188 6
90 195 31
90 198 31
91 137 7
91 161 8
91 179 27
91 189 31
92 93 2
92 97 7
92 104 36
92 135 25
92 144 8
92 156 31
92 160 19
92 161 23
92 169 28
92 188 10
92 200 20
93 109 13
93 114 11
93 115 16
93 126 13
93 136 7
93 149 25
93 150 35
93 161 38
93 181 6
93 184 1
93 186 12
94 97 19
94 99 21
94 101 22
94 102 4
94 122 34
94 125 31
94 148 30
94 152 34
94 168 34
94 172 9
94 181 3
94 185 29
94 187 39
94 197 11
94 200 28
95 101 35
95 106 1
95 110 5
95 122 6
95 125 10
95 160 6
95 162 31
95 166 1
95 184 6
96 99 14
96 145 12
96 147 4
96 153 6
96 157 33
96 178 27
96 186 23
96 188 38
96 190 1
97 101 13
97 103 12
97 119 3
97 128 36
97 134 11
97 147 25
97 153 30
97 154 32
97 163 29
97 167 35
97 180 24
97 184 29
97 191 27
98 102 38
98 105 18
98 112 37
98 113 22
98 125 14
98 154 33
98 155 20
98 163 17
98 171 25
98 186 17
98 192 12
98 193 27
99 112 39
99 126 18
99 156 20
99 159 3
99 161 40
99 168 14
99 180 37
99 186 19
99 187 14
99 197 5
99 199 26
100 152 33
100 156 36
100 158 7
100 167 31
100 192 40
101 105 6
101 107 18
101 122 22
101 126 24
101 127 11
101 137 36
101 149 19
101 150 12
101 152 14
101 161 10
101 168 33
101 179 31
101 181 31
101 195 37
102 138 37
102 147 34
102 185 16
102 190 22
102 191 10
103 117 26
103 123 36
103 128 16
103 146 14
103 159 1
103 160 30
103 162 1
103 166 13
103 168 21
103 183 26
104 110 8
104 112 4
104 119 3
104 120 9
104 150 29
104 165 39
104 168 11
104 174 9
104 180 26
104 188 39
104 191 26
105 114 38
105 137 13
105 147 30
105 149 4
105 151 23
105 155 36
105 166 20
106 120 19
106 126 14
106 150 2
106 170 14
106 173 5
106 175 34
106 179 18
106 186 35
106 189 27
107 124 2
107 133 15
107 142 17
107 143 23
107 147 7
107 176 11
107 181 12
107 197 1
107 198 12
108 117 12
108 131 10
108 147 2
108 159 32
108 160 4
108 175 23
108 191 29
108 199 20
109 137 10
109 138 7
109 149 7
109 162 17
109 167 1
109 177 16
109 180 21
109 185 9
109 200 31
110 119 6
110 120 24
110 125 33
110 129 23
110 133 18
110 142 22
110 149 17
110 177 27
110 191 35
110 195 2
111 118 25
111 121 7
111 131 40
111 155 16
111 156 14
111 167 24
111 175 31
111 177 17
111 186 30
111 191 18
111 200 26
112 136 21
112 158 37
112 160 31
112 167 37
112 184 40
112 191 26
113 120 4
113 125 37
113 140 19
113 155 33
113 156 12
113 159 2
113 165 10
113 166 21
113 167 3
113 172 2
113 182 13
113 186 30
114 131 12
114 134 7
114 140 33
114 143 28
114 144 33
114 146 21
114 148 38
114 152 31
114 166 29
114 191 20
114 198 20
114 200 10
115 125 8
115 126 29
115 144 5
115 157 40
115 158 6
115 159 29
115 162 37
115 179 37
116 118 1
116 126 13
116 127 14
116 145 3
116 169 2
116 174 37
116 175 20
116 182 29
116 184 13
117 121 6
117 122 8
117 126 12
117 128 39
117 148 3
117 150 11
117 155 14
117 177 2
117 184 3
117 189 40
117 191 39
117 195 37
117 199 30
118 149 1
118 161 26
118 163 34
118 175 30
118 177 33
118 191 38
118 199 30
119 152 29
119 154 35
119 156 27
119 159 12
119 166 10
119 174 22
119 189 34
119 192 2
120 157 10
120 172 7
120 177 22
120 179 32
121 123 23
121 124 17
121 125 33
121 127 19
121 130 31
121 134 18
121 150 19
121 168 2
121 169 5
121 178 38
121 188 22
122 136 16
122 160 6
122 164 4
122 174 30
122 175 24
122 193 35
122 199 31
123 128 19
123 129 10
123 134 5
123 138 39
123 166 22
123 191 29
123 194 6
123 197 4
124 125 1
124 152 6
124 155 30
124 166 37
124 172 3
124 181 9
124 184 2
125 131 5
125 134 18
125 167 34
125 176 31
125 179 40
125 198 21
126 127 37
126 129 16
126 163 20
126 171 5
126 173 12
126 176 24
126 180 16
126 189 18
126 191 19
126 196 4
126 198 1
127 129 31
127 164 4
127 167 21
127 190 25
128 135 6
128 141 11
128 155 18
128 160 4
128 172 31
128 188 40
129 133 7
129 135 4
129 142 1
129 152 20
129 153 11
129 156 29
129 183 23
129 188 30
129 194 30
130 142 6
130 150 24
130 156 3
130 160 19
130 168 24
130 182 35
131 134 21
131 136 10
131 180 17
132 133 14
132 135 25
132 141 6
132 144 26
132 147 18
132 151 12
132 153 25
132 163 6
132 165 17
132 170 8
132 180 26
132 185 21
132 190 6
132 192 23
132 199 7
133 141 35
133 145 36
133 153 23
133 155 13
133 187 40
134 152 19
134 157 39
134 164 31
134 188 10
135 154 15
135 175 11
135 184 35
135 192 14
135 197 22
136 139 34
136 162 17
136 166 12
137 149 12
137 151 13
137 159 18
137 168 30
137 170 34
137 173 35
137 176 8
138 139 9
138 146 24
138 147 19
138 150 22
138 152 11
138 181 3
138 189 8
138 193 25
138 197 18
138 199 38
139 152 7
139 175 24
139 177 12
139 179 40
139 180 18
140 146 32
140 147 17
140 160 36
140 183 10
140 190 29
140 193 36
140 200 26
141 142 21
141 148 28
141 154 30
141 162 5
141 170 33
141 173 36
141 179 30
141 192 34
141 194 14
142 158 13
142 185 7
142 187 22
142 190 15
142 195 37
143 149 28
143 152 13
143 188 23
144 176 3
144 196 25
145 171 22
145 192 27
146 164 18
146 171 22
146 187 9
146 188 12
146 191 10
146 197 5
146 200 25
147 177 6
147 180 31
147 185 30
147 192 33
147 193 36
147 195 7
148 166 27
148 172 15
148 174 19
148 186 23
148 193 21
148 195 39
148 199 19
148 200 19
149 151 12
149 158 16
149 169 4
149 178 8
150 158 20
150 161 23
150 172 24
150 184 36
150 192 29
150 194 8
151 153 23
151 158 5
151 188 37
151 200 22
152 153 36
152 157 1
152 173 7
152 198 38
153 164 1
153 166 15
153 188 20
154 163 12
154 166 18
154 167 18
154 183 17
154 185 12
155 162 5
155 196 28
156 163 19
156 167 6
156 180 30
156 197 38
157 172 1
157 186 27
158 188 32
158 196 40
159 170 13
159 200 16
160 170 20
160 181 26
160 183 13
160 195 35
161 164 32
161 168 1
161 177 15
161 180 36
161 182 8
161 200 18
162 170 8
162 179 20
162 186 35
162 187 16
163 170 17
163 179 20
163 185 34
163 191 21
163 193 13
164 165 34
164 171 25
164 178 19
164 181 30
164 185 38
164 193 30
165 169 25
165 184 25
165 187 33
165 193 33
166 168 17
167 176 27
167 186 33
167 195 31
168 169 31
168 189 8
169 182 20
169 191 9
169 198 10
170 174 33
170 181 18
170 195 26
170 196 26
170 199 30
171 172 39
171 175 19
171 184 40
171 196 32
172 183 10
172 184 24
172 193 18
173 198 10
174 191 37
175 193 14
175 194 9
176 181 16
176 195 23
177 181 25
177 183 37
177 198 23
178 180 22
178 195 16
179 181 39
179 193 36
180 191 7
180 194 3
180 195 17
180 196 11
181 194 25
182 183 36
182 188 11
183 188 21
183 190 3
184 191 14
185 191 1
185 192 32
185 198 5
186 195 11
187 199 1
188 198 17
188 200 18
190 200 32
191 193 31
193 195 23
