50 468
1 3 1
1 5 9
1 7 1
1 9 16
1 11 9
1 12 8
1 15 14
1 21 20
1 22 4
1 31 4
1 33 20
1 37 5
1 38 10
1 39 7
1 43 16
1 44 8
1 45 5
1 47 12
2 5 10
2 9 19
2 10 2
2 13 1
2 16 4
2 18 7
2 19 1
2 20 12
2 25 5
2 26 10
2 27 3
2 28 19
2 30 12
2 31 2
2 32 17
2 33 7
2 34 2
2 35 3
2 36 9
2 37 4
2 40 5
2 41 14
2 42 4
2 48 19
2 49 6
3 10 11
3 11 2
3 12 3
3 13 11
3 14 20
3 15 12
3 16 4
3 17 6
3 18 18
3 20 15
3 23 6
3 28 10
3 29 12
3 30 13
3 31 16
3 34 4
3 37 9
3 39 18
3 42 20
3 49 11
4 9 20
4 10 14
4 12 17
4 16 6
4 19 16
4 20 14
4 25 1
4 26 19
4 34 2
4 36 4
4 37 6
4 38 12
4 39 15
4 45 16
4 47 11
4 49 1
5 9 14
5 12 1
5 14 17
5 15 15
5 20 12
5 21 2
5 22 7
5 23 9
5 25 14
5 26 14
5 28 19
5 32 13
5 33 9
5 34 20
5 35 11
5 40 6
5 41 6
5 43 18
5 45 13
5 46 14
5 47 20
5 48 20
5 50 8
6 9 9
6 11 8
6 15 14
6 16 10
6 19 13
6 20 1
6 21 12
6 22 19
6 23 6
6 25 2
6 27 9
6 29 15
6 33 20
6 34 3
6 37 12
6 38 16
6 44 14
6 50 10
7 12 16
7 14 13
7 15 5
7 18 8
7 20 12
7 28 6
7 29 16
7 30 11
7 31 3
7 32 3
7 33 2
7 35 1
7 36 4
7 37 16
7 39 11
7 41 15
7 42 16
7 48 9
7 50 3
8 12 7
8 13 15
8 15 3
8 19 4
8 25 12
8 26 3
8 29 6
8 30 7
8 31 1
8 37 3
8 38 19
8 40 5
8 42 20
8 44 7
8 46 17
8 47 13
9 10 7
9 19 17
9 21 7
9 24 3
9 31 3
9 42 11
9 46 7
9 47 12
9 48 5
9 50 20
10 15 7
10 16 14
10 17 11
10 21 18
10 24 12
10 25 20
10 28 7
10 29 2
10 36 5
10 39 6
10 41 8
10 42 20
10 46 16
10 47 1
10 50 4
11 13 1
11 17 12
11 23 3
11 26 15
11 28 11
11 30 12
11 34 1
11 35 7
11 39 11
11 40 4
11 41 15
11 47 15
12 14 13
12 15 18
12 18 1
12 20 4
12 25 7
12 28 5
12 31 9
12 36 13
12 37 20
12 38 15
12 39 20
12 41 5
12 50 9
13 14 16
13 15 3
13 16 19
13 20 8
13 22 14
13 25 16
13 26 8
13 27 9
13 29 3
13 32 15
13 33 9
13 35 19
13 37 16
13 38 11
14 20 17
14 21 19
14 23 12
14 24 17
14 25 16
14 26 14
14 28 3
14 29 10
14 32 10
14 33 2
14 36 8
14 37 20
14 38 8
14 40 3
14 41 18
14 43 17
14 44 1
14 49 15
15 18 16
15 20 19
15 22 7
15 24 12
15 25 9
15 26 17
15 27 3
15 29 7
15 33 11
15 39 13
15 40 11
15 45 5
15 49 17
15 50 20
16 22 18
16 27 12
16 28 15
16 29 1
16 30 15
16 34 5
16 39 1
16 40 20
16 43 10
16 45 17
16 48 9
16 50 3
17 20 2
17 21 13
17 27 3
17 30 8
17 36 3
17 37 6
17 41 17
17 44 5
17 45 19
17 49 6
18 19 14
18 24 4
18 25 3
18 29 20
18 33 8
18 34 7
18 37 15
18 41 18
18 42 6
19 21 2
19 22 8
19 24 13
19 27 8
19 28 12
19 31 2
19 34 15
19 38 9
19 40 3
19 41 1
19 44 17
19 46 11
19 48 18
19 49 19
19 50 7
20 28 16
20 37 10
20 44 10
20 45 7
21 22 11
21 25 7
21 26 3
21 27 15
21 28 9
21 29 15
21 32 17
21 35 7
21 36 7
21 39 9
21 40 2
21 44 2
21 48 20
22 23 17
22 25 3
22 26 5
22 27 4
22 29 8
22 30 11
22 33 11
22 34 19
22 35 1
22 36 3
22 37 2
22 38 16
22 39 9
22 43 13
22 49 3
23 26 15
23 27 14
23 31 19
23 32 9
23 33 3
23 35 10
23 36 13
23 37 16
23 41 20
24 30 19
24 35 10
24 37 5
24 38 4
24 39 3
24 41 8
24 45 3
24 49 4
25 33 9
25 38 14
25 43 3
25 44 17
26 31 13
26 32 16
26 33 19
26 36 17
26 39 10
26 40 1
26 42 6
26 43 10
26 44 4
26 45 8
26 47 18
27 28 16
27 29 7
27 30 2
27 31 10
27 33 12
27 36 8
27 37 8
27 45 20
27 46 6
27 48 16
28 31 18
28 38 7
28 40 2
28 45 6
28 48 18
29 31 12
29 32 16
29 33 17
29 34 4
29 37 14
29 39 4
29 43 7
29 44 6
29 45 10
29 48 12
30 32 3
30 33 4
30 34 20
30 35 5
30 36 4
30 39 20
30 44 5
30 45 19
30 47 1
31 33 6
31 34 11
31 36 20
31 43 10
31 45 18
31 46 13
31 49 11
32 37 14
32 39 17
32 42 11
32 44 6
32 45 18
32 46 14
32 49 4
33 34 4
33 37 5
33 38 12
33 40 18
33 44 16
33 45 11
33 46 4
33 50 20
34 39 10
34 40 19
34 41 19
34 42 19
34 49 20
35 39 15
35 41 20
35 45 19
35 46 20
35 47 15
35 50 17
36 37 15
36 38 9
36 41 11
36 43 2
36 48 11
36 50 5
37 39 8
37 40 19
37 46 17
37 47 7
38 39 4
38 41 8
38 43 4
38 44 6
38 47 8
38 49 3
39 46 2
39 47 2
40 42 20
40 44 11
40 47 2
40 49 5
40 50 10
41 46 10
41 49 3
41 50 9
42 44 5
42 49 18
42 50 2
43 47 2
43 49 17
43 50 12
44 48 2
45 46 9
46 47 17
46 48 19
46 49 2
47 48 15
47 49 7
47 50 2
