50 522
1 5 25
1 6 39
1 7 12
1 8 55
1 10 76
1 12 17
1 16 31
1 19 67
1 21 43
1 22 49
1 23 22
1 25 46
1 29 64
1 30 49
1 32 48
1 33 50
1 34 6
1 35 79
1 37 23
1 39 53
1 40 56
1 42 41
1 43 27
1 44 15
1 45 36
1 47 59
2 4 16
2 8 51
2 10 59
2 12 65
2 13 80
2 15 59
2 17 3
2 18 67
2 20 78
2 21 52
2 24 28
2 27 41
2 28 31
2 30 37
2 33 59
2 34 53
2 35 70
2 38 20
2 39 28
2 43 2
2 44 80
2 47 72
2 48 74
3 4 27
3 6 65
3 7 67
3 8 19
3 10 46
3 11 33
3 13 51
3 15 42
3 16 31
3 18 74
3 20 1
3 21 71
3 22 65
3 23 35
3 26 65
3 31 48
3 34 1
3 36 68
3 39 33
3 40 2
3 46 29
3 49 1
4 5 57
4 7 64
4 10 63
4 14 11
4 15 54
4 18 57
4 27 3
4 28 58
4 31 73
4 34 65
4 36 31
4 39 80
4 40 72
4 42 30
4 44 69
4 45 77
4 47 20
4 48 31
5 7 59
5 11 16
5 12 37
5 13 14
5 15 10
5 19 27
5 22 26
5 23 16
5 26 22
5 28 3
5 31 15
5 32 40
5 39 21
5 42 48
5 43 79
5 45 58
5 46 6
5 47 28
5 49 15
6 14 11
6 18 5
6 22 68
6 23 46
6 27 17
6 28 23
6 29 56
6 32 51
6 35 57
6 40 29
6 41 35
6 42 14
6 43 3
6 44 14
6 46 12
6 48 28
7 11 22
7 14 45
7 17 25
7 18 75
7 20 71
7 21 44
7 23 4
7 26 61
7 27 27
7 30 1
7 33 40
7 34 16
7 37 53
7 38 2
7 39 63
7 40 54
7 41 32
7 42 17
7 45 62
8 9 55
8 11 7
8 12 18
8 14 42
8 17 46
8 20 65
8 25 46
8 28 51
8 29 13
8 32 49
8 35 17
8 36 69
8 40 73
8 44 39
8 45 61
8 48 57
9 10 14
9 13 45
9 15 32
9 20 6
9 24 69
9 25 60
9 26 67
9 27 13
9 28 68
9 29 23
9 33 26
9 36 64
9 37 75
9 38 40
9 41 54
9 42 5
9 43 19
9 45 61
9 46 12
9 47 10
9 48 44
9 50 41
10 16 71
10 18 30
10 20 57
10 22 36
10 25 17
10 28 23
10 29 7
10 32 60
10 33 16
10 34 46
10 42 54
10 44 26
10 45 60
10 47 40
10 50 76
11 12 15
11 14 14
11 15 74
11 17 49
11 19 16
11 20 79
11 21 65
11 24 12
11 27 56
11 28 51
11 30 54
11 34 34
11 35 16
11 40 29
11 42 16
11 45 14
11 49 56
11 50 50
12 13 49
12 14 33
12 17 19
12 21 40
12 23 2
12 24 14
12 25 63
12 27 62
12 28 30
12 29 53
12 36 79
12 37 79
12 40 38
12 45 29
12 47 65
13 15 40
13 17 30
13 19 52
13 21 14
13 22 2
13 23 35
13 27 58
13 29 16
13 30 10
13 31 79
13 33 51
13 34 13
13 37 76
13 40 36
13 41 77
13 42 11
13 44 77
13 47 45
13 48 72
13 50 65
14 15 46
14 17 44
14 20 62
14 22 2
14 24 3
14 25 13
14 30 57
14 31 8
14 32 47
14 34 25
14 35 21
14 37 56
14 38 55
14 39 64
14 40 15
14 43 76
14 44 16
14 45 15
15 16 47
15 17 37
15 20 21
15 21 8
15 22 1
15 23 11
15 27 17
15 31 48
15 32 46
15 33 52
15 34 68
15 36 34
15 37 39
15 40 48
15 42 58
15 43 62
15 48 20
15 50 61
16 17 54
16 19 25
16 20 63
16 25 24
16 27 15
16 28 7
16 32 3
16 37 38
16 41 49
16 43 29
16 45 24
16 46 56
16 47 31
17 23 76
17 25 23
17 32 17
17 33 8
17 34 47
17 35 49
17 38 75
17 41 15
17 45 64
17 47 47
17 48 6
18 22 23
18 26 33
18 29 76
18 32 22
18 33 5
18 34 67
18 37 44
18 38 37
18 40 50
18 41 5
18 43 75
18 49 37
18 50 46
19 23 54
19 26 5
19 27 59
19 28 8
19 29 74
19 30 58
19 35 16
19 37 49
19 39 45
19 42 14
20 23 64
20 24 35
20 27 22
20 28 31
20 30 30
20 32 61
20 33 72
20 34 2
20 36 74
20 39 34
20 40 39
20 42 69
20 44 55
20 46 43
21 23 5
21 28 15
21 29 33
21 30 20
21 33 27
21 37 38
21 38 75
21 39 69
21 41 26
21 42 30
21 50 64
22 23 16
22 25 77
22 28 44
22 33 19
22 35 63
22 37 18
22 39 71
22 40 38
22 43 18
22 47 29
22 48 73
22 50 67
23 24 48
23 25 45
23 26 79
23 28 21
23 33 28
23 35 34
23 36 37
23 38 10
23 43 64
23 45 20
23 49 25
23 50 68
24 25 55
24 26 65
24 30 9
24 32 57
24 33 2
24 35 35
24 38 2
24 39 10
24 41 9
24 43 55
24 46 16
24 47 51
24 49 62
25 29 12
25 36 6
25 37 75
25 38 10
25 48 28
26 29 46
26 30 57
26 35 44
26 37 14
26 39 11
26 40 14
26 42 73
26 45 65
26 47 3
27 29 22
27 31 43
27 32 79
27 36 57
27 40 70
27 42 4
27 45 10
28 29 11
28 32 55
28 41 30
28 42 3
28 49 67
29 32 10
29 34 43
29 35 18
29 39 6
29 43 13
29 44 8
29 45 45
29 47 42
29 49 7
29 50 34
30 32 7
30 34 58
30 35 33
30 38 13
30 39 28
30 40 53
30 41 67
30 44 17
30 45 33
30 47 62
30 48 58
30 50 35
31 32 80
31 33 30
31 35 19
31 36 59
31 43 16
32 33 73
32 35 27
32 38 31
32 44 60
32 46 17
32 48 5
33 34 25
33 35 8
33 36 10
33 37 7
33 38 22
33 39 74
33 40 68
33 42 57
33 45 19
34 37 39
34 38 58
34 42 12
34 44 40
34 47 74
34 50 10
35 37 15
35 45 73
35 46 66
35 49 46
36 37 29
36 38 68
36 39 80
36 41 16
36 42 58
36 43 10
36 44 74
36 46 35
36 47 63
36 48 8
36 49 13
37 38 9
37 39 58
37 40 30
37 42 39
37 44 41
37 48 58
37 49 75
38 41 41
38 43 73
38 45 9
38 47 48
38 49 22
39 40 53
39 41 61
39 44 60
39 46 4
39 48 25
40 42 16
40 44 4
40 45 37
40 46 29
40 47 24
40 48 73
40 50 73
41 43 46
41 44 25
41 49 9
42 43 53
42 49 59
43 45 23
43 46 44
43 48 19
44 45 41
44 47 13
44 50 17
45 46 8
45 47 5
46 47 45
47 50 39
