200 1984
1 12 113
1 20 47
1 42 31
1 47 43
1 59 66
1 60 66
1 63 31
1 78 123
1 96 155
1 98 61
1 102 28
1 122 131
1 125 21
1 143 37
1 149 10
1 152 21
1 156 3
1 160 69
1 164 109
1 174 2
2 8 52
2 10 13
2 16 93
2 21 111
2 28 5
2 31 36
2 46 85
2 50 6
2 51 75
2 52 139
2 62 112
2 95 43
2 103 128
2 107 143
2 108 40
2 115 13
2 136 2
2 140 3
2 145 81
2 146 30
2 151 98
2 159 39
2 160 134
2 161 129
2 175 39
2 182 16
2 183 131
2 185 100
2 186 61
2 195 8
2 200 129
3 14 131
3 24 156
3 36 101
3 48 139
3 71 109
3 81 9
3 83 105
3 88 150
3 104 105
3 114 138
3 145 29
3 167 13
4 16 69
4 35 139
4 36 107
4 46 4
4 57 33
4 60 137
4 83 133
4 99 77
4 101 119
4 108 65
4 127 16
4 149 83
4 152 148
4 187 103
5 11 129
5 17 52
5 19 50
5 24 98
5 64 80
5 69 117
5 77 74
5 78 85
5 79 146
5 81 48
5 84 20
5 87 146
5 103 111
5 114 147
5 121 150
5 125 98
5 127 127
5 142 111
5 145 146
5 161 149
5 176 152
5 182 157
5 183 148
5 196 53
5 200 78
6 13 39
6 15 32
6 34 48
6 39 85
6 43 70
6 45 105
6 52 109
6 55 76
6 70 27
6 81 15
6 94 1
6 110 84
6 112 46
6 115 3
6 132 156
6 171 131
6 178 43
6 180 85
6 184 108
7 32 63
7 36 93
7 45 74
7 46 46
7 47 29
7 49 108
7 55 75
7 64 152
7 71 145
7 73 90
7 94 80
7 98 119
7 104 151
7 121 26
7 122 139
7 125 124
7 133 146
7 134 153
7 142 20
7 197 39
7 200 20
8 9 90
8 14 57
8 28 7
8 46 131
8 49 83
8 106 153
8 129 112
8 137 25
8 147 146
8 148 99
8 149 105
8 152 44
8 153 46
8 161 115
8 171 16
8 180 26
8 185 39
8 194 88
8 196 98
9 13 143
9 31 11
9 34 129
9 35 39
9 44 112
9 45 130
9 52 143
9 53 159
9 55 35
9 62 26
9 71 45
9 82 140
9 92 102
9 95 132
9 115 112
9 130 54
9 133 68
9 134 60
9 140 141
9 149 52
9 195 45
10 18 100
10 21 13
10 34 46
10 36 113
10 62 68
10 80 150
10 97 84
10 101 112
10 134 125
10 147 157
10 172 65
10 183 81
10 185 83
11 13 129
11 26 13
11 27 33
11 29 54
11 30 110
11 36 3
11 42 37
11 45 74
11 59 111
11 63 54
11 73 121
11 98 30
11 122 56
11 128 16
11 165 125
11 166 74
11 180 78
11 192 1
12 36 4
12 53 140
12 82 101
12 92 156
12 99 140
12 110 56
12 117 113
12 124 1
12 127 27
12 139 152
12 150 88
12 152 121
12 158 78
12 167 41
12 186 12
12 187 45
12 188 80
13 25 40
13 27 75
13 32 62
13 40 84
13 45 128
13 73 31
13 74 12
13 87 148
13 93 54
13 95 115
13 103 135
13 125 14
13 127 24
13 131 32
13 138 8
13 146 35
13 148 34
13 163 114
13 167 120
13 170 52
13 194 105
14 16 41
14 17 78
14 19 50
14 20 137
14 38 130
14 41 131
14 44 38
14 58 160
14 70 62
14 116 53
14 117 116
14 127 134
14 133 39
14 142 117
14 147 57
14 152 126
14 170 146
14 171 56
14 176 136
14 183 54
14 191 94
14 192 133
15 21 42
15 29 74
15 52 131
15 64 25
15 82 2
15 85 114
15 91 66
15 101 52
15 143 20
15 149 75
15 155 108
15 164 76
15 197 29
16 19 20
16 20 81
16 35 35
16 52 128
16 74 15
16 76 66
16 79 130
16 92 102
16 106 43
16 118 32
16 130 128
16 134 118
16 144 28
16 169 153
17 21 70
17 25 27
17 34 74
17 42 3
17 47 47
17 64 111
17 83 142
17 86 134
17 89 49
17 91 140
17 93 34
17 101 19
17 124 85
17 126 77
17 128 132
17 138 52
17 157 146
17 160 33
17 162 152
17 166 8
17 180 27
17 192 128
17 199 12
17 200 45
18 24 152
18 37 71
18 43 134
18 54 41
18 58 120
18 69 14
18 70 53
18 90 137
18 106 76
18 108 46
18 113 66
18 132 51
18 139 12
18 140 53
18 146 153
18 158 38
18 162 31
18 171 139
18 188 92
18 191 25
19 24 25
19 34 113
19 38 149
19 39 115
19 47 150
19 48 115
19 67 67
19 76 96
19 84 12
19 119 101
19 134 146
19 152 70
19 155 46
19 195 50
20 22 145
20 44 15
20 60 33
20 68 45
20 72 6
20 88 155
20 94 135
20 110 107
20 112 51
20 116 75
20 123 16
20 126 152
20 133 96
20 139 8
20 155 93
20 167 89
20 184 87
20 185 142
20 186 117
21 22 153
21 23 72
21 26 160
21 28 19
21 32 82
21 38 8
21 51 77
21 77 23
21 95 56
21 113 130
21 125 14
21 132 123
21 138 61
21 142 131
21 145 54
21 151 10
21 152 48
21 182 14
21 186 158
21 189 134
21 197 28
22 35 137
22 37 45
22 44 31
22 50 30
22 76 27
22 82 7
22 95 101
22 105 121
22 112 47
22 119 2
22 121 32
22 127 152
22 132 95
22 143 107
22 144 40
22 152 127
22 158 89
22 161 101
22 163 152
22 171 59
22 186 98
22 199 71
23 28 56
23 31 42
23 34 55
23 66 73
23 73 16
23 75 72
23 83 156
23 94 50
23 97 138
23 106 101
23 107 155
23 117 115
23 128 138
23 131 126
23 188 120
24 47 111
24 64 97
24 83 122
24 87 30
24 90 82
24 92 136
24 98 141
24 106 62
24 107 68
24 135 29
24 145 113
24 150 123
24 168 11
24 173 114
24 177 118
24 183 7
24 193 110
25 31 10
25 41 119
25 58 40
25 60 19
25 63 98
25 76 79
25 79 111
25 98 85
25 114 69
25 115 93
25 117 130
25 120 107
25 127 127
25 132 120
25 136 49
25 177 113
25 187 113
25 188 64
25 197 130
26 36 115
26 37 101
26 42 127
26 44 153
26 49 147
26 67 14
26 71 23
26 83 38
26 86 126
26 95 60
26 123 69
26 130 83
26 148 93
26 156 12
26 158 4
26 163 74
26 169 79
26 176 95
26 182 51
26 199 68
27 30 23
27 40 122
27 47 76
27 58 28
27 59 47
27 82 60
27 86 67
27 98 34
27 106 35
27 124 82
27 132 11
27 134 95
27 145 151
27 171 146
27 177 94
27 187 82
27 189 142
27 190 105
27 192 57
27 193 14
27 195 28
27 200 39
28 38 157
28 39 102
28 40 153
28 62 32
28 69 144
28 73 157
28 81 120
28 95 116
28 102 37
28 113 133
28 136 37
28 139 145
28 151 49
28 159 49
28 165 114
28 168 26
28 175 36
28 183 18
28 197 147
28 200 82
29 42 87
29 47 7
29 63 63
29 65 70
29 77 80
29 115 90
29 123 138
29 131 115
29 136 72
29 148 135
29 164 112
29 170 129
29 176 53
29 199 7
30 40 63
30 52 58
30 55 86
30 67 105
30 68 87
30 76 32
30 100 106
30 116 134
30 117 49
30 124 141
30 125 105
30 150 127
30 151 153
30 173 96
30 198 96
31 57 29
31 62 29
31 112 42
31 114 6
31 120 27
31 129 42
31 148 94
31 156 140
31 175 43
31 185 86
32 41 9
32 58 79
32 69 63
32 87 149
32 105 113
32 107 141
32 112 46
32 125 113
32 182 11
32 185 42
32 196 140
32 198 34
33 42 146
33 62 90
33 64 147
33 68 13
33 70 23
33 71 72
33 75 77
33 77 42
33 78 42
33 92 109
33 95 107
33 101 25
33 121 154
33 129 113
33 137 139
33 138 145
33 151 129
33 166 137
33 177 96
33 181 96
33 193 126
33 196 106
34 35 121
34 38 44
34 46 83
34 47 159
34 56 20
34 60 90
34 75 24
34 108 52
34 119 158
34 124 87
34 129 137
34 135 51
34 142 43
34 148 43
34 156 67
34 160 108
34 192 151
35 44 120
35 50 32
35 72 133
35 76 96
35 101 83
35 107 46
35 122 34
35 123 79
35 126 42
35 132 89
35 138 92
35 168 15
35 172 48
35 200 45
36 41 24
36 46 44
36 47 105
36 53 29
36 55 72
36 58 18
36 61 21
36 80 35
36 83 135
36 94 28
36 95 20
36 96 65
36 101 8
36 110 1
36 122 44
36 123 11
36 125 75
36 127 83
36 132 48
36 140 42
36 143 153
36 151 40
36 156 61
36 165 147
36 189 148
36 191 124
36 198 6
36 199 8
37 42 137
37 43 153
37 44 52
37 46 94
37 53 82
37 55 71
37 75 20
37 87 81
37 92 107
37 97 28
37 98 54
37 102 83
37 111 11
37 116 75
37 129 106
37 134 22
37 153 66
37 159 73
37 160 145
37 174 131
37 188 15
37 189 10
38 42 147
38 43 124
38 46 93
38 72 142
38 87 61
38 101 132
38 102 26
38 121 40
38 140 103
38 157 154
38 168 92
38 171 132
38 174 61
38 186 8
38 188 1
38 190 159
38 197 159
39 40 110
39 56 119
39 60 108
39 62 156
39 63 64
39 85 40
39 88 149
39 93 94
39 109 139
39 111 131
39 123 66
39 144 126
39 149 47
39 155 18
39 169 137
39 170 84
39 179 25
39 181 49
40 41 81
40 48 102
40 72 93
40 73 135
40 76 113
40 80 124
40 93 122
40 95 76
40 124 18
40 127 130
40 132 145
40 146 2
40 149 138
40 173 16
40 181 158
40 189 134
40 190 44
41 58 31
41 66 21
41 89 149
41 104 97
41 111 58
41 125 44
41 144 108
41 149 57
41 160 17
41 162 44
41 169 138
41 182 95
41 192 97
41 194 1
41 198 149
42 51 78
42 60 104
42 81 157
42 101 148
42 102 99
42 108 92
42 119 52
42 124 48
42 132 157
42 137 76
42 143 28
42 157 126
42 168 109
42 169 113
42 171 96
42 184 34
42 187 132
43 46 54
43 60 43
43 70 157
43 88 106
43 111 118
43 113 134
43 122 110
43 140 12
43 154 74
43 176 78
43 184 138
43 189 128
43 193 112
43 196 122
43 197 41
44 56 64
44 57 123
44 58 96
44 78 1
44 85 44
44 120 126
44 145 40
44 165 115
44 169 65
44 170 98
44 187 51
45 66 94
45 70 84
45 72 110
45 82 134
45 103 11
45 109 40
45 114 42
45 156 130
45 158 105
45 160 51
45 162 64
45 165 136
45 175 50
45 182 55
45 192 117
45 199 92
46 79 26
46 80 32
46 101 17
46 107 158
46 158 4
46 167 142
46 168 123
46 175 122
46 176 41
46 184 116
47 64 53
47 74 154
47 89 134
47 101 84
47 136 91
47 147 57
47 159 9
47 161 27
47 176 122
47 182 42
47 192 106
47 193 113
47 195 151
48 53 50
48 60 67
48 72 1
48 82 18
48 83 106
48 87 40
48 90 94
48 91 154
48 106 63
48 107 10
48 114 18
48 118 117
48 121 12
48 139 148
48 148 78
48 165 36
48 167 27
48 172 52
48 182 84
48 186 80
48 198 157
49 67 127
49 78 6
49 81 27
49 84 113
49 87 137
49 88 140
49 93 100
49 111 140
49 129 31
49 136 75
49 140 68
49 142 84
49 173 62
49 184 70
49 189 73
49 193 47
49 195 72
49 196 113
49 197 25
50 52 101
50 61 159
50 74 40
50 95 135
50 96 21
50 104 150
50 107 38
50 121 92
50 123 35
50 132 71
50 140 104
50 143 119
50 148 119
50 176 55
50 196 4
50 198 27
51 67 1
51 91 131
51 119 159
51 127 1
51 141 88
51 150 117
51 183 26
52 72 29
52 112 71
52 118 76
52 151 97
52 152 158
52 155 41
52 174 21
52 191 136
52 196 7
53 58 68
53 63 152
53 67 97
53 103 110
53 107 123
53 113 109
53 122 90
53 130 6
53 135 29
53 148 110
53 154 87
53 158 9
53 167 101
53 182 129
53 186 29
54 72 32
54 82 21
54 84 56
54 94 25
54 103 82
54 104 151
54 110 46
54 121 19
54 126 144
54 130 54
54 140 52
54 146 125
54 152 159
54 164 153
54 181 120
55 57 118
55 68 81
55 69 79
55 96 42
55 103 54
55 132 64
55 152 28
55 156 50
55 160 54
55 161 70
55 180 10
55 182 37
55 198 81
56 63 34
56 67 61
56 72 100
56 73 27
56 83 88
56 112 32
56 127 81
56 133 44
56 152 87
56 164 77
56 172 88
56 178 131
56 193 5
56 195 63
57 60 92
57 84 137
57 89 68
57 107 106
57 128 159
57 146 75
57 148 142
57 156 146
57 179 115
57 190 77
57 195 146
58 59 81
58 62 117
58 65 102
58 67 140
58 79 137
58 80 49
58 103 102
58 112 24
58 145 127
58 165 27
58 198 116
59 67 19
59 68 37
59 72 20
59 107 4
59 118 146
59 126 109
59 132 132
59 171 146
59 183 20
59 188 68
59 191 27
59 192 122
59 198 144
60 61 104
60 69 81
60 74 40
60 77 149
60 84 9
60 89 24
60 109 143
60 119 11
60 120 151
60 121 84
60 131 64
60 133 49
60 153 79
60 165 10
60 180 116
60 184 122
60 187 30
60 188 125
61 73 62
61 78 90
61 91 64
61 93 126
61 96 86
61 108 64
61 124 13
61 129 129
61 150 37
61 167 99
61 172 13
61 181 108
61 185 113
61 191 18
61 196 114
61 200 7
62 93 87
62 103 2
62 110 95
62 124 100
62 128 121
62 129 160
62 131 10
62 132 21
62 162 23
62 163 5
62 172 38
62 176 1
62 188 16
62 192 140
62 197 56
63 66 93
63 91 149
63 115 31
63 128 82
63 150 138
63 153 52
63 158 17
63 179 15
63 189 103
64 66 142
64 72 21
64 86 53
64 93 140
64 136 21
64 141 28
64 150 61
64 171 148
64 182 147
64 190 114
64 197 155
64 198 141
65 93 157
65 105 120
65 109 130
65 121 155
65 122 77
65 128 34
65 129 30
65 148 69
65 150 60
65 151 150
65 157 24
65 168 99
65 188 124
65 189 75
66 78 29
66 81 153
66 101 129
66 108 1
66 115 45
66 140 113
66 145 131
66 148 134
66 156 160
66 162 57
66 169 85
66 181 150
67 70 58
67 83 138
67 85 105
67 88 148
67 100 136
67 101 14
67 102 39
67 118 110
67 125 101
67 127 134
67 130 72
67 131 123
67 158 4
67 159 53
67 162 9
67 171 118
67 173 129
67 181 55
67 184 112
67 196 74
67 199 62
68 71 143
68 76 127
68 78 148
68 132 64
68 138 92
68 145 131
68 151 74
68 167 115
68 174 62
68 175 36
68 178 83
68 194 110
68 195 12
69 70 122
69 72 8
69 73 20
69 75 125
69 81 56
69 86 110
69 94 63
69 127 102
69 130 153
69 132 50
69 139 131
69 150 117
69 154 8
69 185 158
69 196 140
69 198 128
70 73 89
70 83 81
70 86 132
70 88 129
70 102 34
70 106 142
70 111 45
70 139 50
70 144 73
70 169 92
70 199 8
71 75 1
71 82 151
71 93 66
71 95 13
71 115 157
71 118 37
71 120 94
71 127 71
71 136 118
71 138 39
71 143 71
71 144 112
71 147 28
71 151 65
71 164 27
71 166 33
71 169 153
71 184 23
71 190 45
72 74 111
72 101 115
72 109 83
72 132 43
72 136 94
72 138 68
72 140 15
72 144 149
72 147 97
72 152 102
72 157 121
72 159 125
72 165 104
72 179 45
72 190 68
73 80 100
73 83 78
73 93 112
73 96 84
73 111 79
73 147 69
73 150 86
73 167 65
73 172 54
73 187 20
73 194 64
74 99 146
74 108 121
74 130 56
74 137 122
74 138 16
74 142 24
74 162 26
74 163 87
74 167 147
74 179 51
74 189 50
74 190 102
74 198 110
75 84 70
75 85 11
75 96 53
75 108 92
75 111 69
75 123 141
75 129 44
75 131 57
75 134 103
75 150 105
75 163 120
75 165 39
75 168 157
75 172 7
75 173 50
75 176 141
75 178 140
75 182 60
75 192 46
76 83 2
76 91 141
76 97 136
76 100 155
76 103 50
76 112 157
76 116 157
76 119 138
76 153 87
76 200 113
77 93 113
77 102 62
77 111 64
77 132 130
77 149 87
77 170 13
77 172 100
77 176 119
77 185 154
77 186 108
77 191 42
77 197 2
77 199 126
78 86 67
78 100 135
78 103 76
78 108 11
78 110 37
78 115 99
78 125 46
78 140 120
78 141 142
78 144 157
78 151 14
78 152 106
78 154 63
78 159 126
78 177 20
78 186 57
79 109 94
79 122 35
79 124 80
79 132 134
79 155 115
79 159 146
79 170 58
79 180 139
79 184 15
79 188 6
79 191 131
79 195 113
79 196 72
80 92 69
80 97 133
80 99 108
80 101 75
80 109 110
80 113 48
80 119 135
80 122 140
80 135 114
80 143 103
80 147 140
80 157 154
80 165 97
80 171 36
80 173 116
80 199 48
81 82 73
81 84 19
81 102 88
81 108 71
81 142 38
81 149 61
82 86 107
82 87 5
82 97 91
82 100 7
82 122 103
82 130 48
82 162 82
82 168 157
82 171 100
82 176 119
82 177 86
83 85 31
83 100 5
83 103 69
83 106 59
83 131 50
83 134 149
83 136 90
83 144 87
83 147 3
83 148 99
83 156 63
83 159 120
83 163 129
83 172 93
83 196 108
84 92 108
84 100 140
84 108 41
84 131 91
84 165 145
84 170 145
84 176 101
84 178 155
84 190 83
85 94 10
85 98 111
85 106 112
85 124 85
85 127 18
85 144 148
85 154 76
85 159 136
86 89 103
86 91 100
86 123 148
86 142 102
86 146 109
86 149 142
86 161 90
86 165 87
86 174 71
86 179 142
86 189 106
86 195 103
87 97 98
87 106 146
87 108 133
87 118 133
87 128 25
87 131 135
87 156 1
87 163 28
87 171 79
87 180 69
87 194 49
87 197 160
87 199 115
88 99 111
88 141 160
88 156 157
88 160 22
88 166 99
88 168 24
88 184 90
88 196 44
89 99 63
89 100 6
89 122 23
89 154 105
89 158 15
89 167 124
89 174 149
89 196 119
89 198 15
90 94 138
90 131 19
90 140 100
90 161 54
90 163 49
90 173 92
90 187 36
90 194 153
90 199 102
91 116 114
91 129 17
91 144 41
91 148 147
91 168 25
91 187 12
91 189 60
91 197 49
92 98 160
92 105 109
92 111 159
92 120 116
92 150 105
92 166 160
92 168 46
92 169 73
92 174 3
92 183 94
92 184 40
92 188 40
93 98 137
93 100 39
93 105 14
93 118 142
93 124 137
93 127 117
93 150 152
93 177 8
93 191 139
93 197 91
94 104 123
94 120 24
94 122 57
94 159 40
94 161 126
94 163 10
94 166 147
94 173 112
94 175 160
94 182 131
94 187 92
94 189 138
95 114 4
95 121 24
95 130 125
95 137 130
95 141 42
95 146 123
95 155 20
95 169 110
95 174 124
95 179 55
95 187 23
95 192 100
95 193 93
95 198 127
96 98 90
96 108 83
96 115 20
96 136 109
96 140 52
96 144 50
96 150 118
96 152 24
96 181 45
96 185 35
96 189 44
96 198 97
97 101 111
97 123 94
97 126 25
97 136 32
97 165 6
97 173 23
97 179 128
98 127 116
98 144 28
98 152 113
98 153 140
98 155 154
98 165 32
98 182 108
98 189 90
99 104 120
99 107 114
99 118 101
99 123 118
99 126 131
99 127 139
99 135 123
99 139 41
99 148 106
99 162 5
99 165 51
99 166 152
99 167 101
99 172 52
99 175 5
99 196 84
99 197 148
100 111 88
100 118 116
100 121 86
100 130 34
100 132 101
100 141 9
100 145 152
100 147 116
100 162 90
101 109 50
101 110 78
101 126 22
101 134 110
101 137 112
101 164 49
101 191 94
101 197 39
102 112 158
102 115 133
102 117 137
102 122 80
102 125 111
102 137 128
102 146 110
102 164 121
102 169 128
102 184 37
102 196 114
102 197 64
103 111 9
103 123 141
103 134 123
103 135 93
103 142 87
103 144 76
103 166 59
104 121 97
104 122 152
104 141 84
104 165 77
104 184 154
105 109 154
105 113 38
105 126 56
105 134 38
105 141 85
105 145 70
105 168 160
105 177 82
105 183 54
105 188 60
105 193 40
106 116 79
106 120 42
106 122 135
106 199 62
107 124 20
107 152 13
107 153 9
107 155 16
107 185 147
108 125 140
108 126 65
108 153 89
108 170 94
108 197 41
109 117 3
109 119 15
109 145 42
109 159 133
109 168 136
109 185 104
109 191 38
109 192 112
109 199 39
110 118 75
110 122 127
110 124 13
110 144 146
110 186 2
111 115 139
111 123 87
111 124 22
111 146 95
111 148 71
111 154 76
111 167 129
111 175 105
111 180 111
112 115 90
112 139 46
112 148 78
112 154 135
112 165 11
112 173 101
112 188 43
112 191 23
113 118 11
113 156 153
113 170 94
113 180 10
114 126 12
114 133 140
114 148 20
114 155 103
114 157 32
114 160 33
114 165 90
114 166 17
114 168 109
114 191 7
114 193 129
115 119 122
115 122 25
115 158 149
115 178 11
115 187 53
115 200 94
116 117 61
116 121 79
116 127 96
116 132 122
116 136 11
116 175 76
116 188 110
116 190 92
116 191 78
117 129 73
117 131 27
117 144 147
117 152 14
117 168 116
117 173 19
117 177 118
117 188 94
118 127 22
118 134 67
118 138 120
118 151 148
118 161 120
118 179 52
118 198 149
119 137 27
119 146 95
119 183 55
119 194 113
119 196 37
120 122 2
120 124 101
120 131 5
120 138 134
120 155 26
120 169 79
120 179 115
120 184 46
120 191 58
120 196 79
120 199 106
121 122 121
121 126 22
121 136 6
121 147 155
121 150 21
121 166 55
121 172 83
121 177 64
121 193 140
121 199 153
122 124 66
122 125 59
122 134 89
122 137 111
122 167 25
122 169 120
122 172 79
122 181 144
122 183 33
123 125 51
123 130 118
123 144 26
123 149 110
123 180 123
123 181 77
123 188 100
123 192 45
123 193 85
124 136 76
124 148 2
124 158 75
124 170 52
124 173 107
124 176 82
124 177 45
124 179 53
124 181 138
124 192 141
124 200 35
125 126 120
125 127 17
125 128 48
125 132 153
125 151 63
125 158 98
125 192 120
125 194 81
126 127 64
126 134 3
126 140 79
126 178 86
126 181 84
126 199 33
126 200 77
127 137 146
127 144 37
127 149 55
127 155 3
127 161 29
127 166 19
127 167 25
127 168 136
127 169 57
127 194 150
128 134 64
128 150 78
128 161 86
128 171 134
128 175 93
128 182 126
129 141 136
129 143 51
129 151 146
129 158 88
129 168 152
129 174 123
129 192 91
130 135 29
130 137 29
130 164 56
130 175 20
130 176 87
130 179 159
130 183 139
130 187 37
131 139 156
131 148 119
131 150 56
131 154 55
131 160 120
131 164 11
131 165 100
131 176 67
131 197 113
132 133 35
132 172 32
132 179 85
132 192 150
132 198 1
133 137 47
133 140 158
133 154 12
133 169 18
134 169 90
134 175 15
134 192 24
134 199 97
135 137 111
135 140 15
135 145 89
135 154 33
135 164 100
135 170 19
135 187 22
136 138 1
136 141 32
136 166 21
136 181 108
136 195 77
137 142 51
137 144 124
137 175 27
137 188 59
138 146 135
138 161 105
138 183 126
138 197 92
139 144 18
139 148 52
139 158 85
139 164 36
139 168 72
139 185 76
139 190 122
140 150 119
140 151 27
140 162 65
140 170 90
140 183 138
140 188 146
140 190 156
141 154 120
141 163 78
141 168 142
141 175 88
141 189 151
141 198 129
142 152 151
142 160 159
142 170 150
142 177 101
142 186 8
142 196 103
143 148 13
143 161 34
143 166 15
143 181 139
143 186 43
144 149 48
144 174 132
144 177 155
144 180 159
144 184 153
144 187 138
144 196 98
145 146 96
145 149 62
145 171 63
145 175 132
145 183 65
145 189 38
146 149 44
146 153 95
146 155 83
146 157 23
146 161 148
146 166 31
146 172 10
147 149 54
147 200 26
148 158 120
148 173 94
148 175 133
148 176 73
148 180 74
148 190 153
149 150 31
149 154 127
149 161 47
149 167 158
149 170 33
149 196 121
149 198 110
150 160 125
150 165 80
150 176 76
150 189 91
150 190 30
151 170 37
151 179 102
151 181 59
151 199 160
152 164 77
152 174 55
152 183 42
152 192 13
153 154 24
153 171 11
153 182 57
153 184 35
153 195 103
153 200 25
154 169 119
154 182 147
154 186 77
155 173 70
155 196 32
156 177 118
156 182 98
156 183 89
156 188 71
156 189 145
157 160 155
157 171 6
157 185 142
157 194 35
158 161 113
158 183 62
159 164 97
159 187 34
159 193 73
160 161 158
160 164 53
160 178 99
160 195 155
160 196 131
161 182 41
161 184 138
161 190 146
161 192 52
161 199 134
162 167 62
162 169 137
162 184 86
162 186 29
163 172 98
163 188 116
163 193 34
163 194 29
164 176 19
164 177 8
164 181 105
164 189 105
164 191 3
164 195 71
164 196 140
165 170 72
165 171 27
165 183 60
165 190 70
165 191 136
166 185 7
167 171 99
167 198 8
168 180 16
168 189 119
168 192 105
168 197 149
169 174 94
169 178 1
169 181 135
169 198 15
170 175 83
170 181 150
170 190 10
170 192 17
170 196 74
170 199 134
171 176 23
171 178 35
171 182 29
171 184 159
171 188 139
171 194 56
172 186 30
172 188 14
173 174 12
173 180 60
173 194 144
173 196 68
173 199 59
174 184 17
174 195 19
175 178 90
175 179 114
175 196 105
176 179 36
176 189 80
176 190 94
177 184 5
177 193 90
178 180 39
179 187 148
179 191 48
180 188 135
180 189 71
180 190 52
180 193 107
180 195 29
181 184 18
181 187 68
182 186 131
182 189 55
184 187 40
184 195 39
185 186 62
185 200 94
186 190 115
187 197 30
189 194 37
189 197 4
192 196 1
193 199 154
195 197 86
