50 993
1 2 3
1 3 2
1 4 1
1 5 1
1 7 1
1 8 5
1 9 3
1 10 5
1 11 1
1 12 3
1 14 4
1 17 3
1 18 3
1 19 3
1 20 5
1 21 2
1 22 1
1 24 2
1 25 3
1 26 5
1 27 3
1 28 2
1 31 4
1 32 2
1 33 1
1 34 2
1 35 5
1 36 1
1 37 1
1 38 5
1 39 5
1 40 2
1 41 3
1 42 4
1 43 5
1 45 4
1 46 5
1 47 5
1 48 5
1 49 5
1 50 2
2 3 5
2 4 5
2 6 1
2 7 5
2 8 2
2 9 2
2 10 4
2 11 5
2 12 4
2 13 5
2 14 3
2 15 4
2 16 5
2 17 5
2 18 3
2 19 5
2 20 1
2 22 3
2 25 1
2 26 5
2 27 1
2 28 2
2 30 5
2 31 1
2 32 2
2 33 2
2 34 2
2 35 3
2 36 2
2 37 1
2 39 2
2 40 3
2 42 4
2 43 3
2 44 5
2 46 1
2 47 3
2 48 4
2 49 3
3 4 5
3 5 3
3 6 2
3 7 4
3 8 5
3 9 1
3 10 1
3 13 3
3 15 3
3 16 2
3 17 4
3 18 4
3 19 1
3 20 1
3 21 1
3 22 1
3 23 2
3 24 5
3 25 4
3 26 5
3 27 3
3 28 2
3 29 3
3 31 2
3 32 1
3 34 5
3 35 5
3 36 5
3 37 5
3 38 2
3 40 3
3 41 2
3 42 5
3 43 4
3 44 4
3 45 5
3 46 3
3 47 2
3 48 2
3 49 1
3 50 5
4 5 5
4 6 5
4 7 3
4 8 4
4 9 4
4 10 3
4 12 5
4 13 4
4 14 2
4 15 4
4 17 1
4 18 1
4 19 3
4 20 1
4 21 5
4 22 3
4 25 5
4 26 1
4 27 5
4 28 2
4 29 4
4 30 5
4 31 2
4 32 3
4 33 4
4 34 2
4 35 4
4 36 5
4 37 3
4 38 1
4 39 3
4 41 4
4 42 4
4 43 2
4 44 5
4 45 1
4 46 4
4 49 3
4 50 5
5 6 1
5 7 4
5 9 5
5 10 1
5 11 1
5 12 1
5 13 3
5 15 5
5 16 2
5 17 2
5 20 2
5 21 5
5 23 3
5 24 1
5 25 3
5 27 2
5 28 4
5 29 2
5 30 1
5 31 3
5 32 3
5 33 5
5 34 2
5 35 2
5 37 2
5 38 3
5 39 1
5 41 5
5 42 3
5 44 4
5 45 2
5 46 1
5 47 1
5 48 3
5 49 5
5 50 4
6 7 3
6 8 1
6 9 1
6 10 5
6 11 3
6 12 4
6 13 4
6 14 4
6 16 3
6 17 5
6 18 1
6 19 3
6 20 3
6 21 4
6 22 5
6 23 5
6 24 4
6 25 4
6 26 2
6 28 2
6 29 2
6 30 2
6 31 4
6 32 3
6 35 2
6 37 4
6 38 4
6 39 4
6 40 4
6 41 2
6 42 5
6 43 3
6 44 4
6 45 1
6 46 3
6 47 5
6 49 5
6 50 2
7 8 2
7 9 2
7 12 4
7 13 4
7 14 1
7 17 3
7 18 5
7 19 5
7 20 3
7 21 3
7 22 1
7 23 1
7 24 1
7 27 1
7 29 2
7 30 3
7 31 5
7 32 5
7 33 5
7 34 2
7 35 1
7 36 2
7 38 3
7 39 2
7 40 4
7 41 5
7 42 5
7 43 4
7 45 3
7 47 2
7 48 2
7 49 5
7 50 4
8 9 2
8 10 5
8 11 2
8 12 3
8 13 1
8 14 5
8 15 5
8 16 4
8 17 2
8 18 3
8 19 2
8 21 2
8 24 1
8 25 4
8 26 4
8 27 4
8 28 3
8 30 5
8 31 2
8 32 5
8 35 2
8 36 1
8 37 4
8 39 3
8 40 1
8 42 4
8 43 5
8 44 3
8 46 1
8 47 5
8 49 5
8 50 1
9 10 5
9 11 1
9 12 1
9 13 3
9 14 5
9 15 1
9 16 4
9 17 5
9 18 3
9 20 2
9 21 3
9 22 5
9 23 2
9 24 3
9 25 1
9 26 2
9 27 1
9 29 3
9 30 3
9 31 5
9 32 2
9 33 4
9 34 2
9 35 5
9 37 5
9 38 1
9 39 2
9 42 1
9 43 5
9 44 5
9 47 3
9 48 4
9 49 2
9 50 3
10 11 5
10 12 1
10 13 5
10 14 3
10 16 3
10 17 4
10 18 5
10 19 1
10 20 1
10 21 1
10 22 3
10 23 1
10 24 1
10 25 3
10 26 3
10 27 5
10 28 5
10 29 2
10 30 2
10 31 3
10 32 1
10 33 2
10 34 1
10 35 2
10 36 3
10 38 5
10 39 2
10 40 5
10 41 1
10 42 2
10 44 5
10 45 2
10 48 1
10 49 1
10 50 2
11 12 4
11 13 5
11 14 5
11 15 3
11 16 1
11 17 2
11 18 5
11 20 3
11 21 1
11 22 5
11 24 4
11 25 3
11 26 4
11 27 4
11 28 4
11 30 4
11 31 5
11 32 3
11 33 3
11 36 1
11 37 5
11 38 3
11 39 1
11 40 3
11 42 4
11 43 3
11 44 4
11 45 3
11 46 2
11 47 2
11 48 2
11 49 2
11 50 4
12 14 1
12 15 3
12 18 5
12 19 3
12 20 2
12 21 5
12 22 1
12 23 4
12 24 4
12 26 1
12 27 5
12 28 1
12 30 2
12 31 2
12 32 4
12 33 5
12 34 5
12 35 2
12 37 3
12 38 4
12 39 5
12 40 4
12 41 1
12 42 1
12 43 4
12 45 2
12 46 4
12 47 3
12 48 4
12 49 1
12 50 4
13 14 2
13 15 2
13 16 4
13 18 1
13 19 5
13 20 4
13 22 2
13 23 4
13 24 3
13 25 3
13 26 1
13 27 5
13 28 2
13 30 3
13 32 3
13 33 2
13 34 5
13 35 3
13 36 3
13 37 4
13 38 5
13 39 3
13 40 2
13 41 2
13 42 1
13 43 5
13 44 4
13 47 3
13 48 5
13 49 1
13 50 4
14 15 2
14 16 3
14 17 4
14 18 4
14 19 4
14 20 3
14 21 2
14 23 2
14 25 2
14 26 4
14 28 2
14 29 2
14 31 2
14 33 5
14 34 5
14 35 1
14 36 3
14 37 2
14 38 4
14 39 1
14 40 2
14 41 2
14 42 3
14 44 2
14 45 5
14 46 2
14 47 3
14 48 4
15 16 4
15 17 5
15 20 3
15 22 5
15 23 1
15 24 1
15 25 5
15 26 3
15 27 5
15 28 5
15 31 2
15 35 2
15 37 4
15 38 4
15 39 4
15 40 1
15 41 4
15 42 2
15 43 4
15 44 1
15 46 4
15 47 4
15 49 5
15 50 1
16 17 3
16 18 1
16 19 4
16 20 1
16 21 3
16 22 5
16 23 3
16 24 3
16 25 2
16 26 3
16 27 3
16 28 4
16 30 3
16 31 4
16 32 3
16 33 2
16 34 3
16 35 5
16 36 3
16 37 1
16 41 2
16 42 3
16 43 5
16 44 1
16 45 1
16 46 4
16 47 1
16 48 1
16 49 4
16 50 4
17 18 3
17 20 3
17 21 4
17 22 1
17 23 4
17 24 5
17 25 5
17 26 5
17 27 4
17 30 4
17 31 1
17 32 5
17 33 3
17 34 1
17 35 5
17 36 3
17 37 5
17 38 1
17 40 1
17 41 1
17 42 5
17 43 2
17 46 4
17 47 1
17 48 4
17 49 5
17 50 3
18 19 2
18 22 4
18 23 1
18 24 1
18 25 4
18 26 1
18 27 1
18 29 2
18 30 5
18 31 1
18 33 3
18 34 2
18 35 5
18 36 1
18 37 1
18 38 5
18 39 3
18 40 4
18 41 4
18 43 4
18 45 1
18 46 5
18 47 4
18 48 1
18 50 3
19 20 3
19 21 5
19 22 5
19 23 3
19 24 3
19 25 2
19 26 3
19 27 5
19 28 4
19 31 1
19 32 5
19 33 1
19 34 4
19 35 4
19 36 4
19 37 3
19 38 4
19 39 1
19 40 4
19 41 2
19 43 4
19 44 3
19 45 5
19 47 1
19 48 4
19 49 2
19 50 2
20 23 5
20 24 5
20 25 5
20 27 2
20 28 2
20 29 1
20 30 3
20 31 3
20 33 5
20 34 1
20 35 5
20 38 4
20 41 4
20 42 2
20 43 5
20 44 5
20 46 3
20 47 5
20 49 5
20 50 3
21 23 1
21 24 1
21 26 5
21 27 2
21 30 4
21 31 1
21 32 5
21 33 1
21 34 1
21 35 1
21 36 3
21 37 2
21 38 2
21 39 4
21 40 2
21 41 2
21 43 2
21 45 2
21 48 2
21 49 1
21 50 4
22 23 4
22 24 1
22 25 5
22 26 5
22 27 4
22 28 4
22 29 2
22 30 5
22 31 4
22 32 4
22 33 1
22 34 5
22 36 3
22 37 1
22 39 2
22 40 4
22 41 3
22 44 1
22 45 4
22 47 3
22 50 4
23 27 1
23 28 4
23 30 3
23 31 5
23 32 3
23 33 5
23 34 2
23 35 3
23 37 2
23 38 5
23 39 5
23 40 5
23 42 2
23 44 1
23 45 1
23 46 5
23 47 4
23 48 4
23 49 1
23 50 1
24 25 2
24 26 4
24 27 2
24 28 4
24 31 5
24 32 4
24 33 4
24 34 5
24 36 2
24 37 5
24 38 5
24 39 3
24 40 4
24 41 2
24 42 5
24 44 4
24 45 5
24 46 3
24 47 1
24 48 5
24 49 3
24 50 3
25 26 4
25 27 1
25 28 2
25 29 5
25 30 2
25 32 1
25 35 1
25 36 5
25 37 3
25 38 5
25 39 1
25 40 3
25 41 5
25 42 1
25 43 4
25 44 2
25 45 4
25 46 4
25 47 3
25 48 4
25 49 1
25 50 5
26 27 5
26 28 3
26 30 4
26 31 1
26 32 4
26 33 2
26 34 4
26 35 4
26 36 3
26 38 3
26 39 3
26 40 1
26 41 4
26 44 5
26 45 2
26 48 2
26 50 4
27 28 5
27 29 1
27 30 4
27 31 2
27 32 4
27 33 4
27 34 2
27 35 4
27 36 1
27 37 5
27 38 5
27 39 5
27 40 3
27 41 5
27 42 5
27 43 2
27 46 1
27 47 5
27 48 4
27 50 2
28 29 4
28 30 2
28 31 3
28 33 3
28 34 2
28 35 5
28 37 4
28 38 5
28 40 5
28 41 3
28 42 2
28 43 4
28 46 4
28 47 3
28 49 1
28 50 3
29 30 4
29 31 3
29 32 2
29 33 1
29 35 2
29 36 1
29 37 3
29 38 3
29 39 5
29 40 4
29 41 4
29 42 1
29 43 3
29 44 1
29 45 1
29 47 2
29 48 2
29 49 2
29 50 1
30 31 4
30 32 2
30 33 1
30 34 2
30 36 3
30 37 2
30 38 5
30 39 2
30 40 2
30 41 4
30 42 1
30 43 4
30 44 1
30 46 5
30 48 1
30 49 3
30 50 1
31 32 5
31 33 2
31 34 5
31 35 1
31 36 3
31 37 3
31 38 2
31 39 3
31 40 4
31 41 4
31 42 3
31 43 3
31 45 2
31 47 4
31 48 4
31 49 1
32 33 1
32 34 3
32 36 3
32 37 1
32 38 4
32 40 3
32 41 1
32 42 5
32 43 3
32 44 3
32 45 2
32 46 5
32 47 1
32 48 3
32 49 2
32 50 3
33 34 2
33 35 2
33 36 3
33 37 5
33 38 5
33 39 1
33 40 2
33 44 3
33 46 5
33 47 2
33 48 5
33 49 1
33 50 5
34 35 5
34 36 2
34 37 5
34 38 4
34 39 2
34 40 4
34 41 3
34 42 5
34 43 2
34 45 2
34 47 5
34 48 4
34 50 1
35 36 3
35 37 1
35 38 2
35 40 4
35 41 5
35 42 5
35 43 5
35 46 4
35 48 2
35 49 2
35 50 5
36 37 4
36 39 1
36 40 5
36 42 3
36 43 3
36 45 2
36 47 5
36 48 4
36 49 3
36 50 5
37 38 1
37 39 5
37 40 4
37 41 1
37 42 2
37 43 4
37 44 3
37 45 2
37 46 5
37 47 4
37 48 1
37 49 3
37 50 4
38 39 1
38 40 3
38 42 2
38 43 4
38 44 4
38 45 4
38 46 3
38 47 5
38 48 3
39 42 3
39 43 3
39 45 1
39 46 2
39 47 1
39 50 3
40 41 1
40 42 1
40 43 2
40 45 2
40 47 2
40 48 4
40 49 1
40 50 4
41 42 5
41 44 4
41 45 3
41 46 5
41 47 5
41 48 3
41 50 2
42 43 1
42 44 3
42 45 2
42 46 4
42 47 1
42 48 1
42 49 2
42 50 4
43 44 4
43 45 4
43 46 4
43 47 3
43 48 2
43 49 5
43 50 2
44 45 5
44 46 4
44 47 2
44 48 1
44 49 1
44 50 3
45 46 3
45 47 2
45 49 4
45 50 5
46 48 3
46 49 2
46 50 2
47 48 1
48 49 3
48 50 5
49 50 4
