50 120
1 10 37
1 12 21
1 32 1
2 28 37
2 37 13
3 8 18
3 11 20
3 15 13
3 44 26
3 45 13
4 11 7
4 17 34
4 43 14
4 44 26
4 46 13
4 49 3
5 6 13
5 28 19
5 29 33
5 34 35
5 38 5
5 42 9
5 47 12
6 7 33
6 17 7
6 23 19
6 30 24
6 35 24
6 38 13
6 50 7
7 12 36
7 20 31
7 22 16
7 42 7
7 44 1
7 45 30
8 22 40
8 28 20
8 37 35
8 41 3
9 19 26
9 33 34
10 15 22
10 17 5
10 20 11
10 21 16
10 48 37
11 15 28
12 44 31
13 20 37
13 23 23
13 27 16
13 28 8
13 33 28
13 40 26
13 43 26
13 45 24
14 17 29
14 24 3
14 30 34
14 36 26
14 38 7
14 47 21
15 17 13
15 19 35
15 28 22
15 34 35
15 46 31
16 27 37
16 36 3
17 22 22
17 23 18
17 33 1
17 46 19
17 48 22
18 25 2
18 47 35
19 48 5
20 25 3
21 33 23
21 37 16
21 45 38
22 25 10
22 28 8
22 44 15
22 50 28
23 40 36
24 35 39
24 45 24
25 27 2
25 31 28
25 37 17
25 43 29
26 28 27
27 30 10
27 32 21
27 40 7
28 41 13
28 42 3
29 30 3
29 35 22
30 31 35
30 44 9
31 42 25
31 49 39
33 41 32
33 48 13
33 50 2
34 43 11
35 39 26
36 50 25
37 39 28
38 39 6
38 45 3
40 41 1
40 45 23
40 48 21
43 47 7
44 46 34
47 48 24
