200 2011
1 5 60
1 15 14
1 31 68
1 35 57
1 38 33
1 44 46
1 45 76
1 48 23
1 54 42
1 57 7
1 70 3
1 73 31
1 100 3
1 107 77
1 110 7
1 119 65
1 170 60
1 178 34
1 188 48
2 38 74
2 55 4
2 60 23
2 70 69
2 72 31
2 75 6
2 103 46
2 110 42
2 122 58
2 131 57
2 136 71
2 148 28
2 154 27
2 165 75
2 171 45
2 174 10
2 176 41
2 182 12
2 197 46
3 4 75
3 6 47
3 12 29
3 22 64
3 37 10
3 40 80
3 43 5
3 54 70
3 59 2
3 69 3
3 71 65
3 110 37
3 116 62
3 129 79
3 147 56
3 151 7
3 154 33
3 175 18
3 183 41
3 187 48
3 189 57
3 193 51
3 194 71
4 5 31
4 10 55
4 55 22
4 58 19
4 60 12
4 84 67
4 85 48
4 91 12
4 129 47
4 145 50
4 146 67
4 169 24
4 171 39
4 178 78
4 186 52
4 191 23
5 9 80
5 15 20
5 17 36
5 32 11
5 37 16
5 41 69
5 42 43
5 64 21
5 66 19
5 70 2
5 78 77
5 79 22
5 93 47
5 98 65
5 100 24
5 104 24
5 114 69
5 122 66
5 129 1
5 132 80
5 148 41
5 150 16
5 159 38
5 160 63
5 161 48
5 177 41
5 192 20
5 195 17
5 196 2
6 7 36
6 14 42
6 23 41
6 41 67
6 44 52
6 45 55
6 57 8
6 65 69
6 70 13
6 78 9
6 86 43
6 96 69
6 98 24
6 102 39
6 104 45
6 117 4
6 121 77
6 123 56
6 124 41
6 135 2
6 140 28
6 158 66
6 169 69
6 170 77
6 181 35
6 188 33
6 192 65
7 19 14
7 23 24
7 38 56
7 43 48
7 45 18
7 55 53
7 65 53
7 79 16
7 83 17
7 85 3
7 89 24
7 100 76
7 107 66
7 121 4
7 132 65
7 161 61
7 171 44
7 175 49
7 177 23
7 178 1
7 197 17
8 11 21
8 13 37
8 14 17
8 36 26
8 39 50
8 102 58
8 133 70
8 166 69
8 170 47
8 194 54
8 199 43
9 14 30
9 28 46
9 32 9
9 33 9
9 39 60
9 60 79
9 74 45
9 77 44
9 81 61
9 98 47
9 99 17
9 109 1
9 111 79
9 113 27
9 115 32
9 124 68
9 129 39
9 132 68
9 137 12
9 146 43
9 157 54
9 159 33
9 160 38
9 168 43
10 15 18
10 32 74
10 34 21
10 43 46
10 88 34
10 102 26
10 110 46
10 118 29
10 123 37
10 130 37
10 132 70
10 139 41
10 148 49
10 150 39
10 178 43
10 179 76
10 186 67
10 196 22
10 198 50
10 200 6
11 18 66
11 23 34
11 41 52
11 60 62
11 72 14
11 73 63
11 77 14
11 91 50
11 99 29
11 101 58
11 110 41
11 115 73
11 117 15
11 124 70
11 127 75
11 141 35
11 148 59
11 168 40
11 170 27
11 175 14
11 196 72
12 16 11
12 30 43
12 34 80
12 37 37
12 44 17
12 51 27
12 65 63
12 75 40
12 83 45
12 87 36
12 92 61
12 99 67
12 100 52
12 101 79
12 102 69
12 106 60
12 112 1
12 118 55
12 128 55
12 153 72
12 162 2
12 163 66
12 167 41
12 181 57
13 18 34
13 26 31
13 29 24
13 37 48
13 39 34
13 50 36
13 51 41
13 112 66
13 115 28
13 119 7
13 126 50
13 130 13
13 136 5
13 140 5
13 143 5
13 147 43
13 183 62
13 194 7
14 30 12
14 41 35
14 53 75
14 64 5
14 70 35
14 103 56
14 104 34
14 106 23
14 122 68
14 131 61
14 134 52
14 148 59
14 167 32
14 171 68
14 175 47
14 177 3
14 178 73
14 179 37
14 189 12
14 192 80
14 194 40
14 200 71
15 21 42
15 26 40
15 66 64
15 68 49
15 88 28
15 89 43
15 91 18
15 96 31
15 101 44
15 129 36
15 132 38
15 137 33
15 153 69
15 156 70
15 158 2
15 159 62
15 161 64
15 170 33
15 179 6
15 188 15
15 198 7
16 22 21
16 24 52
16 31 23
16 42 49
16 51 6
16 61 78
16 87 33
16 99 66
16 101 75
16 102 55
16 110 8
16 116 12
16 117 64
16 135 71
16 144 73
16 146 13
16 150 78
16 157 19
16 178 19
16 194 36
17 25 37
17 31 58
17 54 8
17 65 17
17 72 80
17 76 23
17 83 42
17 89 44
17 119 19
17 126 48
17 131 15
17 132 21
17 138 39
17 140 1
17 147 56
17 153 44
17 162 12
17 174 4
17 179 60
17 195 14
17 198 71
17 200 4
18 20 57
18 32 18
18 64 59
18 70 68
18 75 14
18 87 5
18 93 29
18 96 73
18 117 25
18 120 4
18 130 22
18 134 52
18 136 14
18 139 18
18 145 66
18 152 21
18 154 79
18 162 78
18 165 55
18 172 80
18 180 20
19 31 6
19 36 34
19 37 62
19 42 32
19 63 19
19 70 35
19 98 52
19 113 32
19 124 3
19 126 26
19 150 63
19 163 13
19 164 79
19 167 47
19 190 11
19 191 22
20 25 21
20 28 34
20 35 39
20 76 26
20 88 38
20 92 65
20 104 58
20 127 29
20 134 15
20 159 17
20 160 21
20 178 78
20 193 53
21 32 62
21 33 39
21 43 9
21 44 1
21 54 56
21 60 16
21 73 59
21 89 12
21 117 69
21 161 69
21 163 43
21 187 30
21 190 61
21 196 61
22 28 14
22 30 43
22 62 62
22 79 69
22 85 42
22 103 21
22 115 60
22 120 72
22 123 77
22 142 38
22 152 8
22 153 41
22 168 39
22 177 12
22 187 4
22 200 76
23 31 24
23 35 47
23 47 4
23 50 32
23 93 49
23 112 62
23 121 13
23 131 70
23 146 40
23 152 27
23 184 48
23 190 64
23 194 23
23 196 68
24 25 52
24 31 42
24 38 50
24 43 4
24 51 9
24 52 67
24 55 35
24 57 60
24 62 25
24 96 32
24 99 29
24 102 42
24 105 43
24 113 55
24 114 10
24 125 42
24 127 20
24 130 69
24 132 2
24 140 36
24 152 3
24 153 42
24 161 46
24 180 22
25 38 1
25 49 75
25 52 74
25 58 21
25 71 17
25 84 18
25 93 8
25 99 22
25 113 10
25 123 62
25 153 14
25 157 9
25 167 38
25 174 52
25 192 52
26 54 47
26 61 60
26 70 3
26 76 9
26 81 7
26 86 2
26 106 25
26 118 18
26 126 61
26 142 78
26 146 6
26 154 35
26 167 65
26 171 39
26 178 57
26 188 45
27 32 40
27 41 55
27 61 49
27 70 65
27 84 50
27 96 46
27 121 73
27 126 27
27 134 31
27 147 21
27 168 47
27 174 78
28 39 58
28 40 5
28 41 45
28 42 28
28 48 42
28 62 12
28 70 16
28 91 67
28 97 77
28 118 48
28 121 19
28 128 67
28 135 41
28 137 31
28 144 4
28 162 30
28 178 8
28 179 55
28 188 62
29 34 29
29 48 68
29 50 42
29 55 75
29 86 17
29 89 74
29 99 37
29 100 69
29 103 72
29 110 58
29 118 48
29 131 71
29 170 33
29 171 74
29 172 79
29 176 64
29 181 1
29 200 15
30 32 63
30 34 46
30 51 50
30 53 29
30 86 75
30 96 65
30 116 23
30 146 64
30 147 12
30 150 6
30 159 14
31 40 55
31 46 54
31 75 40
31 80 26
31 83 52
31 102 40
31 104 33
31 135 78
31 157 22
31 159 66
32 41 73
32 50 73
32 51 38
32 53 41
32 59 20
32 70 21
32 71 45
32 76 63
32 81 18
32 85 51
32 87 20
32 88 8
32 89 46
32 98 46
32 126 59
32 132 9
32 140 73
32 146 49
32 147 31
32 164 15
32 167 48
32 168 64
32 176 3
32 178 40
32 183 45
33 34 17
33 38 13
33 44 37
33 51 80
33 84 25
33 95 76
33 100 48
33 103 39
33 109 64
33 124 52
33 126 25
33 136 45
33 142 40
33 151 41
33 164 38
33 183 10
33 184 45
33 185 22
33 197 77
34 37 48
34 43 11
34 60 54
34 80 8
34 98 45
34 99 40
34 106 33
34 109 23
34 116 23
34 123 37
34 164 42
34 182 78
34 199 9
35 46 5
35 47 22
35 64 35
35 68 9
35 77 55
35 79 29
35 84 12
35 94 16
35 110 73
35 116 11
35 119 43
35 129 65
35 154 33
35 155 18
35 162 31
35 170 57
35 172 45
35 187 47
36 54 23
36 55 37
36 60 17
36 65 77
36 71 63
36 90 31
36 91 63
36 113 62
36 150 53
36 158 57
36 165 53
36 184 51
36 187 7
36 199 25
37 44 35
37 51 10
37 52 7
37 75 15
37 76 50
37 79 60
37 82 35
37 84 52
37 85 26
37 86 1
37 97 53
37 111 72
37 118 27
37 119 42
37 162 9
37 181 78
38 54 76
38 55 33
38 69 76
38 85 2
38 99 8
38 111 59
38 135 64
38 144 25
38 162 13
38 165 30
38 175 62
38 181 61
38 182 72
38 192 56
38 193 35
39 58 21
39 97 39
39 123 19
39 134 77
39 149 20
39 163 49
39 167 54
39 168 73
39 170 75
39 192 72
39 198 43
40 47 72
40 49 66
40 64 4
40 85 56
40 99 62
40 109 68
40 123 28
40 149 16
40 151 70
40 154 27
40 160 55
40 170 58
40 172 14
40 199 15
41 50 37
41 55 58
41 56 59
41 78 45
41 84 63
41 95 38
41 101 11
41 109 13
41 114 20
41 119 21
41 129 46
41 136 80
41 139 62
41 167 27
41 169 55
41 171 44
41 173 38
41 175 50
41 180 80
41 191 40
41 193 18
42 48 15
42 55 36
42 77 48
42 86 32
42 94 28
42 99 6
42 109 39
42 115 25
42 126 28
42 131 47
42 132 75
42 147 7
42 176 45
42 185 13
42 193 55
42 194 20
43 47 35
43 55 23
43 75 59
43 85 24
43 88 61
43 105 59
43 110 62
43 128 24
43 150 42
43 156 6
44 46 51
44 50 15
44 53 47
44 56 67
44 60 12
44 64 80
44 75 11
44 79 78
44 88 72
44 121 69
44 171 52
44 181 45
44 188 34
45 60 61
45 67 43
45 75 3
45 80 26
45 86 14
45 92 36
45 125 43
45 152 62
45 174 14
45 185 47
46 51 59
46 63 2
46 85 15
46 107 32
46 129 40
46 132 36
46 141 46
46 145 6
46 152 69
46 173 56
46 174 12
46 178 38
46 184 49
47 55 47
47 61 10
47 81 61
47 82 11
47 85 61
47 88 2
47 94 75
47 97 54
47 108 55
47 114 54
47 119 72
47 124 59
47 125 72
47 127 57
47 130 18
47 132 30
47 136 45
47 144 57
47 158 30
47 168 3
47 193 61
47 194 76
48 69 7
48 77 10
48 78 48
48 82 50
48 83 53
48 94 63
48 96 52
48 101 11
48 103 62
48 110 51
48 113 70
48 116 39
48 120 52
48 130 37
48 144 58
48 156 38
48 158 59
48 161 16
48 174 60
48 183 69
49 51 11
49 87 34
49 90 70
49 134 34
49 135 22
49 140 56
49 141 69
49 144 69
49 155 25
49 161 29
49 166 68
49 167 14
49 194 8
49 199 74
50 60 73
50 81 59
50 84 80
50 91 25
50 118 47
50 121 67
50 132 69
50 135 71
50 146 62
50 152 47
50 158 28
50 166 30
50 175 70
50 176 51
50 188 52
50 193 20
50 200 12
51 54 12
51 59 58
51 70 4
51 102 64
51 115 55
51 117 16
51 121 19
51 132 41
51 142 50
51 145 5
51 163 47
51 170 59
51 183 49
51 190 58
52 59 57
52 63 61
52 73 57
52 75 68
52 77 79
52 90 11
52 92 18
52 93 26
52 95 20
52 111 67
52 115 42
52 129 6
52 145 77
52 146 49
52 147 53
52 165 14
52 171 11
52 183 18
52 187 30
53 63 66
53 82 17
53 92 49
53 93 36
53 102 55
53 110 9
53 121 40
53 128 51
53 133 68
53 145 72
53 163 5
53 168 71
53 172 64
53 173 77
53 175 6
53 179 34
53 185 7
54 61 45
54 70 17
54 74 12
54 79 41
54 85 28
54 86 39
54 101 43
54 103 1
54 107 26
54 112 34
54 119 57
54 134 30
54 155 78
54 158 12
54 166 27
54 177 74
54 178 59
54 180 7
54 197 61
55 65 18
55 70 30
55 78 78
55 87 6
55 122 75
55 127 12
55 132 10
55 134 51
55 138 19
55 141 76
55 143 25
55 147 76
55 149 50
55 150 18
55 156 65
55 160 22
55 163 65
55 176 50
55 185 1
55 189 18
55 197 45
56 57 41
56 62 18
56 63 59
56 65 44
56 76 66
56 84 43
56 90 69
56 104 76
56 121 25
56 143 65
56 148 76
56 155 25
56 158 41
56 190 61
57 73 21
57 75 14
57 76 55
57 92 47
57 94 10
57 99 77
57 120 34
57 127 28
57 133 56
57 134 63
57 138 29
57 149 79
57 166 1
57 167 37
57 189 63
58 60 55
58 61 25
58 76 38
58 81 32
58 105 61
58 127 62
58 131 50
58 151 62
58 162 7
58 166 25
58 173 12
58 193 21
59 71 66
59 80 34
59 114 73
59 119 76
59 121 75
59 125 12
59 143 50
59 150 23
59 181 72
59 183 45
59 184 31
59 192 18
60 65 48
60 74 12
60 94 51
60 109 64
60 113 15
60 119 65
60 126 17
60 150 12
60 168 11
61 66 44
61 76 30
61 87 30
61 91 62
61 98 72
61 102 45
61 107 3
61 110 73
61 122 78
61 165 63
61 169 76
61 180 55
61 186 13
61 197 32
62 73 17
62 75 77
62 97 65
62 100 4
62 108 10
62 110 3
62 116 40
62 136 5
62 139 12
62 147 35
62 164 15
62 181 42
62 190 55
62 193 76
63 66 35
63 67 73
63 69 39
63 90 4
63 92 55
63 108 33
63 110 57
63 113 52
63 122 79
63 128 55
63 133 15
63 145 64
63 146 70
63 160 24
64 84 44
64 92 77
64 94 25
64 103 1
64 113 6
64 114 11
64 115 53
64 121 51
64 127 10
64 137 56
64 155 15
64 179 11
64 190 29
64 198 69
64 200 62
65 66 47
65 85 9
65 101 28
65 104 79
65 110 29
65 118 56
65 136 67
65 138 57
65 140 41
65 142 28
65 148 64
65 171 80
65 179 21
65 192 62
65 197 47
66 75 36
66 76 46
66 101 32
66 107 35
66 109 51
66 124 71
66 131 63
66 135 46
66 140 42
66 144 42
66 146 24
66 150 60
66 157 31
66 158 30
66 169 28
66 171 74
66 174 73
66 180 80
66 189 10
66 194 29
67 75 16
67 76 47
67 129 23
67 143 59
67 172 35
67 176 72
67 177 34
67 180 2
67 182 24
67 184 72
67 193 45
67 196 35
67 197 60
68 79 27
68 92 50
68 101 3
68 107 60
68 144 29
68 157 12
68 170 63
68 171 74
68 172 22
68 182 42
68 184 78
68 186 45
68 190 32
68 195 18
68 198 3
69 87 34
69 94 56
69 100 13
69 108 64
69 122 49
69 125 63
69 132 63
69 138 2
69 141 61
69 160 79
69 168 3
69 173 6
69 178 11
70 107 73
70 114 71
70 122 65
70 124 26
70 151 13
70 157 34
70 159 13
70 162 22
70 163 78
70 185 52
70 192 5
70 195 42
70 197 26
70 199 58
71 74 31
71 104 78
71 111 46
71 116 43
71 129 1
71 169 8
71 179 32
71 180 25
71 199 77
72 84 66
72 102 15
72 105 47
72 115 73
72 124 58
72 136 40
72 140 80
72 152 14
72 196 61
73 95 78
73 108 35
73 113 78
73 114 46
73 128 21
73 129 13
73 131 46
73 141 42
73 147 63
73 162 60
73 188 65
73 189 19
74 105 70
74 121 1
74 139 26
74 144 40
74 148 60
74 173 61
74 178 9
74 181 67
74 194 18
75 84 48
75 93 37
75 94 8
75 107 60
75 119 56
75 121 56
75 125 25
75 131 3
75 138 23
75 142 80
75 146 49
75 150 13
75 161 59
75 166 22
75 168 21
75 172 47
75 178 12
75 199 55
76 83 68
76 100 57
76 103 39
76 107 67
76 131 55
76 149 77
76 173 60
76 175 64
76 177 2
76 190 9
76 195 20
76 197 13
77 88 75
77 101 78
77 104 50
77 114 56
77 117 58
77 119 17
77 135 40
77 149 53
77 151 38
77 161 48
77 173 51
77 177 56
77 182 69
77 184 77
77 191 63
77 200 26
78 100 29
78 117 62
78 122 70
78 139 46
78 154 19
78 167 55
78 180 38
78 183 58
78 184 52
78 185 13
79 106 1
79 118 66
79 140 8
79 149 77
79 158 73
79 178 67
79 182 29
80 82 38
80 94 44
80 97 12
80 98 43
80 99 50
80 108 38
80 110 30
80 177 74
80 180 26
80 182 34
80 186 5
80 199 1
81 85 56
81 97 46
81 103 36
81 108 16
81 118 61
81 123 68
81 158 64
81 159 23
81 161 14
81 171 76
81 174 23
81 183 47
81 185 78
81 188 13
81 199 52
82 101 16
82 107 47
82 115 30
82 117 61
82 121 48
82 122 35
82 134 20
82 135 49
82 139 38
82 141 15
82 147 25
82 158 52
82 163 17
82 169 14
82 172 74
83 88 39
83 121 6
83 129 36
83 140 8
83 141 53
83 153 57
83 155 80
83 159 12
83 191 63
83 195 10
83 200 6
84 90 8
84 106 68
84 108 53
84 110 44
84 135 37
84 149 57
84 150 17
84 172 79
84 182 63
84 189 60
85 97 68
85 141 59
85 147 51
85 157 2
85 187 20
85 195 56
85 200 65
86 95 36
86 122 21
86 131 53
86 137 49
86 151 68
86 154 14
86 180 70
86 189 2
86 192 14
86 197 62
87 109 34
87 122 15
87 128 26
87 132 7
87 143 35
87 147 76
87 157 69
87 162 72
87 169 59
87 171 49
87 172 45
87 181 14
87 187 34
88 95 6
88 98 75
88 100 28
88 123 71
88 131 29
88 135 41
88 152 63
88 155 67
88 160 77
88 174 5
88 176 55
88 191 52
88 196 17
89 101 72
89 111 66
89 123 64
89 124 78
89 131 5
89 142 73
89 143 33
89 153 53
89 159 45
89 162 43
89 169 64
89 170 65
89 181 34
89 188 58
90 98 78
90 142 29
90 147 36
90 158 72
90 164 71
90 174 33
90 175 79
90 178 9
90 182 55
90 186 3
90 198 54
91 93 57
91 104 55
91 110 70
91 127 54
91 151 63
91 161 63
91 166 74
91 171 53
91 176 7
91 180 18
91 192 49
92 98 66
92 103 71
92 119 21
92 156 69
92 158 44
92 164 2
92 165 14
92 173 26
92 177 42
92 181 74
92 182 61
92 188 32
92 191 72
92 193 22
93 102 5
93 106 73
93 107 71
93 112 30
93 114 22
93 137 57
93 144 32
93 153 5
93 157 21
93 162 40
93 186 62
93 187 72
93 194 9
94 95 55
94 98 55
94 101 20
94 116 36
94 127 78
94 147 39
94 157 44
94 164 68
94 168 12
94 170 26
94 171 41
94 185 53
94 194 31
95 96 48
95 99 37
95 108 63
95 112 16
95 116 74
95 118 53
95 127 58
95 148 5
95 154 54
95 165 78
95 170 9
95 182 77
95 193 17
95 194 54
95 195 38
96 113 77
96 116 31
96 137 80
96 163 75
96 167 12
96 170 30
96 173 39
96 176 34
96 191 44
97 98 59
97 99 66
97 128 14
97 133 11
97 137 13
97 138 73
97 160 37
97 173 33
97 177 65
97 182 58
97 192 56
97 195 54
98 168 34
98 178 75
98 185 52
98 200 33
99 105 20
99 109 43
99 120 56
99 132 42
99 137 61
99 145 70
99 149 11
99 151 1
99 152 23
99 160 77
99 175 52
99 193 76
99 195 44
100 115 73
100 134 57
100 151 51
100 158 72
100 182 17
100 183 61
100 198 12
101 106 60
101 107 39
101 113 60
101 120 49
101 163 42
101 169 41
101 171 10
101 182 23
101 193 71
102 108 52
102 111 77
102 113 31
102 142 69
102 161 1
102 163 14
102 168 73
102 178 24
102 185 44
102 195 35
103 106 16
103 123 62
103 130 65
103 138 29
103 149 20
103 158 48
103 168 5
103 187 40
103 197 57
104 106 40
104 174 71
104 180 65
104 189 70
104 194 13
105 108 68
105 111 47
105 112 54
105 124 57
105 135 47
105 140 72
105 153 7
105 156 70
105 166 16
105 181 51
105 182 62
105 199 6
106 113 79
106 120 39
106 124 40
106 142 52
106 146 72
106 149 3
106 160 59
106 165 48
106 172 38
106 177 61
107 112 42
107 118 2
107 133 75
107 143 12
107 154 61
107 155 54
107 156 80
107 164 30
107 168 44
107 191 6
108 130 40
108 158 21
108 173 40
108 178 58
108 187 9
108 200 56
109 118 16
109 124 18
109 132 19
109 140 15
109 151 49
109 152 65
109 161 38
109 166 67
109 174 37
109 198 53
110 124 44
110 133 2
110 145 5
110 146 37
110 154 49
110 175 62
110 188 37
111 140 32
111 141 56
111 142 52
111 156 65
111 163 62
111 189 61
111 196 60
111 200 23
112 114 26
112 117 79
112 122 73
112 135 77
112 145 52
112 146 58
112 148 63
112 155 71
112 167 12
112 174 10
112 179 75
112 193 8
113 126 51
113 131 78
113 132 57
113 134 34
113 150 66
113 155 58
113 159 79
113 164 16
113 187 20
113 189 12
113 191 25
114 130 3
114 133 48
114 134 79
114 136 32
114 144 67
114 156 49
114 161 32
114 187 16
114 189 19
115 118 16
115 122 39
115 136 50
115 145 5
115 146 67
115 152 69
115 159 32
115 170 37
115 183 76
115 190 77
116 120 48
116 122 13
116 149 19
116 157 41
116 167 65
116 172 53
116 190 33
116 191 53
116 197 4
117 120 77
117 131 8
117 139 68
117 181 68
118 154 7
118 185 61
118 191 37
119 124 64
119 125 75
119 127 43
119 134 64
119 136 48
119 141 2
119 158 5
119 163 63
119 182 9
120 129 62
120 137 19
120 142 20
120 200 23
121 124 71
121 140 76
121 157 38
121 166 1
121 176 28
121 179 17
121 180 46
121 189 70
122 133 44
122 136 15
122 149 57
122 183 19
122 193 29
123 162 37
123 163 70
123 172 55
123 181 34
123 200 2
124 142 28
124 143 67
124 150 38
124 152 17
124 180 7
124 184 49
124 191 1
124 192 17
124 193 28
124 196 16
124 198 79
125 131 25
125 136 46
125 138 33
125 144 24
125 147 78
125 156 59
125 158 31
125 174 71
125 190 52
126 149 79
126 162 73
126 177 11
126 182 32
126 188 41
126 189 9
126 190 60
127 144 18
127 172 5
127 185 52
127 191 40
128 135 26
128 147 38
128 150 29
128 151 11
128 157 59
128 158 76
128 174 11
128 178 55
128 186 9
129 139 13
129 144 34
129 146 53
129 148 20
129 150 6
129 152 23
129 155 52
129 160 21
129 163 22
129 183 5
129 187 25
129 192 32
129 193 59
129 195 69
129 196 3
129 198 11
129 199 25
130 135 18
130 138 3
130 139 74
130 160 38
130 166 71
130 180 54
130 188 14
131 134 41
131 156 51
131 162 5
131 169 64
131 195 14
132 145 65
132 162 25
132 165 13
132 169 74
132 177 10
132 192 30
132 200 17
133 144 4
133 160 51
133 164 36
133 181 54
133 190 76
133 197 30
134 141 9
134 157 43
134 158 75
134 165 17
134 178 20
134 179 77
134 182 9
135 155 65
135 156 43
135 165 54
135 170 45
135 180 76
135 187 51
135 193 77
136 140 61
136 171 61
136 188 35
136 197 48
137 138 28
137 174 4
137 176 18
137 192 77
138 143 47
138 165 30
138 167 14
138 172 36
138 175 68
138 186 49
138 198 33
139 150 14
139 161 2
139 162 27
139 166 77
139 180 42
139 186 50
140 160 50
140 167 46
140 172 14
140 181 55
140 190 44
141 146 41
141 153 58
141 154 25
141 163 78
141 182 50
142 144 44
142 166 17
143 147 42
143 148 51
143 153 41
143 161 32
143 180 57
143 184 11
143 185 47
143 193 22
143 196 60
144 145 79
144 186 11
144 197 73
144 200 53
145 149 58
145 158 49
145 181 4
145 200 63
146 149 7
146 150 70
146 151 63
146 154 50
146 158 23
146 159 33
146 164 10
146 169 27
146 193 57
147 154 16
147 156 71
147 159 58
147 162 80
147 163 8
147 167 51
147 173 17
147 194 15
147 197 43
148 165 28
148 167 39
148 171 46
148 173 76
148 183 48
149 162 25
149 168 68
149 175 6
149 182 62
149 191 3
149 195 33
150 164 26
150 169 3
150 175 41
150 194 59
151 156 17
151 160 41
151 161 63
151 164 49
151 166 12
151 183 54
151 188 24
151 189 69
151 190 60
151 195 25
152 154 21
152 168 12
152 169 8
153 176 68
153 197 7
153 198 15
154 158 47
154 160 5
154 174 39
154 191 54
155 161 16
155 166 80
155 173 40
155 174 44
155 183 23
155 194 31
155 198 52
156 167 30
156 190 44
156 191 36
157 161 74
157 168 30
157 175 29
157 182 32
157 185 15
157 188 47
158 180 77
158 182 73
158 197 25
158 200 35
159 162 26
159 173 53
159 176 47
159 189 5
159 191 41
160 165 30
160 166 34
160 175 67
160 177 20
160 187 64
161 167 73
161 188 47
161 193 63
162 172 60
162 175 64
162 185 51
162 197 20
163 166 33
163 167 17
163 169 8
163 171 65
164 165 55
164 178 50
164 194 78
165 169 34
165 172 78
165 181 34
166 189 6
166 193 1
167 169 64
167 180 64
167 186 39
167 192 20
167 197 25
168 176 56
168 185 61
168 189 49
168 196 69
169 188 46
169 191 36
169 192 34
170 185 24
171 173 63
171 183 17
171 184 18
172 177 13
172 184 3
172 185 63
172 198 37
173 182 68
173 183 71
173 185 46
173 186 56
173 193 21
174 178 14
174 191 76
176 193 15
176 198 45
177 190 55
178 191 54
179 193 80
180 183 48
180 191 40
180 196 26
180 200 46
181 188 68
181 193 57
181 194 80
181 199 21
181 200 31
182 198 40
184 185 25
184 187 41
184 188 41
184 199 20
185 186 24
185 199 36
186 194 51
187 197 36
187 200 35
189 193 50
190 197 45
190 199 34
191 196 11
193 197 63
195 197 33
196 197 72
