100 1981
1 3 29
1 4 159
1 5 54
1 9 12
1 11 34
1 12 87
1 13 41
1 14 17
1 20 82
1 24 109
1 25 22
1 26 118
1 30 59
1 34 5
1 40 105
1 41 67
1 45 90
1 48 35
1 51 75
1 57 92
1 59 65
1 61 75
1 62 40
1 64 107
1 68 73
1 69 83
1 73 125
1 76 26
1 79 73
1 82 135
1 83 8
1 84 125
1 85 101
1 86 41
1 87 40
1 89 10
1 90 92
1 91 142
1 93 103
1 96 131
1 98 60
1 99 148
1 100 139
2 3 144
2 4 109
2 8 13
2 9 2
2 10 76
2 11 71
2 14 13
2 19 16
2 21 122
2 22 133
2 24 145
2 26 97
2 27 84
2 29 17
2 32 60
2 33 112
2 36 77
2 37 154
2 38 67
2 39 108
2 40 57
2 43 44
2 44 127
2 46 48
2 48 6
2 49 121
2 51 67
2 53 13
2 55 33
2 56 154
2 57 33
2 58 130
2 60 101
2 63 147
2 64 26
2 68 140
2 69 15
2 70 75
2 73 150
2 74 78
2 76 61
2 77 126
2 80 114
2 82 50
2 85 156
2 91 70
2 92 131
2 93 9
2 99 126
3 7 70
3 9 146
3 12 158
3 14 92
3 17 68
3 23 98
3 27 132
3 36 20
3 40 51
3 45 47
3 48 76
3 49 13
3 50 97
3 52 70
3 55 69
3 56 113
3 59 92
3 62 115
3 64 16
3 68 124
3 71 128
3 73 104
3 77 86
3 78 144
3 80 127
3 90 108
3 92 138
3 95 57
3 96 31
3 99 21
3 100 33
4 7 92
4 10 137
4 12 26
4 13 95
4 14 157
4 15 117
4 17 41
4 21 48
4 26 20
4 27 38
4 32 64
4 35 14
4 38 140
4 39 78
4 40 47
4 41 92
4 44 136
4 47 138
4 50 9
4 53 109
4 57 50
4 58 119
4 62 71
4 63 153
4 64 2
4 69 4
4 70 94
4 72 82
4 75 82
4 80 79
4 84 95
4 85 53
4 88 151
4 89 14
4 90 8
4 91 64
4 95 16
4 97 46
5 9 14
5 10 9
5 11 48
5 12 23
5 13 81
5 15 83
5 21 9
5 25 121
5 30 144
5 31 157
5 33 97
5 35 90
5 39 48
5 40 90
5 47 99
5 48 26
5 49 82
5 52 124
5 57 154
5 65 64
5 67 91
5 68 140
5 70 73
5 71 58
5 74 114
5 76 65
5 79 144
5 81 61
5 87 130
5 89 63
5 93 84
5 96 44
5 97 156
5 98 52
5 99 139
6 7 93
6 8 150
6 17 49
6 19 135
6 26 32
6 37 67
6 42 145
6 43 47
6 48 59
6 49 122
6 51 48
6 53 90
6 56 76
6 65 5
6 68 155
6 70 156
6 71 134
6 76 48
6 82 105
6 85 79
6 90 141
6 96 144
6 98 96
6 99 153
7 8 22
7 9 42
7 12 96
7 13 5
7 14 14
7 19 143
7 23 88
7 30 66
7 32 74
7 36 94
7 38 21
7 40 106
7 48 80
7 52 155
7 53 62
7 55 46
7 56 90
7 57 37
7 58 121
7 59 52
7 60 41
7 61 103
7 63 157
7 68 39
7 71 109
7 72 27
7 76 110
7 79 68
7 80 78
7 88 135
7 89 25
7 92 113
7 93 90
7 95 87
7 97 106
7 98 4
7 100 4
8 9 91
8 11 122
8 12 32
8 14 29
8 18 137
8 26 1
8 27 132
8 30 76
8 31 26
8 39 25
8 40 50
8 44 21
8 46 156
8 49 68
8 50 131
8 52 38
8 53 143
8 54 81
8 58 28
8 62 115
8 63 4
8 67 66
8 68 79
8 74 110
8 76 102
8 77 73
8 78 36
8 80 148
8 83 24
8 84 76
8 88 6
8 89 156
8 90 124
8 91 29
8 94 124
8 97 14
8 100 133
9 14 85
9 15 121
9 16 96
9 17 80
9 18 123
9 19 37
9 21 50
9 22 160
9 23 101
9 26 26
9 27 140
9 28 21
9 32 53
9 34 10
9 35 1
9 37 100
9 40 150
9 46 8
9 47 76
9 49 16
9 50 40
9 52 14
9 54 44
9 56 94
9 57 91
9 58 65
9 59 60
9 62 88
9 65 89
9 71 108
9 72 74
9 78 22
9 79 155
9 85 92
9 86 108
9 87 111
9 88 46
9 89 18
9 93 144
9 94 59
9 96 27
9 97 54
9 100 117
10 11 14
10 12 132
10 15 23
10 16 98
10 17 1
10 18 50
10 19 139
10 22 59
10 25 127
10 27 59
10 29 103
10 30 45
10 37 80
10 39 143
10 40 99
10 43 137
10 44 82
10 46 126
10 48 134
10 52 63
10 55 86
10 57 80
10 62 144
10 64 131
10 65 157
10 68 133
10 70 92
10 71 103
10 73 73
10 75 48
10 77 25
10 79 28
10 84 28
10 85 30
10 86 147
10 88 119
10 93 58
10 94 60
10 96 63
11 12 118
11 15 94
11 19 111
11 22 99
11 23 46
11 24 15
11 26 36
11 27 144
11 28 46
11 29 146
11 30 5
11 31 128
11 32 151
11 33 68
11 36 68
11 40 127
11 41 38
11 44 102
11 45 134
11 47 66
11 50 44
11 54 160
11 56 10
11 61 70
11 71 120
11 72 38
11 74 114
11 75 35
11 77 25
11 81 87
11 82 73
11 85 84
11 89 80
11 90 4
11 93 45
11 96 102
11 97 110
12 13 79
12 16 68
12 18 77
12 19 23
12 21 61
12 34 28
12 37 44
12 40 41
12 41 59
12 43 89
12 44 153
12 45 108
12 49 80
12 54 40
12 64 1
12 66 92
12 69 44
12 70 127
12 74 91
12 75 90
12 78 104
12 83 23
12 88 127
12 89 45
12 91 107
12 93 16
12 96 27
12 99 95
12 100 12
13 14 9
13 16 141
13 17 64
13 18 105
13 20 99
13 21 47
13 22 103
13 25 42
13 26 147
13 30 160
13 31 148
13 34 9
13 35 110
13 37 112
13 38 138
13 39 128
13 45 124
13 46 117
13 49 113
13 50 19
13 51 108
13 52 142
13 53 134
13 54 85
13 55 105
13 56 44
13 58 109
13 60 140
13 62 91
13 65 29
13 70 128
13 71 91
13 75 78
13 78 152
13 85 3
13 86 30
13 89 129
13 90 156
13 91 26
13 93 109
13 96 108
13 97 155
13 98 100
14 15 147
14 16 131
14 19 154
14 20 59
14 23 142
14 24 49
14 27 31
14 28 112
14 29 6
14 30 91
14 32 36
14 33 53
14 42 62
14 44 94
14 47 73
14 48 137
14 49 68
14 57 26
14 59 147
14 69 31
14 70 129
14 71 98
14 74 37
14 76 82
14 79 99
14 86 112
14 89 141
14 93 4
14 95 48
14 96 74
14 97 54
14 98 55
14 100 31
15 20 88
15 22 32
15 27 88
15 29 74
15 30 113
15 33 74
15 39 153
15 40 126
15 43 20
15 47 59
15 49 2
15 50 149
15 52 156
15 54 143
15 55 136
15 56 43
15 58 72
15 64 146
15 65 80
15 67 149
15 73 22
15 77 133
15 86 16
15 87 107
15 94 140
15 97 137
15 100 27
16 17 153
16 23 110
16 25 69
16 26 113
16 27 152
16 37 60
16 38 75
16 43 144
16 47 146
16 48 108
16 49 47
16 50 4
16 52 3
16 54 106
16 55 30
16 56 70
16 57 30
16 58 3
16 59 87
16 63 148
16 64 106
16 65 92
16 66 32
16 67 87
16 75 8
16 76 86
16 77 97
16 79 99
16 80 121
16 81 125
16 84 30
16 87 17
16 90 25
16 99 18
16 100 124
17 21 101
17 22 149
17 23 154
17 30 135
17 31 123
17 32 15
17 34 105
17 36 7
17 37 51
17 40 152
17 41 37
17 43 64
17 44 159
17 45 81
17 46 145
17 48 54
17 51 93
17 52 21
17 54 14
17 55 32
17 56 23
17 57 57
17 60 37
17 64 138
17 66 98
17 68 82
17 71 33
17 74 62
17 77 110
17 78 40
17 82 78
17 84 14
17 85 91
17 90 76
17 93 30
17 94 101
17 95 74
17 96 17
17 97 117
17 98 157
18 20 79
18 21 56
18 26 21
18 35 109
18 41 120
18 45 94
18 46 100
18 51 80
18 52 69
18 54 39
18 57 155
18 58 72
18 59 93
18 70 103
18 76 46
18 77 97
18 80 46
18 81 120
18 82 117
18 84 59
18 86 79
18 87 62
18 88 117
18 89 14
18 93 40
18 98 55
18 99 59
19 20 6
19 23 157
19 24 47
19 28 63
19 32 108
19 33 10
19 38 29
19 40 10
19 44 87
19 45 32
19 48 112
19 52 7
19 55 148
19 57 75
19 58 56
19 59 12
19 60 97
19 61 129
19 63 63
19 66 137
19 68 119
19 70 55
19 72 122
19 73 13
19 74 134
19 75 112
19 77 101
19 78 49
19 80 77
19 82 124
19 83 106
19 91 154
19 98 29
20 22 34
20 23 125
20 32 2
20 35 36
20 39 136
20 41 109
20 44 15
20 45 64
20 47 56
20 49 155
20 51 71
20 54 20
20 62 84
20 63 18
20 64 128
20 65 65
20 69 52
20 72 68
20 76 118
20 77 40
20 80 134
20 81 160
20 83 21
20 87 62
20 88 94
20 92 97
20 93 154
20 94 118
20 95 157
20 99 59
20 100 100
21 23 2
21 25 55
21 29 105
21 31 125
21 32 83
21 34 109
21 35 55
21 36 43
21 38 89
21 39 71
21 40 155
21 41 160
21 45 4
21 46 35
21 52 110
21 54 16
21 56 107
21 60 73
21 64 61
21 65 81
21 67 66
21 69 47
21 70 57
21 72 127
21 75 146
21 81 22
21 82 144
21 87 127
21 88 144
21 90 71
21 91 56
21 94 119
21 95 100
21 96 116
21 99 137
21 100 41
22 26 43
22 27 6
22 30 16
22 33 126
22 35 63
22 39 45
22 40 92
22 42 73
22 43 120
22 44 103
22 45 147
22 47 56
22 53 127
22 54 74
22 56 117
22 60 121
22 66 115
22 68 73
22 69 147
22 72 18
22 73 99
22 74 116
22 77 130
22 79 14
22 85 156
22 86 14
22 87 106
22 90 153
22 91 129
22 93 79
23 26 140
23 31 120
23 32 76
23 33 127
23 35 109
23 42 144
23 44 138
23 45 20
23 53 47
23 54 110
23 57 63
23 58 156
23 60 29
23 63 135
23 64 124
23 66 128
23 68 127
23 74 78
23 81 141
23 85 106
24 28 67
24 29 142
24 31 136
24 39 51
24 40 18
24 43 150
24 49 73
24 50 129
24 51 43
24 54 136
24 60 94
24 63 53
24 74 14
24 76 34
24 78 150
24 79 44
24 82 96
24 84 10
24 87 112
24 89 42
24 90 151
24 94 46
24 100 45
25 28 73
25 29 24
25 31 99
25 40 112
25 44 101
25 46 128
25 47 52
25 49 20
25 53 132
25 55 72
25 57 44
25 58 88
25 60 150
25 65 120
25 70 77
25 72 6
25 73 159
25 74 61
25 75 9
25 78 46
25 79 55
25 80 19
25 82 42
25 85 15
25 88 83
25 90 111
25 92 9
26 32 123
26 34 35
26 35 75
26 36 122
26 39 73
26 41 39
26 49 2
26 53 26
26 66 53
26 69 98
26 70 86
26 71 136
26 72 143
26 75 30
26 78 42
26 79 157
26 81 22
26 83 48
26 84 155
26 85 1
26 86 113
26 88 78
26 89 63
26 91 91
27 31 8
27 33 134
27 35 8
27 36 84
27 41 28
27 42 7
27 44 48
27 46 122
27 48 106
27 49 68
27 51 48
27 52 74
27 53 51
27 54 141
27 60 132
27 61 80
27 62 128
27 64 139
27 68 102
27 70 29
27 72 147
27 79 148
27 80 129
27 87 87
27 89 151
27 91 81
27 99 112
27 100 108
28 29 113
28 32 6
28 33 54
28 36 119
28 37 78
28 38 10
28 39 144
28 40 72
28 42 120
28 43 85
28 44 42
28 46 84
28 48 77
28 51 55
28 52 154
28 55 106
28 58 152
28 60 150
28 61 108
28 64 50
28 65 126
28 66 59
28 68 68
28 73 54
28 75 83
28 76 134
28 77 13
28 78 7
28 83 21
28 89 102
28 90 59
28 93 73
28 97 100
28 99 137
28 100 158
29 31 8
29 33 31
29 34 20
29 39 97
29 40 28
29 42 66
29 45 155
29 46 79
29 49 110
29 54 61
29 55 126
29 56 90
29 57 146
29 60 54
29 61 14
29 63 113
29 64 23
29 66 112
29 67 32
29 70 140
29 71 144
29 73 158
29 76 41
29 77 155
29 79 74
29 80 39
29 84 135
29 89 35
29 91 5
29 95 111
29 97 21
30 31 80
30 39 52
30 40 73
30 41 160
30 43 79
30 47 9
30 48 127
30 50 137
30 52 26
30 53 143
30 59 139
30 68 20
30 70 67
30 76 16
30 77 118
30 78 10
30 80 115
30 81 78
30 82 29
30 83 138
30 84 118
30 85 61
30 89 31
30 90 101
30 96 74
30 97 121
31 32 43
31 35 56
31 40 89
31 41 103
31 42 157
31 47 61
31 48 29
31 53 46
31 54 32
31 57 121
31 58 101
31 61 155
31 62 134
31 63 78
31 69 72
31 71 93
31 72 45
31 74 75
31 80 38
31 82 99
31 83 160
31 84 88
31 85 111
31 86 151
31 89 92
31 90 44
31 93 97
31 94 72
31 97 142
32 34 105
32 35 2
32 42 23
32 46 46
32 61 24
32 62 91
32 66 113
32 71 114
32 73 46
32 74 118
32 79 91
32 81 22
32 84 80
32 85 58
32 88 51
32 90 82
32 92 140
32 97 150
32 100 58
33 38 35
33 40 2
33 41 47
33 42 9
33 51 102
33 52 26
33 53 157
33 54 94
33 55 134
33 57 152
33 58 44
33 63 47
33 64 157
33 68 124
33 73 10
33 74 8
33 75 139
33 76 136
33 77 96
33 78 35
33 79 70
33 80 71
33 83 137
33 89 129
33 91 11
33 92 51
33 94 154
33 97 63
33 100 49
34 36 62
34 41 62
34 45 24
34 47 103
34 50 58
34 54 120
34 57 1
34 60 93
34 64 112
34 65 7
34 68 123
34 70 113
34 73 69
34 74 137
34 76 143
34 77 30
34 78 66
34 81 118
34 86 90
34 87 33
34 89 46
34 90 74
34 92 108
34 96 92
34 99 103
35 36 84
35 39 7
35 40 151
35 42 65
35 49 159
35 50 142
35 51 10
35 52 112
35 54 49
35 55 51
35 56 136
35 57 27
35 59 45
35 62 71
35 67 33
35 68 71
35 73 1
35 74 75
35 75 57
35 77 104
35 78 85
35 82 149
35 83 130
35 86 138
35 87 126
35 89 71
35 91 30
35 92 68
35 93 98
35 99 115
35 100 39
36 38 97
36 40 130
36 43 127
36 44 114
36 48 146
36 53 98
36 54 70
36 55 29
36 59 149
36 62 67
36 67 158
36 68 102
36 69 143
36 71 116
36 72 147
36 76 135
36 78 29
36 79 160
36 80 115
36 81 46
36 82 97
36 83 27
36 84 155
36 88 123
36 89 120
36 92 6
36 94 56
36 98 117
36 99 144
36 100 5
37 38 78
37 43 13
37 44 111
37 45 138
37 48 46
37 49 54
37 52 131
37 53 68
37 54 21
37 55 11
37 56 51
37 59 129
37 63 124
37 65 108
37 68 148
37 69 78
37 71 84
37 76 91
37 77 36
37 79 129
37 82 83
37 84 13
37 85 154
37 87 83
37 88 43
37 89 34
37 93 61
37 94 44
37 97 51
37 100 138
38 40 12
38 42 30
38 43 155
38 46 3
38 48 68
38 49 85
38 52 37
38 54 45
38 58 98
38 60 54
38 62 82
38 65 80
38 67 133
38 70 41
38 78 60
38 82 130
38 84 10
38 85 149
38 86 74
38 89 125
38 96 80
38 97 45
39 40 116
39 42 101
39 46 33
39 47 122
39 48 21
39 50 65
39 56 67
39 58 109
39 59 94
39 62 53
39 70 80
39 71 42
39 73 26
39 74 50
39 78 65
39 79 110
39 86 58
39 87 4
39 97 133
39 100 42
40 42 33
40 43 6
40 44 143
40 47 104
40 48 31
40 49 123
40 51 23
40 52 109
40 53 52
40 55 25
40 56 151
40 57 150
40 59 136
40 60 33
40 62 111
40 63 3
40 65 146
40 66 107
40 67 105
40 68 96
40 69 55
40 70 13
40 71 21
40 73 45
40 76 1
40 77 159
40 78 19
40 83 117
40 84 47
40 86 38
40 88 86
40 90 154
40 91 96
40 92 98
40 94 108
40 96 119
40 98 100
40 99 41
40 100 61
41 42 24
41 43 101
41 45 144
41 50 112
41 52 144
41 53 36
41 56 33
41 57 9
41 58 120
41 63 65
41 64 105
41 65 8
41 66 25
41 67 4
41 68 100
41 69 4
41 71 133
41 72 70
41 74 39
41 76 48
41 78 26
41 82 69
41 83 33
41 84 82
41 88 67
41 92 17
41 94 109
41 96 40
41 98 24
41 99 101
42 43 2
42 45 138
42 49 106
42 50 68
42 51 101
42 55 51
42 57 120
42 59 113
42 61 121
42 66 106
42 67 73
42 68 88
42 69 80
42 72 73
42 73 102
42 76 5
42 78 123
42 82 53
42 84 21
42 88 54
42 98 50
43 44 128
43 46 127
43 48 102
43 51 48
43 52 61
43 53 114
43 54 125
43 55 44
43 56 128
43 64 119
43 67 113
43 68 105
43 71 63
43 72 120
43 73 87
43 76 31
43 77 102
43 79 141
43 80 70
43 81 80
43 82 101
43 83 117
43 84 157
43 85 32
43 88 77
43 89 38
43 90 148
43 98 66
44 50 131
44 52 59
44 56 108
44 57 155
44 58 118
44 59 76
44 61 17
44 62 88
44 68 82
44 70 60
44 73 119
44 75 106
44 76 151
44 78 111
44 79 65
44 80 23
44 84 44
44 85 26
44 86 155
44 88 90
44 89 110
44 98 50
45 48 101
45 52 87
45 54 141
45 56 139
45 58 26
45 60 32
45 63 19
45 66 150
45 67 59
45 68 33
45 73 56
45 75 65
45 77 50
45 79 114
45 80 55
45 81 14
45 82 149
45 83 17
45 92 111
45 93 132
45 94 153
45 95 154
46 47 80
46 54 5
46 58 46
46 64 19
46 65 68
46 66 147
46 67 123
46 72 8
46 75 93
46 77 103
46 81 17
46 82 109
46 84 148
46 87 127
46 88 6
46 89 33
46 96 36
46 98 15
46 100 129
47 52 19
47 58 75
47 59 76
47 68 47
47 71 142
47 75 141
47 77 15
47 81 104
47 82 24
47 83 20
47 85 96
47 86 80
47 88 124
47 92 102
47 94 13
47 99 1
48 49 74
48 52 97
48 53 33
48 56 142
48 58 134
48 61 65
48 63 57
48 66 40
48 78 31
48 80 100
48 84 145
48 86 99
48 87 106
48 89 55
48 90 103
48 92 99
48 93 59
48 94 25
48 95 122
48 98 100
49 54 154
49 55 24
49 62 54
49 64 24
49 74 84
49 77 90
49 78 140
49 79 54
49 80 120
49 81 61
49 86 97
49 87 13
49 89 108
49 90 24
49 95 20
50 52 3
50 53 124
50 54 131
50 56 121
50 57 157
50 58 128
50 62 145
50 71 18
50 72 98
50 75 57
50 76 37
50 79 58
50 84 72
50 87 42
50 88 24
50 91 62
50 93 87
50 94 154
50 97 86
50 99 43
51 53 91
51 55 76
51 56 127
51 58 112
51 64 118
51 65 48
51 66 118
51 67 63
51 68 1
51 76 125
51 77 84
51 82 112
51 84 21
51 87 117
51 89 12
51 90 13
51 91 26
51 94 25
51 95 102
51 96 68
51 99 125
51 100 143
52 53 39
52 54 18
52 57 156
52 58 149
52 61 15
52 68 96
52 69 16
52 70 27
52 73 57
52 76 45
52 77 69
52 81 151
52 89 42
52 90 89
52 92 23
52 94 84
52 100 81
53 55 134
53 56 70
53 59 35
53 61 146
53 63 4
53 64 110
53 65 18
53 67 59
53 68 95
53 71 71
53 73 138
53 74 26
53 75 160
53 76 69
53 80 150
53 81 126
53 86 111
53 89 66
53 95 87
53 98 91
54 56 141
54 67 91
54 68 25
54 70 144
54 77 16
54 78 158
54 81 88
54 83 103
54 85 102
54 86 44
54 90 21
54 94 74
54 99 73
54 100 131
55 57 40
55 58 24
55 62 156
55 67 116
55 70 96
55 73 49
55 76 112
55 78 145
55 80 27
55 81 32
55 83 87
55 84 151
55 89 80
55 90 33
55 91 1
55 94 94
55 96 30
56 57 23
56 59 24
56 60 113
56 65 31
56 66 152
56 67 50
56 69 144
56 74 39
56 78 23
56 81 81
56 84 30
56 86 73
56 88 149
56 91 139
56 94 126
56 96 94
56 97 109
57 62 82
57 64 79
57 68 15
57 75 86
57 85 71
57 87 94
57 88 60
57 91 45
57 94 121
57 96 36
57 97 28
57 98 93
57 99 133
58 59 147
58 60 74
58 62 74
58 63 28
58 65 56
58 67 46
58 70 75
58 74 2
58 82 110
58 83 119
58 85 145
58 87 158
58 88 57
58 91 68
58 93 19
58 96 53
58 98 72
58 99 16
59 64 123
59 66 2
59 67 139
59 68 2
59 69 103
59 73 145
59 78 107
59 79 1
59 80 28
59 83 124
59 85 58
59 92 32
59 93 19
59 94 148
59 95 36
59 96 49
59 97 87
59 99 62
59 100 15
60 61 116
60 64 148
60 69 73
60 76 87
60 82 146
60 83 23
60 87 123
60 89 129
60 91 23
60 93 36
60 95 72
60 98 35
60 99 38
61 62 112
61 63 26
61 65 26
61 67 40
61 69 22
61 74 112
61 75 3
61 78 93
61 81 91
61 82 118
61 84 134
61 85 119
61 88 50
61 89 97
61 92 13
62 66 87
62 68 159
62 73 45
62 74 48
62 80 54
62 82 35
62 83 154
62 85 33
62 87 63
62 89 87
62 91 109
62 96 9
62 97 50
62 99 154
62 100 43
63 65 70
63 66 140
63 68 47
63 76 147
63 77 118
63 78 126
63 79 140
63 81 71
63 85 35
63 86 98
63 90 130
63 93 28
63 95 140
63 97 28
63 100 22
64 65 26
64 66 44
64 70 109
64 77 59
64 79 108
64 82 138
64 86 128
64 90 71
64 91 57
64 93 111
64 97 145
64 98 110
64 99 9
64 100 41
65 68 12
65 71 116
65 72 71
65 73 100
65 76 38
65 77 59
65 79 147
65 81 83
65 83 150
65 87 70
65 89 2
65 90 94
65 91 105
65 96 103
65 100 113
66 71 93
66 74 99
66 80 92
66 83 15
66 84 65
66 87 103
66 88 88
66 90 11
66 91 91
66 92 92
66 93 129
66 96 63
66 98 1
67 68 91
67 70 3
67 73 34
67 74 101
67 75 136
67 77 157
67 79 81
67 80 137
67 82 62
67 84 42
67 88 50
67 92 44
67 95 76
67 99 135
68 69 68
68 70 131
68 72 75
68 73 76
68 74 154
68 76 82
68 77 119
68 78 11
68 81 56
68 83 53
68 85 32
68 86 51
68 88 142
68 89 69
68 90 65
68 96 43
69 70 149
69 71 4
69 74 119
69 76 114
69 77 142
69 79 101
69 81 82
69 84 123
69 86 8
69 87 41
69 92 132
69 93 48
69 97 33
70 71 68
70 72 45
70 73 10
70 78 139
70 79 107
70 81 89
70 82 38
70 86 12
70 90 78
70 91 49
70 92 62
70 96 76
70 99 116
71 75 47
71 76 151
71 78 141
71 79 107
71 82 1
71 83 102
71 85 103
71 86 51
71 91 51
71 94 135
71 96 29
71 97 118
71 98 23
72 73 141
72 76 39
72 77 122
72 82 23
72 93 3
72 96 68
72 100 126
73 82 97
73 85 41
73 86 131
73 91 95
73 94 151
74 75 110
74 76 151
74 82 51
74 85 56
74 86 16
74 87 22
74 88 159
74 93 110
74 94 100
74 97 98
74 98 102
74 100 43
75 77 85
75 80 4
75 81 100
75 82 118
75 83 41
75 84 79
75 85 56
75 88 22
75 91 74
75 93 143
75 94 132
75 96 12
75 98 19
75 99 69
76 82 47
76 85 108
76 86 33
76 88 106
76 89 86
76 91 72
76 92 48
76 93 22
76 95 99
76 97 30
76 99 85
76 100 124
77 78 121
77 82 10
77 89 23
77 91 67
77 93 55
77 98 126
78 82 14
78 84 39
78 85 120
78 86 20
78 88 118
78 89 72
78 90 45
78 91 35
78 93 69
78 95 57
78 97 122
78 99 127
78 100 57
79 80 29
79 81 160
79 82 33
79 89 102
79 91 99
79 92 125
79 94 156
79 97 67
79 98 41
79 99 8
79 100 54
80 85 159
80 86 15
80 91 110
80 92 97
80 94 140
80 95 131
80 97 92
80 99 134
80 100 138
81 84 143
81 85 41
81 90 25
81 91 21
81 94 138
81 95 74
81 96 1
81 99 14
82 84 44
82 85 43
82 86 6
82 89 108
82 90 74
82 95 36
82 96 33
82 97 48
82 98 120
83 87 28
83 89 55
83 91 42
83 94 63
83 95 41
83 99 126
83 100 105
84 85 138
84 86 83
84 88 8
84 90 5
84 92 159
84 93 66
84 96 22
84 99 100
85 87 151
85 88 38
85 89 88
85 92 65
85 93 136
85 94 116
85 96 45
85 97 2
86 87 56
86 89 100
86 90 158
86 91 10
86 92 119
86 96 86
86 98 147
87 88 44
87 89 78
87 90 24
87 91 36
87 97 28
87 99 23
87 100 79
88 89 81
88 94 32
88 97 71
89 90 143
89 92 47
89 93 145
89 95 149
89 96 44
89 99 15
89 100 151
90 94 105
90 97 21
91 92 110
91 95 6
91 96 93
91 97 41
91 98 30
92 95 160
92 96 152
92 99 155
93 94 70
93 96 66
93 97 56
94 97 11
95 96 100
95 97 77
95 98 116
95 99 28
95 100 74
96 99 60
97 98 124
97 100 149
98 99 7
98 100 152
