200 7987
1 2 5
1 15 3
1 22 2
1 24 1
1 30 4
1 32 4
1 33 3
1 34 5
1 35 5
1 36 3
1 40 3
1 42 1
1 44 2
1 46 5
1 49 5
1 51 4
1 52 3
1 54 1
1 56 2
1 57 4
1 60 3
1 61 5
1 63 2
1 67 4
1 68 4
1 69 4
1 71 4
1 72 3
1 73 1
1 75 5
1 76 4
1 78 4
1 84 2
1 87 3
1 89 4
1 90 4
1 97 2
1 98 4
1 99 4
1 100 3
1 102 4
1 103 1
1 106 3
1 108 1
1 109 4
1 114 1
1 121 1
1 124 1
1 126 2
1 127 3
1 130 5
1 139 1
1 141 4
1 143 5
1 144 5
1 147 3
1 153 2
1 154 5
1 159 4
1 162 4
1 163 3
1 166 4
1 167 3
1 168 3
1 169 2
1 174 2
1 176 2
1 177 5
1 178 2
1 179 5
1 183 3
1 184 3
1 185 2
1 187 5
1 189 5
1 193 3
1 195 3
1 200 5
2 8 4
2 9 5
2 10 5
2 14 1
2 15 3
2 17 1
2 19 4
2 22 1
2 24 2
2 25 1
2 26 3
2 27 5
2 32 1
2 36 1
2 39 1
2 42 3
2 44 5
2 46 4
2 47 4
2 52 4
2 53 1
2 54 1
2 57 2
2 61 5
2 62 3
2 65 2
2 67 3
2 68 1
2 70 1
2 73 1
2 74 1
2 81 4
2 85 4
2 87 1
2 90 4
2 93 4
2 97 4
2 107 1
2 108 4
2 109 4
2 110 4
2 111 1
2 112 1
2 113 5
2 117 3
2 119 3
2 126 4
2 128 2
2 129 4
2 130 2
2 132 2
2 136 2
2 137 5
2 141 2
2 143 5
2 144 1
2 151 1
2 154 2
2 155 5
2 164 3
2 169 4
2 171 5
2 172 5
2 173 1
2 174 4
2 175 1
2 177 5
2 188 2
2 192 4
2 194 5
2 195 5
2 196 1
3 5 2
3 8 1
3 11 1
3 12 3
3 13 3
3 15 3
3 19 1
3 20 5
3 23 4
3 24 4
3 38 5
3 41 5
3 43 1
3 46 5
3 47 4
3 49 2
3 50 2
3 51 5
3 57 4
3 60 4
3 61 5
3 65 2
3 68 1
3 72 3
3 75 1
3 79 5
3 81 5
3 85 4
3 86 2
3 91 2
3 92 5
3 95 1
3 97 3
3 98 1
3 101 2
3 103 4
3 105 2
3 108 5
3 109 4
3 116 1
3 118 5
3 125 4
3 128 5
3 132 2
3 134 5
3 135 4
3 140 1
3 142 5
3 144 2
3 147 5
3 149 5
3 152 3
3 153 2
3 154 4
3 157 4
3 159 1
3 161 1
3 162 3
3 163 2
3 164 2
3 166 5
3 173 5
3 174 5
3 177 4
3 183 4
3 184 2
3 186 3
3 188 1
3 192 4
3 200 1
4 7 4
4 11 5
4 12 2
4 13 3
4 14 1
4 17 1
4 18 3
4 19 5
4 21 4
4 22 3
4 23 3
4 24 2
4 30 5
4 33 2
4 37 5
4 40 2
4 41 5
4 43 3
4 45 5
4 46 1
4 48 5
4 49 2
4 54 3
4 58 3
4 63 3
4 64 5
4 65 5
4 68 4
4 69 5
4 79 2
4 81 2
4 82 1
4 86 2
4 87 3
4 91 3
4 92 1
4 95 1
4 96 5
4 99 3
4 102 3
4 104 3
4 108 1
4 111 5
4 112 2
4 114 2
4 117 3
4 121 4
4 123 3
4 124 3
4 126 3
4 129 5
4 130 4
4 132 1
4 133 1
4 135 4
4 136 4
4 139 4
4 144 5
4 147 3
4 148 5
4 149 5
4 151 5
4 155 2
4 157 5
4 160 1
4 165 3
4 166 2
4 167 3
4 172 2
4 177 2
4 178 1
4 180 3
4 182 4
4 184 3
4 185 2
4 193 3
4 196 3
4 197 3
5 7 1
5 9 3
5 15 5
5 16 3
5 18 2
5 21 3
5 24 1
5 27 5
5 32 4
5 33 3
5 35 4
5 37 5
5 38 4
5 39 4
5 42 3
5 43 2
5 44 3
5 45 2
5 47 1
5 48 5
5 49 4
5 52 1
5 54 3
5 55 4
5 56 5
5 57 5
5 59 3
5 65 5
5 66 5
5 67 2
5 68 1
5 69 4
5 72 5
5 78 2
5 80 2
5 85 3
5 86 4
5 87 2
5 91 1
5 94 1
5 97 1
5 100 4
5 107 4
5 115 2
5 116 5
5 117 4
5 118 1
5 121 4
5 123 5
5 127 5
5 128 2
5 133 4
5 136 5
5 137 1
5 138 4
5 145 1
5 149 3
5 150 3
5 153 1
5 156 2
5 158 2
5 159 5
5 163 3
5 164 1
5 167 4
5 169 3
5 172 5
5 174 4
5 175 5
5 177 1
5 181 1
5 183 5
5 186 2
5 187 2
5 189 4
5 195 4
5 196 1
5 197 2
6 7 5
6 13 4
6 15 1
6 28 5
6 29 4
6 33 5
6 35 5
6 37 5
6 38 4
6 40 2
6 41 2
6 42 3
6 43 4
6 48 5
6 51 3
6 54 2
6 55 3
6 56 4
6 57 2
6 58 3
6 60 5
6 62 2
6 68 5
6 71 1
6 74 5
6 75 3
6 76 2
6 77 4
6 78 3
6 79 3
6 83 1
6 86 5
6 88 2
6 90 1
6 91 2
6 94 5
6 98 4
6 99 2
6 101 5
6 106 5
6 107 3
6 108 5
6 113 1
6 115 4
6 120 3
6 122 4
6 123 3
6 124 3
6 125 5
6 126 2
6 127 2
6 131 5
6 132 3
6 136 1
6 138 1
6 139 2
6 142 1
6 143 5
6 146 1
6 149 2
6 150 1
6 152 3
6 155 4
6 156 4
6 159 1
6 164 2
6 166 2
6 167 1
6 168 3
6 172 4
6 174 1
6 178 3
6 180 2
6 181 1
6 183 5
6 184 3
6 186 4
6 187 4
6 188 5
6 194 2
6 199 5
7 9 4
7 12 2
7 15 4
7 16 3
7 17 1
7 19 2
7 23 1
7 26 3
7 28 1
7 31 1
7 32 3
7 36 5
7 37 3
7 38 1
7 39 3
7 46 4
7 48 4
7 49 5
7 50 3
7 52 2
7 53 4
7 54 5
7 55 5
7 56 5
7 58 5
7 59 4
7 60 2
7 63 4
7 66 4
7 67 4
7 72 4
7 78 5
7 79 3
7 81 5
7 83 4
7 89 5
7 92 5
7 93 3
7 95 5
7 96 5
7 97 2
7 98 4
7 101 1
7 102 5
7 103 2
7 104 5
7 105 5
7 106 1
7 115 5
7 123 4
7 127 4
7 128 4
7 142 2
7 144 3
7 163 1
7 164 1
7 168 2
7 172 5
7 174 4
7 175 5
7 177 5
7 180 4
7 181 4
7 182 4
7 183 2
7 186 5
7 188 1
7 190 2
7 194 3
7 199 2
8 16 1
8 17 3
8 18 1
8 19 3
8 20 2
8 21 1
8 25 5
8 27 4
8 29 4
8 31 1
8 32 3
8 33 4
8 34 1
8 39 3
8 43 1
8 44 1
8 45 3
8 55 4
8 57 1
8 59 1
8 60 2
8 62 1
8 64 1
8 65 5
8 67 4
8 72 1
8 73 5
8 74 4
8 77 1
8 78 1
8 79 4
8 80 2
8 81 4
8 82 4
8 83 5
8 85 3
8 88 4
8 92 5
8 93 2
8 94 3
8 96 5
8 97 4
8 101 2
8 102 5
8 103 2
8 104 5
8 106 1
8 115 2
8 116 4
8 118 5
8 119 5
8 120 1
8 121 3
8 122 4
8 123 5
8 124 5
8 130 3
8 131 5
8 134 5
8 140 2
8 141 1
8 142 3
8 146 2
8 147 1
8 148 2
8 150 3
8 154 4
8 155 5
8 156 2
8 161 2
8 163 2
8 167 2
8 169 1
8 174 5
8 175 2
8 176 4
8 178 3
8 182 4
8 184 5
8 185 3
8 194 4
8 199 4
8 200 3
9 12 4
9 19 2
9 20 2
9 21 4
9 24 1
9 27 3
9 28 1
9 29 3
9 30 1
9 32 2
9 34 1
9 35 5
9 36 5
9 38 3
9 39 5
9 45 1
9 47 5
9 49 5
9 50 3
9 55 1
9 58 1
9 65 2
9 66 4
9 67 5
9 75 3
9 77 4
9 78 2
9 79 4
9 83 3
9 85 3
9 86 3
9 95 1
9 96 3
9 97 1
9 99 5
9 100 4
9 101 3
9 102 2
9 103 2
9 105 2
9 107 5
9 109 5
9 110 2
9 114 4
9 115 3
9 116 5
9 117 5
9 119 3
9 120 4
9 122 2
9 124 1
9 128 2
9 129 1
9 132 2
9 134 5
9 136 2
9 138 3
9 143 1
9 145 4
9 147 1
9 156 2
9 158 1
9 161 4
9 163 5
9 166 5
9 168 3
9 171 5
9 173 3
9 174 5
9 175 4
9 177 2
9 182 5
9 184 1
9 185 2
9 186 2
9 187 1
9 198 1
9 200 4
10 13 4
10 15 2
10 16 2
10 21 1
10 23 2
10 24 5
10 25 4
10 26 4
10 27 2
10 33 4
10 40 1
10 42 4
10 43 2
10 47 3
10 48 4
10 49 4
10 54 5
10 55 5
10 57 1
10 59 1
10 61 1
10 64 2
10 66 3
10 67 3
10 68 5
10 70 5
10 74 2
10 77 2
10 79 1
10 82 2
10 83 2
10 84 4
10 85 4
10 88 2
10 91 3
10 95 1
10 97 3
10 101 3
10 104 5
10 107 4
10 108 2
10 112 4
10 114 3
10 119 2
10 121 1
10 122 3
10 125 1
10 128 3
10 129 3
10 133 1
10 136 4
10 142 5
10 148 5
10 150 4
10 151 5
10 154 4
10 156 3
10 158 4
10 164 5
10 165 4
10 166 3
10 167 1
10 169 4
10 171 3
10 177 3
10 178 5
10 180 1
10 182 2
10 183 4
10 184 5
10 188 3
10 189 3
10 190 1
10 191 5
10 193 4
11 12 5
11 18 1
11 21 2
11 22 2
11 25 1
11 31 5
11 33 5
11 37 2
11 38 2
11 42 1
11 43 4
11 44 3
11 45 4
11 47 2
11 50 5
11 52 2
11 54 1
11 57 3
11 58 2
11 62 1
11 64 2
11 67 1
11 72 4
11 77 3
11 79 2
11 83 2
11 84 2
11 86 3
11 90 3
11 91 4
11 93 3
11 98 2
11 100 3
11 105 1
11 106 2
11 107 4
11 108 3
11 111 2
11 112 2
11 114 2
11 115 4
11 116 4
11 119 2
11 128 4
11 129 4
11 131 4
11 137 5
11 138 5
11 141 2
11 143 5
11 146 4
11 147 1
11 149 2
11 150 3
11 151 1
11 153 1
11 158 3
11 161 2
11 163 5
11 164 3
11 165 4
11 168 2
11 171 5
11 172 1
11 173 3
11 174 2
11 175 5
11 176 1
11 177 2
11 178 5
11 179 1
11 180 4
11 182 5
11 186 5
11 188 1
11 192 1
11 196 3
11 199 4
11 200 5
12 13 1
12 14 1
12 15 5
12 18 2
12 19 5
12 22 4
12 23 3
12 24 2
12 26 2
12 30 1
12 31 4
12 32 3
12 33 2
12 37 2
12 38 4
12 39 3
12 40 5
12 41 2
12 52 5
12 54 4
12 55 5
12 57 1
12 58 2
12 61 3
12 63 3
12 65 5
12 70 1
12 71 5
12 72 1
12 73 2
12 74 5
12 75 2
12 76 5
12 81 2
12 82 5
12 89 1
12 93 2
12 95 5
12 97 5
12 100 4
12 102 3
12 103 4
12 107 2
12 110 3
12 111 5
12 117 1
12 119 3
12 122 3
12 123 4
12 124 1
12 125 2
12 128 1
12 130 5
12 132 4
12 133 3
12 134 1
12 136 5
12 147 4
12 148 5
12 149 4
12 152 3
12 154 4
12 155 1
12 157 2
12 158 5
12 161 4
12 163 1
12 167 2
12 172 3
12 176 3
12 177 4
12 179 4
12 182 5
12 186 1
12 188 2
12 200 4
13 20 5
13 21 2
13 23 4
13 27 3
13 31 4
13 33 1
13 34 5
13 35 1
13 42 3
13 45 2
13 46 4
13 47 4
13 48 4
13 50 5
13 52 1
13 55 4
13 56 4
13 58 2
13 59 1
13 62 5
13 64 2
13 66 4
13 69 3
13 71 3
13 72 1
13 74 1
13 76 4
13 77 4
13 78 2
13 79 5
13 83 2
13 84 2
13 86 4
13 87 2
13 89 4
13 90 5
13 91 2
13 97 5
13 99 1
13 100 4
13 103 5
13 104 2
13 106 2
13 109 3
13 113 3
13 116 3
13 118 3
13 120 1
13 121 4
13 124 3
13 126 1
13 127 2
13 128 2
13 129 2
13 133 5
13 135 3
13 136 3
13 138 5
13 139 4
13 141 1
13 148 2
13 150 2
13 152 5
13 154 3
13 155 1
13 156 3
13 161 3
13 163 3
13 165 1
13 166 1
13 169 5
13 171 4
13 174 4
13 177 2
13 178 5
13 186 3
13 187 2
13 190 1
13 191 2
13 193 1
13 194 3
13 196 1
14 15 4
14 25 1
14 27 2
14 29 1
14 30 3
14 31 4
14 33 1
14 35 3
14 37 5
14 38 2
14 40 5
14 41 3
14 46 3
14 48 5
14 49 4
14 57 4
14 58 1
14 60 1
14 61 4
14 63 5
14 64 1
14 67 2
14 68 5
14 72 1
14 74 2
14 75 5
14 76 3
14 77 4
14 78 5
14 80 5
14 83 5
14 84 3
14 86 5
14 88 3
14 89 2
14 90 4
14 93 1
14 98 2
14 100 3
14 102 3
14 103 5
14 104 4
14 107 5
14 110 1
14 111 3
14 115 2
14 116 4
14 120 2
14 124 1
14 125 2
14 127 3
14 132 2
14 135 3
14 137 2
14 138 3
14 140 2
14 141 5
14 142 4
14 143 3
14 146 5
14 147 1
14 149 3
14 152 2
14 153 4
14 154 5
14 157 1
14 158 4
14 160 4
14 162 4
14 163 2
14 168 5
14 171 2
14 172 2
14 176 5
14 177 3
14 178 3
14 180 5
14 181 1
14 182 4
14 187 1
14 188 3
14 191 1
14 192 4
14 193 2
14 194 3
14 199 5
15 17 2
15 19 1
15 20 2
15 22 4
15 24 5
15 28 3
15 29 2
15 32 2
15 34 2
15 36 5
15 37 5
15 40 3
15 41 2
15 43 5
15 45 5
15 46 4
15 48 1
15 49 5
15 51 4
15 52 2
15 54 2
15 55 2
15 56 4
15 57 2
15 59 3
15 60 5
15 63 2
15 65 3
15 68 2
15 71 2
15 72 1
15 75 1
15 76 2
15 77 3
15 78 4
15 81 4
15 83 4
15 87 2
15 97 2
15 101 4
15 103 3
15 105 4
15 106 1
15 107 2
15 108 3
15 109 1
15 110 2
15 118 4
15 119 5
15 121 3
15 124 5
15 125 3
15 128 4
15 130 4
15 137 2
15 138 2
15 140 2
15 142 1
15 143 3
15 146 4
15 147 5
15 148 2
15 149 5
15 150 2
15 151 5
15 155 5
15 156 5
15 157 5
15 162 5
15 163 1
15 164 2
15 165 4
15 168 3
15 169 4
15 173 5
15 182 1
15 183 5
15 184 1
15 189 1
15 190 3
15 196 5
16 17 5
16 21 5
16 22 1
16 23 4
16 24 1
16 28 3
16 33 4
16 35 2
16 38 3
16 39 5
16 40 1
16 41 2
16 42 2
16 45 3
16 48 1
16 53 2
16 57 4
16 58 1
16 59 5
16 62 2
16 66 3
16 70 4
16 74 1
16 76 2
16 79 3
16 89 1
16 90 2
16 91 5
16 92 3
16 94 4
16 99 3
16 100 4
16 102 4
16 105 1
16 109 5
16 111 2
16 113 4
16 115 2
16 118 4
16 119 3
16 120 5
16 121 4
16 123 3
16 124 4
16 125 1
16 127 1
16 130 3
16 131 1
16 135 3
16 138 1
16 142 3
16 145 1
16 146 3
16 149 4
16 151 1
16 155 5
16 158 2
16 162 1
16 163 1
16 166 5
16 171 2
16 175 4
16 180 5
16 181 1
16 183 4
16 184 4
16 186 2
16 190 5
16 192 3
16 193 5
16 197 5
16 199 4
17 18 5
17 22 3
17 24 4
17 27 5
17 28 3
17 30 4
17 31 4
17 33 1
17 34 1
17 35 3
17 38 3
17 41 4
17 43 4
17 45 4
17 50 4
17 51 2
17 62 3
17 64 5
17 67 1
17 70 1
17 71 1
17 73 3
17 75 5
17 76 3
17 79 2
17 86 2
17 87 3
17 89 2
17 90 4
17 96 3
17 102 1
17 105 4
17 107 2
17 110 2
17 111 3
17 113 4
17 115 3
17 117 4
17 118 2
17 120 2
17 122 4
17 124 5
17 125 5
17 130 4
17 133 3
17 134 1
17 138 1
17 139 5
17 140 3
17 141 4
17 144 4
17 152 4
17 153 4
17 156 1
17 157 2
17 163 3
17 167 1
17 171 1
17 175 5
17 178 1
17 180 1
17 181 5
17 182 2
17 190 4
17 192 2
17 193 1
17 197 3
17 198 4
17 199 2
17 200 2
18 20 2
18 21 4
18 24 3
18 26 3
18 28 2
18 29 4
18 33 3
18 38 3
18 39 3
18 41 4
18 43 1
18 52 5
18 55 3
18 60 2
18 61 5
18 63 2
18 64 5
18 67 5
18 68 2
18 70 3
18 71 4
18 73 1
18 74 2
18 83 1
18 87 2
18 88 1
18 89 5
18 93 3
18 94 5
18 96 2
18 98 5
18 99 5
18 100 5
18 101 5
18 106 1
18 108 4
18 114 4
18 115 3
18 117 3
18 118 2
18 119 4
18 121 5
18 122 2
18 123 2
18 125 4
18 129 2
18 131 3
18 133 3
18 136 1
18 137 3
18 140 3
18 141 4
18 149 1
18 150 4
18 155 3
18 157 3
18 159 4
18 161 1
18 162 1
18 164 1
18 167 2
18 168 4
18 169 5
18 172 3
18 179 4
18 181 3
18 182 1
18 184 4
18 187 4
18 188 1
18 191 2
18 194 3
18 195 3
18 197 4
18 198 3
19 23 4
19 24 4
19 25 2
19 27 1
19 33 4
19 34 3
19 35 5
19 36 3
19 37 5
19 38 3
19 40 1
19 43 4
19 44 2
19 50 5
19 52 4
19 54 2
19 55 1
19 60 5
19 62 4
19 63 4
19 64 4
19 65 4
19 66 1
19 67 1
19 68 2
19 71 4
19 74 1
19 78 5
19 79 4
19 81 1
19 82 3
19 83 2
19 86 4
19 88 4
19 94 1
19 95 1
19 98 3
19 102 4
19 106 3
19 110 2
19 111 5
19 112 3
19 114 5
19 118 1
19 121 3
19 122 5
19 123 2
19 125 5
19 128 5
19 129 5
19 131 2
19 132 3
19 133 2
19 138 3
19 139 4
19 144 1
19 145 4
19 146 4
19 154 3
19 156 1
19 157 5
19 158 5
19 159 4
19 163 4
19 164 2
19 165 1
19 168 5
19 169 5
19 174 5
19 175 5
19 177 5
19 180 2
19 181 5
19 182 1
19 183 5
19 184 1
19 188 4
19 189 5
19 192 4
19 197 1
19 199 3
19 200 1
20 22 3
20 23 1
20 24 3
20 25 5
20 27 2
20 28 5
20 29 4
20 35 2
20 37 1
20 39 5
20 40 5
20 41 4
20 43 1
20 45 3
20 46 3
20 48 2
20 50 4
20 54 1
20 55 5
20 57 5
20 59 2
20 61 1
20 67 3
20 68 3
20 69 2
20 70 3
20 74 5
20 75 5
20 79 2
20 81 2
20 82 1
20 84 3
20 85 1
20 86 5
20 89 2
20 91 5
20 92 4
20 94 5
20 95 1
20 96 4
20 98 4
20 100 1
20 104 2
20 106 3
20 107 3
20 108 4
20 110 2
20 111 1
20 113 2
20 116 2
20 117 5
20 119 1
20 121 4
20 122 5
20 124 1
20 128 2
20 129 5
20 131 1
20 132 1
20 133 3
20 134 3
20 137 5
20 138 1
20 142 5
20 143 3
20 144 4
20 145 4
20 149 2
20 154 2
20 157 4
20 163 3
20 165 3
20 170 5
20 175 1
20 181 5
20 186 5
20 189 1
20 190 3
20 192 1
20 196 2
21 23 1
21 26 3
21 27 4
21 32 2
21 35 2
21 36 5
21 38 1
21 41 3
21 43 5
21 46 4
21 48 4
21 49 4
21 51 4
21 52 3
21 56 4
21 57 1
21 58 3
21 60 2
21 61 3
21 64 3
21 65 4
21 68 4
21 70 5
21 72 5
21 73 3
21 75 1
21 76 3
21 77 3
21 83 3
21 90 3
21 91 2
21 92 2
21 94 4
21 96 4
21 97 1
21 100 4
21 102 2
21 104 5
21 108 5
21 109 4
21 110 5
21 114 3
21 115 5
21 118 3
21 121 2
21 122 3
21 130 4
21 137 4
21 140 5
21 146 5
21 150 2
21 153 3
21 154 5
21 158 2
21 159 4
21 160 5
21 161 2
21 171 4
21 172 1
21 176 4
21 179 2
21 187 1
21 188 3
21 190 2
21 191 1
21 192 4
21 193 3
21 196 5
21 199 4
22 23 1
22 24 5
22 25 5
22 30 1
22 37 1
22 38 2
22 40 3
22 41 3
22 43 1
22 45 2
22 47 1
22 48 3
22 50 2
22 55 3
22 60 3
22 62 1
22 63 3
22 66 5
22 67 2
22 69 2
22 70 2
22 74 2
22 75 2
22 77 2
22 78 4
22 81 2
22 83 3
22 86 4
22 87 4
22 88 4
22 89 4
22 90 2
22 93 2
22 97 1
22 101 2
22 108 2
22 109 2
22 110 1
22 112 3
22 114 5
22 115 4
22 116 4
22 118 3
22 124 2
22 125 5
22 129 3
22 130 3
22 134 2
22 136 4
22 138 3
22 139 2
22 142 3
22 144 1
22 145 4
22 148 3
22 149 5
22 155 3
22 157 4
22 158 3
22 159 4
22 160 5
22 162 3
22 163 4
22 169 3
22 181 2
22 183 4
22 187 4
22 188 3
22 189 3
22 191 2
22 192 4
22 193 4
22 194 1
22 195 2
22 198 4
23 27 3
23 31 3
23 33 4
23 34 5
23 37 4
23 39 2
23 41 2
23 43 4
23 45 4
23 46 5
23 48 5
23 52 2
23 55 2
23 56 5
23 59 2
23 60 5
23 61 3
23 62 3
23 69 4
23 70 3
23 76 5
23 85 4
23 86 3
23 87 1
23 88 2
23 91 4
23 93 1
23 95 2
23 96 5
23 104 4
23 105 1
23 106 1
23 109 2
23 112 5
23 113 5
23 115 2
23 116 4
23 118 3
23 119 1
23 120 3
23 126 3
23 127 3
23 130 5
23 133 4
23 138 5
23 139 4
23 140 2
23 142 1
23 143 2
23 146 3
23 147 1
23 149 5
23 151 4
23 152 5
23 154 1
23 155 3
23 159 4
23 167 3
23 170 2
23 173 3
23 175 1
23 177 3
23 179 3
23 182 1
23 184 1
23 185 3
23 186 1
23 189 4
23 192 1
23 195 3
23 198 1
24 27 2
24 32 3
24 33 2
24 34 3
24 35 3
24 36 3
24 37 2
24 39 3
24 40 2
24 41 2
24 43 5
24 47 4
24 48 3
24 57 1
24 59 5
24 60 1
24 65 1
24 67 1
24 73 4
24 78 3
24 79 5
24 83 2
24 88 3
24 98 2
24 101 3
24 102 4
24 103 3
24 106 5
24 109 4
24 112 2
24 113 5
24 116 1
24 119 5
24 120 4
24 121 2
24 128 5
24 133 5
24 134 4
24 141 2
24 142 5
24 143 4
24 145 2
24 148 1
24 149 1
24 154 3
24 155 2
24 156 4
24 160 4
24 168 4
24 171 4
24 173 1
24 174 4
24 175 1
24 180 2
24 182 4
24 188 1
24 189 5
24 190 4
24 197 3
24 198 2
24 200 1
25 26 1
25 29 3
25 32 1
25 39 2
25 40 5
25 42 3
25 43 4
25 46 1
25 47 5
25 50 3
25 56 3
25 58 4
25 59 2
25 60 4
25 62 2
25 64 1
25 66 5
25 67 2
25 72 2
25 73 5
25 74 1
25 75 3
25 76 3
25 81 1
25 82 3
25 83 1
25 84 2
25 85 2
25 86 1
25 87 1
25 91 4
25 92 1
25 93 1
25 101 4
25 103 5
25 104 1
25 105 2
25 107 2
25 109 3
25 111 3
25 112 1
25 113 4
25 115 1
25 118 5
25 126 1
25 128 3
25 129 2
25 130 5
25 131 2
25 132 5
25 137 2
25 139 2
25 142 1
25 143 4
25 144 5
25 146 2
25 148 5
25 149 1
25 150 4
25 154 2
25 159 4
25 160 5
25 165 1
25 166 4
25 168 5
25 171 1
25 174 4
25 175 3
25 178 5
25 180 2
25 184 2
25 185 3
25 186 2
25 187 5
25 188 2
25 190 2
25 192 2
25 193 1
25 194 4
25 195 4
25 198 2
25 200 2
26 29 5
26 31 4
26 35 4
26 36 4
26 37 2
26 39 2
26 40 5
26 42 5
26 43 2
26 44 1
26 45 5
26 47 1
26 50 5
26 52 5
26 53 3
26 55 1
26 59 3
26 63 2
26 66 5
26 68 4
26 70 4
26 71 4
26 79 5
26 83 2
26 84 4
26 85 5
26 89 5
26 90 4
26 91 5
26 93 3
26 97 5
26 98 2
26 99 5
26 100 4
26 101 2
26 102 3
26 104 1
26 108 4
26 111 3
26 112 2
26 119 1
26 121 3
26 122 3
26 123 1
26 125 1
26 126 3
26 128 4
26 129 3
26 130 1
26 131 4
26 132 5
26 139 3
26 143 2
26 146 4
26 147 2
26 148 4
26 149 2
26 155 4
26 157 2
26 158 5
26 160 1
26 161 3
26 163 4
26 164 5
26 167 1
26 168 3
26 169 3
26 171 1
26 172 4
26 175 5
26 179 5
26 181 5
26 183 5
26 184 5
26 186 4
26 191 4
26 192 4
26 195 3
26 196 5
26 198 4
26 200 2
27 28 2
27 29 5
27 35 4
27 36 4
27 38 2
27 39 4
27 40 1
27 43 2
27 49 2
27 50 4
27 52 2
27 56 3
27 59 3
27 61 4
27 63 2
27 64 5
27 65 3
27 67 3
27 73 1
27 77 4
27 78 3
27 81 5
27 85 2
27 86 4
27 87 5
27 90 1
27 91 2
27 94 4
27 95 2
27 97 5
27 98 2
27 99 4
27 100 2
27 102 5
27 103 5
27 105 1
27 107 2
27 109 5
27 114 3
27 118 1
27 120 5
27 126 2
27 128 5
27 129 2
27 130 2
27 131 1
27 135 3
27 139 3
27 140 1
27 141 2
27 148 5
27 150 5
27 151 3
27 152 4
27 155 1
27 156 2
27 157 4
27 158 3
27 162 4
27 163 1
27 164 2
27 165 2
27 166 3
27 168 1
27 169 5
27 171 1
27 172 3
27 175 3
27 185 4
27 187 2
27 190 2
27 194 3
27 195 3
27 199 5
28 32 2
28 34 5
28 35 3
28 36 1
28 37 2
28 40 4
28 43 3
28 45 1
28 46 2
28 47 3
28 49 2
28 53 3
28 54 3
28 56 5
28 59 1
28 60 4
28 64 5
28 68 4
28 69 3
28 73 2
28 74 3
28 76 2
28 80 3
28 81 1
28 82 1
28 83 2
28 87 5
28 88 1
28 89 3
28 92 2
28 96 1
28 99 4
28 103 2
28 104 2
28 108 2
28 110 4
28 112 5
28 118 3
28 119 1
28 121 2
28 124 2
28 125 2
28 128 4
28 132 1
28 133 2
28 136 2
28 137 4
28 143 2
28 144 2
28 145 5
28 149 1
28 150 2
28 151 5
28 158 5
28 159 2
28 160 1
28 162 3
28 166 3
28 167 1
28 168 3
28 171 4
28 174 3
28 175 1
28 176 3
28 185 2
28 189 2
28 190 5
28 191 2
28 192 3
29 35 5
29 40 2
29 44 5
29 47 5
29 48 5
29 52 5
29 53 5
29 56 4
29 58 2
29 60 3
29 64 2
29 65 3
29 70 1
29 71 2
29 72 5
29 74 3
29 80 3
29 83 4
29 86 1
29 87 5
29 88 3
29 92 5
29 97 5
29 111 1
29 112 4
29 117 5
29 119 3
29 120 1
29 121 2
29 122 2
29 125 5
29 126 4
29 127 3
29 129 1
29 130 1
29 132 4
29 136 3
29 137 3
29 138 2
29 140 5
29 141 1
29 144 1
29 152 4
29 154 3
29 155 1
29 157 5
29 158 2
29 162 4
29 164 1
29 166 4
29 168 5
29 174 3
29 175 4
29 176 4
29 177 2
29 178 3
29 179 2
29 180 1
29 182 5
29 185 3
29 186 4
29 189 3
29 192 3
29 194 4
29 195 5
29 197 5
29 198 1
29 199 1
30 32 1
30 34 1
30 36 4
30 39 5
30 40 4
30 45 5
30 46 1
30 50 1
30 55 4
30 61 1
30 63 5
30 66 2
30 68 4
30 69 1
30 70 2
30 71 4
30 72 3
30 75 5
30 76 3
30 78 2
30 79 1
30 82 1
30 86 4
30 88 2
30 95 5
30 96 2
30 98 4
30 99 4
30 101 5
30 102 5
30 103 2
30 105 1
30 108 3
30 113 4
30 117 3
30 121 3
30 123 2
30 125 1
30 127 3
30 130 1
30 133 2
30 134 1
30 141 3
30 143 2
30 145 3
30 146 5
30 148 5
30 154 3
30 161 1
30 162 5
30 163 3
30 165 2
30 168 1
30 170 1
30 171 3
30 174 2
30 181 1
30 186 5
30 188 3
30 189 4
30 192 4
30 196 1
30 198 3
30 200 4
31 37 1
31 39 2
31 40 5
31 44 2
31 47 4
31 51 2
31 52 1
31 53 2
31 56 3
31 57 2
31 59 5
31 60 4
31 65 5
31 66 5
31 67 4
31 69 4
31 71 4
31 73 1
31 76 4
31 86 1
31 88 2
31 91 3
31 95 4
31 98 4
31 102 1
31 107 3
31 110 1
31 112 3
31 116 5
31 119 2
31 120 1
31 122 4
31 132 1
31 134 3
31 135 1
31 136 1
31 138 5
31 140 5
31 141 5
31 146 5
31 147 3
31 150 2
31 154 1
31 155 3
31 156 5
31 160 1
31 170 3
31 174 1
31 175 3
31 176 4
31 178 5
31 181 3
31 183 2
31 184 5
31 185 5
31 186 3
31 187 4
31 189 4
31 194 1
31 199 5
32 33 2
32 35 3
32 38 4
32 42 1
32 49 3
32 50 2
32 55 3
32 60 2
32 61 1
32 62 5
32 63 2
32 67 2
32 72 1
32 74 4
32 83 5
32 89 1
32 90 5
32 91 4
32 92 3
32 96 2
32 97 4
32 99 4
32 103 3
32 105 5
32 106 5
32 111 4
32 116 3
32 117 5
32 121 1
32 129 5
32 130 3
32 131 4
32 133 1
32 136 2
32 137 1
32 140 5
32 142 3
32 143 5
32 147 2
32 150 2
32 152 4
32 156 5
32 158 4
32 159 1
32 167 4
32 168 4
32 169 3
32 170 5
32 171 3
32 173 2
32 174 1
32 177 3
32 179 3
32 180 2
32 181 1
32 184 1
32 185 2
32 187 2
32 190 1
32 191 3
32 196 1
32 197 5
33 34 1
33 35 1
33 38 3
33 41 3
33 43 5
33 44 5
33 45 2
33 48 1
33 49 4
33 50 4
33 55 3
33 58 4
33 61 4
33 62 3
33 63 5
33 67 2
33 70 1
33 71 5
33 72 4
33 75 1
33 76 1
33 77 4
33 80 5
33 84 1
33 86 2
33 88 4
33 91 2
33 93 2
33 98 5
33 102 5
33 103 1
33 105 5
33 107 3
33 112 3
33 113 2
33 114 1
33 115 3
33 120 3
33 121 1
33 124 5
33 127 3
33 137 1
33 138 5
33 141 1
33 143 4
33 144 1
33 146 5
33 147 4
33 149 4
33 151 4
33 153 3
33 155 5
33 159 4
33 161 3
33 163 3
33 164 3
33 166 3
33 167 4
33 170 4
33 171 5
33 172 2
33 177 1
33 179 2
33 181 1
33 184 1
33 186 3
33 192 3
33 197 2
33 198 5
34 36 1
34 37 5
34 38 3
34 39 3
34 40 2
34 46 2
34 49 5
34 50 4
34 53 4
34 54 3
34 55 5
34 56 4
34 57 3
34 60 3
34 61 3
34 63 2
34 64 3
34 66 4
34 71 1
34 72 5
34 76 2
34 77 4
34 78 5
34 80 2
34 88 2
34 90 4
34 91 2
34 99 5
34 101 4
34 104 2
34 105 1
34 107 5
34 109 4
34 113 3
34 115 5
34 119 2
34 121 4
34 123 2
34 124 3
34 126 3
34 128 1
34 130 4
34 138 4
34 140 3
34 141 2
34 145 3
34 146 5
34 148 3
34 151 2
34 158 5
34 162 5
34 163 5
34 164 2
34 166 4
34 170 2
34 172 3
34 173 5
34 177 2
34 181 2
34 182 5
34 183 3
34 184 4
34 185 2
34 190 4
34 192 5
34 195 1
34 196 2
34 197 3
35 39 4
35 42 5
35 44 4
35 49 4
35 52 5
35 53 3
35 59 2
35 61 3
35 65 5
35 66 3
35 72 5
35 76 5
35 77 5
35 78 5
35 79 4
35 81 1
35 90 4
35 91 5
35 92 3
35 93 3
35 94 2
35 95 2
35 97 4
35 101 4
35 108 4
35 110 1
35 113 3
35 117 5
35 118 4
35 125 3
35 128 4
35 129 2
35 133 1
35 135 3
35 138 1
35 140 1
35 141 1
35 144 2
35 150 1
35 153 5
35 154 1
35 156 4
35 157 4
35 158 1
35 161 5
35 163 1
35 167 3
35 168 3
35 169 5
35 170 5
35 171 5
35 180 2
35 184 2
35 185 2
35 193 1
35 194 4
35 196 5
36 41 2
36 42 3
36 47 4
36 48 5
36 50 2
36 51 1
36 52 2
36 53 1
36 61 1
36 63 1
36 64 5
36 65 1
36 69 4
36 70 3
36 72 2
36 77 4
36 80 1
36 88 1
36 89 1
36 91 2
36 92 5
36 93 2
36 97 3
36 100 2
36 103 1
36 104 5
36 106 4
36 107 3
36 111 2
36 112 4
36 113 3
36 116 2
36 122 1
36 124 1
36 125 2
36 130 3
36 132 4
36 134 2
36 139 1
36 140 3
36 142 5
36 143 5
36 144 2
36 145 1
36 146 1
36 149 3
36 151 4
36 154 2
36 158 1
36 160 5
36 164 2
36 167 3
36 168 1
36 169 2
36 173 5
36 175 1
36 176 2
36 180 4
36 182 2
36 184 1
36 185 1
36 186 4
36 188 4
36 190 1
36 193 3
36 199 5
37 40 1
37 41 5
37 44 4
37 48 4
37 51 3
37 53 4
37 60 2
37 68 3
37 69 3
37 73 3
37 74 1
37 75 2
37 78 4
37 80 1
37 83 3
37 84 1
37 85 2
37 88 2
37 89 3
37 92 2
37 93 2
37 95 3
37 96 1
37 98 2
37 99 3
37 101 3
37 102 5
37 104 4
37 105 3
37 106 3
37 107 3
37 109 3
37 112 3
37 116 4
37 117 4
37 119 2
37 128 1
37 129 5
37 130 1
37 131 3
37 136 2
37 137 4
37 139 2
37 140 5
37 141 1
37 150 2
37 151 2
37 153 1
37 155 1
37 156 3
37 157 3
37 158 5
37 159 2
37 163 4
37 167 2
37 168 2
37 172 3
37 175 5
37 176 2
37 177 4
37 178 5
37 181 4
37 184 3
37 187 5
37 198 3
38 39 3
38 40 1
38 43 5
38 44 2
38 49 3
38 53 5
38 54 3
38 55 4
38 66 3
38 68 4
38 74 5
38 79 5
38 80 3
38 85 2
38 87 4
38 91 4
38 92 2
38 93 3
38 94 4
38 95 5
38 96 5
38 98 4
38 100 1
38 104 2
38 111 1
38 114 2
38 116 3
38 117 2
38 119 4
38 126 5
38 128 1
38 129 3
38 130 5
38 132 5
38 133 1
38 141 1
38 142 1
38 144 1
38 145 2
38 146 3
38 148 2
38 150 2
38 153 5
38 157 4
38 171 4
38 172 5
38 173 5
38 178 2
38 180 2
38 181 5
38 182 4
38 183 4
38 185 1
38 186 2
38 194 1
38 195 2
38 197 4
38 198 1
39 40 1
39 41 3
39 44 3
39 55 2
39 56 1
39 58 1
39 59 4
39 61 4
39 63 1
39 64 1
39 68 5
39 73 5
39 77 4
39 79 3
39 80 1
39 82 1
39 83 4
39 86 2
39 90 1
39 91 3
39 94 2
39 96 2
39 97 1
39 99 1
39 100 3
39 102 5
39 103 5
39 105 4
39 106 1
39 107 4
39 108 5
39 110 4
39 111 3
39 113 2
39 116 3
39 122 4
39 124 5
39 125 3
39 126 5
39 129 3
39 131 4
39 132 5
39 133 4
39 137 3
39 140 5
39 142 3
39 146 1
39 147 4
39 150 5
39 152 1
39 157 1
39 158 3
39 163 3
39 164 3
39 171 2
39 172 3
39 173 2
39 177 1
39 181 1
39 186 4
39 187 5
39 192 1
39 198 2
39 200 2
40 42 4
40 43 4
40 45 2
40 47 4
40 48 2
40 51 5
40 52 3
40 53 4
40 54 2
40 56 3
40 57 4
40 58 4
40 59 3
40 61 4
40 62 2
40 65 1
40 66 5
40 70 3
40 71 2
40 78 2
40 82 3
40 85 4
40 87 3
40 90 1
40 91 2
40 93 4
40 98 5
40 102 4
40 109 4
40 111 1
40 113 5
40 114 3
40 116 2
40 118 5
40 119 3
40 122 5
40 129 2
40 133 5
40 135 1
40 136 5
40 142 1
40 147 5
40 148 1
40 150 5
40 151 5
40 153 5
40 156 5
40 157 5
40 161 5
40 162 4
40 165 2
40 168 5
40 170 2
40 173 1
40 175 4
40 179 5
40 180 2
40 181 3
40 184 4
40 186 3
40 188 1
40 189 4
40 193 2
40 199 1
40 200 3
41 43 1
41 47 5
41 53 5
41 57 2
41 58 2
41 63 5
41 65 3
41 66 4
41 67 4
41 69 4
41 71 1
41 74 1
41 77 5
41 83 4
41 84 1
41 85 2
41 87 5
41 88 1
41 92 3
41 93 3
41 98 5
41 99 1
41 100 5
41 101 5
41 104 5
41 107 3
41 108 4
41 112 5
41 115 5
41 119 4
41 122 1
41 123 3
41 127 1
41 129 5
41 132 4
41 133 1
41 136 5
41 137 2
41 138 2
41 144 5
41 145 4
41 147 3
41 148 1
41 157 3
41 161 1
41 162 1
41 164 2
41 166 1
41 169 5
41 170 1
41 171 1
41 172 1
41 173 2
41 176 3
41 187 4
41 190 4
41 191 5
41 194 5
41 195 4
41 196 3
41 200 1
42 44 4
42 46 3
42 47 1
42 48 5
42 51 5
42 52 3
42 54 4
42 57 3
42 62 5
42 65 4
42 69 5
42 73 5
42 74 5
42 76 3
42 77 1
42 78 1
42 79 3
42 81 5
42 83 1
42 84 5
42 85 1
42 88 2
42 89 2
42 91 5
42 93 5
42 94 2
42 95 3
42 96 1
42 97 5
42 100 2
42 101 1
42 102 2
42 103 5
42 105 4
42 106 3
42 107 2
42 108 2
42 116 1
42 120 5
42 125 2
42 131 2
42 132 3
42 133 2
42 136 1
42 137 4
42 140 2
42 145 3
42 147 5
42 152 5
42 153 1
42 155 3
42 157 1
42 162 2
42 166 1
42 169 4
42 170 2
42 173 2
42 174 1
42 175 1
42 178 5
42 182 2
42 183 5
42 186 3
42 187 4
42 188 4
42 189 5
42 191 1
42 192 1
42 195 5
42 200 4
43 47 4
43 52 2
43 56 5
43 57 1
43 63 3
43 65 5
43 66 4
43 69 1
43 70 3
43 75 5
43 78 1
43 81 5
43 87 3
43 90 2
43 92 1
43 93 3
43 95 4
43 98 3
43 100 3
43 106 5
43 107 5
43 108 2
43 109 2
43 110 2
43 111 2
43 114 1
43 115 3
43 117 1
43 118 2
43 119 3
43 121 5
43 122 2
43 123 5
43 124 1
43 125 3
43 126 2
43 127 1
43 128 2
43 131 2
43 135 2
43 136 4
43 139 5
43 140 1
43 144 3
43 146 1
43 148 5
43 150 1
43 154 1
43 158 2
43 159 4
43 160 4
43 161 2
43 163 1
43 164 2
43 165 3
43 166 4
43 168 4
43 169 4
43 172 5
43 173 4
43 175 4
43 177 3
43 179 1
43 180 3
43 185 1
43 187 1
43 191 1
43 195 2
43 197 5
43 199 2
44 45 4
44 47 5
44 49 3
44 50 1
44 54 2
44 59 5
44 60 2
44 63 1
44 65 3
44 66 5
44 67 4
44 71 4
44 75 1
44 76 4
44 78 3
44 81 5
44 82 1
44 83 3
44 85 3
44 89 3
44 90 3
44 91 5
44 94 5
44 95 2
44 96 4
44 100 4
44 101 2
44 103 2
44 107 2
44 112 4
44 113 1
44 119 3
44 120 4
44 121 4
44 123 3
44 124 5
44 125 2
44 128 5
44 130 5
44 131 4
44 132 1
44 134 5
44 135 3
44 139 5
44 142 2
44 143 3
44 144 5
44 147 5
44 148 4
44 149 3
44 155 4
44 162 4
44 165 1
44 171 4
44 175 5
44 176 4
44 177 1
44 180 3
44 183 2
44 185 4
44 189 3
44 192 4
44 197 5
44 198 1
44 199 5
44 200 3
45 46 4
45 47 5
45 49 1
45 60 2
45 63 4
45 66 1
45 67 3
45 68 4
45 70 1
45 71 1
45 74 4
45 76 5
45 79 4
45 82 4
45 84 1
45 88 2
45 90 1
45 91 5
45 94 3
45 96 3
45 100 4
45 103 1
45 104 3
45 105 5
45 109 5
45 111 1
45 112 1
45 115 3
45 116 4
45 122 1
45 123 5
45 126 5
45 127 4
45 129 3
45 133 5
45 141 1
45 142 4
45 144 2
45 150 5
45 156 2
45 159 5
45 161 4
45 163 2
45 164 2
45 166 3
45 167 5
45 172 5
45 175 3
45 177 3
45 181 4
45 183 5
45 186 2
45 188 5
45 189 1
45 190 2
45 194 4
45 196 4
45 197 1
45 198 1
45 199 4
46 52 4
46 53 1
46 54 3
46 56 4
46 61 5
46 64 5
46 67 2
46 68 4
46 69 2
46 71 4
46 72 5
46 73 4
46 78 5
46 83 5
46 84 1
46 86 1
46 88 5
46 90 3
46 91 1
46 93 2
46 95 2
46 96 1
46 97 3
46 98 2
46 99 3
46 103 2
46 105 5
46 109 4
46 111 4
46 112 1
46 113 3
46 123 2
46 125 1
46 128 4
46 129 3
46 130 1
46 131 2
46 140 4
46 141 4
46 143 5
46 144 2
46 145 2
46 146 2
46 151 4
46 153 4
46 154 2
46 155 1
46 156 5
46 158 5
46 160 1
46 161 2
46 162 2
46 163 4
46 165 2
46 167 1
46 171 4
46 181 2
46 182 2
46 188 3
46 190 4
46 191 2
46 192 2
46 194 4
46 195 3
47 50 2
47 53 4
47 54 2
47 55 5
47 57 5
47 63 3
47 65 3
47 67 2
47 69 4
47 76 2
47 77 2
47 79 4
47 85 4
47 86 4
47 87 1
47 90 2
47 96 2
47 102 3
47 107 3
47 108 4
47 109 3
47 110 4
47 111 3
47 113 2
47 114 3
47 115 2
47 117 5
47 118 2
47 128 4
47 129 1
47 130 1
47 131 4
47 132 4
47 133 2
47 134 2
47 136 4
47 137 5
47 141 1
47 143 3
47 144 3
47 145 4
47 149 5
47 151 2
47 152 3
47 154 5
47 158 3
47 164 2
47 166 3
47 167 2
47 168 5
47 171 1
47 172 4
47 175 3
47 180 3
47 181 2
47 183 3
47 185 5
47 188 3
47 189 2
47 190 4
47 193 5
47 194 4
47 196 1
47 198 5
47 199 3
48 49 1
48 51 1
48 53 3
48 54 4
48 57 5
48 60 5
48 61 2
48 64 4
48 66 2
48 67 5
48 68 2
48 69 2
48 70 4
48 71 5
48 75 1
48 78 5
48 84 5
48 85 2
48 86 4
48 90 5
48 91 3
48 93 5
48 96 3
48 99 2
48 100 3
48 102 5
48 105 3
48 107 5
48 113 3
48 118 1
48 119 3
48 121 3
48 122 3
48 126 3
48 127 3
48 130 3
48 133 4
48 138 4
48 139 5
48 141 5
48 144 1
48 147 4
48 148 3
48 151 2
48 156 4
48 157 4
48 158 3
48 159 4
48 162 5
48 164 3
48 165 2
48 169 3
48 173 3
48 182 4
48 183 3
48 185 1
48 187 1
48 188 5
48 191 5
48 194 2
48 198 5
48 199 2
48 200 5
49 50 5
49 51 1
49 54 3
49 55 4
49 56 4
49 57 1
49 58 1
49 60 4
49 61 4
49 62 4
49 63 2
49 65 5
49 66 5
49 68 1
49 69 1
49 70 1
49 71 4
49 72 3
49 74 5
49 78 3
49 79 5
49 86 1
49 88 2
49 89 1
49 90 5
49 92 1
49 93 5
49 102 1
49 112 2
49 113 5
49 114 5
49 115 4
49 116 5
49 117 5
49 122 5
49 127 5
49 140 2
49 141 2
49 143 5
49 144 3
49 145 5
49 148 1
49 160 4
49 161 5
49 166 3
49 167 4
49 171 1
49 174 3
49 176 4
49 177 2
49 181 3
49 182 5
49 183 5
49 185 5
49 186 1
49 187 2
49 188 2
49 190 4
49 192 4
49 193 2
49 194 5
49 196 5
49 197 2
49 198 3
50 62 3
50 63 2
50 64 4
50 66 1
50 67 2
50 72 2
50 73 3
50 75 4
50 77 2
50 85 3
50 91 4
50 93 3
50 97 1
50 100 1
50 105 5
50 109 5
50 111 4
50 112 2
50 115 4
50 123 2
50 124 2
50 129 5
50 136 3
50 137 3
50 142 1
50 148 2
50 149 2
50 152 1
50 153 1
50 154 4
50 157 2
50 158 1
50 160 3
50 162 3
50 165 2
50 166 3
50 168 4
50 172 4
50 173 4
50 174 4
50 178 2
50 181 2
50 182 1
50 185 2
50 186 1
50 191 1
50 193 5
50 194 3
50 196 5
50 197 4
50 198 3
51 56 5
51 57 1
51 58 4
51 59 2
51 63 3
51 66 5
51 69 3
51 72 3
51 73 2
51 77 4
51 78 3
51 79 4
51 80 4
51 81 1
51 84 2
51 86 4
51 97 2
51 98 2
51 101 4
51 103 5
51 104 5
51 105 2
51 107 4
51 109 1
51 110 3
51 122 1
51 124 2
51 125 3
51 126 1
51 127 5
51 131 1
51 137 2
51 138 4
51 140 4
51 141 2
51 143 3
51 144 3
51 162 3
51 163 2
51 167 3
51 168 3
51 170 2
51 172 5
51 173 1
51 174 5
51 176 4
51 177 2
51 178 5
51 179 4
51 184 3
51 185 3
51 188 2
51 189 3
51 190 4
51 198 4
52 54 5
52 55 1
52 57 2
52 59 2
52 61 3
52 65 1
52 68 5
52 69 4
52 72 5
52 73 4
52 74 2
52 76 2
52 80 1
52 84 5
52 85 3
52 90 2
52 92 3
52 94 3
52 95 1
52 99 3
52 102 4
52 104 1
52 105 2
52 107 1
52 109 4
52 110 5
52 111 1
52 113 4
52 116 2
52 118 2
52 120 4
52 121 5
52 122 4
52 123 5
52 127 1
52 133 3
52 135 5
52 138 3
52 139 4
52 141 4
52 144 3
52 148 2
52 149 1
52 151 1
52 154 2
52 155 2
52 159 5
52 160 5
52 163 1
52 164 4
52 165 4
52 169 4
52 172 4
52 175 3
52 181 1
52 183 5
52 184 5
52 193 2
52 197 3
52 198 1
52 200 3
53 54 3
53 57 2
53 60 1
53 66 5
53 69 2
53 70 5
53 74 2
53 76 2
53 77 4
53 79 2
53 80 3
53 86 4
53 87 5
53 92 5
53 93 1
53 95 5
53 99 1
53 100 3
53 102 4
53 104 4
53 108 1
53 109 4
53 113 5
53 117 4
53 118 5
53 123 2
53 127 2
53 132 3
53 135 2
53 136 3
53 144 3
53 145 1
53 147 3
53 151 2
53 153 5
53 154 2
53 155 1
53 160 4
53 163 1
53 165 1
53 166 5
53 167 5
53 168 1
53 172 4
53 173 1
53 177 1
53 189 5
53 192 3
53 198 5
53 200 2
54 55 5
54 58 2
54 60 3
54 62 1
54 65 3
54 67 1
54 68 1
54 70 4
54 72 2
54 73 3
54 76 1
54 77 5
54 78 3
54 80 1
54 81 5
54 83 2
54 84 2
54 89 2
54 90 2
54 93 2
54 94 3
54 96 4
54 97 1
54 102 3
54 103 1
54 107 3
54 113 2
54 114 1
54 117 2
54 118 2
54 119 4
54 121 3
54 123 2
54 125 2
54 127 1
54 128 2
54 130 5
54 131 3
54 132 5
54 134 5
54 137 3
54 140 4
54 142 5
54 143 4
54 152 4
54 160 1
54 162 1
54 164 2
54 165 3
54 170 2
54 172 3
54 176 2
54 180 4
54 183 2
54 184 1
54 185 5
54 186 3
54 187 2
54 188 5
54 190 4
54 192 2
54 193 1
54 197 5
54 199 5
55 57 2
55 61 2
55 65 4
55 68 2
55 69 2
55 70 3
55 72 4
55 73 4
55 75 2
55 78 5
55 82 4
55 83 3
55 85 1
55 93 5
55 94 3
55 97 5
55 101 3
55 103 2
55 104 4
55 106 1
55 107 4
55 108 3
55 110 5
55 111 5
55 112 1
55 113 4
55 115 3
55 116 5
55 118 4
55 119 2
55 120 2
55 121 5
55 128 4
55 131 2
55 133 1
55 139 5
55 143 4
55 149 2
55 150 3
55 153 2
55 160 4
55 161 1
55 164 1
55 165 5
55 167 2
55 168 1
55 170 3
55 171 1
55 172 4
55 174 1
55 176 3
55 177 2
55 178 1
55 181 3
55 183 4
55 190 2
55 192 2
55 193 4
55 194 5
55 195 1
55 196 1
55 197 1
55 198 3
55 199 3
56 57 2
56 60 4
56 68 1
56 69 1
56 71 4
56 73 3
56 76 3
56 78 1
56 79 5
56 83 5
56 93 1
56 94 4
56 96 3
56 98 1
56 99 5
56 100 2
56 101 5
56 105 2
56 108 4
56 112 2
56 118 5
56 121 3
56 129 2
56 131 3
56 132 4
56 136 1
56 137 4
56 139 2
56 140 4
56 143 2
56 147 2
56 149 4
56 150 4
56 151 1
56 152 5
56 153 3
56 154 2
56 155 1
56 161 1
56 163 2
56 164 4
56 167 3
56 168 3
56 171 3
56 172 4
56 173 1
56 176 3
56 177 2
56 180 1
56 182 1
56 183 4
56 185 2
56 189 1
56 194 5
56 195 5
57 58 2
57 60 2
57 62 3
57 63 3
57 68 3
57 69 5
57 71 1
57 80 4
57 81 4
57 85 5
57 86 5
57 89 3
57 93 2
57 97 3
57 98 3
57 99 2
57 111 2
57 118 3
57 119 5
57 127 1
57 131 2
57 132 2
57 135 1
57 137 3
57 138 2
57 140 4
57 141 5
57 142 3
57 148 5
57 150 3
57 151 3
57 152 4
57 153 4
57 156 4
57 158 2
57 159 3
57 160 3
57 161 2
57 162 5
57 165 2
57 169 1
57 170 3
57 171 1
57 173 4
57 175 5
57 180 5
57 182 1
57 184 5
57 185 1
57 188 3
57 190 1
57 193 2
57 196 5
57 199 4
58 59 5
58 60 3
58 62 4
58 64 2
58 65 5
58 67 2
58 69 2
58 70 5
58 75 5
58 76 1
58 77 1
58 81 1
58 82 5
58 84 4
58 86 2
58 90 4
58 92 2
58 93 4
58 95 3
58 96 1
58 97 2
58 98 1
58 100 5
58 101 5
58 102 4
58 104 4
58 107 4
58 109 5
58 110 1
58 111 4
58 116 3
58 118 5
58 121 3
58 123 3
58 124 3
58 125 2
58 127 5
58 128 5
58 129 1
58 134 4
58 135 4
58 137 2
58 138 4
58 141 2
58 142 4
58 144 5
58 145 4
58 148 5
58 154 3
58 155 4
58 156 1
58 158 1
58 162 2
58 166 4
58 170 4
58 171 2
58 173 4
58 180 4
58 186 2
58 187 5
58 191 4
58 196 2
58 198 3
58 199 3
58 200 3
59 60 5
59 62 2
59 67 1
59 69 2
59 73 3
59 74 3
59 76 4
59 79 1
59 82 3
59 85 5
59 86 2
59 88 5
59 92 5
59 95 5
59 97 4
59 99 3
59 104 1
59 112 2
59 115 5
59 116 3
59 118 1
59 119 5
59 121 3
59 127 1
59 132 5
59 135 5
59 136 4
59 138 1
59 142 4
59 144 2
59 145 1
59 146 1
59 147 5
59 148 3
59 150 4
59 154 1
59 155 1
59 157 2
59 162 5
59 163 3
59 165 3
59 166 1
59 169 1
59 173 2
59 174 1
59 175 1
59 176 2
59 177 3
59 183 1
59 185 4
59 187 5
59 190 4
59 200 1
60 61 2
60 66 5
60 67 5
60 69 5
60 73 1
60 74 3
60 75 3
60 78 5
60 81 4
60 84 3
60 89 2
60 90 4
60 93 4
60 94 2
60 98 4
60 99 2
60 107 3
60 108 3
60 109 1
60 112 3
60 113 3
60 114 2
60 116 3
60 120 2
60 122 5
60 123 3
60 125 2
60 126 3
60 131 1
60 132 5
60 135 3
60 137 1
60 138 4
60 140 4
60 143 3
60 148 2
60 149 5
60 151 1
60 153 1
60 158 3
60 159 1
60 161 1
60 163 5
60 170 1
60 180 2
60 183 3
60 188 3
60 190 3
60 194 2
60 195 2
60 196 2
60 200 3
61 63 3
61 67 4
61 70 3
61 71 3
61 72 5
61 73 5
61 75 1
61 78 3
61 79 4
61 81 1
61 82 2
61 88 5
61 89 4
61 94 1
61 95 5
61 96 3
61 98 3
61 100 1
61 103 4
61 106 2
61 111 3
61 112 5
61 113 2
61 114 2
61 115 4
61 117 3
61 118 3
61 120 2
61 122 4
61 127 1
61 128 3
61 134 4
61 137 2
61 141 5
61 142 2
61 143 5
61 146 5
61 149 1
61 151 2
61 153 2
61 156 4
61 161 4
61 164 5
61 168 5
61 169 2
61 170 2
61 172 1
61 173 1
61 174 5
61 175 3
61 177 4
61 183 5
61 186 4
61 190 1
61 191 3
61 192 4
61 193 2
61 198 3
62 64 5
62 65 3
62 72 2
62 73 3
62 74 4
62 81 4
62 85 4
62 87 5
62 89 5
62 96 1
62 97 3
62 101 3
62 102 1
62 104 3
62 105 4
62 106 4
62 107 5
62 108 1
62 116 2
62 117 1
62 118 1
62 120 3
62 128 3
62 136 1
62 137 4
62 139 1
62 140 3
62 143 4
62 147 1
62 150 2
62 153 5
62 159 1
62 160 4
62 161 1
62 162 5
62 163 1
62 165 4
62 166 1
62 167 5
62 168 4
62 175 1
62 176 5
62 178 1
62 179 1
62 190 1
62 191 2
62 192 5
62 194 4
62 195 2
62 196 1
62 197 2
62 200 3
63 66 2
63 69 2
63 71 5
63 72 3
63 75 3
63 78 5
63 80 4
63 84 5
63 85 1
63 86 3
63 90 5
63 95 2
63 102 4
63 103 3
63 107 3
63 111 3
63 114 5
63 115 3
63 117 2
63 120 2
63 121 2
63 126 3
63 130 3
63 133 2
63 135 2
63 141 3
63 144 3
63 145 3
63 149 5
63 150 5
63 151 2
63 153 2
63 155 5
63 156 1
63 160 5
63 163 3
63 164 3
63 169 5
63 170 1
63 171 5
63 173 3
63 176 2
63 180 1
63 183 2
63 185 5
63 186 2
63 187 1
63 191 3
63 197 3
63 198 5
63 199 5
64 66 4
64 70 1
64 75 1
64 76 5
64 77 2
64 79 2
64 84 2
64 86 3
64 88 2
64 89 4
64 93 5
64 97 2
64 102 2
64 104 2
64 109 3
64 111 5
64 114 4
64 116 2
64 123 3
64 124 2
64 125 1
64 127 1
64 130 1
64 133 2
64 135 4
64 140 3
64 150 5
64 151 4
64 153 4
64 154 3
64 156 2
64 161 1
64 164 5
64 169 4
64 171 2
64 172 2
64 175 5
64 176 5
64 177 1
64 179 4
64 180 2
64 182 3
64 190 1
64 193 1
64 196 4
65 66 2
65 71 1
65 75 4
65 76 4
65 78 2
65 79 3
65 82 5
65 84 2
65 85 2
65 88 4
65 90 1
65 100 3
65 104 3
65 111 5
65 115 5
65 116 4
65 119 2
65 124 1
65 126 5
65 134 1
65 139 2
65 140 5
65 142 4
65 144 5
65 146 5
65 148 5
65 149 1
65 152 4
65 153 4
65 154 2
65 156 4
65 159 1
65 160 3
65 161 3
65 166 4
65 167 5
65 168 5
65 174 4
65 180 3
65 181 3
65 185 5
65 188 3
65 190 1
65 192 3
65 193 3
65 194 4
65 200 5
66 71 3
66 72 3
66 73 4
66 75 1
66 76 1
66 79 1
66 82 4
66 84 4
66 85 3
66 98 5
66 99 2
66 100 3
66 101 4
66 103 2
66 104 4
66 107 3
66 110 3
66 111 3
66 113 5
66 116 3
66 120 5
66 122 2
66 127 3
66 131 1
66 138 4
66 140 3
66 141 1
66 148 3
66 157 1
66 158 1
66 164 4
66 166 1
66 167 4
66 170 4
66 171 2
66 173 2
66 175 2
66 179 5
66 180 4
66 181 4
66 183 3
66 185 4
66 186 5
66 189 5
66 190 4
66 191 1
66 195 5
66 198 3
66 200 1
67 70 4
67 72 2
67 73 4
67 75 1
67 78 3
67 79 2
67 81 5
67 82 4
67 84 2
67 85 1
67 87 2
67 88 4
67 90 3
67 93 1
67 95 2
67 98 3
67 103 4
67 105 5
67 107 2
67 109 1
67 114 5
67 115 3
67 116 4
67 119 2
67 128 1
67 130 3
67 132 4
67 139 1
67 140 5
67 144 5
67 146 1
67 148 5
67 153 1
67 154 5
67 155 4
67 161 3
67 162 3
67 163 1
67 166 1
67 169 4
67 170 2
67 174 5
67 175 5
67 177 4
67 178 5
67 186 5
67 187 3
67 188 1
67 189 3
67 192 2
67 195 5
67 198 5
67 199 1
68 73 4
68 75 3
68 77 5
68 78 5
68 81 5
68 82 4
68 86 4
68 87 1
68 92 3
68 98 2
68 101 2
68 104 2
68 106 1
68 108 2
68 109 2
68 114 2
68 115 4
68 116 2
68 119 4
68 121 1
68 123 3
68 124 3
68 127 2
68 129 4
68 132 5
68 134 3
68 135 5
68 136 1
68 137 5
68 138 3
68 140 3
68 141 4
68 143 3
68 144 3
68 145 3
68 146 2
68 149 5
68 151 3
68 154 5
68 158 2
68 161 3
68 162 3
68 163 2
68 165 3
68 167 3
68 168 1
68 171 5
68 174 5
68 175 3
68 178 4
68 181 5
68 182 1
68 189 5
68 194 4
68 195 1
69 70 3
69 77 3
69 78 1
69 81 5
69 82 2
69 84 3
69 89 1
69 94 4
69 98 1
69 99 1
69 102 2
69 104 4
69 105 4
69 108 1
69 114 4
69 117 1
69 119 3
69 122 3
69 126 2
69 127 3
69 128 3
69 129 3
69 136 5
69 137 3
69 138 2
69 144 5
69 145 5
69 149 1
69 150 1
69 153 2
69 154 4
69 155 3
69 156 2
69 157 3
69 158 1
69 159 5
69 163 2
69 164 4
69 165 2
69 166 3
69 167 3
69 168 1
69 169 5
69 173 5
69 178 5
69 179 4
69 180 2
69 182 1
69 184 1
69 191 1
69 193 2
69 194 5
69 196 5
69 197 2
69 198 3
70 71 4
70 73 5
70 75 3
70 81 3
70 85 2
70 87 3
70 88 2
70 89 4
70 90 4
70 92 2
70 93 5
70 96 3
70 99 5
70 101 4
70 102 4
70 109 4
70 112 1
70 113 1
70 116 5
70 117 5
70 118 4
70 122 2
70 123 3
70 127 3
70 128 5
70 130 1
70 131 5
70 132 3
70 133 1
70 135 5
70 136 5
70 141 1
70 146 4
70 147 3
70 150 2
70 153 5
70 155 1
70 160 5
70 162 2
70 163 4
70 166 5
70 167 5
70 168 5
70 169 1
70 171 1
70 172 2
70 173 3
70 174 5
70 176 3
70 177 3
70 187 5
70 189 5
70 190 4
70 191 5
70 192 4
70 193 3
70 195 2
70 196 3
70 198 1
71 72 1
71 73 1
71 79 3
71 86 4
71 89 2
71 91 5
71 96 4
71 98 2
71 102 5
71 103 5
71 104 5
71 105 4
71 107 1
71 108 4
71 109 1
71 114 2
71 116 5
71 118 4
71 119 1
71 120 5
71 121 4
71 125 3
71 128 5
71 129 2
71 133 1
71 136 4
71 137 4
71 144 4
71 146 3
71 148 3
71 149 2
71 157 1
71 158 2
71 160 3
71 161 2
71 165 1
71 166 2
71 167 3
71 170 2
71 171 1
71 177 4
71 178 1
71 180 5
71 189 4
71 191 1
71 192 3
71 194 4
71 195 5
71 197 1
71 199 3
72 75 2
72 79 2
72 80 3
72 81 1
72 83 5
72 86 5
72 89 3
72 92 1
72 94 1
72 95 1
72 96 3
72 97 3
72 100 5
72 102 1
72 103 4
72 104 1
72 107 4
72 108 2
72 110 5
72 111 2
72 112 1
72 113 5
72 114 2
72 118 4
72 119 5
72 120 2
72 121 4
72 122 1
72 124 2
72 125 3
72 126 1
72 128 4
72 131 2
72 132 4
72 133 4
72 135 1
72 138 5
72 140 5
72 141 5
72 143 4
72 146 5
72 147 1
72 148 3
72 149 3
72 150 4
72 156 4
72 160 5
72 163 1
72 164 5
72 165 1
72 167 3
72 169 5
72 172 5
72 182 4
72 183 3
72 189 1
72 190 3
72 194 5
72 198 4
72 199 4
73 78 5
73 80 5
73 81 1
73 82 3
73 86 4
73 89 4
73 90 1
73 92 3
73 93 1
73 96 2
73 97 1
73 99 1
73 100 3
73 101 3
73 106 5
73 107 1
73 108 1
73 109 5
73 113 3
73 114 3
73 115 2
73 119 1
73 120 5
73 126 5
73 127 5
73 131 3
73 132 1
73 134 3
73 141 1
73 142 3
73 144 4
73 145 3
73 146 3
73 148 2
73 149 2
73 150 3
73 152 2
73 153 5
73 155 5
73 159 5
73 160 3
73 161 3
73 164 1
73 165 1
73 166 3
73 168 5
73 171 4
73 172 5
73 176 3
73 177 4
73 178 2
73 184 1
73 185 3
73 186 2
73 187 5
73 188 5
73 191 4
73 192 1
73 194 1
73 195 2
73 197 1
73 198 4
73 200 4
74 77 3
74 80 4
74 81 3
74 82 5
74 85 3
74 88 2
74 92 4
74 94 3
74 96 1
74 97 4
74 98 1
74 101 1
74 102 1
74 105 1
74 106 5
74 111 2
74 115 1
74 116 5
74 117 5
74 120 2
74 123 2
74 125 3
74 127 5
74 128 4
74 129 1
74 133 5
74 134 1
74 136 3
74 140 4
74 142 5
74 143 4
74 144 2
74 146 5
74 148 2
74 155 3
74 156 2
74 159 3
74 162 1
74 165 4
74 167 2
74 171 1
74 174 4
74 175 5
74 177 3
74 178 3
74 180 5
74 185 5
74 191 1
74 196 4
74 198 1
74 199 4
74 200 3
75 76 3
75 79 4
75 81 2
75 82 3
75 83 1
75 88 3
75 90 5
75 91 5
75 92 5
75 94 2
75 96 2
75 97 2
75 99 3
75 100 5
75 105 2
75 107 3
75 108 5
75 109 2
75 110 1
75 112 5
75 119 1
75 123 1
75 124 4
75 125 1
75 127 5
75 132 3
75 136 4
75 137 5
75 138 4
75 139 4
75 141 2
75 142 1
75 144 1
75 145 1
75 147 5
75 149 5
75 150 1
75 156 5
75 158 4
75 160 3
75 169 5
75 170 4
75 172 3
75 174 4
75 177 3
75 178 4
75 186 4
75 194 3
75 195 2
75 196 1
75 197 1
75 198 3
76 77 3
76 78 3
76 80 3
76 82 5
76 83 2
76 85 2
76 86 2
76 91 4
76 94 1
76 96 1
76 98 5
76 100 3
76 103 2
76 104 1
76 106 2
76 107 2
76 109 2
76 114 2
76 115 2
76 118 1
76 119 3
76 121 4
76 127 4
76 129 3
76 130 2
76 131 3
76 133 5
76 136 1
76 137 1
76 138 4
76 141 2
76 142 3
76 147 3
76 149 2
76 151 1
76 153 1
76 155 1
76 157 1
76 158 5
76 159 3
76 160 3
76 161 5
76 163 1
76 164 5
76 165 1
76 166 5
76 169 5
76 170 1
76 171 2
76 182 3
76 183 4
76 190 5
76 192 4
76 194 5
76 195 4
76 198 2
77 78 3
77 79 2
77 82 5
77 83 4
77 86 5
77 89 4
77 90 3
77 94 5
77 95 2
77 96 4
77 97 2
77 101 2
77 103 5
77 106 5
77 109 3
77 110 2
77 117 4
77 118 5
77 122 5
77 123 5
77 124 5
77 126 4
77 129 2
77 131 3
77 135 1
77 136 5
77 138 1
77 141 2
77 143 1
77 148 1
77 149 5
77 150 3
77 160 2
77 162 3
77 164 3
77 165 1
77 166 3
77 169 3
77 172 3
77 174 2
77 179 1
77 183 2
77 185 4
77 190 5
77 192 5
77 193 1
77 195 5
78 80 4
78 81 2
78 83 3
78 86 5
78 87 5
78 90 3
78 95 5
78 100 2
78 103 3
78 104 1
78 107 1
78 111 5
78 113 5
78 118 3
78 119 2
78 125 2
78 126 1
78 129 1
78 130 2
78 133 2
78 135 4
78 141 5
78 148 2
78 149 1
78 150 1
78 151 4
78 152 5
78 156 4
78 158 5
78 159 4
78 162 4
78 163 3
78 165 2
78 166 1
78 167 5
78 168 4
78 171 3
78 173 2
78 177 4
78 179 5
78 184 5
78 187 5
78 192 1
78 193 2
78 194 4
78 196 1
78 199 4
79 83 1
79 84 2
79 88 5
79 89 2
79 95 4
79 96 5
79 97 2
79 98 1
79 100 4
79 109 4
79 112 3
79 116 2
79 120 5
79 122 2
79 124 1
79 125 3
79 131 3
79 134 5
79 138 4
79 140 3
79 142 1
79 147 4
79 148 5
79 150 1
79 151 1
79 155 5
79 156 2
79 161 3
79 162 5
79 163 1
79 167 1
79 172 5
79 174 2
79 175 2
79 179 5
79 181 4
79 182 3
79 184 5
79 189 5
79 192 5
79 195 3
79 196 4
79 197 2
80 83 3
80 84 5
80 85 1
80 86 2
80 87 4
80 89 2
80 93 2
80 97 1
80 98 3
80 101 1
80 104 3
80 106 3
80 110 4
80 111 1
80 113 1
80 121 2
80 125 2
80 126 5
80 130 2
80 132 5
80 133 4
80 135 2
80 137 1
80 140 4
80 141 1
80 142 2
80 144 2
80 147 3
80 158 5
80 168 2
80 169 1
80 172 3
80 173 1
80 175 3
80 177 2
80 178 3
80 181 4
80 182 5
80 185 5
80 189 5
80 192 3
80 200 3
81 83 2
81 86 2
81 91 5
81 92 5
81 93 3
81 99 2
81 100 5
81 103 5
81 104 1
81 106 3
81 107 1
81 114 1
81 119 1
81 138 3
81 140 5
81 141 5
81 145 1
81 149 3
81 156 5
81 157 1
81 159 5
81 161 3
81 164 1
81 166 2
81 168 2
81 169 5
81 170 3
81 172 2
81 173 1
81 175 1
81 176 5
81 180 4
81 181 5
81 188 5
81 189 4
81 191 2
81 194 5
81 196 3
81 197 2
81 198 4
81 200 2
82 83 5
82 86 1
82 87 5
82 90 1
82 94 3
82 95 2
82 104 4
82 107 1
82 110 5
82 112 1
82 113 5
82 115 4
82 119 2
82 120 2
82 122 4
82 125 1
82 127 2
82 128 5
82 136 1
82 137 1
82 139 1
82 144 1
82 149 2
82 152 2
82 153 3
82 160 4
82 161 1
82 162 1
82 169 1
82 170 3
82 173 4
82 174 4
82 179 4
82 180 1
82 182 2
82 188 3
82 193 2
82 196 1
82 198 3
82 200 2
83 85 2
83 86 5
83 87 5
83 88 2
83 89 1
83 90 3
83 91 2
83 95 4
83 97 5
83 100 1
83 104 1
83 106 1
83 111 3
83 112 4
83 114 4
83 116 3
83 117 2
83 119 4
83 120 5
83 122 3
83 128 2
83 135 2
83 140 5
83 143 3
83 146 4
83 147 2
83 148 5
83 149 1
83 150 3
83 153 4
83 158 1
83 161 3
83 163 4
83 166 1
83 167 5
83 168 5
83 170 3
83 172 3
83 173 2
83 187 4
83 188 2
83 189 5
83 191 1
83 192 5
83 193 2
83 194 1
83 195 3
83 196 5
83 197 3
84 88 2
84 89 2
84 91 2
84 94 3
84 95 1
84 97 2
84 99 1
84 100 3
84 103 4
84 105 2
84 109 5
84 111 2
84 112 4
84 114 4
84 116 2
84 119 5
84 120 4
84 121 4
84 123 2
84 125 2
84 127 2
84 130 2
84 132 2
84 133 1
84 135 1
84 140 1
84 141 4
84 144 4
84 150 2
84 151 4
84 153 5
84 167 5
84 171 4
84 173 3
84 176 5
84 178 2
84 179 4
84 180 2
84 181 4
84 183 2
84 189 4
84 194 2
84 197 5
84 198 4
84 199 4
85 88 3
85 92 4
85 93 3
85 96 4
85 97 4
85 98 5
85 101 2
85 103 2
85 104 5
85 107 2
85 113 4
85 116 5
85 117 3
85 118 5
85 120 5
85 124 4
85 126 5
85 127 3
85 128 4
85 133 2
85 134 1
85 135 3
85 142 2
85 143 3
85 147 2
85 151 5
85 152 1
85 153 3
85 158 3
85 159 5
85 164 5
85 169 5
85 171 2
85 172 3
85 177 5
85 179 3
85 180 5
85 182 4
85 183 3
85 189 2
85 191 3
85 192 3
85 193 5
85 195 3
85 198 4
86 88 5
86 90 1
86 96 1
86 97 3
86 98 1
86 99 1
86 101 4
86 103 4
86 104 2
86 106 2
86 107 1
86 109 4
86 111 1
86 112 4
86 114 2
86 115 3
86 120 2
86 124 4
86 125 4
86 133 5
86 135 1
86 136 3
86 138 5
86 139 5
86 145 2
86 146 2
86 148 4
86 150 4
86 157 1
86 161 3
86 162 2
86 170 1
86 175 1
86 177 4
86 179 1
86 185 4
86 186 2
86 189 2
86 190 3
86 197 2
86 199 3
86 200 4
87 91 4
87 94 2
87 95 2
87 99 5
87 102 2
87 103 4
87 106 1
87 111 2
87 116 1
87 120 1
87 121 2
87 129 5
87 130 3
87 132 2
87 136 5
87 138 1
87 141 5
87 142 3
87 144 1
87 147 3
87 151 4
87 154 4
87 155 3
87 157 3
87 160 2
87 162 4
87 166 5
87 170 2
87 172 1
87 176 5
87 178 2
87 181 1
87 182 1
87 183 1
87 185 5
87 186 1
87 188 4
87 189 3
87 191 2
87 192 4
87 193 2
87 194 2
87 197 5
87 199 5
87 200 5
88 96 5
88 102 3
88 103 4
88 104 2
88 105 2
88 107 3
88 110 3
88 111 1
88 115 5
88 123 3
88 125 4
88 132 1
88 133 1
88 136 1
88 138 1
88 143 5
88 144 2
88 147 4
88 148 4
88 152 4
88 153 5
88 158 1
88 159 3
88 161 3
88 162 1
88 166 5
88 168 5
88 169 2
88 172 1
88 178 4
88 181 4
88 187 2
88 189 1
88 191 3
88 193 3
88 197 1
88 200 4
89 90 1
89 96 3
89 97 4
89 98 1
89 100 2
89 103 4
89 104 2
89 105 5
89 110 4
89 115 1
89 118 3
89 121 1
89 122 3
89 125 2
89 127 1
89 128 4
89 134 3
89 135 5
89 136 4
89 138 2
89 139 4
89 140 4
89 143 5
89 144 2
89 148 5
89 150 2
89 152 5
89 156 3
89 157 3
89 160 2
89 162 3
89 163 3
89 166 5
89 171 4
89 172 5
89 174 4
89 175 3
89 177 1
89 180 5
89 184 5
89 192 2
89 194 3
89 199 4
89 200 5
90 92 4
90 97 4
90 100 1
90 104 1
90 105 1
90 106 4
90 111 3
90 113 5
90 114 4
90 115 4
90 116 2
90 118 1
90 122 4
90 125 4
90 126 3
90 127 4
90 128 4
90 129 1
90 134 3
90 137 4
90 140 3
90 141 1
90 144 1
90 147 3
90 148 2
90 149 4
90 150 2
90 152 2
90 153 2
90 154 4
90 155 2
90 156 1
90 159 3
90 160 3
90 161 2
90 167 3
90 169 5
90 171 3
90 172 1
90 174 5
90 175 4
90 177 3
90 179 2
90 181 2
90 184 5
90 188 2
90 192 2
90 193 1
90 194 3
90 195 1
91 92 2
91 93 1
91 94 3
91 96 5
91 97 4
91 98 4
91 99 5
91 101 3
91 104 3
91 106 4
91 107 4
91 111 4
91 112 1
91 115 1
91 116 1
91 117 1
91 119 2
91 122 2
91 123 1
91 125 1
91 127 3
91 128 2
91 129 3
91 131 4
91 133 2
91 136 4
91 137 3
91 144 2
91 145 3
91 146 3
91 147 2
91 157 1
91 160 1
91 167 3
91 170 5
91 171 3
91 172 3
91 174 3
91 175 3
91 178 2
91 179 5
91 180 3
91 184 3
91 185 1
91 186 4
91 188 3
91 191 1
91 192 2
91 195 3
91 196 2
92 95 3
92 96 5
92 98 2
92 107 3
92 108 3
92 111 2
92 114 3
92 116 2
92 119 1
92 123 1
92 127 3
92 128 2
92 129 4
92 131 5
92 132 2
92 136 1
92 137 4
92 142 3
92 143 2
92 144 4
92 147 4
92 148 3
92 150 1
92 151 2
92 153 1
92 156 1
92 158 5
92 160 5
92 163 1
92 171 5
92 172 5
92 180 3
92 182 3
92 184 4
92 189 4
92 190 1
92 191 3
92 193 5
92 198 1
92 199 3
93 96 1
93 98 4
93 102 4
93 104 2
93 105 1
93 108 2
93 110 4
93 113 1
93 120 5
93 121 4
93 123 4
93 125 1
93 128 2
93 129 3
93 134 3
93 137 5
93 139 3
93 140 4
93 147 5
93 151 4
93 154 1
93 155 3
93 156 4
93 161 2
93 163 5
93 164 3
93 165 5
93 166 4
93 169 2
93 170 4
93 172 5
93 173 1
93 178 1
93 179 3
93 181 3
93 187 3
93 188 2
93 190 1
93 193 2
93 194 1
93 200 1
94 95 1
94 99 3
94 101 4
94 103 5
94 104 4
94 105 3
94 106 2
94 108 4
94 110 1
94 112 5
94 115 5
94 123 1
94 124 4
94 127 2
94 130 1
94 131 5
94 133 5
94 135 2
94 136 5
94 138 1
94 139 4
94 154 5
94 158 1
94 159 2
94 160 2
94 161 2
94 163 2
94 166 1
94 167 3
94 175 5
94 178 5
94 179 2
94 180 3
94 181 2
94 182 1
94 183 3
94 186 5
94 187 5
94 195 5
94 197 2
94 198 5
94 199 4
94 200 4
95 96 4
95 98 4
95 100 1
95 101 3
95 102 3
95 105 4
95 106 2
95 107 1
95 108 1
95 109 3
95 111 1
95 112 1
95 115 2
95 116 4
95 123 3
95 125 4
95 127 1
95 129 4
95 131 3
95 134 5
95 135 5
95 136 1
95 137 1
95 138 5
95 140 3
95 141 4
95 145 3
95 147 3
95 148 2
95 150 4
95 155 5
95 166 2
95 168 4
95 170 3
95 173 1
95 181 1
95 184 1
95 188 3
95 192 5
95 195 4
95 199 4
96 97 2
96 99 5
96 100 4
96 106 5
96 108 5
96 109 2
96 115 1
96 117 1
96 118 5
96 120 2
96 121 1
96 124 2
96 125 1
96 130 5
96 133 4
96 137 3
96 138 1
96 142 2
96 144 3
96 146 2
96 150 3
96 154 3
96 156 5
96 161 2
96 162 3
96 163 5
96 168 2
96 169 1
96 170 1
96 182 5
96 185 5
96 186 3
96 188 1
96 192 3
96 193 3
96 195 2
96 197 2
97 98 4
97 100 4
97 101 5
97 102 5
97 103 4
97 105 5
97 107 2
97 109 1
97 110 5
97 114 3
97 118 5
97 121 4
97 123 3
97 124 2
97 125 2
97 127 2
97 131 1
97 132 5
97 133 4
97 136 4
97 137 1
97 139 5
97 142 5
97 152 5
97 154 5
97 156 1
97 157 5
97 158 1
97 161 2
97 163 3
97 164 3
97 165 4
97 168 1
97 169 5
97 174 5
97 176 1
97 177 5
97 179 4
97 180 4
97 181 5
97 185 4
97 189 2
97 191 1
97 193 4
97 195 4
97 196 3
97 200 1
98 99 5
98 100 3
98 102 4
98 103 5
98 104 5
98 107 2
98 108 1
98 110 2
98 111 4
98 112 5
98 122 3
98 123 1
98 124 4
98 126 2
98 128 2
98 130 1
98 132 2
98 138 2
98 141 2
98 144 3
98 146 1
98 148 5
98 149 5
98 153 3
98 154 2
98 156 1
98 159 2
98 163 1
98 165 5
98 166 1
98 167 1
98 169 2
98 170 2
98 172 4
98 173 1
98 175 4
98 179 4
98 183 2
98 184 2
98 186 5
98 187 2
98 189 3
98 190 5
98 194 3
98 198 2
99 103 5
99 107 5
99 108 5
99 112 4
99 116 3
99 118 5
99 126 5
99 128 5
99 131 2
99 133 5
99 135 2
99 137 2
99 138 5
99 144 5
99 146 2
99 155 4
99 156 5
99 158 1
99 160 1
99 161 3
99 163 1
99 167 2
99 168 4
99 172 2
99 173 1
99 176 4
99 178 3
99 181 5
99 184 5
99 189 3
99 191 5
100 101 4
100 102 3
100 105 3
100 109 2
100 110 1
100 117 2
100 120 4
100 122 3
100 123 4
100 124 3
100 126 2
100 127 3
100 129 4
100 130 3
100 134 3
100 137 5
100 138 1
100 143 3
100 144 5
100 147 5
100 150 1
100 151 1
100 153 4
100 154 1
100 166 5
100 170 3
100 173 5
100 174 1
100 178 1
100 179 1
100 181 3
100 184 2
100 185 5
100 186 2
100 189 1
100 190 2
100 191 2
100 193 1
100 196 4
100 198 1
100 200 3
101 103 5
101 104 2
101 110 3
101 111 1
101 113 5
101 115 4
101 118 3
101 123 3
101 125 4
101 127 3
101 132 1
101 133 3
101 134 4
101 135 1
101 138 4
101 139 2
101 141 2
101 145 3
101 146 5
101 148 4
101 152 5
101 153 5
101 154 1
101 157 4
101 160 5
101 162 2
101 167 5
101 170 2
101 172 3
101 174 2
101 175 1
101 180 1
101 183 2
101 185 5
101 188 3
101 189 5
101 191 4
101 193 3
101 195 4
101 197 2
102 104 5
102 107 3
102 111 1
102 113 5
102 115 4
102 116 5
102 117 5
102 129 4
102 130 2
102 133 3
102 136 3
102 137 3
102 138 2
102 140 1
102 143 2
102 144 2
102 145 4
102 146 2
102 147 5
102 148 4
102 149 3
102 151 4
102 153 3
102 154 3
102 156 5
102 160 4
102 164 4
102 170 3
102 171 1
102 172 1
102 173 2
102 177 2
102 180 4
102 188 4
102 194 1
102 195 5
102 197 5
102 198 5
102 199 3
103 106 1
103 115 5
103 116 1
103 118 3
103 120 5
103 122 4
103 123 4
103 126 3
103 129 4
103 132 1
103 133 5
103 134 2
103 136 5
103 144 2
103 150 5
103 151 3
103 152 4
103 155 4
103 157 3
103 159 1
103 165 1
103 167 3
103 172 1
103 173 2
103 175 3
103 181 4
103 182 1
103 183 4
103 184 5
103 186 4
103 187 5
103 188 4
103 189 3
104 105 3
104 106 2
104 108 3
104 111 1
104 118 3
104 119 3
104 120 3
104 122 3
104 129 5
104 131 4
104 134 1
104 138 2
104 140 3
104 141 5
104 142 1
104 150 2
104 151 3
104 152 3
104 153 2
104 155 2
104 158 4
104 159 1
104 162 3
104 163 4
104 165 2
104 166 1
104 170 4
104 171 2
104 172 4
104 173 3
104 174 5
104 177 3
104 179 3
104 180 1
104 181 5
104 182 4
104 183 3
104 184 2
104 185 1
104 186 1
104 187 1
104 190 1
104 195 5
104 197 3
105 106 4
105 110 2
105 111 2
105 114 4
105 116 2
105 117 1
105 120 2
105 121 3
105 122 5
105 125 5
105 133 1
105 139 1
105 142 2
105 144 4
105 146 5
105 147 4
105 151 4
105 154 3
105 156 5
105 158 5
105 159 1
105 161 3
105 162 3
105 166 4
105 169 3
105 170 5
105 171 1
105 179 4
105 180 4
105 183 4
105 185 3
105 186 2
105 188 2
105 191 5
105 195 4
105 200 1
106 107 1
106 111 5
106 118 1
106 123 5
106 124 3
106 128 1
106 129 1
106 133 1
106 135 5
106 136 5
106 145 4
106 151 1
106 152 1
106 153 5
106 154 5
106 155 3
106 159 2
106 161 5
106 162 4
106 164 4
106 165 3
106 167 3
106 168 4
106 169 3
106 170 1
106 171 4
106 172 2
106 174 4
106 175 3
106 179 5
106 180 1
106 181 3
106 183 2
106 186 2
106 188 2
106 189 2
106 190 5
106 192 4
106 193 5
107 110 2
107 111 3
107 112 3
107 117 5
107 124 4
107 125 3
107 126 5
107 128 2
107 130 4
107 131 4
107 132 2
107 135 2
107 137 2
107 140 2
107 141 4
107 147 2
107 149 3
107 151 5
107 153 3
107 154 2
107 156 5
107 157 2
107 159 1
107 160 3
107 161 5
107 164 2
107 165 5
107 169 1
107 173 1
107 179 2
107 180 4
107 183 5
107 185 5
107 189 1
107 190 2
107 193 5
107 194 4
107 195 2
107 196 4
107 198 3
108 111 5
108 112 2
108 113 4
108 116 2
108 129 3
108 134 2
108 135 2
108 138 3
108 139 3
108 144 3
108 153 4
108 157 3
108 158 5
108 159 1
108 160 2
108 161 4
108 165 3
108 166 1
108 169 3
108 171 5
108 175 4
108 178 4
108 180 5
108 182 2
108 187 4
108 188 2
108 189 5
108 191 2
108 194 2
108 195 4
108 196 3
108 199 2
108 200 4
109 110 5
109 111 1
109 114 1
109 115 2
109 116 5
109 117 1
109 121 1
109 122 5
109 125 1
109 127 5
109 132 2
109 141 5
109 142 2
109 147 5
109 149 5
109 150 2
109 152 4
109 153 1
109 154 5
109 158 2
109 159 3
109 160 1
109 164 5
109 168 1
109 169 3
109 171 4
109 173 2
109 174 2
109 178 2
109 183 4
109 184 2
109 185 5
109 187 2
109 189 2
109 190 1
109 191 3
109 192 4
109 193 1
109 197 5
109 200 2
110 111 2
110 113 2
110 116 3
110 117 3
110 118 2
110 120 3
110 121 1
110 122 3
110 123 3
110 128 2
110 129 3
110 130 4
110 132 2
110 134 4
110 135 5
110 139 2
110 140 4
110 144 1
110 145 1
110 146 5
110 149 2
110 152 3
110 153 4
110 154 3
110 158 5
110 159 4
110 164 5
110 166 4
110 168 4
110 169 5
110 171 1
110 173 5
110 175 3
110 176 4
110 179 3
110 182 2
110 185 2
110 186 2
110 191 5
110 192 4
110 193 1
110 194 1
110 197 3
110 198 1
110 199 3
111 115 5
111 116 1
111 117 1
111 119 2
111 127 1
111 128 2
111 131 2
111 134 4
111 136 4
111 137 2
111 138 4
111 140 2
111 142 5
111 146 4
111 148 2
111 149 3
111 150 3
111 152 3
111 157 4
111 158 3
111 160 4
111 164 3
111 165 3
111 166 3
111 168 1
111 169 1
111 170 1
111 172 5
111 176 3
111 178 4
111 180 4
111 182 5
111 183 5
111 185 2
111 187 4
111 195 3
111 196 1
111 197 2
111 199 1
112 114 2
112 115 3
112 119 5
112 120 1
112 122 2
112 123 2
112 124 4
112 125 5
112 132 1
112 135 2
112 136 2
112 139 4
112 141 3
112 150 5
112 152 1
112 154 3
112 155 1
112 157 5
112 161 5
112 165 4
112 166 2
112 169 1
112 171 5
112 174 4
112 176 2
112 179 4
112 180 3
112 181 2
112 183 3
112 185 4
112 188 1
112 190 1
112 191 3
112 192 4
112 193 4
112 194 1
112 198 2
112 199 2
113 116 3
113 117 1
113 120 2
113 122 5
113 124 1
113 126 2
113 127 5
113 128 4
113 130 3
113 135 5
113 144 4
113 146 2
113 149 2
113 151 3
113 152 4
113 155 2
113 156 4
113 158 3
113 159 3
113 162 2
113 164 3
113 165 5
113 167 2
113 168 3
113 174 1
113 176 2
113 177 3
113 179 2
113 180 1
113 186 1
113 187 5
113 191 4
113 194 5
114 121 4
114 124 4
114 127 3
114 130 2
114 137 1
114 142 3
114 146 1
114 149 1
114 150 3
114 155 4
114 157 5
114 160 5
114 168 1
114 169 2
114 173 1
114 175 4
114 182 1
114 185 2
114 186 3
114 190 5
114 191 5
114 196 4
114 197 4
114 198 5
114 199 1
115 116 2
115 117 4
115 118 1
115 120 2
115 122 2
115 123 4
115 125 1
115 127 1
115 130 4
115 131 3
115 139 1
115 143 5
115 144 5
115 149 4
115 153 3
115 155 3
115 159 1
115 165 1
115 167 5
115 169 4
115 172 3
115 175 3
115 176 2
115 179 4
115 182 4
115 186 1
115 188 5
115 200 1
116 121 3
116 122 2
116 124 3
116 127 1
116 128 4
116 129 5
116 130 2
116 133 4
116 138 1
116 140 3
116 144 2
116 145 1
116 149 3
116 150 5
116 153 1
116 154 4
116 156 5
116 158 3
116 159 2
116 160 1
116 161 1
116 162 4
116 168 1
116 169 2
116 170 5
116 176 4
116 177 1
116 179 3
116 183 5
116 184 3
116 186 1
116 188 2
116 190 3
116 191 4
116 194 5
116 197 3
117 119 4
117 120 1
117 127 5
117 129 3
117 130 1
117 134 1
117 137 2
117 138 5
117 142 1
117 153 4
117 154 3
117 157 4
117 159 3
117 160 4
117 163 2
117 167 1
117 169 1
117 170 2
117 171 4
117 172 5
117 178 5
117 179 1
117 183 2
117 185 1
117 186 3
117 187 3
117 190 4
117 191 5
117 192 1
117 193 1
117 195 3
117 196 2
117 197 5
117 199 5
117 200 3
118 120 5
118 122 5
118 124 3
118 128 3
118 131 3
118 139 2
118 144 1
118 147 5
118 148 2
118 149 3
118 153 5
118 154 4
118 161 5
118 162 4
118 165 5
118 167 4
118 171 2
118 172 5
118 176 4
118 177 1
118 178 5
118 182 3
118 189 2
118 191 3
118 192 4
118 194 2
118 195 3
118 196 5
118 199 5
119 123 3
119 125 2
119 127 4
119 128 4
119 129 3
119 130 3
119 131 2
119 133 5
119 137 5
119 138 3
119 142 5
119 144 2
119 147 4
119 148 2
119 151 3
119 157 3
119 162 5
119 163 5
119 164 5
119 169 3
119 171 5
119 172 5
119 175 4
119 178 3
119 180 5
119 186 1
119 188 4
119 191 2
119 193 5
119 196 1
119 198 2
119 200 1
120 121 3
120 123 5
120 126 5
120 127 5
120 130 4
120 135 4
120 138 1
120 140 4
120 141 4
120 144 2
120 145 4
120 146 4
120 147 5
120 159 2
120 160 3
120 161 1
120 162 1
120 163 5
120 164 3
120 165 3
120 169 5
120 174 4
120 179 2
120 181 2
120 182 4
120 184 3
120 185 3
120 187 3
120 191 1
120 193 5
120 196 4
120 197 1
120 199 5
121 123 4
121 125 3
121 126 3
121 128 5
121 138 1
121 141 1
121 142 3
121 148 2
121 149 2
121 150 4
121 153 5
121 154 3
121 155 1
121 156 1
121 159 4
121 160 2
121 163 1
121 165 5
121 171 5
121 173 2
121 176 5
121 178 2
121 182 5
121 186 1
121 188 3
121 189 3
121 194 4
121 195 3
122 123 4
122 124 1
122 125 5
122 126 4
122 127 3
122 128 3
122 131 2
122 132 4
122 135 2
122 136 5
122 139 2
122 143 2
122 146 2
122 148 5
122 150 1
122 151 1
122 152 3
122 154 3
122 155 3
122 156 4
122 157 4
122 158 2
122 164 1
122 165 2
122 168 5
122 173 5
122 175 3
122 177 5
122 178 1
122 179 5
122 182 1
122 183 2
122 186 4
122 187 3
122 189 5
122 194 2
122 195 5
122 196 3
122 198 1
122 200 2
123 125 2
123 126 2
123 128 1
123 134 2
123 135 2
123 138 2
123 139 2
123 140 5
123 141 4
123 142 3
123 144 5
123 146 5
123 147 3
123 149 1
123 153 4
123 154 2
123 158 5
123 163 5
123 164 2
123 167 1
123 169 3
123 175 1
123 179 3
123 182 5
123 186 1
123 189 1
123 190 3
123 192 3
123 194 4
123 198 4
124 125 5
124 126 3
124 128 5
124 134 5
124 136 4
124 137 5
124 139 2
124 142 3
124 143 3
124 144 3
124 146 2
124 154 5
124 156 1
124 160 5
124 163 5
124 169 4
124 170 4
124 172 3
124 173 5
124 175 3
124 178 4
124 180 5
124 184 2
124 185 4
124 186 3
124 191 4
125 126 2
125 130 3
125 133 1
125 137 2
125 142 4
125 143 2
125 144 4
125 145 5
125 147 4
125 148 5
125 149 4
125 150 4
125 153 5
125 154 4
125 158 4
125 159 4
125 160 4
125 165 3
125 166 4
125 170 3
125 171 3
125 173 5
125 174 3
125 177 5
125 178 3
125 181 1
125 186 5
125 188 4
125 192 2
125 196 2
125 197 3
126 128 1
126 129 5
126 134 3
126 136 4
126 139 4
126 144 2
126 147 3
126 152 5
126 153 5
126 158 2
126 160 2
126 165 4
126 166 4
126 168 2
126 170 3
126 172 3
126 173 4
126 178 2
126 182 2
126 185 4
126 189 1
126 190 5
126 194 1
126 197 4
126 199 1
126 200 2
127 132 1
127 133 2
127 135 3
127 137 1
127 140 1
127 142 5
127 143 1
127 145 4
127 151 5
127 152 5
127 153 4
127 155 3
127 156 1
127 157 1
127 159 2
127 160 5
127 162 2
127 165 3
127 169 3
127 174 3
127 177 5
127 178 3
127 179 3
127 180 4
127 182 1
127 183 3
127 187 5
127 188 5
127 189 3
127 191 2
127 192 3
127 193 5
127 194 1
127 195 3
127 197 2
127 200 1
128 131 5
128 134 2
128 135 5
128 145 5
128 148 2
128 149 4
128 150 2
128 157 2
128 162 5
128 166 4
128 167 2
128 170 4
128 171 4
128 172 4
128 173 5
128 175 3
128 177 3
128 178 5
128 179 2
128 180 3
128 182 5
128 183 5
128 184 3
128 188 3
128 189 5
128 190 1
128 194 2
128 197 1
128 200 4
129 132 1
129 133 4
129 135 2
129 136 5
129 137 2
129 141 1
129 144 4
129 146 1
129 152 1
129 153 1
129 154 2
129 155 4
129 158 4
129 159 2
129 160 3
129 161 1
129 162 2
129 164 3
129 166 5
129 171 4
129 182 1
129 183 4
129 185 2
129 196 5
129 197 4
129 199 2
130 133 4
130 137 4
130 139 2
130 140 2
130 141 5
130 146 3
130 148 3
130 149 3
130 151 4
130 154 1
130 156 3
130 158 3
130 159 1
130 160 3
130 161 2
130 162 5
130 164 4
130 165 5
130 166 5
130 168 2
130 169 2
130 171 3
130 172 2
130 176 4
130 177 5
130 179 5
130 180 1
130 181 3
130 182 5
130 185 3
130 186 2
130 188 4
130 189 4
130 191 2
130 192 5
131 133 3
131 135 2
131 136 3
131 137 4
131 138 1
131 139 3
131 140 5
131 145 1
131 146 2
131 147 4
131 149 1
131 150 1
131 154 1
131 155 2
131 156 4
131 157 5
131 160 3
131 163 5
131 164 4
131 165 5
131 166 4
131 167 5
131 172 2
131 175 4
131 178 5
131 179 5
131 183 3
131 187 5
131 190 1
131 191 3
131 193 1
131 195 3
132 133 3
132 134 4
132 139 3
132 143 2
132 144 5
132 146 2
132 148 4
132 149 4
132 150 5
132 152 2
132 153 2
132 161 1
132 163 4
132 168 2
132 174 4
132 183 5
132 184 4
132 186 3
132 187 3
132 191 2
132 192 1
132 193 2
132 195 2
132 196 5
132 198 5
132 199 4
133 135 1
133 136 1
133 139 4
133 147 2
133 149 4
133 153 4
133 155 2
133 158 4
133 165 1
133 172 4
133 173 5
133 174 5
133 176 1
133 188 2
133 190 4
133 191 3
133 192 3
133 194 2
133 196 1
133 197 4
133 199 4
133 200 2
134 136 5
134 139 1
134 140 1
134 141 2
134 143 4
134 146 3
134 149 4
134 150 5
134 151 1
134 152 5
134 155 5
134 162 1
134 163 1
134 166 5
134 168 3
134 169 3
134 172 2
134 185 2
134 188 3
134 189 2
134 196 2
134 198 5
135 138 4
135 139 1
135 140 5
135 141 5
135 142 4
135 143 2
135 144 3
135 145 3
135 147 2
135 150 5
135 154 1
135 159 4
135 161 5
135 162 3
135 167 4
135 168 4
135 169 4
135 171 2
135 173 4
135 174 5
135 183 5
135 185 2
135 187 2
135 193 3
135 195 4
135 196 5
135 197 5
135 198 5
136 138 4
136 141 3
136 142 1
136 144 2
136 145 3
136 156 3
136 158 3
136 159 2
136 160 2
136 162 2
136 164 5
136 166 2
136 168 4
136 169 1
136 171 5
136 174 3
136 176 5
136 178 4
136 183 3
136 184 4
136 185 1
136 186 1
136 190 5
136 191 1
136 194 4
136 196 1
137 140 1
137 146 4
137 149 2
137 153 2
137 154 1
137 156 5
137 157 2
137 163 3
137 164 3
137 165 4
137 170 4
137 171 5
137 172 3
137 175 1
137 176 3
137 181 1
137 182 4
137 185 2
137 192 2
137 195 4
137 200 3
138 139 5
138 140 2
138 142 3
138 143 4
138 144 2
138 145 4
138 146 3
138 147 2
138 150 1
138 152 5
138 155 4
138 156 3
138 157 1
138 162 4
138 164 5
138 165 5
138 166 5
138 169 1
138 170 4
138 171 5
138 173 5
138 174 2
138 175 3
138 176 3
138 177 2
138 181 1
138 190 4
138 192 5
138 193 4
138 196 5
138 198 5
138 200 4
139 144 3
139 145 1
139 146 3
139 147 4
139 150 4
139 154 5
139 162 5
139 166 3
139 168 5
139 170 4
139 171 3
139 173 1
139 176 4
139 178 3
139 179 4
139 180 4
139 186 4
139 190 2
139 193 5
139 195 3
139 197 2
140 147 3
140 148 5
140 149 3
140 150 3
140 155 5
140 157 1
140 158 3
140 159 1
140 160 2
140 161 3
140 165 4
140 166 3
140 167 4
140 168 1
140 171 1
140 174 2
140 176 1
140 177 5
140 178 2
140 179 2
140 180 1
140 183 4
140 186 1
140 188 4
140 189 2
140 191 4
140 195 5
140 196 2
140 198 3
140 200 4
141 142 5
141 148 3
141 149 5
141 153 3
141 162 4
141 165 1
141 166 1
141 167 4
141 168 4
141 170 5
141 172 2
141 174 2
141 177 2
141 178 5
141 179 3
141 183 2
141 184 1
141 185 3
141 187 4
141 197 3
141 199 1
142 147 5
142 148 2
142 150 1
142 151 1
142 152 3
142 155 5
142 157 5
142 161 5
142 162 1
142 163 2
142 164 1
142 165 2
142 166 2
142 171 3
142 173 5
142 175 5
142 176 3
142 177 3
142 178 1
142 179 2
142 181 4
142 183 3
142 184 4
142 188 2
142 190 4
142 191 5
142 193 2
142 194 2
142 197 5
142 199 5
142 200 5
143 144 2
143 146 2
143 148 2
143 152 5
143 153 1
143 155 4
143 158 2
143 160 4
143 162 3
143 165 4
143 167 4
143 170 1
143 171 3
143 172 5
143 176 4
143 179 3
143 182 1
143 185 2
143 186 3
143 188 4
143 190 5
143 193 5
144 145 2
144 149 2
144 153 4
144 156 4
144 157 3
144 160 4
144 161 4
144 162 4
144 163 4
144 164 4
144 165 5
144 167 1
144 168 4
144 169 2
144 170 1
144 171 4
144 172 2
144 176 4
144 179 1
144 181 3
144 182 3
144 185 3
144 186 3
144 187 1
144 188 1
144 189 1
144 192 4
144 194 1
144 195 5
144 196 1
144 198 4
144 199 1
145 146 5
145 148 2
145 151 3
145 153 3
145 155 1
145 161 5
145 165 1
145 166 5
145 167 1
145 168 5
145 172 1
145 178 3
145 180 3
145 183 3
145 184 2
145 185 5
145 188 3
145 191 1
145 192 5
145 193 5
145 194 1
145 195 3
145 198 2
145 199 5
146 155 2
146 160 3
146 162 3
146 165 4
146 166 5
146 167 3
146 168 1
146 170 2
146 173 1
146 178 1
146 180 5
146 181 3
146 185 4
146 188 1
146 190 3
146 191 4
146 200 3
147 151 4
147 155 4
147 157 3
147 161 3
147 167 3
147 169 3
147 171 4
147 174 4
147 175 1
147 176 4
147 177 4
147 179 4
147 180 2
147 182 1
147 183 3
147 187 2
147 191 3
147 192 2
147 194 5
147 195 5
147 198 1
147 200 5
148 151 4
148 155 3
148 158 4
148 159 5
148 163 1
148 170 5
148 171 2
148 176 1
148 177 5
148 179 3
148 181 2
148 182 2
148 184 1
148 187 1
148 191 2
148 193 1
148 195 1
148 196 5
148 197 5
148 198 2
148 200 1
149 150 5
149 151 4
149 154 3
149 157 2
149 159 3
149 160 5
149 161 3
149 162 5
149 164 5
149 167 4
149 171 3
149 173 2
149 174 5
149 175 3
149 177 2
149 181 1
149 183 4
149 187 2
149 188 3
149 189 4
149 192 2
149 193 4
149 194 1
149 195 5
149 200 4
150 154 1
150 157 2
150 165 3
150 166 4
150 167 1
150 169 5
150 170 2
150 172 4
150 178 3
150 181 4
150 183 2
150 185 3
150 186 5
150 187 4
150 188 5
150 191 1
150 198 3
150 200 1
151 153 3
151 154 3
151 156 1
151 158 1
151 159 5
151 164 3
151 166 4
151 167 4
151 168 4
151 169 3
151 170 3
151 172 4
151 174 4
151 179 5
151 186 1
151 188 5
151 193 1
151 196 3
151 198 4
152 154 2
152 155 4
152 156 1
152 162 2
152 165 3
152 166 3
152 167 2
152 168 5
152 171 1
152 176 5
152 183 2
152 184 2
152 186 2
152 188 5
152 189 2
152 192 5
152 194 2
152 196 2
152 198 5
152 199 4
153 155 1
153 159 3
153 163 4
153 165 2
153 166 1
153 167 5
153 168 1
153 169 4
153 171 1
153 174 5
153 175 3
153 179 1
153 180 3
153 181 2
153 184 5
153 185 1
153 186 2
153 189 3
153 195 5
153 199 3
154 155 4
154 157 5
154 160 4
154 164 3
154 167 5
154 168 3
154 174 1
154 176 3
154 178 2
154 182 4
154 183 3
154 186 4
154 190 4
154 192 5
154 196 3
154 198 1
154 199 1
155 157 1
155 159 1
155 160 1
155 161 1
155 162 1
155 163 5
155 166 4
155 167 3
155 172 5
155 173 5
155 176 3
155 177 5
155 178 1
155 179 1
155 180 1
155 181 3
155 188 2
155 192 3
155 198 2
155 200 2
156 157 1
156 158 3
156 159 2
156 160 3
156 162 5
156 166 3
156 167 2
156 171 1
156 179 4
156 182 5
156 183 2
156 188 1
156 189 5
156 190 1
157 160 1
157 166 5
157 167 4
157 168 5
157 170 3
157 173 5
157 176 3
157 177 3
157 178 1
157 179 3
157 180 5
157 182 5
157 184 1
157 185 5
157 186 5
157 188 4
157 189 5
157 191 4
157 193 2
157 196 5
157 198 2
157 199 2
157 200 2
158 162 1
158 164 5
158 166 4
158 168 4
158 169 3
158 171 3
158 173 2
158 180 4
158 182 3
158 183 2
158 186 1
158 189 3
158 195 5
158 197 3
158 198 5
159 161 5
159 162 2
159 164 2
159 166 5
159 167 5
159 169 4
159 174 3
159 177 1
159 182 5
159 186 4
159 187 3
159 190 5
159 194 1
159 195 2
159 197 4
160 164 4
160 165 1
160 166 1
160 167 2
160 169 5
160 170 2
160 171 1
160 173 2
160 174 1
160 183 3
160 184 1
160 196 4
160 197 4
160 198 4
161 163 1
161 170 1
161 178 2
161 179 3
161 184 3
161 193 2
161 197 4
161 200 3
162 170 3
162 172 3
162 174 4
162 175 3
162 176 4
162 177 4
162 179 2
162 180 3
162 182 1
162 183 2
162 184 4
162 186 4
162 188 4
162 189 2
162 190 1
162 196 3
162 197 4
163 166 5
163 167 3
163 168 5
163 171 2
163 173 3
163 175 4
163 182 1
163 189 4
163 193 5
163 195 3
163 196 2
163 197 4
163 199 5
164 165 3
164 169 2
164 171 5
164 175 2
164 177 5
164 183 5
164 184 1
164 185 2
164 189 3
164 191 2
164 194 5
164 198 1
164 200 1
165 169 1
165 173 1
165 174 2
165 176 2
165 177 5
165 178 2
165 181 1
165 186 5
165 193 4
165 194 3
165 196 1
165 197 4
165 199 4
165 200 2
166 167 3
166 176 4
166 178 1
166 185 2
166 187 3
166 188 2
166 189 3
166 194 1
166 195 2
166 196 4
166 197 3
166 198 4
167 174 5
167 177 1
167 189 4
167 192 5
167 194 1
167 198 1
167 199 4
168 171 1
168 180 3
168 183 1
168 184 3
168 187 2
168 190 1
168 191 5
168 192 4
168 193 3
168 195 5
168 198 3
169 175 5
169 181 3
169 182 3
169 186 2
169 188 3
169 189 2
169 195 2
169 197 3
169 199 3
169 200 3
170 171 5
170 176 2
170 181 2
170 182 4
170 183 2
170 188 5
170 189 2
170 192 3
170 195 1
170 198 4
170 199 2
170 200 1
171 173 5
171 174 5
171 175 3
171 178 4
171 179 1
171 184 3
171 185 3
171 187 3
171 189 5
171 191 5
171 192 2
171 193 4
171 194 1
172 174 2
172 176 3
172 177 3
172 178 1
172 179 5
172 181 4
172 182 2
172 186 3
172 190 2
172 193 4
172 195 1
172 198 2
172 199 3
173 177 3
173 180 3
173 181 2
173 183 4
173 187 4
173 188 3
173 195 1
173 196 5
173 199 2
173 200 4
174 176 2
174 177 3
174 178 4
174 179 3
174 181 1
174 182 5
174 183 5
174 184 3
174 185 5
174 187 1
174 190 4
174 191 2
174 192 2
174 193 3
174 194 3
174 196 2
175 177 1
175 179 5
175 182 5
175 188 4
175 189 3
175 190 3
175 195 5
175 197 2
175 198 2
176 179 5
176 182 4
176 184 5
176 188 4
176 190 5
176 191 1
176 194 2
176 200 1
177 181 3
177 183 4
177 186 4
177 192 2
177 193 2
177 195 5
177 196 5
178 187 1
178 189 5
178 191 5
178 193 1
178 194 1
178 195 4
178 196 1
178 199 1
178 200 1
179 180 5
179 182 2
179 183 2
179 185 3
179 190 2
179 191 5
179 194 1
179 196 5
179 197 3
180 182 4
180 184 1
180 185 5
180 189 5
180 191 1
180 194 2
180 196 1
180 200 5
181 183 2
181 184 2
181 188 1
181 189 4
181 191 1
181 192 4
181 193 3
181 195 2
181 196 1
181 198 3
181 200 2
182 183 4
182 184 4
182 186 1
182 187 3
182 190 1
182 192 4
182 195 5
182 196 5
182 197 1
182 198 3
182 199 5
182 200 2
183 184 3
183 185 5
183 186 1
183 191 3
183 193 5
183 195 3
183 199 1
184 185 4
184 188 5
184 190 2
184 195 4
184 200 4
185 187 5
185 189 4
185 190 4
185 194 4
185 195 3
185 196 2
185 200 2
186 189 3
186 192 4
186 193 2
186 195 2
186 196 2
186 199 5
186 200 3
187 189 2
187 191 3
187 195 2
187 196 1
188 199 4
189 192 4
189 193 4
189 195 5
189 196 3
189 197 3
189 199 2
189 200 2
190 194 1
190 195 5
190 196 2
190 200 2
191 193 4
191 196 2
191 197 2
191 199 5
191 200 5
192 199 1
193 194 1
193 197 1
194 195 1
194 197 4
195 197 1
195 198 5
196 198 1
196 199 1
197 200 3
198 199 5
198 200 1
199 200 4
