400 7975
1 13 44
1 47 290
1 58 196
1 64 251
1 67 236
1 69 288
1 71 151
1 84 78
1 156 87
1 160 234
1 174 211
1 191 259
1 194 54
1 196 108
1 200 126
1 222 269
1 224 303
1 229 133
1 233 236
1 239 162
1 249 48
1 264 234
1 273 167
1 308 223
1 328 219
1 338 201
1 359 257
1 360 207
1 372 33
1 373 60
1 376 33
1 378 103
1 381 57
1 395 184
1 396 285
2 17 278
2 19 157
2 25 114
2 35 90
2 42 221
2 43 270
2 50 236
2 55 44
2 56 266
2 60 244
2 69 93
2 70 296
2 74 307
2 78 59
2 91 231
2 94 157
2 102 40
2 116 162
2 120 143
2 130 91
2 146 169
2 147 319
2 148 15
2 166 69
2 171 287
2 183 202
2 187 309
2 203 182
2 254 17
2 272 298
2 303 166
2 307 27
2 310 94
2 313 262
2 316 206
2 320 27
2 354 157
2 377 238
2 379 256
2 389 36
3 43 62
3 51 272
3 58 303
3 81 300
3 88 222
3 104 294
3 114 38
3 159 224
3 164 1
3 169 44
3 171 229
3 172 69
3 176 29
3 177 95
3 194 128
3 203 247
3 214 306
3 218 306
3 251 203
3 259 185
3 265 223
3 279 213
3 338 62
3 349 43
3 355 64
3 376 45
3 383 293
3 387 17
3 388 126
3 400 65
4 8 95
4 21 171
4 47 273
4 64 226
4 87 126
4 90 100
4 99 26
4 101 205
4 112 231
4 140 296
4 152 96
4 160 251
4 175 85
4 178 293
4 192 183
4 200 129
4 221 210
4 226 36
4 237 23
4 244 36
4 251 158
4 266 208
4 272 225
4 286 198
4 292 217
4 295 247
4 300 216
4 321 319
4 324 199
4 338 278
4 343 80
4 351 307
4 363 117
4 369 188
5 41 185
5 47 211
5 50 63
5 116 189
5 119 273
5 122 57
5 127 209
5 134 125
5 142 32
5 149 283
5 168 148
5 169 95
5 180 133
5 190 165
5 221 8
5 230 99
5 237 315
5 252 138
5 263 283
5 265 223
5 275 160
5 286 305
5 291 217
5 310 4
5 319 9
5 321 232
5 330 211
5 344 174
5 346 204
5 347 243
5 356 281
5 371 136
5 375 259
5 383 44
5 400 96
6 35 228
6 36 14
6 41 63
6 61 44
6 64 92
6 79 320
6 94 176
6 95 150
6 112 115
6 114 137
6 129 219
6 141 237
6 159 238
6 162 71
6 163 226
6 173 114
6 192 273
6 198 293
6 212 11
6 224 184
6 234 271
6 252 136
6 261 176
6 275 141
6 282 285
6 305 180
6 317 262
6 335 91
6 338 125
6 352 93
6 356 92
6 373 92
6 382 130
7 13 15
7 20 65
7 23 147
7 27 313
7 63 268
7 72 138
7 78 270
7 90 208
7 94 250
7 97 282
7 104 281
7 124 111
7 149 110
7 169 40
7 170 310
7 183 40
7 185 6
7 186 295
7 187 112
7 195 129
7 213 148
7 221 178
7 238 13
7 283 96
7 286 104
7 298 45
7 302 271
7 322 314
7 327 185
7 354 311
7 365 7
7 366 31
8 20 221
8 27 141
8 37 44
8 55 96
8 66 238
8 85 279
8 100 188
8 118 228
8 119 215
8 141 306
8 160 77
8 192 194
8 280 206
8 281 280
8 287 243
8 336 310
8 342 44
8 369 157
8 384 3
8 395 153
9 14 7
9 28 237
9 34 17
9 55 71
9 57 165
9 61 97
9 62 192
9 72 193
9 74 55
9 75 318
9 84 195
9 90 186
9 100 164
9 103 317
9 125 280
9 135 197
9 142 101
9 143 287
9 148 193
9 156 95
9 159 205
9 169 258
9 190 77
9 206 64
9 210 142
9 213 162
9 219 234
9 238 161
9 240 122
9 245 170
9 254 148
9 261 119
9 267 244
9 283 160
9 286 82
9 294 57
9 302 235
9 310 173
9 312 16
9 318 200
9 328 166
9 342 1
9 346 143
9 368 288
9 369 121
9 396 120
9 398 66
10 25 259
10 30 247
10 64 64
10 70 133
10 72 160
10 74 47
10 79 281
10 96 221
10 97 101
10 103 302
10 134 66
10 152 199
10 168 188
10 172 291
10 178 91
10 193 223
10 196 54
10 217 310
10 231 296
10 266 185
10 281 260
10 286 161
10 292 254
10 295 246
10 307 183
10 308 319
10 311 195
10 329 261
10 347 145
10 362 174
10 376 197
10 384 133
11 34 178
11 47 43
11 62 265
11 104 116
11 124 224
11 133 112
11 134 293
11 138 138
11 147 176
11 160 311
11 171 129
11 174 159
11 186 230
11 200 165
11 221 271
11 223 303
11 228 119
11 231 238
11 234 319
11 241 34
11 242 254
11 265 286
11 274 52
11 313 263
11 314 63
11 329 18
11 338 147
11 348 67
11 387 124
11 394 86
11 395 46
12 41 27
12 66 252
12 72 235
12 79 70
12 81 228
12 86 233
12 91 161
12 103 139
12 108 91
12 111 121
12 116 132
12 129 18
12 134 22
12 139 305
12 145 308
12 147 269
12 154 265
12 172 288
12 175 258
12 208 260
12 210 317
12 217 69
12 240 117
12 245 295
12 247 80
12 257 80
12 258 57
12 261 27
12 265 163
12 272 253
12 282 100
12 292 119
12 301 42
12 308 237
12 322 102
12 324 59
12 327 29
12 328 94
12 329 244
12 333 157
12 340 8
12 360 255
12 365 318
12 381 38
12 382 215
12 399 201
13 15 86
13 17 141
13 19 291
13 23 284
13 30 88
13 38 42
13 49 126
13 54 267
13 80 210
13 95 36
13 115 90
13 118 101
13 131 169
13 133 302
13 136 14
13 146 278
13 154 112
13 179 267
13 205 223
13 212 185
13 214 40
13 222 166
13 225 178
13 230 77
13 239 167
13 244 273
13 248 266
13 253 185
13 258 119
13 259 87
13 264 264
13 278 233
13 284 58
13 285 72
13 300 60
13 324 181
13 331 3
13 351 287
13 357 224
13 388 47
14 22 195
14 28 39
14 40 260
14 61 243
14 72 317
14 123 268
14 145 33
14 149 36
14 152 245
14 156 222
14 189 153
14 190 283
14 195 62
14 205 69
14 206 190
14 218 38
14 220 58
14 231 98
14 234 146
14 248 184
14 271 195
14 276 95
14 292 9
14 299 320
14 305 69
14 316 280
14 324 63
14 335 255
14 339 175
14 342 90
14 348 3
14 352 283
14 371 211
14 379 149
14 385 272
14 386 68
15 32 203
15 40 14
15 44 233
15 66 28
15 72 308
15 75 244
15 81 88
15 109 28
15 129 209
15 141 254
15 146 288
15 150 73
15 153 145
15 166 312
15 170 167
15 191 135
15 200 175
15 221 252
15 227 96
15 232 8
15 237 24
15 238 132
15 239 183
15 242 216
15 247 25
15 260 253
15 269 196
15 286 226
15 300 295
15 301 220
15 302 219
15 311 56
15 312 21
15 314 221
15 321 153
15 362 80
15 363 305
15 369 225
15 376 70
16 27 91
16 32 284
16 45 90
16 46 144
16 50 254
16 55 78
16 56 213
16 67 30
16 76 211
16 77 233
16 88 289
16 101 33
16 121 271
16 127 150
16 133 128
16 161 88
16 192 277
16 206 271
16 216 290
16 222 85
16 252 149
16 257 72
16 268 312
16 286 192
16 294 132
16 321 249
16 342 90
16 354 16
16 358 292
16 364 237
16 383 60
16 384 41
17 21 18
17 36 220
17 41 4
17 62 173
17 68 36
17 71 95
17 87 299
17 91 227
17 101 310
17 107 112
17 116 40
17 134 292
17 151 21
17 162 101
17 163 7
17 166 151
17 172 130
17 179 139
17 185 64
17 190 138
17 195 108
17 202 90
17 209 244
17 255 119
17 260 177
17 261 307
17 269 230
17 274 251
17 283 57
17 293 12
17 297 145
17 299 153
17 303 63
17 315 283
17 317 49
17 319 6
17 322 277
17 333 256
17 334 179
17 341 139
17 347 219
17 350 109
17 369 279
17 376 53
17 392 8
17 397 179
18 19 18
18 28 104
18 66 219
18 81 67
18 91 226
18 97 25
18 100 102
18 107 32
18 139 1
18 140 46
18 142 315
18 156 306
18 165 74
18 186 272
18 201 196
18 206 63
18 208 156
18 214 136
18 218 180
18 219 134
18 220 98
18 221 204
18 233 242
18 234 162
18 235 187
18 242 119
18 245 125
18 257 39
18 260 222
18 272 289
18 280 70
18 291 71
18 307 287
18 310 265
18 316 55
18 319 284
18 349 134
18 355 60
18 372 231
18 385 307
18 389 88
18 392 97
19 23 25
19 29 19
19 57 118
19 61 143
19 66 167
19 83 193
19 85 247
19 90 46
19 114 206
19 120 290
19 122 101
19 124 46
19 130 144
19 151 32
19 160 17
19 171 214
19 176 44
19 177 197
19 211 285
19 287 252
19 292 140
19 299 53
19 300 50
19 303 136
19 324 19
19 326 199
19 331 3
19 338 258
19 350 22
19 367 305
19 368 201
19 380 91
19 394 37
19 400 232
20 63 52
20 94 111
20 112 308
20 114 1
20 118 24
20 120 84
20 132 166
20 142 57
20 143 50
20 172 271
20 178 116
20 181 229
20 184 275
20 186 33
20 189 129
20 192 240
20 201 257
20 205 27
20 210 19
20 226 281
20 233 176
20 251 48
20 252 231
20 253 311
20 257 189
20 267 307
20 274 227
20 285 311
20 286 84
20 318 302
20 332 312
20 336 260
20 343 170
20 345 223
20 351 105
20 356 89
20 358 5
20 364 272
20 375 91
20 391 183
20 396 1
20 398 137
20 399 209
21 28 205
21 47 278
21 48 24
21 59 256
21 66 314
21 75 125
21 100 65
21 104 142
21 115 77
21 119 300
21 122 28
21 143 97
21 152 201
21 164 315
21 170 253
21 180 202
21 184 273
21 187 50
21 196 148
21 208 198
21 225 318
21 232 55
21 238 161
21 248 69
21 254 44
21 256 58
21 265 143
21 288 191
21 289 189
21 298 291
21 310 126
21 318 288
21 319 195
21 341 104
21 376 2
22 31 318
22 47 21
22 56 46
22 60 196
22 64 45
22 65 123
22 77 205
22 83 278
22 85 176
22 106 212
22 117 238
22 121 320
22 124 260
22 126 160
22 130 190
22 147 176
22 152 266
22 157 160
22 160 145
22 173 267
22 175 257
22 194 97
22 219 113
22 253 197
22 263 72
22 264 42
22 268 308
22 283 245
22 284 12
22 297 115
22 324 224
22 332 153
22 352 237
22 355 37
22 358 202
22 362 70
22 363 302
22 370 248
22 377 135
23 27 159
23 36 299
23 52 229
23 58 207
23 69 20
23 73 9
23 94 193
23 110 225
23 127 2
23 141 212
23 146 44
23 160 35
23 163 182
23 187 295
23 188 196
23 194 85
23 196 226
23 210 112
23 215 298
23 233 307
23 244 100
23 253 209
23 263 99
23 278 295
23 299 21
23 305 277
23 306 204
23 311 312
23 312 73
23 328 32
23 340 96
23 344 164
23 356 195
23 363 169
23 377 93
23 382 177
23 390 60
23 392 115
23 394 43
24 27 315
24 28 170
24 32 269
24 42 191
24 58 97
24 77 260
24 78 230
24 100 253
24 125 145
24 137 71
24 142 277
24 155 141
24 158 182
24 161 219
24 176 94
24 180 294
24 208 135
24 220 11
24 225 211
24 238 45
24 239 248
24 246 259
24 267 313
24 278 86
24 286 121
24 300 292
24 306 118
24 308 274
24 310 144
24 318 256
24 325 275
24 328 8
24 349 63
24 366 213
24 370 150
24 380 41
24 400 222
25 46 108
25 47 49
25 54 23
25 57 145
25 58 18
25 71 170
25 76 72
25 78 148
25 87 14
25 104 91
25 111 2
25 124 143
25 146 228
25 155 136
25 163 41
25 165 279
25 177 288
25 181 211
25 183 17
25 191 97
25 204 112
25 236 127
25 255 262
25 257 44
25 260 137
25 262 224
25 264 134
25 268 176
25 269 232
25 275 54
25 277 222
25 280 269
25 283 106
25 297 127
25 318 121
25 368 95
25 376 23
25 377 31
25 387 114
25 394 54
26 47 241
26 52 13
26 64 59
26 83 17
26 105 267
26 113 237
26 123 199
26 127 304
26 131 316
26 153 22
26 162 157
26 169 91
26 182 107
26 190 204
26 191 176
26 195 41
26 203 293
26 208 308
26 213 90
26 230 95
26 239 76
26 246 306
26 260 295
26 279 277
26 321 200
26 335 297
26 345 33
26 365 242
26 369 304
27 31 168
27 48 235
27 50 256
27 51 290
27 68 111
27 70 102
27 73 8
27 95 124
27 106 245
27 109 267
27 110 249
27 113 315
27 114 150
27 116 152
27 126 68
27 135 71
27 138 47
27 147 313
27 164 85
27 173 155
27 190 165
27 193 184
27 197 282
27 199 120
27 202 144
27 205 42
27 214 195
27 229 2
27 239 247
27 245 242
27 246 280
27 248 291
27 251 167
27 261 180
27 267 280
27 271 42
27 282 274
27 287 102
27 289 280
27 290 52
27 298 28
27 299 28
27 304 100
27 306 136
27 310 197
27 327 60
27 354 235
27 355 19
27 357 172
27 365 71
27 393 73
27 400 264
28 46 224
28 52 58
28 67 160
28 79 248
28 80 83
28 86 164
28 100 262
28 102 281
28 107 225
28 123 170
28 166 241
28 170 127
28 178 194
28 179 35
28 180 86
28 183 186
28 184 36
28 230 110
28 233 247
28 234 6
28 254 39
28 256 308
28 261 279
28 268 119
28 274 240
28 289 18
28 297 130
28 305 107
28 307 18
28 322 97
28 324 73
28 340 72
28 356 320
28 360 80
28 365 104
28 369 134
28 377 54
28 392 206
29 44 225
29 48 182
29 50 15
29 51 263
29 54 99
29 69 47
29 77 120
29 82 191
29 87 198
29 91 92
29 94 7
29 98 301
29 103 104
29 110 108
29 112 170
29 124 21
29 162 94
29 188 77
29 193 170
29 223 1
29 244 309
29 256 5
29 293 143
29 298 267
29 300 199
29 306 133
29 316 286
29 334 247
29 345 285
29 354 119
29 355 60
29 364 228
29 373 290
29 399 301
30 33 200
30 38 172
30 55 19
30 70 121
30 72 236
30 75 171
30 87 229
30 88 49
30 101 177
30 110 307
30 112 182
30 130 124
30 136 13
30 166 199
30 169 65
30 171 213
30 181 202
30 191 299
30 196 291
30 206 76
30 213 215
30 222 239
30 237 315
30 239 140
30 240 134
30 244 11
30 247 39
30 264 163
30 268 317
30 272 103
30 273 15
30 286 223
30 289 263
30 295 153
30 327 228
30 332 178
30 336 239
30 373 68
30 376 36
30 398 250
31 38 269
31 43 4
31 51 249
31 52 42
31 53 97
31 55 131
31 63 102
31 65 216
31 70 58
31 78 126
31 83 142
31 103 238
31 149 112
31 154 246
31 157 11
31 163 173
31 167 6
31 172 80
31 192 318
31 223 213
31 224 167
31 237 91
31 239 305
31 241 252
31 262 110
31 286 280
31 309 315
31 314 309
31 319 105
31 331 38
31 334 310
31 343 152
31 347 311
31 351 119
31 362 305
31 366 205
31 378 318
31 381 80
32 33 8
32 45 221
32 50 158
32 54 171
32 57 109
32 60 310
32 63 91
32 72 229
32 75 256
32 82 53
32 88 314
32 93 60
32 113 160
32 117 154
32 158 300
32 169 154
32 170 196
32 172 219
32 177 34
32 182 85
32 186 26
32 191 236
32 193 239
32 196 135
32 204 49
32 215 231
32 222 312
32 224 237
32 234 301
32 241 126
32 254 297
32 270 83
32 276 216
32 277 110
32 284 122
32 287 161
32 288 253
32 298 44
32 301 308
32 311 79
32 320 224
32 321 236
32 324 84
32 327 139
32 345 97
32 349 196
32 355 77
32 360 53
32 361 243
32 363 119
32 392 213
33 35 12
33 48 99
33 51 207
33 60 59
33 63 201
33 69 49
33 72 223
33 75 295
33 86 64
33 94 47
33 96 203
33 112 81
33 114 80
33 117 266
33 138 301
33 140 306
33 156 163
33 160 233
33 163 148
33 168 316
33 169 98
33 171 42
33 192 61
33 193 127
33 199 45
33 217 305
33 233 145
33 235 70
33 260 187
33 264 283
33 294 298
33 296 190
33 306 137
33 318 245
33 320 259
33 327 132
33 329 274
33 347 181
33 352 52
33 358 133
33 372 125
33 375 51
33 378 116
33 380 123
33 388 246
33 395 51
33 397 171
33 399 147
34 49 90
34 58 320
34 66 57
34 88 194
34 96 147
34 102 186
34 122 114
34 128 266
34 135 136
34 154 123
34 164 271
34 176 281
34 197 295
34 212 164
34 216 34
34 236 127
34 243 61
34 255 315
34 260 295
34 267 272
34 268 248
34 280 95
34 288 269
34 302 228
34 304 26
34 308 183
34 321 226
34 323 161
34 324 242
34 325 205
34 330 136
34 340 217
34 343 213
34 344 193
34 351 85
34 357 97
34 363 209
34 371 111
34 373 65
34 395 286
35 41 158
35 47 176
35 64 208
35 105 149
35 114 67
35 120 240
35 144 8
35 146 13
35 148 51
35 174 15
35 177 67
35 187 260
35 195 10
35 209 207
35 210 12
35 211 181
35 213 169
35 219 281
35 233 192
35 251 245
35 254 130
35 268 185
35 294 198
35 310 200
35 332 82
35 343 13
35 349 190
35 358 63
35 365 19
35 377 300
35 380 77
35 388 148
35 389 53
35 390 27
35 392 118
35 396 253
36 39 158
36 49 300
36 70 73
36 80 155
36 92 56
36 93 2
36 98 13
36 111 320
36 148 46
36 151 137
36 156 23
36 158 64
36 160 260
36 192 67
36 207 72
36 229 33
36 241 221
36 253 296
36 261 120
36 283 61
36 284 159
36 295 23
36 299 4
36 309 124
36 319 222
36 358 2
36 360 104
36 364 280
36 375 60
36 397 77
37 39 276
37 42 160
37 57 296
37 79 216
37 89 56
37 92 80
37 97 131
37 107 238
37 109 63
37 115 319
37 126 70
37 146 243
37 149 229
37 150 78
37 166 76
37 169 198
37 173 284
37 180 320
37 200 276
37 202 119
37 225 135
37 236 187
37 245 240
37 258 166
37 266 86
37 268 305
37 271 194
37 293 128
37 295 244
37 304 64
37 321 164
37 324 164
37 336 37
37 338 252
37 339 218
37 373 117
37 374 88
37 377 41
37 388 29
37 397 208
38 45 40
38 49 249
38 53 89
38 57 198
38 66 163
38 120 179
38 131 155
38 132 295
38 137 151
38 143 117
38 148 30
38 151 119
38 154 8
38 161 252
38 173 319
38 175 305
38 211 264
38 212 264
38 219 203
38 240 33
38 252 293
38 254 65
38 342 283
38 343 40
38 355 251
38 364 104
38 398 298
39 46 180
39 71 87
39 75 255
39 78 53
39 86 20
39 94 31
39 109 73
39 116 220
39 151 64
39 155 253
39 200 45
39 216 74
39 268 207
39 275 124
39 278 276
39 281 199
39 317 270
39 323 58
39 328 145
39 341 102
39 343 230
39 345 53
39 346 244
39 355 210
39 358 27
39 368 10
39 380 297
39 393 219
40 42 104
40 47 45
40 48 49
40 68 319
40 73 282
40 77 311
40 113 105
40 117 309
40 133 34
40 144 293
40 145 56
40 148 117
40 152 128
40 191 31
40 200 141
40 213 159
40 215 92
40 228 282
40 235 224
40 247 255
40 260 244
40 268 48
40 272 102
40 273 63
40 275 38
40 279 215
40 283 225
40 315 57
40 340 140
40 341 264
40 347 122
40 374 9
40 389 167
40 391 253
41 54 27
41 57 262
41 62 110
41 63 285
41 71 67
41 82 24
41 85 181
41 88 2
41 92 26
41 107 115
41 115 276
41 117 35
41 133 147
41 134 32
41 146 155
41 153 142
41 204 75
41 207 191
41 245 181
41 253 293
41 277 99
41 290 102
41 304 212
41 335 81
41 349 111
41 357 25
41 368 210
41 374 99
41 384 86
41 385 39
41 386 61
41 398 174
42 69 128
42 75 99
42 76 269
42 86 78
42 89 195
42 95 207
42 98 128
42 103 104
42 105 138
42 116 246
42 117 300
42 126 84
42 146 140
42 150 254
42 153 216
42 168 176
42 185 104
42 207 115
42 208 122
42 238 180
42 244 175
42 253 1
42 255 217
42 257 176
42 264 169
42 265 117
42 269 256
42 283 54
42 285 168
42 291 12
42 301 283
42 303 293
42 304 108
42 312 54
42 313 301
42 323 205
42 325 315
42 343 52
42 349 93
42 350 154
42 364 125
42 367 182
42 371 119
42 383 127
42 386 174
42 387 10
42 388 133
42 394 92
43 50 98
43 51 9
43 53 60
43 56 179
43 75 309
43 76 269
43 93 8
43 116 244
43 117 205
43 124 64
43 147 315
43 168 203
43 190 176
43 191 179
43 197 298
43 198 45
43 201 216
43 212 133
43 216 2
43 218 232
43 220 173
43 237 12
43 238 263
43 242 146
43 265 286
43 275 15
43 284 210
43 287 148
43 300 191
43 316 251
43 319 150
43 328 264
43 341 32
43 360 115
43 383 30
43 389 234
44 68 285
44 79 123
44 86 311
44 93 228
44 115 259
44 136 123
44 142 164
44 143 142
44 144 311
44 171 160
44 175 297
44 178 96
44 181 68
44 189 184
44 207 209
44 221 213
44 222 192
44 226 120
44 228 230
44 244 295
44 253 317
44 276 78
44 288 314
44 313 309
44 320 30
44 330 274
44 352 177
44 356 238
44 359 17
44 362 36
44 363 306
44 373 98
44 377 147
44 387 169
44 391 245
44 392 301
44 400 263
45 50 37
45 69 49
45 82 237
45 88 233
45 105 109
45 108 5
45 115 276
45 116 67
45 119 82
45 120 10
45 133 149
45 155 210
45 164 81
45 173 40
45 177 274
45 187 316
45 195 54
45 201 156
45 203 34
45 210 216
45 246 162
45 254 51
45 255 209
45 257 101
45 260 85
45 268 177
45 288 269
45 300 41
45 302 46
45 314 280
45 320 110
45 342 166
45 366 115
45 371 171
45 380 202
45 384 91
45 388 163
45 394 141
46 55 237
46 63 5
46 72 178
46 77 10
46 92 155
46 95 150
46 103 109
46 111 64
46 113 267
46 125 228
46 143 39
46 146 90
46 150 178
46 153 224
46 155 190
46 156 66
46 158 70
46 160 91
46 167 175
46 172 239
46 179 297
46 186 110
46 188 315
46 189 229
46 193 7
46 194 267
46 199 222
46 203 99
46 204 219
46 208 310
46 222 224
46 227 197
46 246 241
46 265 258
46 270 178
46 280 17
46 292 76
46 304 65
46 311 179
46 320 160
46 323 143
46 327 115
46 338 138
46 362 63
46 400 285
47 51 269
47 52 10
47 57 2
47 64 23
47 66 312
47 72 170
47 85 249
47 122 180
47 127 104
47 128 202
47 135 82
47 143 196
47 150 210
47 153 127
47 155 20
47 165 146
47 179 21
47 180 151
47 186 317
47 195 317
47 200 160
47 213 101
47 215 222
47 225 53
47 234 114
47 247 94
47 274 165
47 293 51
47 298 311
47 303 267
47 304 77
47 309 8
47 313 161
47 328 20
47 339 15
47 357 79
47 367 92
47 376 72
47 387 247
47 389 88
48 53 23
48 55 221
48 60 214
48 64 154
48 80 188
48 85 225
48 90 159
48 100 171
48 107 55
48 115 78
48 132 7
48 152 276
48 159 114
48 163 250
48 166 163
48 180 46
48 184 276
48 192 316
48 243 305
48 252 43
48 263 201
48 274 200
48 287 297
48 299 282
48 315 231
48 318 77
48 325 256
48 327 10
48 328 134
48 334 150
48 345 287
48 367 208
48 368 184
48 377 54
48 391 18
48 392 38
49 61 78
49 67 259
49 69 240
49 80 173
49 88 175
49 100 214
49 103 235
49 118 147
49 123 186
49 140 225
49 151 148
49 162 177
49 167 254
49 172 59
49 173 106
49 182 5
49 184 44
49 226 5
49 246 253
49 256 17
49 258 228
49 260 85
49 270 165
49 285 160
49 287 10
49 292 235
49 307 153
49 309 73
49 315 285
49 317 118
49 339 248
49 354 202
49 358 279
49 378 89
49 392 29
49 395 32
50 51 235
50 79 210
50 109 294
50 128 260
50 129 276
50 152 83
50 162 62
50 168 150
50 177 120
50 187 64
50 188 177
50 191 21
50 193 33
50 194 298
50 227 254
50 244 61
50 268 319
50 299 262
50 309 304
50 316 106
50 321 146
50 322 306
50 337 123
50 339 84
50 351 68
50 358 209
50 360 51
50 369 212
50 374 197
50 376 3
50 379 319
50 383 34
50 389 94
51 61 251
51 62 113
51 66 50
51 84 119
51 96 124
51 121 187
51 130 252
51 145 78
51 174 292
51 178 127
51 183 308
51 186 210
51 194 228
51 197 22
51 213 70
51 223 288
51 247 187
51 250 275
51 262 117
51 281 5
51 283 69
51 287 76
51 297 45
51 303 206
51 315 58
51 331 71
51 344 209
51 348 83
51 354 105
51 368 234
51 370 42
51 380 185
51 391 216
51 396 7
51 400 267
52 53 126
52 72 171
52 80 170
52 99 8
52 105 100
52 133 205
52 136 249
52 141 178
52 148 288
52 163 107
52 165 68
52 170 196
52 176 6
52 179 133
52 198 10
52 204 169
52 212 91
52 280 273
52 283 144
52 286 100
52 301 156
52 305 219
52 313 65
52 333 189
52 336 75
52 350 198
52 358 191
52 367 228
52 370 285
52 373 289
52 378 282
52 387 203
52 399 16
53 57 7
53 64 42
53 66 19
53 79 187
53 88 263
53 113 174
53 119 278
53 124 155
53 128 294
53 145 69
53 153 161
53 170 204
53 192 143
53 253 304
53 268 162
53 271 21
53 272 134
53 278 144
53 292 215
53 315 146
53 325 202
53 326 140
53 330 170
53 341 74
53 356 203
53 360 28
53 361 214
53 372 165
53 373 183
53 394 86
54 79 28
54 90 187
54 100 95
54 104 8
54 113 60
54 122 183
54 128 274
54 134 153
54 135 292
54 140 33
54 146 258
54 157 182
54 160 197
54 164 174
54 172 131
54 180 119
54 183 247
54 202 282
54 232 45
54 233 274
54 247 222
54 248 2
54 251 69
54 273 3
54 281 1
54 312 248
54 314 314
54 328 292
54 331 37
54 336 286
54 344 69
54 346 299
54 348 284
54 367 111
54 373 29
54 388 303
54 399 106
54 400 274
55 77 309
55 83 164
55 84 2
55 116 286
55 130 181
55 140 283
55 142 59
55 147 70
55 151 130
55 178 43
55 187 38
55 189 52
55 207 239
55 208 281
55 215 195
55 218 42
55 223 241
55 243 34
55 252 292
55 255 53
55 263 145
55 272 226
55 283 82
55 299 88
55 309 112
55 311 52
55 323 66
55 324 10
55 328 131
55 335 283
55 336 174
55 340 83
55 360 227
55 363 230
55 366 137
55 394 188
56 74 62
56 89 299
56 100 210
56 104 90
56 108 22
56 109 166
56 115 101
56 138 63
56 148 3
56 150 233
56 154 139
56 155 197
56 162 45
56 165 184
56 168 119
56 182 263
56 200 95
56 203 128
56 204 240
56 205 276
56 226 249
56 227 103
56 234 68
56 237 270
56 247 80
56 258 263
56 259 106
56 280 57
56 288 29
56 299 208
56 301 20
56 305 99
56 308 172
56 325 168
56 327 118
56 348 20
56 354 107
56 362 252
56 368 281
56 375 165
56 379 295
56 380 91
56 383 228
56 399 222
57 65 165
57 73 89
57 87 53
57 102 111
57 118 296
57 119 78
57 120 93
57 136 35
57 145 127
57 153 206
57 163 38
57 167 216
57 185 306
57 187 22
57 201 110
57 203 41
57 204 204
57 209 137
57 210 218
57 218 172
57 222 37
57 234 262
57 237 300
57 239 151
57 275 232
57 284 50
57 292 103
57 294 197
57 332 184
57 353 73
57 355 71
57 365 231
57 367 249
57 385 275
58 59 314
58 63 151
58 86 107
58 96 147
58 99 313
58 111 74
58 112 180
58 126 260
58 131 1
58 132 216
58 143 148
58 150 268
58 166 284
58 194 65
58 204 146
58 225 43
58 227 275
58 230 239
58 246 181
58 261 38
58 269 174
58 280 253
58 296 94
58 309 158
58 320 215
58 341 287
58 357 169
58 373 215
59 63 261
59 77 98
59 90 287
59 92 251
59 105 291
59 136 278
59 140 133
59 141 146
59 152 18
59 155 277
59 171 195
59 193 197
59 200 82
59 202 171
59 203 218
59 205 1
59 219 128
59 226 248
59 247 51
59 250 58
59 274 57
59 276 67
59 277 139
59 281 305
59 295 11
59 297 261
59 319 271
59 337 84
59 338 241
59 340 100
59 353 305
60 64 58
60 66 272
60 81 315
60 89 270
60 106 238
60 118 28
60 126 266
60 131 45
60 144 194
60 147 127
60 162 7
60 172 86
60 182 226
60 191 138
60 197 42
60 222 95
60 224 175
60 255 226
60 264 267
60 270 53
60 281 11
60 286 222
60 287 192
60 293 293
60 307 113
60 318 230
60 321 307
60 324 249
60 333 21
60 339 161
61 81 198
61 101 87
61 110 300
61 130 236
61 149 51
61 164 109
61 166 38
61 169 23
61 184 185
61 217 223
61 229 298
61 232 264
61 237 219
61 243 31
61 247 160
61 252 212
61 267 102
61 271 43
61 278 147
61 280 267
61 282 39
61 284 303
61 342 97
61 346 306
61 355 290
61 360 160
61 371 70
61 390 55
62 67 270
62 85 228
62 105 176
62 106 53
62 109 49
62 137 254
62 150 127
62 169 289
62 179 296
62 183 121
62 195 315
62 225 299
62 239 134
62 240 312
62 242 98
62 268 296
62 269 294
62 344 45
62 346 66
62 389 132
62 391 147
62 397 310
63 70 57
63 82 160
63 98 299
63 122 291
63 126 263
63 136 150
63 139 145
63 144 103
63 147 166
63 157 48
63 163 11
63 178 86
63 194 215
63 210 52
63 223 276
63 246 26
63 270 134
63 274 225
63 336 120
63 342 259
63 351 57
63 358 252
63 375 108
63 377 293
63 381 81
63 383 192
63 384 285
63 386 296
64 71 157
64 87 195
64 88 204
64 97 191
64 123 228
64 127 62
64 136 205
64 141 179
64 147 127
64 165 257
64 166 108
64 169 212
64 175 174
64 182 160
64 184 211
64 199 135
64 207 211
64 228 100
64 242 241
64 256 179
64 257 97
64 262 306
64 272 313
64 279 255
64 284 122
64 295 102
64 308 17
64 331 93
64 355 256
64 360 143
64 367 96
64 379 179
64 381 320
65 102 145
65 116 100
65 130 20
65 144 269
65 148 159
65 172 267
65 175 168
65 176 57
65 178 185
65 188 162
65 198 126
65 200 160
65 210 153
65 231 81
65 273 231
65 275 111
65 281 116
65 288 54
65 312 115
65 314 122
65 315 131
65 321 84
65 326 125
65 340 184
65 347 217
65 368 71
65 382 251
65 396 110
65 397 301
66 69 72
66 73 81
66 86 305
66 87 264
66 89 265
66 90 135
66 94 265
66 104 258
66 112 283
66 134 190
66 186 47
66 187 275
66 194 36
66 198 288
66 203 275
66 215 39
66 217 198
66 221 11
66 227 170
66 244 196
66 259 123
66 279 42
66 288 104
66 291 119
66 297 220
66 331 79
66 338 187
66 346 19
66 351 280
66 362 155
66 368 296
66 389 313
66 390 85
66 391 260
66 396 142
67 72 229
67 79 159
67 82 57
67 84 178
67 86 77
67 90 249
67 91 53
67 93 75
67 99 277
67 106 194
67 122 308
67 143 157
67 153 161
67 158 109
67 166 313
67 170 246
67 175 25
67 190 144
67 192 305
67 197 30
67 199 54
67 203 260
67 205 295
67 222 154
67 234 268
67 236 98
67 257 89
67 293 56
67 296 292
67 299 185
67 310 221
67 313 270
67 334 21
67 336 47
67 344 264
67 356 17
67 358 118
67 377 115
67 387 65
67 397 88
68 101 248
68 105 248
68 106 305
68 111 295
68 114 32
68 119 261
68 134 62
68 159 232
68 173 15
68 209 163
68 219 71
68 252 161
68 290 273
68 293 164
68 294 150
68 300 268
68 304 102
68 317 9
68 322 307
68 355 71
68 359 94
68 369 53
68 372 216
68 386 66
68 388 99
68 391 249
68 392 135
68 398 145
69 98 74
69 107 210
69 111 89
69 129 312
69 146 260
69 151 105
69 168 103
69 170 144
69 176 261
69 183 60
69 205 274
69 206 302
69 214 217
69 218 271
69 219 87
69 221 316
69 234 148
69 235 220
69 236 209
69 247 182
69 274 170
69 278 158
69 293 117
69 297 181
69 302 33
69 336 168
69 346 166
69 355 8
69 356 184
69 359 8
69 381 148
70 75 31
70 94 310
70 115 59
70 119 263
70 120 302
70 128 280
70 133 130
70 161 94
70 178 160
70 184 297
70 192 235
70 196 261
70 203 260
70 208 291
70 216 14
70 222 121
70 254 147
70 267 258
70 277 296
70 280 234
70 282 16
70 284 167
70 286 157
70 287 313
70 294 237
70 301 304
70 302 211
70 303 9
70 323 44
70 338 20
70 353 140
70 355 214
70 361 218
70 366 153
70 370 102
70 380 75
70 387 282
70 398 124
71 85 163
71 99 128
71 134 263
71 142 69
71 150 304
71 155 303
71 183 278
71 184 101
71 195 140
71 200 276
71 213 228
71 218 272
71 227 92
71 231 114
71 251 45
71 261 301
71 269 227
71 270 149
71 289 32
71 292 135
71 299 16
71 317 38
71 319 64
71 324 185
71 331 232
71 335 184
71 340 57
71 346 175
71 347 232
71 363 34
71 367 111
71 375 167
72 79 89
72 88 185
72 124 158
72 132 72
72 152 100
72 157 222
72 160 62
72 168 44
72 183 87
72 185 98
72 191 90
72 201 268
72 215 185
72 229 154
72 232 117
72 238 253
72 247 48
72 249 185
72 291 242
72 294 141
72 296 189
72 302 150
72 308 238
72 315 46
72 318 129
72 321 284
72 324 299
72 334 143
72 356 179
72 369 274
72 383 219
72 390 180
73 83 224
73 93 118
73 101 26
73 102 13
73 103 149
73 104 315
73 111 200
73 113 159
73 120 88
73 154 310
73 156 110
73 183 129
73 185 276
73 197 25
73 200 250
73 204 167
73 205 308
73 227 281
73 228 210
73 233 203
73 240 155
73 241 280
73 259 9
73 262 228
73 265 249
73 267 244
73 272 112
73 277 31
73 278 60
73 281 289
73 283 268
73 287 248
73 315 284
73 332 290
73 341 112
73 383 11
73 399 278
74 81 149
74 82 216
74 111 26
74 113 144
74 127 177
74 163 12
74 169 268
74 171 312
74 185 228
74 196 146
74 204 212
74 210 296
74 216 153
74 221 16
74 222 258
74 237 266
74 243 150
74 251 76
74 257 291
74 261 23
74 291 205
74 292 284
74 298 265
74 336 126
74 337 305
74 354 277
74 366 307
74 379 156
74 380 41
74 382 59
74 386 184
74 399 54
75 76 9
75 83 241
75 85 167
75 97 229
75 101 42
75 110 34
75 119 32
75 134 203
75 140 28
75 150 22
75 168 3
75 173 163
75 178 259
75 187 194
75 224 121
75 226 298
75 248 29
75 261 314
75 280 189
75 287 13
75 300 213
75 301 250
75 315 298
75 323 263
75 325 109
75 332 178
75 333 70
75 334 23
75 339 60
75 372 142
75 400 92
76 89 191
76 93 152
76 94 209
76 102 121
76 105 48
76 106 293
76 117 118
76 123 248
76 126 139
76 134 149
76 139 258
76 148 295
76 152 98
76 166 4
76 183 99
76 189 35
76 197 291
76 213 150
76 234 309
76 243 213
76 246 284
76 247 47
76 256 221
76 259 45
76 270 146
76 275 241
76 291 161
76 296 232
76 334 7
76 347 289
76 358 110
76 375 210
76 378 118
76 381 39
77 105 232
77 133 54
77 139 150
77 148 60
77 159 216
77 163 175
77 172 163
77 180 132
77 185 221
77 196 202
77 207 136
77 214 161
77 216 132
77 238 283
77 251 98
77 264 186
77 265 206
77 267 314
77 289 1
77 328 294
77 330 301
77 377 273
77 382 72
78 95 228
78 103 272
78 109 229
78 119 94
78 157 137
78 169 237
78 191 236
78 192 136
78 194 319
78 206 19
78 210 64
78 225 131
78 228 48
78 250 221
78 253 159
78 255 40
78 261 227
78 263 162
78 268 20
78 269 199
78 279 17
78 283 105
78 286 97
78 297 308
78 299 255
78 303 218
78 323 212
78 346 106
78 357 271
78 359 272
78 371 49
78 399 120
79 90 55
79 116 309
79 148 61
79 173 115
79 185 202
79 195 94
79 198 149
79 210 24
79 215 318
79 221 312
79 223 93
79 229 83
79 230 20
79 239 188
79 246 300
79 264 26
79 268 115
79 277 93
79 292 313
79 298 161
79 308 252
79 319 112
79 320 207
79 322 20
79 332 30
79 339 243
79 371 67
79 377 198
79 385 256
79 386 288
79 395 244
79 398 90
79 399 69
80 88 288
80 118 106
80 133 70
80 147 174
80 165 260
80 169 284
80 186 310
80 188 288
80 191 220
80 199 52
80 214 252
80 215 133
80 224 22
80 229 18
80 263 202
80 268 167
80 271 113
80 273 233
80 315 140
80 328 315
80 336 240
80 337 160
80 338 74
80 340 18
80 343 189
80 363 154
80 375 225
80 382 161
80 387 100
80 394 289
80 397 137
81 86 20
81 99 207
81 126 167
81 129 284
81 149 139
81 152 131
81 154 241
81 185 57
81 197 296
81 201 214
81 213 137
81 229 215
81 230 250
81 239 130
81 250 233
81 270 100
81 276 243
81 278 36
81 280 36
81 299 289
81 319 90
81 344 173
81 357 86
81 367 68
81 379 180
81 393 10
82 89 291
82 114 131
82 143 77
82 146 142
82 176 67
82 187 156
82 196 45
82 205 125
82 213 237
82 216 174
82 228 1
82 230 87
82 238 71
82 245 124
82 258 88
82 279 46
82 286 226
82 288 99
82 294 136
82 298 163
82 301 319
82 308 231
82 312 89
82 319 114
82 327 283
82 330 43
82 341 237
82 347 143
82 354 103
82 374 92
82 376 9
82 378 302
82 394 2
82 396 292
83 98 126
83 122 147
83 154 217
83 158 312
83 163 293
83 180 26
83 193 139
83 209 270
83 220 66
83 249 262
83 256 14
83 257 111
83 263 127
83 272 49
83 280 188
83 302 144
83 317 138
83 328 299
83 330 154
83 364 111
83 379 127
83 380 214
83 382 248
83 388 11
84 93 267
84 135 315
84 140 287
84 141 203
84 143 1
84 145 158
84 153 101
84 156 164
84 172 190
84 190 207
84 216 197
84 234 225
84 254 230
84 257 119
84 261 140
84 266 169
84 267 75
84 272 148
84 274 82
84 320 259
84 325 132
84 327 240
84 345 23
84 365 163
84 367 32
84 370 264
84 376 25
84 380 310
84 394 143
84 399 272
85 89 197
85 90 27
85 108 108
85 111 66
85 136 82
85 151 171
85 178 182
85 182 34
85 183 287
85 202 16
85 220 42
85 231 122
85 242 164
85 253 50
85 266 40
85 281 161
85 288 130
85 309 141
85 315 8
85 318 305
85 320 180
85 353 2
85 357 127
85 358 10
85 365 100
85 384 320
85 392 189
85 398 153
86 88 269
86 93 82
86 94 152
86 138 86
86 143 107
86 160 67
86 180 26
86 183 208
86 201 156
86 210 59
86 216 225
86 236 258
86 247 214
86 248 231
86 251 63
86 258 33
86 263 308
86 283 212
86 305 204
86 336 98
86 363 238
86 366 256
86 375 213
86 382 57
86 389 2
87 98 195
87 118 130
87 133 302
87 136 209
87 142 107
87 160 272
87 161 243
87 162 38
87 171 92
87 179 23
87 193 16
87 207 37
87 213 246
87 214 241
87 223 72
87 237 101
87 254 207
87 264 45
87 267 122
87 273 311
87 274 203
87 275 24
87 276 261
87 284 23
87 287 92
87 305 116
87 312 147
87 321 234
87 331 34
87 333 171
87 335 17
87 343 53
87 355 237
87 364 94
87 373 305
87 381 196
88 93 76
88 96 284
88 100 27
88 118 293
88 139 285
88 140 127
88 143 147
88 144 209
88 156 76
88 173 138
88 195 315
88 219 109
88 227 28
88 232 34
88 249 80
88 271 39
88 278 235
88 297 138
88 298 86
88 299 73
88 305 63
88 313 252
88 316 234
88 320 276
88 326 39
88 331 219
88 334 36
88 347 316
88 348 189
88 358 37
88 367 211
88 368 306
88 387 270
88 391 46
89 96 186
89 97 259
89 101 219
89 121 199
89 136 182
89 144 273
89 170 187
89 193 185
89 225 160
89 226 66
89 237 143
89 246 69
89 249 275
89 265 211
89 297 199
89 311 68
89 314 49
89 318 32
89 325 58
89 327 223
89 328 105
89 329 287
89 341 225
89 345 158
89 354 240
89 362 89
89 375 142
89 377 182
89 380 299
90 109 227
90 145 6
90 192 84
90 197 260
90 202 224
90 213 49
90 244 166
90 247 59
90 248 44
90 254 137
90 262 123
90 265 284
90 280 116
90 297 3
90 340 80
90 343 82
90 344 87
90 362 206
90 364 140
90 366 49
90 377 90
90 382 26
90 387 221
90 390 231
90 392 302
91 96 39
91 106 320
91 127 285
91 139 88
91 156 108
91 167 274
91 168 213
91 169 43
91 178 219
91 179 97
91 200 246
91 203 284
91 204 79
91 211 291
91 212 262
91 222 31
91 236 92
91 266 259
91 268 66
91 283 123
91 286 262
91 298 289
91 305 199
91 322 161
91 325 315
91 339 128
91 340 237
91 350 73
91 352 90
91 354 220
91 375 232
91 392 15
91 398 67
91 399 234
92 99 202
92 105 150
92 109 48
92 110 184
92 123 237
92 157 76
92 158 57
92 166 205
92 176 239
92 185 306
92 187 213
92 189 57
92 210 204
92 212 222
92 220 217
92 222 86
92 225 90
92 232 156
92 233 261
92 243 165
92 247 154
92 264 120
92 265 177
92 268 7
92 277 154
92 283 9
92 287 177
92 290 217
92 294 284
92 312 236
92 316 164
92 322 65
92 333 11
92 335 183
92 339 110
92 357 86
92 360 198
92 370 304
92 372 203
92 376 139
92 378 86
92 381 220
92 386 259
92 389 6
92 393 208
92 395 87
92 400 143
93 102 248
93 103 258
93 113 48
93 121 206
93 127 273
93 133 195
93 135 189
93 144 72
93 145 79
93 148 280
93 153 23
93 161 140
93 168 39
93 173 36
93 185 50
93 190 34
93 193 291
93 198 313
93 223 36
93 229 174
93 231 23
93 237 277
93 247 194
93 254 262
93 275 76
93 276 155
93 277 157
93 278 215
93 292 317
93 317 85
93 321 93
93 332 255
93 345 273
93 351 127
93 370 161
93 373 44
93 375 30
93 391 182
94 95 150
94 109 150
94 115 256
94 138 314
94 140 167
94 181 47
94 195 250
94 201 153
94 218 149
94 230 190
94 231 120
94 248 292
94 254 117
94 265 16
94 269 83
94 276 274
94 306 298
94 314 301
94 320 130
94 323 80
94 324 87
94 342 170
94 353 40
94 359 37
94 361 105
95 100 171
95 102 156
95 116 259
95 118 287
95 124 66
95 133 43
95 134 53
95 135 270
95 153 225
95 155 158
95 163 319
95 186 241
95 192 196
95 195 35
95 208 239
95 216 38
95 224 240
95 230 313
95 231 259
95 268 40
95 276 143
95 285 221
95 286 120
95 292 81
95 310 59
95 316 232
95 332 193
95 335 105
95 358 252
95 369 73
95 377 111
95 378 219
95 379 21
95 397 155
96 101 183
96 104 1
96 113 293
96 131 25
96 136 210
96 140 138
96 152 130
96 156 50
96 157 241
96 163 233
96 166 239
96 172 296
96 218 63
96 219 238
96 240 134
96 247 289
96 258 193
96 264 111
96 280 229
96 289 263
96 295 229
96 297 311
96 306 29
96 309 296
96 332 108
96 350 314
96 355 277
96 362 230
96 367 82
96 372 212
96 378 260
97 106 95
97 115 246
97 122 136
97 134 283
97 138 281
97 169 313
97 202 253
97 224 212
97 225 154
97 238 40
97 244 12
97 245 4
97 250 190
97 252 16
97 259 190
97 288 21
97 318 116
97 347 118
97 351 202
97 359 276
97 366 48
97 378 167
97 380 157
97 392 207
97 395 239
98 109 312
98 132 266
98 136 182
98 143 187
98 164 232
98 182 255
98 187 49
98 195 169
98 220 94
98 233 263
98 234 179
98 245 33
98 252 124
98 261 92
98 265 279
98 271 14
98 309 41
98 316 87
98 319 137
98 334 12
98 336 25
98 340 128
98 373 139
98 378 189
98 388 242
98 390 153
99 112 312
99 113 58
99 122 99
99 126 298
99 135 305
99 136 136
99 141 120
99 161 223
99 170 40
99 171 118
99 191 272
99 206 131
99 227 47
99 229 137
99 239 55
99 253 162
99 268 157
99 277 241
99 282 302
99 285 294
99 315 20
99 327 141
99 339 282
99 342 29
99 349 275
99 359 310
99 363 197
99 377 272
99 384 225
99 392 35
100 124 3
100 128 125
100 133 20
100 142 272
100 149 104
100 165 239
100 166 299
100 180 283
100 196 249
100 209 261
100 211 143
100 213 41
100 222 162
100 235 179
100 236 129
100 258 8
100 262 9
100 265 273
100 284 228
100 303 134
100 328 130
100 330 30
100 343 210
100 345 167
100 348 62
100 350 197
100 359 212
100 387 71
100 392 217
100 393 92
101 102 293
101 123 63
101 135 7
101 144 318
101 155 112
101 168 7
101 176 139
101 180 288
101 192 52
101 195 80
101 199 86
101 203 139
101 205 262
101 210 64
101 213 270
101 219 201
101 234 261
101 235 49
101 241 222
101 242 24
101 257 156
101 258 146
101 264 16
101 266 129
101 278 298
101 285 67
101 297 223
101 307 159
101 316 130
101 322 239
101 338 49
101 343 227
101 344 244
101 360 108
101 368 127
101 380 292
101 382 4
101 389 155
102 117 171
102 133 204
102 164 58
102 166 36
102 181 158
102 192 80
102 208 128
102 217 120
102 225 191
102 227 69
102 244 59
102 255 10
102 270 215
102 276 104
102 278 118
102 300 152
102 307 3
102 320 308
102 323 278
102 330 181
102 338 214
102 347 155
102 348 262
102 368 6
102 369 172
102 374 249
102 397 259
103 109 280
103 113 141
103 121 135
103 122 193
103 125 142
103 126 197
103 129 252
103 131 82
103 139 201
103 142 7
103 148 106
103 160 83
103 171 54
103 184 149
103 194 15
103 207 59
103 219 97
103 223 90
103 249 3
103 254 87
103 272 240
103 274 89
103 283 232
103 285 21
103 289 91
103 290 169
103 301 41
103 302 65
103 315 147
103 327 219
103 331 306
103 333 250
103 342 276
103 346 62
103 347 291
103 351 301
103 357 104
103 374 47
103 381 217
103 386 35
104 115 129
104 136 243
104 138 139
104 151 65
104 157 221
104 169 134
104 175 271
104 176 285
104 181 73
104 185 139
104 189 239
104 194 204
104 196 308
104 202 138
104 207 244
104 221 34
104 227 190
104 230 291
104 234 156
104 236 25
104 238 57
104 246 52
104 287 262
104 289 300
104 297 239
104 299 24
104 314 121
104 318 182
104 322 244
104 345 225
104 355 224
104 370 15
104 373 38
104 374 165
104 376 123
105 124 133
105 127 116
105 128 252
105 130 140
105 137 150
105 143 43
105 149 268
105 152 75
105 164 287
105 169 176
105 171 270
105 179 232
105 189 142
105 199 99
105 209 253
105 213 286
105 215 269
105 221 222
105 224 45
105 227 269
105 236 303
105 254 56
105 255 74
105 256 108
105 260 272
105 269 298
105 282 87
105 285 207
105 295 225
105 296 35
105 313 171
105 327 281
105 329 109
105 335 140
105 344 82
105 345 223
105 346 189
105 351 207
105 357 109
105 358 189
105 366 100
105 376 57
105 383 298
105 388 60
105 400 45
106 107 125
106 113 301
106 118 266
106 122 287
106 127 217
106 146 81
106 190 159
106 195 152
106 196 149
106 210 164
106 214 309
106 220 114
106 221 82
106 248 313
106 261 202
106 264 314
106 266 67
106 288 244
106 323 9
106 333 178
106 374 89
107 123 111
107 128 195
107 131 279
107 141 61
107 144 175
107 148 23
107 150 239
107 157 202
107 160 240
107 189 11
107 191 143
107 193 279
107 194 49
107 198 161
107 203 55
107 214 26
107 231 225
107 245 260
107 259 14
107 265 238
107 295 93
107 304 233
107 308 164
107 309 299
107 321 117
107 335 237
107 336 26
107 338 204
107 348 165
107 355 176
107 356 83
107 364 183
107 371 299
107 376 250
107 378 262
107 396 91
107 400 287
108 120 210
108 122 195
108 131 39
108 151 256
108 158 239
108 160 143
108 201 3
108 207 91
108 214 181
108 220 60
108 222 113
108 228 260
108 232 299
108 234 310
108 248 262
108 260 113
108 268 270
108 272 285
108 274 192
108 281 242
108 283 239
108 287 43
108 307 158
108 339 76
108 344 67
108 348 86
108 359 141
108 374 121
108 388 158
109 114 184
109 129 108
109 144 35
109 158 68
109 159 225
109 164 218
109 192 168
109 197 40
109 210 103
109 214 141
109 223 97
109 250 61
109 286 4
109 325 144
109 331 102
109 334 150
109 348 308
109 350 272
109 354 115
109 370 23
109 380 116
109 395 42
110 121 45
110 124 127
110 129 189
110 139 150
110 189 60
110 190 61
110 207 83
110 210 286
110 216 237
110 224 239
110 228 33
110 240 31
110 250 316
110 251 69
110 256 105
110 291 226
110 292 151
110 300 22
110 334 9
110 338 124
110 339 56
110 346 11
110 350 190
110 365 289
110 367 119
110 369 68
110 386 47
111 128 20
111 144 249
111 148 182
111 157 19
111 164 289
111 183 101
111 208 54
111 210 62
111 211 222
111 216 187
111 231 196
111 266 110
111 276 319
111 325 167
111 376 35
112 118 272
112 127 90
112 134 68
112 136 286
112 167 207
112 196 262
112 202 58
112 208 11
112 209 88
112 222 199
112 238 173
112 246 41
112 252 165
112 254 45
112 263 12
112 277 173
112 284 33
112 295 153
112 298 69
112 300 215
112 318 258
112 352 197
112 362 185
112 371 255
112 380 137
112 390 181
112 394 88
112 396 113
112 400 197
113 117 57
113 129 225
113 164 124
113 174 187
113 183 180
113 190 33
113 198 259
113 213 149
113 220 64
113 222 144
113 230 143
113 236 63
113 249 79
113 260 49
113 262 20
113 270 26
113 284 292
113 292 42
113 301 66
113 310 62
113 313 228
113 326 20
113 345 24
113 352 170
113 357 314
113 369 73
113 386 32
113 398 317
114 115 286
114 135 194
114 142 255
114 144 57
114 145 134
114 157 79
114 175 284
114 176 154
114 181 78
114 183 283
114 199 286
114 218 28
114 254 305
114 260 116
114 269 257
114 286 180
114 319 234
114 324 70
114 331 266
114 333 277
114 336 307
114 345 299
114 355 72
114 356 164
114 361 135
114 371 211
114 395 242
115 132 64
115 134 290
115 135 306
115 141 33
115 144 289
115 152 280
115 163 196
115 178 3
115 187 84
115 188 228
115 208 255
115 211 170
115 240 137
115 242 159
115 243 159
115 245 19
115 256 101
115 278 168
115 282 14
115 285 125
115 311 301
115 352 181
115 354 109
115 356 287
115 362 280
115 363 281
115 378 282
115 385 91
115 394 93
116 118 289
116 127 69
116 138 205
116 140 27
116 144 89
116 152 191
116 160 64
116 170 208
116 182 114
116 189 155
116 195 114
116 200 19
116 205 276
116 210 235
116 218 134
116 226 95
116 234 75
116 238 259
116 244 176
116 289 205
116 294 314
116 295 217
116 316 220
116 322 279
116 326 154
116 327 107
116 328 45
116 333 184
116 337 13
116 354 97
116 369 213
116 372 244
116 379 81
116 380 280
116 388 11
116 398 116
117 121 170
117 125 94
117 127 159
117 169 315
117 196 273
117 198 187
117 203 76
117 209 297
117 227 252
117 245 40
117 249 85
117 260 128
117 267 222
117 268 135
117 286 149
117 290 227
117 291 278
117 302 135
117 305 35
117 319 314
117 347 25
117 372 102
117 385 273
117 388 125
117 389 301
117 396 134
118 127 242
118 131 179
118 136 161
118 151 157
118 152 30
118 166 298
118 171 102
118 187 99
118 196 218
118 197 309
118 201 49
118 232 56
118 233 36
118 237 133
118 240 157
118 242 213
118 248 303
118 264 259
118 274 28
118 275 3
118 286 119
118 298 320
118 303 279
118 324 35
118 327 78
118 336 2
118 353 302
119 143 320
119 144 145
119 162 101
119 180 104
119 188 163
119 214 186
119 234 138
119 241 34
119 269 314
119 277 244
119 282 262
119 285 293
119 296 238
119 312 215
119 316 204
119 323 37
119 347 280
119 357 316
119 361 149
119 370 145
119 377 171
120 131 258
120 135 239
120 138 289
120 144 219
120 155 82
120 156 107
120 160 281
120 178 177
120 194 310
120 195 31
120 233 279
120 247 137
120 249 139
120 255 159
120 263 86
120 268 144
120 281 74
120 286 316
120 296 125
120 300 159
120 312 305
120 313 12
120 320 238
120 321 206
120 322 112
120 326 269
120 340 7
120 354 5
120 377 251
120 386 218
120 387 211
120 391 247
121 132 27
121 135 90
121 142 61
121 145 6
121 146 224
121 154 120
121 169 162
121 184 222
121 191 294
121 212 262
121 236 302
121 239 270
121 247 228
121 249 247
121 291 230
121 293 145
121 294 55
121 296 219
121 310 57
121 321 318
121 327 239
121 338 8
121 339 235
121 340 320
121 344 247
121 365 8
121 370 290
121 384 121
121 397 199
122 133 105
122 139 192
122 141 16
122 175 161
122 179 296
122 182 190
122 187 106
122 197 22
122 211 12
122 216 319
122 232 151
122 233 47
122 237 191
122 242 268
122 243 21
122 271 288
122 276 86
122 286 6
122 288 171
122 304 243
122 314 242
122 318 149
122 319 2
122 340 183
122 350 235
122 357 6
122 360 129
122 364 40
122 377 170
122 383 61
122 392 286
123 125 251
123 139 307
123 140 154
123 143 196
123 160 110
123 169 34
123 174 134
123 175 159
123 179 44
123 181 210
123 192 239
123 193 218
123 208 81
123 209 90
123 210 230
123 216 192
123 231 99
123 257 302
123 271 81
123 302 283
123 303 310
123 313 304
123 328 285
123 338 291
123 348 114
123 381 276
123 385 76
124 137 88
124 144 310
124 151 176
124 152 320
124 156 50
124 159 303
124 160 170
124 187 186
124 199 105
124 209 306
124 223 317
124 233 17
124 254 101
124 283 203
124 285 319
124 294 267
124 297 121
124 303 212
124 319 198
124 324 121
124 332 192
124 349 232
124 356 238
124 358 13
124 371 232
124 386 186
125 131 317
125 136 165
125 150 244
125 157 200
125 171 105
125 172 173
125 183 133
125 187 248
125 189 6
125 194 165
125 230 151
125 270 223
125 276 99
125 296 65
125 297 270
125 310 194
125 318 271
125 329 188
125 341 257
125 368 37
125 374 248
125 386 242
126 130 217
126 134 198
126 138 295
126 140 269
126 143 113
126 149 118
126 163 146
126 167 197
126 171 263
126 184 273
126 186 99
126 190 133
126 193 77
126 198 46
126 215 119
126 218 289
126 224 76
126 233 205
126 236 166
126 245 211
126 275 105
126 290 267
126 315 158
126 323 159
126 348 184
126 361 36
126 381 17
126 396 60
127 149 212
127 161 34
127 167 152
127 181 176
127 189 100
127 201 1
127 214 26
127 215 44
127 220 256
127 228 254
127 230 297
127 245 23
127 285 165
127 299 225
127 304 219
127 313 263
127 314 183
127 315 125
127 317 19
127 322 54
127 358 170
127 377 55
127 384 126
127 395 303
127 396 162
128 131 25
128 143 148
128 145 18
128 176 286
128 191 223
128 193 210
128 204 263
128 206 90
128 223 180
128 228 57
128 229 250
128 255 26
128 257 85
128 259 244
128 262 300
128 281 288
128 290 265
128 291 69
128 301 22
128 306 37
128 307 188
128 314 80
128 318 161
128 320 70
128 322 136
128 330 94
128 332 159
128 333 53
128 344 77
128 350 206
128 351 32
128 355 79
128 371 222
128 373 135
129 133 23
129 137 134
129 138 150
129 152 201
129 153 188
129 174 94
129 184 261
129 204 314
129 220 103
129 221 28
129 240 29
129 258 152
129 261 250
129 264 241
129 265 175
129 277 65
129 280 10
129 293 149
129 303 228
129 324 199
129 337 239
129 342 53
129 345 161
129 351 247
129 355 14
129 383 282
129 393 315
130 142 167
130 143 99
130 144 283
130 160 72
130 170 317
130 181 131
130 186 299
130 188 93
130 198 291
130 201 94
130 228 126
130 231 219
130 240 78
130 245 279
130 257 94
130 267 67
130 293 259
130 295 276
130 301 110
130 321 178
130 328 50
130 357 89
130 364 276
130 365 117
130 370 129
130 373 23
130 382 87
131 134 16
131 136 165
131 138 100
131 144 196
131 147 120
131 154 105
131 155 50
131 158 11
131 173 65
131 183 46
131 190 120
131 193 216
131 198 258
131 210 36
131 213 164
131 216 59
131 227 36
131 228 236
131 245 298
131 261 41
131 280 29
131 284 88
131 318 213
131 329 15
131 352 59
131 358 128
131 391 269
131 393 260
132 142 228
132 153 62
132 156 23
132 161 172
132 188 144
132 203 233
132 219 232
132 228 198
132 237 131
132 243 206
132 248 45
132 270 68
132 282 152
132 305 203
132 314 215
132 316 49
132 317 94
132 331 294
132 334 5
132 342 94
132 366 102
132 386 211
133 139 148
133 175 193
133 176 209
133 177 67
133 184 186
133 185 224
133 194 71
133 200 264
133 206 77
133 208 131
133 209 23
133 223 175
133 225 275
133 229 285
133 240 73
133 242 183
133 253 120
133 296 267
133 299 207
133 304 172
133 310 64
133 318 207
133 322 8
133 325 228
133 326 33
133 333 206
133 345 197
133 362 16
133 370 288
133 374 142
133 377 37
133 378 67
133 387 216
133 389 90
134 138 147
134 142 137
134 143 278
134 164 127
134 173 149
134 217 285
134 231 84
134 249 266
134 269 150
134 274 33
134 277 256
134 281 67
134 285 86
134 286 191
134 295 253
134 306 277
134 308 318
134 312 91
134 313 248
134 326 36
134 343 264
134 361 148
134 365 81
134 368 29
134 380 103
134 382 230
134 392 94
135 138 158
135 145 285
135 154 238
135 174 103
135 182 202
135 216 110
135 229 306
135 232 66
135 241 94
135 246 211
135 253 46
135 267 157
135 269 279
135 270 14
135 287 158
135 289 120
135 293 280
135 299 284
135 319 270
135 329 123
135 331 101
135 358 288
135 359 2
135 367 95
135 374 91
135 386 194
135 400 140
136 144 217
136 151 283
136 159 189
136 173 319
136 206 288
136 210 134
136 214 317
136 232 116
136 241 122
136 272 295
136 279 214
136 292 271
136 293 181
136 295 21
136 298 263
136 310 82
136 313 184
136 323 59
136 325 272
136 345 137
136 346 129
136 365 192
136 366 161
136 368 148
136 376 94
136 382 226
136 393 24
136 395 129
136 399 86
137 142 215
137 171 219
137 175 140
137 180 234
137 187 196
137 188 203
137 237 98
137 242 141
137 264 217
137 285 278
137 288 60
137 291 137
137 306 159
137 310 65
137 311 160
137 321 245
137 342 92
137 356 160
137 365 104
137 386 311
137 394 21
138 139 292
138 142 316
138 180 128
138 182 95
138 195 313
138 197 74
138 203 204
138 206 274
138 225 118
138 244 183
138 252 147
138 262 60
138 285 282
138 310 214
138 331 156
138 343 48
138 363 267
138 379 26
138 383 312
138 384 166
138 385 223
138 399 190
139 152 317
139 168 192
139 170 309
139 171 314
139 173 25
139 184 171
139 187 186
139 190 19
139 198 154
139 205 41
139 237 38
139 245 132
139 248 291
139 252 126
139 253 94
139 261 52
139 277 257
139 287 130
139 295 254
139 302 290
139 325 156
139 329 44
139 334 22
139 341 9
139 348 34
139 349 35
139 358 257
139 363 111
139 365 284
139 367 220
139 381 312
139 390 117
139 395 263
140 142 130
140 152 86
140 154 107
140 158 206
140 162 133
140 169 236
140 183 260
140 186 158
140 188 11
140 191 96
140 228 99
140 239 243
140 250 93
140 252 65
140 259 97
140 264 59
140 273 76
140 276 45
140 283 118
140 288 296
140 293 5
140 294 27
140 310 147
140 336 241
140 370 290
140 384 59
140 389 110
140 392 308
141 151 244
141 190 62
141 192 277
141 203 208
141 206 56
141 236 139
141 237 209
141 245 62
141 248 30
141 256 111
141 269 214
141 297 19
141 298 62
141 299 206
141 319 129
141 323 264
141 326 50
141 331 254
141 336 272
141 338 196
141 343 143
141 355 318
141 364 289
141 374 274
141 382 289
141 394 36
141 397 117
142 146 120
142 164 161
142 165 253
142 216 196
142 226 209
142 232 308
142 239 36
142 250 155
142 251 18
142 266 285
142 270 243
142 287 248
142 301 261
142 307 229
142 315 91
142 342 296
142 351 166
142 352 256
142 353 161
142 386 125
143 148 175
143 149 160
143 154 315
143 164 112
143 165 239
143 166 285
143 170 54
143 173 70
143 175 289
143 186 155
143 204 211
143 214 104
143 227 265
143 231 264
143 232 45
143 243 316
143 255 74
143 258 312
143 262 91
143 269 243
143 288 90
143 298 51
143 303 248
143 329 186
143 345 317
143 355 280
143 382 84
143 390 19
144 155 104
144 158 49
144 190 197
144 192 312
144 199 290
144 202 205
144 209 48
144 214 227
144 234 123
144 236 93
144 252 3
144 256 139
144 266 71
144 281 256
144 283 209
144 285 168
144 286 147
144 289 113
144 293 217
144 315 281
144 316 202
144 319 20
144 323 216
144 341 39
144 343 10
144 361 163
144 372 118
144 378 72
145 150 14
145 151 7
145 160 154
145 171 248
145 201 30
145 215 209
145 216 58
145 242 308
145 253 259
145 258 170
145 266 76
145 272 110
145 276 210
145 285 111
145 289 81
145 295 224
145 298 220
145 306 153
145 314 267
145 331 110
145 334 155
145 354 224
145 360 100
145 370 79
145 375 224
146 187 63
146 190 108
146 197 242
146 214 47
146 218 252
146 225 226
146 229 156
146 235 127
146 243 167
146 269 318
146 276 238
146 293 317
146 296 309
146 299 100
146 329 115
146 345 38
146 348 26
146 385 231
147 160 20
147 161 19
147 172 212
147 191 70
147 193 96
147 194 201
147 202 226
147 203 165
147 208 27
147 212 158
147 216 290
147 223 77
147 228 121
147 230 18
147 245 177
147 272 128
147 292 298
147 306 105
147 314 141
147 322 176
147 323 279
147 332 315
147 339 220
147 357 142
147 359 302
147 366 221
147 369 30
147 377 265
147 383 29
147 394 181
148 202 29
148 207 289
148 215 301
148 216 117
148 225 47
148 233 197
148 242 286
148 246 255
148 248 161
148 256 137
148 272 11
148 279 105
148 297 274
148 306 289
148 317 145
148 319 318
148 321 260
148 323 95
148 330 65
148 336 139
148 340 150
148 344 67
148 357 189
148 358 111
148 381 112
148 391 184
149 156 194
149 159 190
149 170 251
149 190 254
149 201 61
149 204 8
149 234 258
149 240 77
149 244 29
149 249 129
149 254 56
149 263 135
149 267 10
149 273 308
149 275 215
149 292 197
149 294 108
149 296 220
149 300 299
149 302 7
149 308 22
149 318 108
149 324 137
149 333 19
149 338 264
149 366 18
149 371 98
149 377 226
149 387 172
149 392 195
150 151 124
150 154 232
150 173 316
150 180 93
150 196 144
150 203 250
150 222 261
150 235 316
150 257 122
150 258 37
150 273 220
150 291 215
150 310 33
150 327 146
150 337 123
150 376 154
150 383 230
150 388 13
151 153 76
151 155 165
151 157 105
151 165 291
151 175 100
151 177 291
151 180 244
151 187 208
151 189 20
151 193 69
151 220 136
151 227 214
151 262 34
151 276 39
151 287 255
151 292 105
151 306 191
151 314 46
151 322 310
151 345 204
151 353 5
151 361 69
151 363 243
151 366 231
151 369 82
151 377 88
151 379 129
151 380 115
152 158 1
152 163 320
152 168 192
152 177 225
152 188 186
152 192 59
152 198 229
152 202 138
152 206 37
152 250 295
152 254 105
152 258 176
152 267 89
152 268 23
152 271 145
152 281 152
152 287 217
152 290 214
152 309 125
152 313 213
152 315 155
152 320 277
152 321 295
152 322 177
152 330 216
152 334 16
152 336 274
152 344 184
152 352 192
152 362 109
152 375 85
152 382 17
152 396 274
153 157 159
153 186 195
153 191 155
153 199 287
153 200 115
153 201 263
153 203 247
153 207 218
153 218 74
153 226 117
153 228 73
153 231 296
153 240 1
153 265 101
153 274 169
153 275 224
153 304 123
153 322 320
153 330 31
153 332 316
153 341 163
153 350 155
153 354 36
153 360 270
153 392 159
153 394 191
153 395 45
153 398 165
153 400 110
154 160 207
154 164 270
154 167 255
154 206 306
154 212 295
154 217 276
154 231 159
154 249 277
154 254 107
154 257 92
154 272 44
154 290 223
154 295 300
154 299 226
154 311 118
154 312 198
154 321 172
154 323 98
154 324 142
154 330 71
154 348 297
154 364 74
154 376 201
155 163 68
155 175 261
155 180 20
155 197 128
155 224 66
155 232 38
155 237 214
155 246 125
155 255 218
155 279 302
155 285 158
155 300 33
155 321 318
155 332 304
155 351 240
155 353 210
155 364 7
155 366 306
155 371 103
155 373 111
155 387 236
156 165 262
156 195 130
156 223 38
156 228 210
156 229 47
156 232 237
156 233 192
156 250 119
156 253 143
156 254 146
156 265 282
156 277 110
156 286 41
156 292 25
156 301 201
156 310 42
156 311 198
156 317 118
156 327 71
156 364 188
156 393 44
157 170 216
157 178 207
157 186 27
157 191 290
157 193 149
157 200 271
157 217 262
157 240 91
157 242 252
157 254 107
157 255 251
157 258 257
157 274 105
157 276 24
157 277 67
157 280 180
157 286 166
157 287 294
157 294 4
157 295 293
157 300 227
157 322 164
157 327 135
157 348 298
157 351 69
157 353 286
157 357 171
157 377 88
157 379 221
157 386 213
157 387 152
158 182 314
158 198 238
158 204 151
158 212 210
158 213 67
158 215 33
158 234 157
158 240 35
158 243 148
158 262 302
158 284 165
158 298 35
158 309 21
158 327 26
158 358 157
158 385 65
158 388 78
158 390 140
158 391 261
159 188 319
159 200 4
159 205 263
159 216 97
159 225 170
159 244 167
159 254 250
159 276 185
159 279 146
159 283 79
159 295 166
159 300 315
159 322 290
159 324 251
159 327 71
159 339 271
159 340 200
159 349 287
159 366 134
159 367 261
159 379 252
159 393 49
160 190 190
160 197 238
160 203 294
160 204 131
160 210 250
160 218 88
160 244 150
160 252 318
160 272 224
160 295 169
160 302 49
160 310 6
160 313 17
160 332 200
160 338 151
160 339 275
160 348 45
160 359 83
160 373 298
160 374 171
160 375 131
160 376 69
160 384 307
160 397 218
161 181 78
161 184 154
161 187 6
161 188 63
161 199 239
161 215 288
161 237 3
161 238 66
161 253 60
161 279 7
161 283 83
161 288 35
161 294 173
161 295 80
161 298 284
161 300 124
161 323 50
161 333 278
161 339 86
161 357 13
161 369 140
162 171 189
162 176 109
162 177 253
162 180 26
162 181 268
162 204 162
162 219 298
162 229 269
162 232 251
162 242 77
162 257 89
162 258 311
162 267 89
162 276 90
162 287 171
162 289 188
162 300 286
162 320 159
162 322 121
162 326 164
162 334 194
162 337 286
162 361 91
162 381 186
162 385 70
162 399 244
163 173 100
163 194 125
163 195 125
163 201 50
163 202 92
163 210 82
163 211 136
163 213 123
163 216 4
163 240 183
163 243 36
163 249 272
163 256 76
163 263 35
163 269 268
163 271 60
163 282 238
163 304 247
163 314 210
163 324 89
163 332 256
163 335 57
163 337 16
163 342 138
163 348 248
163 364 149
163 365 241
163 390 299
163 395 241
164 169 319
164 186 317
164 207 133
164 214 101
164 216 207
164 229 201
164 244 79
164 255 6
164 269 231
164 292 131
164 304 1
164 320 296
164 325 103
164 329 152
164 343 100
164 344 213
164 356 213
164 377 289
164 388 229
164 400 152
165 176 105
165 180 27
165 212 142
165 214 245
165 244 149
165 245 263
165 280 82
165 288 264
165 293 51
165 298 64
165 300 141
165 308 285
165 309 122
165 311 166
165 313 77
165 319 150
165 327 252
165 329 208
165 330 165
165 341 66
165 344 283
165 361 304
165 372 16
165 373 85
165 380 111
165 381 123
165 382 214
165 391 247
165 395 263
166 185 23
166 208 24
166 218 84
166 228 86
166 242 124
166 247 306
166 255 229
166 257 82
166 274 174
166 279 254
166 281 40
166 301 240
166 303 241
166 319 48
166 334 313
166 339 53
166 355 17
166 366 298
166 373 280
166 374 80
166 377 4
166 383 306
166 386 121
166 393 82
166 394 117
166 396 152
167 171 47
167 200 257
167 201 253
167 213 285
167 216 79
167 237 29
167 253 158
167 268 106
167 271 180
167 274 250
167 276 296
167 280 69
167 281 91
167 293 311
167 294 280
167 325 302
167 330 73
167 331 151
167 334 189
167 365 27
167 371 167
167 385 194
167 388 296
167 390 220
168 188 116
168 189 183
168 197 157
168 200 178
168 217 155
168 220 302
168 221 249
168 222 285
168 250 247
168 262 248
168 263 190
168 274 275
168 276 98
168 281 254
168 295 150
168 318 123
168 319 5
168 321 36
168 323 303
168 324 174
168 337 104
168 342 164
168 346 273
168 349 132
168 351 7
168 365 199
168 376 79
168 397 152
169 177 43
169 180 241
169 191 79
169 199 89
169 207 31
169 212 56
169 224 71
169 240 4
169 251 292
169 268 101
169 269 114
169 273 95
169 277 27
169 281 304
169 286 127
169 295 304
169 299 35
169 305 226
169 319 173
169 322 156
169 356 32
169 358 110
169 367 198
169 370 132
169 371 5
169 384 213
169 390 14
170 173 183
170 193 73
170 194 229
170 208 134
170 226 219
170 228 126
170 230 260
170 238 174
170 242 3
170 244 272
170 245 223
170 276 208
170 283 302
170 287 50
170 288 84
170 301 154
170 307 289
170 315 277
170 321 149
170 325 39
170 333 147
170 358 21
170 363 201
170 383 30
170 384 109
170 385 133
170 386 133
170 394 166
171 174 258
171 192 39
171 198 188
171 201 37
171 225 147
171 231 260
171 239 226
171 246 79
171 264 180
171 266 304
171 269 241
171 271 317
171 283 11
171 284 151
171 296 250
171 299 82
171 301 177
171 309 234
171 321 79
171 346 135
171 358 209
171 359 305
171 362 168
171 371 24
171 378 175
171 379 251
171 386 220
171 393 11
171 400 305
172 183 162
172 186 292
172 199 59
172 210 77
172 212 102
172 230 265
172 245 132
172 246 61
172 262 205
172 270 142
172 272 247
172 274 274
172 283 12
172 296 24
172 320 283
172 326 58
172 329 107
172 339 263
172 343 52
172 347 320
172 360 20
172 366 137
172 372 273
172 380 108
172 385 109
172 398 194
173 176 93
173 205 147
173 209 276
173 217 214
173 222 286
173 243 139
173 253 283
173 268 318
173 269 287
173 270 212
173 292 274
173 295 272
173 296 167
173 319 175
173 333 43
173 339 37
173 340 219
173 349 277
173 350 187
173 352 274
173 364 241
173 392 186
174 197 147
174 200 270
174 209 160
174 259 276
174 293 226
174 309 165
174 313 287
174 319 66
174 349 236
174 362 12
174 367 63
174 385 50
174 391 275
174 397 76
174 400 295
175 180 153
175 183 118
175 188 234
175 194 273
175 199 291
175 207 148
175 233 157
175 236 125
175 243 147
175 261 217
175 268 2
175 274 58
175 287 76
175 300 48
175 318 240
175 334 195
175 343 300
175 346 138
175 349 43
175 370 250
175 373 210
175 380 237
175 391 307
176 183 89
176 195 4
176 197 98
176 209 99
176 236 95
176 237 150
176 262 234
176 267 289
176 271 242
176 298 148
176 299 148
176 310 185
176 313 139
176 317 167
176 321 47
176 329 16
176 330 219
176 344 29
176 365 293
176 370 139
176 371 129
176 372 182
176 392 47
176 393 93
177 183 257
177 185 9
177 230 242
177 234 146
177 238 42
177 245 5
177 246 134
177 262 142
177 278 272
177 284 64
177 286 278
177 287 15
177 291 100
177 305 284
177 320 179
177 325 102
177 326 119
177 331 130
177 343 143
177 364 229
177 375 292
177 394 66
178 181 275
178 189 249
178 199 37
178 204 300
178 236 269
178 262 75
178 266 29
178 272 32
178 277 102
178 291 103
178 299 301
178 304 64
178 314 95
178 320 40
178 334 209
178 347 10
178 356 24
178 367 205
178 369 7
178 370 100
178 382 177
179 191 129
179 193 223
179 195 133
179 207 148
179 227 122
179 230 318
179 241 286
179 243 47
179 253 208
179 266 257
179 273 319
179 282 116
179 289 4
179 290 236
179 293 133
179 303 105
179 307 159
179 309 79
179 312 47
179 322 266
179 324 139
179 344 273
179 357 96
179 398 238
180 186 120
180 195 151
180 200 60
180 206 75
180 214 251
180 223 266
180 260 277
180 269 19
180 277 133
180 283 103
180 307 94
180 309 225
180 388 171
180 390 237
181 190 78
181 192 279
181 229 256
181 236 110
181 237 26
181 245 135
181 260 266
181 277 295
181 279 60
181 280 249
181 281 113
181 290 293
181 292 115
181 296 266
181 299 294
181 307 281
181 311 233
181 313 3
181 337 307
181 354 88
181 357 96
181 370 320
181 374 319
181 395 307
182 197 55
182 218 269
182 224 188
182 228 293
182 229 208
182 257 55
182 273 118
182 287 256
182 303 195
182 304 243
182 307 283
182 309 234
182 316 121
182 333 63
182 349 68
182 388 66
182 392 287
183 204 128
183 217 305
183 227 250
183 242 309
183 247 93
183 248 147
183 263 214
183 274 55
183 276 171
183 279 73
183 285 125
183 287 233
183 339 203
183 340 166
183 363 169
183 390 221
184 185 63
184 192 13
184 202 245
184 218 169
184 226 19
184 251 67
184 252 282
184 253 301
184 260 8
184 262 207
184 272 286
184 286 100
184 288 51
184 302 206
184 304 77
184 306 250
184 312 308
184 328 34
184 333 316
184 334 29
184 335 97
184 339 139
184 363 163
184 364 43
184 376 191
184 381 287
184 384 72
185 194 17
185 216 43
185 266 245
185 268 219
185 269 288
185 270 228
185 272 218
185 276 267
185 279 291
185 284 91
185 293 83
185 308 120
185 315 306
185 320 91
185 321 300
185 322 46
185 326 65
185 344 279
185 348 116
185 350 48
185 352 250
186 187 22
186 206 2
186 208 97
186 225 30
186 229 133
186 232 261
186 243 52
186 249 284
186 258 149
186 273 146
186 276 57
186 290 48
186 297 286
186 300 261
186 306 86
186 313 105
186 324 14
186 331 137
186 344 132
186 351 20
186 360 317
186 374 253
186 377 148
186 389 180
187 195 106
187 201 320
187 208 246
187 210 60
187 225 178
187 248 151
187 252 75
187 256 80
187 258 104
187 273 313
187 275 161
187 294 276
187 304 129
187 321 134
187 323 240
187 391 310
187 392 145
187 393 156
188 201 39
188 203 316
188 215 171
188 232 49
188 240 62
188 282 80
188 283 145
188 290 256
188 298 286
188 304 97
188 318 15
188 351 128
188 360 32
188 376 78
188 377 133
188 378 21
188 389 32
189 208 65
189 209 99
189 212 91
189 217 314
189 222 199
189 245 86
189 254 49
189 255 247
189 263 300
189 279 166
189 280 102
189 281 219
189 299 54
189 302 155
189 304 61
189 308 116
189 315 59
189 316 166
189 324 178
189 332 238
189 336 242
189 338 42
189 369 263
189 375 98
189 390 273
190 222 168
190 228 112
190 236 250
190 251 137
190 263 17
190 264 161
190 280 315
190 286 50
190 335 215
190 355 293
190 363 145
190 364 169
190 365 79
190 381 153
190 395 113
191 209 98
191 210 136
191 226 261
191 227 289
191 236 299
191 259 73
191 280 269
191 281 126
191 294 25
191 296 298
191 300 310
191 306 203
191 320 50
191 334 236
191 353 15
191 365 71
191 366 258
191 368 187
191 388 96
191 389 187
191 399 146
192 195 143
192 218 26
192 226 217
192 228 82
192 235 191
192 242 316
192 243 111
192 256 281
192 276 320
192 279 196
192 281 250
192 282 147
192 296 57
192 302 7
192 303 20
192 306 18
192 317 206
192 322 90
192 325 131
192 330 298
192 333 169
192 355 52
192 357 81
192 360 127
192 363 234
192 367 312
192 379 117
193 198 217
193 200 266
193 203 207
193 221 93
193 225 94
193 227 78
193 236 173
193 255 254
193 257 38
193 260 175
193 261 203
193 272 76
193 284 55
193 296 234
193 319 232
193 320 229
193 322 306
193 330 24
193 333 86
193 340 228
193 352 198
193 366 5
193 368 144
193 370 304
193 380 278
193 383 45
193 395 289
193 398 35
193 399 204
194 196 219
194 201 312
194 204 240
194 209 238
194 210 245
194 215 143
194 225 207
194 242 190
194 247 12
194 255 122
194 284 166
194 285 81
194 309 51
194 310 275
194 313 1
194 327 148
194 360 114
194 380 251
194 386 154
194 392 281
194 397 52
195 197 139
195 204 291
195 223 220
195 246 43
195 252 151
195 311 24
195 314 129
195 322 47
195 323 3
195 326 246
195 327 178
195 328 136
195 349 45
195 355 270
195 359 117
195 372 189
195 373 308
195 374 98
195 380 217
195 383 143
195 388 69
195 394 198
195 399 276
196 197 232
196 219 276
196 244 215
196 249 43
196 259 107
196 281 13
196 306 303
196 321 72
196 322 58
196 329 70
196 330 290
196 343 14
196 347 141
196 364 316
196 371 145
196 389 261
196 390 222
196 398 155
197 209 242
197 211 229
197 214 163
197 217 137
197 241 303
197 282 248
197 288 295
197 315 22
197 327 211
197 332 98
197 345 194
197 354 254
197 362 200
197 366 50
197 367 190
197 369 90
197 380 52
198 202 83
198 214 252
198 238 18
198 251 177
198 259 190
198 266 5
198 272 131
198 276 145
198 278 251
198 286 180
198 297 284
198 300 253
198 306 305
198 326 115
198 345 93
198 350 209
198 358 84
198 359 174
198 362 116
198 382 287
198 386 93
198 387 9
198 394 287
198 398 47
199 207 70
199 214 35
199 229 29
199 231 12
199 243 297
199 248 181
199 259 229
199 273 132
199 282 272
199 317 74
199 334 229
199 335 281
199 349 27
199 350 282
199 356 41
199 363 146
199 372 312
199 376 120
199 387 80
199 389 42
199 390 217
200 206 131
200 213 32
200 220 62
200 241 227
200 245 31
200 263 151
200 275 259
200 290 25
200 311 37
200 312 92
200 317 119
200 320 88
200 331 91
200 336 169
200 360 37
200 367 55
200 374 181
201 215 44
201 220 70
201 228 264
201 268 270
201 269 197
201 316 203
201 318 254
201 343 43
201 358 283
201 365 70
201 380 20
201 382 286
201 390 217
201 392 178
201 395 290
202 204 56
202 223 47
202 235 7
202 237 103
202 258 4
202 264 3
202 275 110
202 278 141
202 282 275
202 285 124
202 287 309
202 290 247
202 291 300
202 305 221
202 333 105
202 337 255
202 382 319
202 383 169
202 386 287
202 392 107
203 208 214
203 209 28
203 221 131
203 226 225
203 227 257
203 231 164
203 240 298
203 255 320
203 278 48
203 294 161
203 300 204
203 301 19
203 303 175
203 310 279
203 311 123
203 318 203
203 345 128
203 348 98
203 349 291
203 352 2
203 366 20
203 379 92
203 380 216
204 218 179
204 233 87
204 239 318
204 243 258
204 254 190
204 255 83
204 262 254
204 266 200
204 274 169
204 316 208
204 323 220
204 326 224
204 327 28
204 329 120
204 355 231
204 364 73
204 365 264
204 371 19
204 389 6
205 209 15
205 212 206
205 221 249
205 222 175
205 227 149
205 229 291
205 233 266
205 235 317
205 243 116
205 253 314
205 271 12
205 272 305
205 280 136
205 288 81
205 292 237
205 301 113
205 336 155
205 338 258
205 353 141
205 355 273
205 376 183
205 392 305
205 394 183
206 209 135
206 212 138
206 218 294
206 236 197
206 242 100
206 243 259
206 254 192
206 261 295
206 265 235
206 281 264
206 300 121
206 306 131
206 332 97
206 336 276
206 341 100
206 343 5
206 357 143
206 392 166
207 215 50
207 222 149
207 223 88
207 226 199
207 236 183
207 243 223
207 254 207
207 256 72
207 265 280
207 274 181
207 282 34
207 292 37
207 298 48
207 303 77
207 308 304
207 310 93
207 311 24
207 318 81
207 321 204
207 343 226
207 357 166
208 216 206
208 226 2
208 230 120
208 243 186
208 247 269
208 256 173
208 259 143
208 272 308
208 276 246
208 277 306
208 284 191
208 296 165
208 298 307
208 313 91
208 342 63
208 346 184
208 350 100
208 359 23
208 361 112
208 369 169
208 398 88
209 217 1
209 254 49
209 260 80
209 262 225
209 278 83
209 292 73
209 298 24
209 321 237
209 325 157
209 372 168
209 377 110
209 381 189
210 213 318
210 218 144
210 232 265
210 254 262
210 273 84
210 290 141
210 292 97
210 295 181
210 296 317
210 303 163
210 321 92
210 335 271
210 342 240
210 350 303
210 372 242
210 380 34
210 383 283
210 396 211
211 232 10
211 258 178
211 259 315
211 277 236
211 287 240
211 290 6
211 295 21
211 296 318
211 328 90
211 350 248
211 356 237
211 357 244
211 358 259
211 359 6
211 360 31
211 369 132
212 213 109
212 225 317
212 243 137
212 252 107
212 254 22
212 265 119
212 271 155
212 276 260
212 289 244
212 294 209
212 295 215
212 307 78
212 347 278
212 349 65
212 362 36
212 383 132
212 386 118
212 398 280
213 228 241
213 242 244
213 246 203
213 267 132
213 270 3
213 274 43
213 276 86
213 279 187
213 290 203
213 298 95
213 315 214
213 329 166
213 369 81
213 370 29
213 371 240
213 372 95
214 229 240
214 235 100
214 241 289
214 256 213
214 265 193
214 278 270
214 281 101
214 303 282
214 304 170
214 307 104
214 343 60
214 357 176
214 365 173
214 368 150
214 389 109
214 396 113
214 398 178
215 220 103
215 221 191
215 240 231
215 272 138
215 278 86
215 299 46
215 325 105
215 327 250
215 358 240
215 370 76
215 374 225
215 380 211
215 393 191
216 230 244
216 232 54
216 233 296
216 243 39
216 247 180
216 254 120
216 264 231
216 266 37
216 272 198
216 274 191
216 307 23
216 316 305
216 333 282
216 337 124
216 352 266
216 361 127
216 385 33
216 388 178
216 396 296
217 263 169
217 281 87
217 297 46
217 301 218
217 302 283
217 320 121
217 324 200
217 327 320
217 329 105
217 341 126
217 363 311
217 380 88
217 384 160
217 385 29
217 386 183
217 391 166
218 221 220
218 231 229
218 249 242
218 264 313
218 266 102
218 267 27
218 276 110
218 288 184
218 293 249
218 294 285
218 332 248
218 334 237
218 335 273
218 350 3
218 361 310
218 369 83
218 375 140
218 377 180
218 392 214
219 229 288
219 257 84
219 270 102
219 275 85
219 289 166
219 291 256
219 300 256
219 314 306
219 332 110
219 348 260
219 359 136
219 360 288
219 368 287
219 381 222
220 235 154
220 242 233
220 244 285
220 246 114
220 248 313
220 260 233
220 261 145
220 285 185
220 288 178
220 297 163
220 320 62
220 337 28
220 340 143
220 346 1
220 354 132
220 358 280
220 359 130
220 382 158
220 384 232
220 389 79
220 397 98
221 225 136
221 237 107
221 242 183
221 244 85
221 249 59
221 262 118
221 268 88
221 299 154
221 341 3
221 370 277
221 373 270
221 376 166
221 378 77
221 395 245
221 400 149
222 234 277
222 238 70
222 267 3
222 269 300
222 275 222
222 280 17
222 281 84
222 299 311
222 305 218
222 312 133
222 327 309
222 334 316
222 349 99
222 355 222
222 368 131
222 374 80
222 377 221
222 386 301
222 392 132
222 399 298
223 255 65
223 273 213
223 275 27
223 308 49
223 318 305
223 323 60
223 366 293
223 372 67
223 397 77
224 240 72
224 250 310
224 251 96
224 263 58
224 271 166
224 287 200
224 300 174
224 311 169
224 322 192
224 333 148
224 339 102
224 350 255
224 351 5
224 366 241
224 382 52
224 390 9
225 233 228
225 236 287
225 251 150
225 252 293
225 258 279
225 301 65
225 340 246
225 387 192
225 389 211
226 231 179
226 233 28
226 245 74
226 246 131
226 257 215
226 290 206
226 298 309
226 304 246
226 306 185
226 308 133
226 310 304
226 316 218
226 326 79
226 333 46
226 356 217
226 357 11
226 358 10
226 367 6
226 368 281
226 372 310
226 378 152
226 383 256
226 399 162
227 259 11
227 260 13
227 268 233
227 269 65
227 292 131
227 295 197
227 301 157
227 313 137
227 318 1
227 323 306
227 345 48
227 351 296
227 356 44
227 362 242
227 363 246
227 364 308
227 366 269
227 369 225
227 373 83
227 382 6
227 384 234
227 392 217
227 397 225
228 236 34
228 245 310
228 247 160
228 285 300
228 297 124
228 299 223
228 302 23
228 317 97
228 323 93
228 339 182
228 353 162
228 354 15
228 357 90
228 361 191
228 366 165
228 376 69
228 399 201
229 234 120
229 250 63
229 254 28
229 273 208
229 275 16
229 279 107
229 282 75
229 295 60
229 297 300
229 312 123
229 318 281
229 337 26
229 344 264
229 348 128
229 361 196
229 372 39
229 389 314
230 232 3
230 236 287
230 239 166
230 243 33
230 255 194
230 262 133
230 267 77
230 271 223
230 273 63
230 302 31
230 303 7
230 330 216
230 332 75
230 346 8
230 349 167
230 360 99
230 361 53
230 373 7
231 236 136
231 244 219
231 245 164
231 248 160
231 268 103
231 287 276
231 301 79
231 311 146
231 317 186
231 326 187
231 336 290
231 340 4
231 352 76
231 373 162
231 381 186
231 387 31
231 389 308
231 390 28
231 400 92
232 236 145
232 240 80
232 241 200
232 242 235
232 244 179
232 249 297
232 251 128
232 254 152
232 272 126
232 296 140
232 304 198
232 309 84
232 313 289
232 314 127
232 330 303
232 334 77
232 342 58
232 349 233
232 360 296
232 364 79
232 369 86
232 371 305
232 380 269
232 383 229
232 390 320
232 398 299
233 245 166
233 248 223
233 250 232
233 282 140
233 285 127
233 309 315
233 314 245
233 315 103
233 322 260
233 330 62
233 336 208
233 342 289
233 344 223
233 353 160
233 362 106
233 381 249
233 395 105
234 235 264
234 268 187
234 273 242
234 280 110
234 309 318
234 314 318
234 318 62
234 329 299
234 341 303
234 345 215
234 352 156
234 358 2
234 396 103
235 251 33
235 259 122
235 273 99
235 277 291
235 280 15
235 283 252
235 311 223
235 321 30
235 331 159
235 333 80
235 336 23
235 358 127
235 377 204
235 379 220
235 387 133
235 394 73
235 396 218
236 238 51
236 242 297
236 245 73
236 265 110
236 266 172
236 269 97
236 271 47
236 274 76
236 278 173
236 288 202
236 306 48
236 317 258
236 325 65
236 351 288
236 352 273
236 361 298
236 371 76
236 380 248
236 381 249
236 391 51
237 246 276
237 248 14
237 256 109
237 276 5
237 280 100
237 284 145
237 304 311
237 319 56
237 326 235
237 342 41
237 345 298
237 364 86
237 367 89
237 371 316
237 379 168
237 381 14
237 392 114
237 399 202
238 239 171
238 241 215
238 243 36
238 258 52
238 262 12
238 266 123
238 279 7
238 280 163
238 295 157
238 297 85
238 303 308
238 317 320
238 323 117
238 326 201
238 339 270
238 340 186
238 352 241
238 366 280
238 372 61
238 373 231
238 385 288
238 387 3
239 241 174
239 242 208
239 246 319
239 257 193
239 263 266
239 264 312
239 271 108
239 272 268
239 306 241
239 308 42
239 310 166
239 317 310
239 321 59
239 328 80
239 333 207
239 334 109
239 335 162
239 336 79
239 343 286
239 345 296
239 359 273
239 384 139
239 388 82
239 393 155
240 248 174
240 250 287
240 252 39
240 262 231
240 279 65
240 282 243
240 287 307
240 288 183
240 312 113
240 324 36
240 332 121
240 347 190
240 348 10
240 354 214
240 377 290
240 378 254
240 381 132
240 395 174
240 397 189
241 252 170
241 270 21
241 278 79
241 311 305
241 326 120
241 330 265
241 342 41
241 343 226
241 383 18
242 250 278
242 258 299
242 260 213
242 261 276
242 269 125
242 275 208
242 279 11
242 282 71
242 288 241
242 293 13
242 295 1
242 304 209
242 310 202
242 311 303
242 312 96
242 320 173
242 325 320
242 331 251
242 348 93
242 350 14
242 360 180
242 368 100
242 369 180
242 370 211
242 381 314
242 395 75
243 247 284
243 259 320
243 264 118
243 287 313
243 304 186
243 305 67
243 313 88
243 339 20
243 341 153
243 343 87
243 347 6
243 357 214
243 371 181
243 375 129
243 391 289
244 260 272
244 266 310
244 281 142
244 282 221
244 286 165
244 289 313
244 295 54
244 300 227
244 315 275
244 318 293
244 325 169
244 331 318
244 333 219
244 341 187
244 342 122
244 345 96
244 347 299
244 352 221
244 353 55
244 354 127
244 367 237
244 387 265
244 391 225
244 392 13
244 396 197
245 248 48
245 262 6
245 263 36
245 267 250
245 272 312
245 275 50
245 283 274
245 288 297
245 298 206
245 313 271
245 322 290
245 324 231
245 333 39
245 337 237
245 361 85
245 369 225
245 384 5
245 386 87
245 392 82
245 394 198
245 395 140
245 397 271
246 259 82
246 262 128
246 267 268
246 303 77
246 328 214
246 341 65
246 343 102
246 353 51
246 355 56
246 362 10
246 367 43
246 388 93
247 268 250
247 270 244
247 272 182
247 274 286
247 281 34
247 318 178
247 328 206
247 343 84
247 354 35
247 365 299
247 374 90
248 257 222
248 258 132
248 260 158
248 268 22
248 273 278
248 279 213
248 287 125
248 296 242
248 299 235
248 300 180
248 322 72
248 345 17
248 354 285
248 370 121
248 372 11
248 373 239
248 376 107
248 383 208
248 392 300
248 393 85
249 261 59
249 275 303
249 279 166
249 285 61
249 286 24
249 288 186
249 290 75
249 330 89
249 334 33
249 360 165
249 373 202
249 374 296
249 375 281
249 381 171
249 382 182
250 254 217
250 257 44
250 260 194
250 262 44
250 265 142
250 268 311
250 286 54
250 290 146
250 297 226
250 301 118
250 319 286
250 320 52
250 328 208
250 363 102
250 364 81
250 373 291
250 377 269
250 392 62
250 398 197
251 256 1
251 257 283
251 266 219
251 267 224
251 278 45
251 305 150
251 308 228
251 321 172
251 327 109
251 329 128
251 353 2
251 355 230
251 357 140
251 359 155
251 362 309
251 363 124
251 368 115
251 387 256
252 255 73
252 258 32
252 266 130
252 277 81
252 286 166
252 299 158
252 305 307
252 307 83
252 310 226
252 311 201
252 320 240
252 329 55
252 354 49
252 370 25
252 378 11
253 258 43
253 259 133
253 264 95
253 266 97
253 276 146
253 278 45
253 301 64
253 313 208
253 316 257
253 319 180
253 320 281
253 321 319
253 323 3
253 325 171
253 327 185
253 328 212
253 329 24
253 331 100
253 342 195
253 346 306
253 350 178
253 351 209
253 357 17
253 381 278
253 390 145
254 257 215
254 260 85
254 264 208
254 266 37
254 288 182
254 290 26
254 301 91
254 302 112
254 306 257
254 308 79
254 320 78
254 337 31
254 340 298
254 350 256
254 351 31
254 357 294
254 358 230
254 363 34
254 373 234
254 395 42
255 261 285
255 263 40
255 265 204
255 269 84
255 271 181
255 277 50
255 292 71
255 295 141
255 302 247
255 327 79
255 353 2
255 378 52
255 386 205
255 391 282
255 397 276
256 266 193
256 268 21
256 273 170
256 292 51
256 313 246
256 339 199
256 355 305
256 365 251
256 383 148
256 387 113
256 395 129
256 400 53
257 307 11
257 324 46
257 331 55
257 369 166
257 388 74
257 389 190
257 398 206
258 267 19
258 272 53
258 298 22
258 303 256
258 314 32
258 343 150
258 345 141
258 349 125
258 354 281
258 377 220
258 378 38
258 383 165
258 388 287
258 395 276
259 290 65
259 302 189
259 312 273
259 320 183
259 346 276
259 355 7
259 361 65
259 391 254
260 262 306
260 278 213
260 279 51
260 280 153
260 295 291
260 298 273
260 306 86
260 311 13
260 323 270
260 328 116
260 341 293
260 345 165
260 346 187
260 352 187
260 371 247
260 380 1
260 397 67
261 264 292
261 269 316
261 288 75
261 311 242
261 321 72
261 332 213
261 334 16
261 343 291
261 344 203
261 355 305
261 359 194
261 367 170
261 390 289
261 394 217
261 395 189
261 398 130
262 263 19
262 298 271
262 314 268
262 315 184
262 329 92
262 339 126
262 348 123
262 364 93
262 373 137
262 395 313
263 265 311
263 279 205
263 289 285
263 295 208
263 298 144
263 304 139
263 309 245
263 313 213
263 317 301
263 320 28
263 325 234
263 368 307
263 369 11
263 379 36
263 392 46
263 395 114
263 397 145
263 399 166
264 279 68
264 289 80
264 313 12
264 328 272
264 332 264
264 338 106
264 341 219
264 345 226
264 361 171
264 365 244
264 371 180
264 372 251
264 393 316
265 276 261
265 288 1
265 295 283
265 310 144
265 313 291
265 319 212
265 334 180
265 356 100
265 359 312
265 370 96
266 273 67
266 286 160
266 293 2
266 307 244
266 333 56
266 358 224
266 367 227
266 379 23
266 382 66
266 387 269
266 391 88
266 400 73
267 281 268
267 285 92
267 305 45
267 330 96
267 359 215
267 385 9
267 386 160
268 273 187
268 276 13
268 279 218
268 292 55
268 304 206
268 311 82
268 313 42
268 314 275
268 317 38
268 326 73
268 337 64
268 354 95
268 361 58
268 365 1
268 366 176
268 377 133
268 397 90
269 279 141
269 284 16
269 296 143
269 299 43
269 308 64
269 320 305
269 328 64
269 332 1
269 366 29
269 375 259
269 386 213
269 394 137
270 285 295
270 301 4
270 303 271
270 327 182
270 352 136
270 364 91
270 385 28
270 386 176
270 390 142
271 274 75
271 277 314
271 290 258
271 297 149
271 299 79
271 303 95
271 305 316
271 323 46
271 336 45
271 341 242
271 344 145
271 352 166
271 358 42
271 372 267
271 378 110
271 380 271
271 387 59
271 388 256
271 390 127
271 400 105
272 301 87
272 319 266
272 326 320
272 366 249
273 274 241
273 276 189
273 285 68
273 297 84
273 306 82
273 312 260
273 322 28
273 345 131
273 359 296
273 362 155
273 363 233
273 369 97
273 378 132
273 385 65
273 387 151
274 277 30
274 278 261
274 291 172
274 292 111
274 315 320
274 316 199
274 326 298
274 346 59
274 357 141
274 359 314
274 361 213
274 389 122
274 397 59
274 398 117
275 287 189
275 295 217
275 304 204
275 329 23
275 334 214
275 337 140
275 345 241
275 347 193
275 363 227
275 368 134
275 387 123
275 396 101
276 277 306
276 359 174
276 364 296
276 370 310
276 380 165
276 398 71
277 296 190
277 306 61
277 310 127
277 328 220
277 330 285
277 340 243
277 362 257
277 367 229
277 369 118
277 370 237
277 371 282
277 386 24
278 283 152
278 291 182
278 299 101
278 303 247
278 309 284
278 314 126
278 320 273
278 322 57
278 350 60
278 352 29
278 372 50
278 382 208
278 400 153
279 281 251
279 291 216
279 303 26
279 318 85
279 329 60
279 344 181
279 347 258
280 285 132
280 290 57
280 331 90
280 350 30
280 352 180
280 354 306
280 358 58
280 361 146
280 369 275
281 292 120
281 312 226
281 325 10
281 330 126
281 336 190
281 345 127
281 349 267
281 350 98
281 368 150
281 380 81
281 387 135
281 391 294
282 316 25
282 317 135
282 334 32
282 347 13
282 350 73
282 356 14
282 366 270
282 371 314
283 287 45
283 303 200
283 305 238
283 306 68
283 310 191
283 331 276
283 334 266
283 336 251
283 346 262
283 355 174
283 361 52
283 371 191
283 374 8
283 392 125
284 294 296
284 299 53
284 308 299
284 309 286
284 314 306
284 322 178
284 353 308
284 362 53
284 369 319
284 370 37
284 378 26
284 392 77
284 393 270
285 296 307
285 304 287
285 306 107
285 310 57
285 312 128
285 317 40
285 318 89
285 321 213
285 332 276
285 335 114
285 342 54
285 359 237
285 367 91
285 379 184
285 396 181
286 312 36
286 314 95
286 340 187
286 356 12
286 363 236
286 395 199
286 397 180
286 398 4
287 320 102
287 321 190
287 322 140
287 347 54
287 354 265
287 361 117
287 369 169
287 394 294
287 396 100
288 298 268
288 307 223
288 309 216
288 322 276
288 323 42
288 358 118
288 360 174
288 371 37
288 383 224
288 387 216
289 325 166
289 329 263
289 336 283
289 350 308
289 353 189
289 358 104
289 365 78
289 379 123
289 381 246
289 388 57
289 398 203
290 291 80
290 305 54
290 307 150
290 340 216
290 360 2
290 380 297
290 398 84
291 295 119
291 296 160
291 298 302
291 299 289
291 300 271
291 310 298
291 317 259
291 342 113
291 344 77
291 348 71
291 386 228
292 296 23
292 301 206
292 320 91
292 326 278
292 329 22
292 344 138
292 366 51
292 369 211
292 373 53
292 377 158
292 387 119
292 392 130
292 397 77
292 398 50
292 399 69
293 295 79
293 298 59
293 324 306
293 325 75
293 330 60
293 341 234
293 344 296
293 357 12
293 372 120
293 381 68
293 388 225
293 394 176
293 397 173
294 298 279
294 302 129
294 306 24
294 342 104
294 351 167
294 353 149
294 358 237
294 361 282
294 364 45
294 367 56
294 372 153
294 373 37
294 393 138
294 398 250
295 296 306
295 297 198
295 306 4
295 313 73
295 329 278
295 331 19
295 340 128
295 355 306
295 358 259
295 378 283
296 302 196
296 321 176
296 325 46
296 326 276
296 338 200
296 341 107
296 352 130
296 359 61
296 378 7
296 393 7
297 332 104
297 352 57
297 359 233
297 360 209
297 361 298
297 369 97
297 370 34
297 378 217
297 379 174
297 390 128
298 299 238
298 315 278
298 320 254
298 330 294
298 341 130
298 353 198
298 365 170
299 311 199
299 313 135
299 317 258
299 327 48
299 335 292
299 345 55
299 357 24
299 359 126
299 361 199
299 368 266
299 372 191
299 391 126
299 395 68
299 397 236
300 311 38
300 312 116
300 332 52
300 336 143
300 353 235
300 363 20
300 366 215
300 382 134
300 389 253
300 390 187
300 393 146
300 396 59
301 313 220
301 315 227
301 325 293
301 328 59
301 341 251
301 352 269
301 371 237
301 381 99
301 395 143
302 303 152
302 305 285
302 314 285
302 318 187
302 336 14
302 344 237
302 349 252
302 368 174
302 383 157
302 396 159
303 304 121
303 316 229
303 326 238
303 335 86
303 339 7
303 341 43
303 357 193
303 377 62
303 398 121
303 399 129
304 310 69
304 338 183
304 349 206
304 354 17
304 361 48
304 365 162
304 379 311
305 343 174
305 348 296
305 360 105
305 364 98
305 374 108
305 375 84
305 380 39
305 386 268
305 390 254
305 392 23
306 310 173
306 314 212
306 320 154
306 331 175
306 364 156
306 369 59
306 373 102
306 375 202
306 377 64
306 379 80
306 386 259
307 317 229
307 345 134
307 374 252
307 380 288
307 382 135
307 387 3
307 396 244
307 397 270
307 398 223
307 399 226
308 310 134
308 321 159
308 327 33
308 329 308
308 335 44
308 358 7
308 359 45
308 374 211
308 375 186
308 377 304
308 382 3
309 323 213
309 326 283
309 330 33
309 331 103
309 347 199
309 348 224
309 349 16
309 359 168
309 381 283
309 396 153
309 399 37
310 342 196
310 353 104
310 375 228
310 383 72
311 325 254
311 332 57
311 351 220
311 367 31
311 384 63
311 397 294
312 313 192
312 324 292
312 328 285
312 341 244
312 357 309
312 358 103
312 373 47
312 382 67
313 319 246
313 324 164
313 355 187
313 362 149
313 371 216
313 384 150
313 390 136
313 391 232
314 321 153
314 332 115
314 336 239
314 344 68
314 350 213
314 358 48
314 360 58
314 373 269
314 390 190
314 399 18
315 322 320
315 329 205
315 342 57
315 345 43
315 349 167
315 375 314
315 378 188
315 384 88
315 388 301
315 391 31
315 393 119
315 396 319
315 400 266
316 336 316
316 346 300
316 356 224
316 357 84
316 364 317
316 368 197
316 371 109
316 399 244
317 322 45
317 339 313
317 341 289
317 366 209
317 369 50
318 323 165
318 350 251
318 356 118
318 370 150
318 373 282
318 386 284
318 391 177
318 394 58
319 363 196
319 373 260
319 386 278
319 395 80
319 399 142
320 322 176
320 327 52
320 329 255
320 330 94
320 343 32
320 350 140
320 374 79
320 376 248
320 381 37
320 384 3
320 390 142
321 322 201
321 346 298
321 372 269
321 378 295
322 326 86
322 330 94
322 349 69
322 373 9
322 379 193
323 331 231
323 335 160
323 338 108
323 368 262
323 370 256
324 325 14
324 326 184
324 337 225
324 342 189
324 349 117
324 356 77
324 358 111
324 361 299
324 365 4
324 370 147
324 378 159
324 391 158
325 332 12
325 334 20
325 354 36
325 364 263
325 376 69
325 388 213
325 396 250
326 331 106
326 338 127
326 346 96
326 372 221
326 378 150
326 383 127
326 389 173
327 352 313
327 372 180
327 400 5
328 331 159
328 338 123
328 340 304
328 350 301
328 364 34
328 367 119
328 369 297
328 370 106
328 379 290
328 388 66
328 390 101
328 400 88
329 338 241
329 340 74
329 374 71
329 385 95
329 386 107
329 392 260
329 393 8
329 398 87
329 399 132
330 331 178
330 334 230
330 335 161
330 347 48
330 353 132
330 356 62
330 362 181
330 378 81
330 381 12
330 390 239
330 400 100
331 340 125
331 361 112
331 362 98
331 367 226
331 380 258
331 383 265
331 386 133
332 333 237
332 335 6
332 365 210
332 369 252
332 370 84
332 375 57
332 386 185
332 388 17
332 389 199
332 390 303
332 394 101
333 342 107
333 360 224
333 364 60
333 376 32
333 378 141
334 347 119
334 348 254
334 359 147
335 340 211
335 341 50
335 349 120
335 370 29
335 375 41
335 379 273
335 380 152
335 386 59
336 343 243
336 354 72
336 362 72
336 363 239
336 368 72
336 369 108
336 382 48
336 384 159
337 338 257
337 367 176
337 371 143
337 375 126
337 379 138
337 383 211
337 384 150
337 394 277
337 397 145
338 346 263
338 357 104
338 372 183
338 378 167
338 382 300
338 395 228
338 398 217
339 352 133
339 364 190
339 374 30
340 350 180
340 361 190
340 365 206
340 367 90
340 381 243
340 388 5
340 399 222
341 349 88
341 356 201
341 375 67
342 351 262
342 379 72
342 389 245
343 368 7
343 369 165
343 370 277
343 391 195
343 395 292
344 348 153
344 353 318
344 368 228
344 380 274
344 393 29
345 346 298
345 351 108
345 379 80
345 387 98
346 362 250
346 363 149
346 364 221
346 373 56
346 381 79
346 382 206
346 383 16
346 387 284
346 388 41
346 389 67
346 396 285
347 348 212
347 351 297
347 353 192
347 361 278
347 373 180
347 375 58
347 392 163
347 395 121
347 399 136
348 352 197
348 362 138
348 384 266
348 396 318
348 400 213
349 351 243
349 359 199
349 365 238
349 373 251
349 379 282
349 384 306
350 354 36
350 361 151
350 364 52
350 388 242
351 363 249
351 373 219
351 390 101
351 392 26
352 360 36
352 361 65
352 375 55
352 384 165
352 388 56
352 393 222
353 358 207
353 362 6
353 383 53
353 384 30
353 391 302
353 393 10
354 363 319
354 367 39
354 370 59
354 373 286
354 375 8
354 376 113
354 382 284
354 394 31
355 363 65
355 368 38
355 377 221
355 389 96
355 393 240
355 394 189
356 365 149
356 371 36
356 376 275
356 387 31
356 394 63
357 362 73
357 365 264
357 398 108
357 400 237
358 359 146
358 398 161
359 362 22
359 383 136
359 386 226
359 393 60
359 400 227
361 367 26
361 377 56
361 388 234
361 396 266
361 399 65
362 399 261
363 365 73
363 378 124
363 388 10
364 371 181
364 384 70
364 387 108
364 396 220
365 378 17
365 398 92
366 382 256
367 375 239
367 381 152
367 385 290
368 386 144
368 399 192
368 400 66
369 381 188
369 386 217
369 396 56
370 371 194
370 382 204
370 383 217
371 373 197
371 379 230
371 391 29
371 399 270
372 383 136
372 384 233
372 385 228
372 391 150
372 392 246
372 400 290
373 390 187
373 392 230
373 395 91
374 381 308
374 387 146
374 391 236
375 380 55
375 384 28
375 389 193
376 395 234
377 386 164
378 385 115
378 389 171
378 398 177
379 380 279
381 391 139
382 390 219
383 384 248
383 385 61
383 396 155
385 387 98
385 392 141
385 394 141
386 388 138
387 399 156
388 393 235
388 397 21
389 392 253
389 394 227
390 399 68
391 393 140
393 400 260
