50 498
1 2 127
1 5 84
1 6 76
1 7 101
1 8 26
1 9 104
1 14 19
1 17 39
1 20 17
1 22 113
1 28 132
1 30 32
1 31 65
1 36 60
1 38 62
1 45 28
1 50 106
2 4 7
2 7 19
2 9 109
2 11 155
2 12 66
2 13 43
2 17 90
2 18 153
2 20 102
2 23 108
2 25 32
2 27 108
2 28 140
2 30 46
2 33 130
2 36 43
2 37 87
2 38 93
2 41 92
2 42 91
2 43 26
2 47 45
2 48 147
2 49 55
3 5 92
3 9 63
3 16 102
3 17 32
3 22 143
3 24 128
3 25 54
3 27 98
3 30 42
3 31 109
3 32 51
3 34 103
3 36 105
3 38 149
3 40 58
3 42 67
3 44 98
3 46 88
3 47 156
3 48 144
3 50 144
4 6 21
4 7 23
4 9 69
4 10 35
4 12 99
4 13 123
4 17 39
4 18 130
4 19 133
4 20 152
4 27 160
4 29 126
4 30 60
4 31 56
4 33 20
4 38 79
4 39 77
4 41 49
4 43 102
4 44 97
4 45 121
4 46 46
4 50 105
5 6 19
5 7 83
5 10 42
5 14 113
5 27 135
5 29 110
5 33 80
5 35 98
5 36 109
5 40 6
5 47 43
5 49 102
5 50 69
6 7 129
6 8 61
6 9 93
6 10 128
6 11 24
6 14 30
6 19 61
6 22 22
6 24 57
6 27 86
6 29 36
6 30 150
6 31 79
6 32 20
6 33 3
6 35 158
6 36 59
6 40 12
6 41 118
6 42 43
6 50 56
7 8 109
7 10 158
7 12 142
7 16 3
7 17 11
7 23 69
7 24 142
7 25 122
7 28 137
7 31 68
7 33 19
7 36 85
7 37 101
7 40 10
7 41 152
7 44 21
7 47 71
7 48 81
8 9 5
8 12 147
8 16 48
8 17 57
8 18 110
8 20 159
8 21 95
8 22 90
8 28 112
8 31 142
8 32 128
8 35 141
8 37 103
8 38 65
8 39 101
8 41 134
8 42 34
8 45 4
8 48 2
9 10 72
9 11 85
9 14 27
9 15 143
9 17 49
9 26 30
9 31 124
9 35 48
9 41 140
9 46 49
9 47 107
10 11 15
10 13 69
10 15 60
10 17 63
10 18 46
10 19 47
10 25 100
10 26 141
10 30 59
10 31 105
10 33 8
10 36 56
10 38 42
10 41 9
10 47 19
11 15 2
11 16 17
11 20 143
11 25 81
11 26 97
11 27 88
11 30 80
11 32 8
11 34 135
11 35 110
11 37 15
11 42 152
11 43 77
11 47 46
11 48 5
11 50 73
12 13 14
12 17 147
12 25 84
12 27 117
12 28 13
12 30 11
12 33 19
12 35 113
12 36 52
12 39 5
12 42 84
12 45 121
12 46 126
12 48 80
13 17 79
13 22 17
13 23 64
13 24 27
13 25 32
13 26 32
13 27 135
13 29 45
13 30 99
13 31 3
13 33 2
13 34 160
13 36 62
13 38 39
13 39 69
13 40 103
13 46 31
13 47 71
13 49 115
14 16 143
14 17 101
14 19 51
14 20 72
14 24 127
14 26 92
14 30 75
14 31 93
14 32 141
14 38 73
14 41 121
14 42 139
14 43 67
14 44 134
14 48 123
15 16 109
15 17 140
15 22 38
15 23 8
15 24 47
15 27 157
15 28 96
15 29 135
15 30 120
15 36 60
15 41 124
15 42 20
15 43 29
15 47 84
15 48 158
16 19 59
16 22 131
16 23 60
16 26 134
16 28 29
16 29 31
16 30 74
16 31 137
16 33 131
16 35 25
16 36 20
16 42 129
16 44 34
16 47 132
16 48 96
17 20 114
17 21 60
17 24 73
17 25 33
17 26 154
17 31 66
17 35 15
17 37 37
17 38 63
17 39 147
17 42 48
17 44 40
17 47 132
18 19 28
18 21 126
18 24 21
18 26 131
18 28 61
18 33 111
18 42 17
18 44 148
18 47 124
18 49 84
19 20 38
19 21 130
19 22 83
19 23 71
19 28 102
19 30 80
19 31 47
19 32 58
19 35 130
19 38 132
19 40 147
19 41 118
19 42 87
19 46 38
20 21 134
20 25 83
20 30 110
20 32 39
20 34 49
20 36 14
20 38 127
20 39 14
20 45 55
20 47 147
20 50 10
21 22 63
21 24 79
21 27 7
21 28 72
21 31 122
21 33 67
21 34 135
21 38 30
21 40 102
21 41 11
21 43 26
21 45 18
21 46 28
21 48 37
21 49 61
21 50 64
22 24 106
22 26 92
22 30 105
22 33 21
22 37 110
22 38 101
22 39 132
22 42 1
22 43 8
22 44 73
22 45 47
22 46 59
22 47 117
23 24 157
23 25 97
23 33 22
23 40 43
23 42 56
23 44 104
23 48 56
23 49 17
23 50 104
24 28 40
24 29 65
24 32 20
24 33 41
24 34 96
24 39 85
24 40 12
24 44 104
24 45 122
24 49 45
25 26 9
25 27 62
25 29 18
25 31 160
25 35 152
25 36 109
25 42 67
25 43 84
25 47 38
25 50 69
26 28 132
26 32 140
26 33 113
26 36 84
26 37 4
26 39 31
26 40 70
26 41 11
26 44 93
26 47 123
26 48 143
27 34 108
27 36 143
27 37 64
27 38 3
27 39 137
27 43 67
27 45 84
27 49 51
28 31 136
28 36 126
28 41 3
28 42 79
28 45 31
28 46 69
28 50 132
29 30 53
29 35 122
29 39 90
29 40 142
29 42 155
29 46 54
29 49 146
30 34 122
30 40 121
30 43 40
30 44 72
30 45 31
30 48 103
30 49 120
31 36 124
31 37 123
31 40 81
31 42 130
31 43 123
31 48 8
31 49 22
31 50 1
32 33 73
32 40 92
32 41 157
32 47 47
32 49 45
33 34 10
33 35 40
33 37 79
33 39 144
33 40 146
33 42 91
33 45 63
33 46 135
33 48 93
34 36 58
34 37 16
34 38 7
34 39 117
34 41 24
34 43 132
34 45 48
34 47 120
34 50 36
35 37 63
35 38 86
35 49 85
36 44 44
36 48 153
36 49 80
36 50 147
37 43 148
37 44 98
37 46 141
38 39 19
38 41 71
38 42 148
38 43 154
38 46 71
38 50 50
39 40 61
39 41 87
39 42 102
39 49 143
39 50 87
40 41 158
40 42 54
40 43 124
40 44 123
40 46 89
40 47 111
40 49 56
41 42 30
41 43 4
42 43 55
42 44 68
42 46 5
44 46 19
44 47 111
45 48 86
45 49 36
45 50 135
46 47 126
46 48 140
46 49 1
47 48 103
48 49 133
48 50 54
49 50 4
