100 486
1 8 24
1 15 16
1 24 12
1 34 34
1 39 21
1 44 27
1 57 9
1 64 23
1 75 11
1 76 34
1 77 13
1 81 13
2 8 4
2 11 32
2 27 28
2 35 5
2 39 37
2 71 6
3 6 6
3 11 4
3 13 30
3 14 39
3 30 21
3 55 22
3 76 8
3 77 22
3 97 12
4 42 36
4 54 26
4 64 21
4 78 11
4 79 32
4 86 4
4 88 21
5 8 40
5 14 1
5 19 25
5 27 12
5 39 8
5 40 30
5 53 20
5 55 3
6 8 12
6 10 24
6 19 24
6 35 9
6 37 36
6 62 3
6 66 19
6 68 9
6 73 12
6 80 21
6 88 14
6 95 34
6 99 24
7 15 22
7 25 2
7 28 25
7 30 20
7 39 37
7 47 38
7 51 18
7 79 4
8 15 34
8 23 6
8 45 35
8 63 36
8 74 33
8 77 4
8 78 10
8 85 23
8 88 40
8 89 8
8 94 23
9 13 18
9 28 1
9 29 34
9 36 36
9 61 2
9 65 9
9 68 38
9 76 40
9 83 12
9 89 14
10 21 3
10 29 24
10 30 15
10 32 25
10 40 22
10 64 29
10 73 30
10 98 18
11 16 38
11 18 12
11 64 27
11 65 18
11 69 26
11 100 39
12 46 26
12 47 4
12 55 26
12 59 37
12 63 1
12 77 6
12 100 1
13 22 7
13 23 29
13 26 33
13 27 17
13 28 10
13 30 16
13 45 17
13 46 27
13 53 24
13 56 2
13 63 31
13 66 20
13 76 27
13 81 31
14 17 4
14 35 37
14 71 2
14 81 19
14 83 22
14 86 1
14 88 30
14 94 1
15 48 31
15 60 33
15 70 25
15 81 17
15 83 25
15 86 34
15 87 4
15 96 27
15 97 19
16 48 13
16 60 9
16 65 11
16 70 5
16 79 5
16 89 27
16 93 2
16 94 9
16 98 37
16 99 35
17 21 28
17 38 22
17 40 30
17 44 19
17 45 28
17 46 25
17 47 2
17 84 24
17 90 6
18 51 29
18 64 5
18 66 33
18 69 6
18 70 4
18 81 10
18 98 13
19 32 15
19 40 35
19 68 32
19 78 9
19 79 17
19 87 30
20 21 17
20 39 38
20 55 9
20 60 6
20 68 8
20 74 17
20 86 10
21 35 5
21 53 27
21 73 7
21 83 15
21 87 16
22 23 30
22 40 40
22 47 27
22 49 16
22 88 28
22 91 33
22 93 25
22 99 32
23 24 3
23 28 5
23 32 35
23 34 18
23 35 26
23 45 36
23 58 18
23 74 19
23 82 15
23 97 1
23 98 33
24 31 20
24 34 6
24 36 38
24 46 21
24 54 33
24 56 24
24 63 13
24 76 11
24 81 15
24 83 18
24 91 16
24 95 30
25 39 34
25 54 12
25 57 10
25 58 17
25 59 17
25 63 15
25 64 19
25 77 22
25 78 15
25 79 28
26 30 28
26 41 37
26 42 30
26 50 4
26 69 38
26 76 6
26 83 13
26 97 5
27 31 29
27 40 24
27 61 35
27 66 27
27 79 19
27 94 38
28 32 14
28 47 30
28 56 40
28 60 28
28 82 32
28 85 5
29 34 34
29 40 6
29 44 22
29 45 18
29 47 7
29 57 19
29 73 40
29 94 6
30 35 24
30 79 34
30 83 23
30 85 32
31 37 26
31 48 9
31 53 17
31 76 13
32 37 36
32 48 10
32 54 5
32 55 18
32 62 21
32 64 21
32 66 1
32 86 16
32 91 20
32 94 36
33 34 37
33 61 26
33 89 40
33 95 35
34 41 4
34 57 9
34 64 20
34 90 37
35 41 20
35 60 20
35 61 22
35 62 38
35 64 2
35 66 23
35 72 14
35 75 36
35 86 37
35 88 17
35 89 24
35 98 30
35 100 20
36 50 4
36 65 35
36 71 3
36 81 38
36 88 25
36 90 37
36 96 24
37 39 32
37 54 39
37 64 18
37 99 25
38 50 37
38 56 11
38 60 30
38 62 27
38 69 31
38 83 36
38 96 31
38 98 11
39 43 32
39 49 13
39 63 35
39 65 13
39 66 28
39 86 12
40 45 19
40 51 19
40 53 31
40 63 28
40 73 16
40 78 6
40 90 26
40 97 24
40 99 8
41 44 5
41 63 14
41 67 25
41 72 8
41 87 37
42 63 34
42 64 1
42 71 16
42 74 1
42 89 5
42 91 8
43 58 32
43 71 37
43 74 9
43 79 2
43 85 13
43 92 15
44 56 21
44 58 9
44 77 35
44 91 36
44 95 11
45 48 17
45 68 20
45 82 32
46 79 27
46 94 29
47 57 31
48 52 36
48 55 33
48 63 23
48 75 17
48 100 36
49 52 19
49 53 11
49 66 14
49 68 17
49 78 36
50 52 21
50 62 20
50 63 6
50 78 27
51 58 6
51 68 11
51 79 9
51 86 24
51 90 16
52 73 4
53 66 36
53 73 14
53 81 13
53 85 31
53 86 32
53 90 2
54 55 40
54 68 22
54 70 37
54 77 25
55 64 12
55 69 4
55 75 26
55 85 21
55 87 13
56 83 26
57 69 24
57 72 34
57 75 19
57 81 7
57 91 19
57 94 36
58 71 26
58 79 15
58 83 16
58 92 1
59 61 18
59 78 5
59 88 36
59 91 38
59 95 15
60 62 6
60 78 2
61 74 10
61 77 11
61 78 11
61 97 3
62 68 13
62 70 6
62 79 29
62 83 9
62 94 8
62 96 10
63 68 6
63 73 35
63 76 19
63 88 13
63 95 11
64 70 9
64 71 30
64 76 8
64 93 39
64 95 27
66 68 8
66 71 33
66 77 8
66 80 25
66 96 9
67 79 39
67 80 30
67 92 40
68 77 39
68 83 10
68 89 13
69 74 4
69 82 3
69 90 35
70 75 27
70 95 1
70 97 25
71 73 26
71 90 35
71 100 28
72 76 22
72 85 18
72 88 12
72 90 4
73 84 34
73 95 12
73 96 14
74 77 27
74 79 16
74 92 33
75 92 18
76 78 39
76 85 24
77 81 40
77 89 33
77 92 32
77 99 16
78 94 30
79 80 22
79 93 25
80 88 22
80 90 8
81 87 19
81 93 26
81 95 1
82 97 2
85 86 4
85 92 19
85 100 37
86 88 39
87 88 24
88 99 16
89 92 7
89 95 36
89 98 14
90 99 27
91 95 13
91 100 3
92 99 11
93 95 39
94 97 36
95 97 1
96 98 5
