400 4039
1 30 18
1 80 74
1 92 28
1 97 21
1 110 75
1 136 75
1 259 48
1 281 42
1 285 67
1 318 54
1 337 74
1 363 16
1 369 54
1 379 76
1 400 22
2 48 22
2 60 27
2 65 64
2 85 36
2 106 62
2 107 69
2 130 36
2 140 32
2 162 6
2 213 59
2 221 24
2 241 32
2 245 42
2 252 48
2 262 1
2 287 54
2 310 67
2 314 22
2 363 1
2 383 1
3 20 69
3 37 6
3 55 25
3 59 45
3 72 62
3 88 49
3 94 41
3 113 37
3 166 13
3 194 51
3 219 19
3 220 36
3 253 44
3 264 62
3 282 63
3 284 65
3 315 64
3 324 63
3 352 51
3 378 50
3 386 40
3 400 4
4 9 67
4 49 32
4 60 72
4 109 33
4 110 45
4 127 75
4 130 67
4 148 37
4 210 30
4 274 66
4 275 66
4 293 72
4 298 59
4 321 41
4 345 55
4 352 37
4 378 31
5 8 47
5 19 20
5 41 17
5 42 28
5 57 56
5 66 52
5 77 64
5 85 73
5 98 2
5 102 23
5 117 17
5 132 71
5 139 79
5 162 23
5 200 72
5 221 23
5 233 43
5 264 51
5 277 23
5 282 48
5 304 77
5 333 75
5 343 15
5 371 51
5 379 68
5 381 6
6 38 70
6 62 59
6 70 43
6 95 1
6 147 17
6 148 5
6 150 13
6 164 62
6 181 44
6 209 40
6 274 30
6 284 65
6 307 65
6 347 43
6 354 51
6 357 53
6 367 32
6 393 57
6 394 25
7 52 51
7 68 70
7 77 60
7 80 34
7 174 77
7 183 31
7 184 56
7 193 26
7 217 53
7 253 19
7 262 51
7 287 35
7 314 69
7 317 24
7 334 24
7 344 18
7 354 4
7 364 40
7 376 18
8 10 66
8 11 14
8 23 64
8 35 33
8 60 39
8 72 33
8 76 9
8 110 56
8 113 58
8 140 50
8 145 56
8 149 8
8 185 22
8 200 78
8 245 42
8 266 47
8 272 51
8 313 46
8 322 10
8 341 11
8 345 77
8 368 60
8 369 14
8 386 63
8 393 72
8 395 13
9 28 18
9 79 61
9 93 79
9 97 61
9 137 33
9 146 24
9 164 18
9 176 7
9 208 74
9 215 9
9 277 1
9 280 9
9 315 70
9 370 78
10 46 77
10 49 28
10 51 8
10 108 45
10 153 71
10 161 66
10 220 33
10 249 51
10 304 29
10 312 2
10 330 28
10 341 71
10 362 12
10 373 76
11 17 76
11 19 78
11 35 22
11 50 72
11 116 41
11 118 76
11 136 5
11 139 2
11 141 24
11 176 72
11 181 77
11 221 65
11 232 20
11 245 52
11 250 5
11 269 51
11 305 80
11 328 29
11 331 29
11 332 80
11 362 80
11 374 17
11 380 27
11 390 65
12 16 68
12 26 76
12 32 54
12 38 37
12 59 41
12 62 19
12 78 60
12 124 59
12 161 22
12 165 38
12 171 38
12 210 28
12 252 77
12 301 4
12 305 48
12 325 70
12 328 71
12 333 32
12 357 67
12 379 57
12 383 5
12 386 55
12 389 10
13 73 44
13 80 70
13 112 67
13 130 77
13 135 5
13 186 68
13 189 39
13 232 17
13 240 41
13 250 72
13 273 18
13 307 27
13 311 72
13 333 50
13 355 59
13 365 73
13 377 69
13 390 67
14 23 33
14 52 19
14 55 31
14 89 20
14 110 73
14 130 44
14 162 30
14 172 23
14 207 9
14 218 51
14 246 41
14 266 49
14 268 6
14 292 49
14 324 25
14 331 4
14 332 10
15 19 36
15 23 23
15 24 36
15 46 56
15 56 28
15 82 78
15 162 80
15 168 48
15 173 18
15 190 9
15 208 18
15 212 68
15 226 77
15 230 41
15 235 56
15 287 74
15 293 70
15 350 74
15 355 51
15 365 39
15 372 22
15 386 15
15 395 26
16 38 63
16 52 74
16 73 23
16 87 9
16 141 66
16 217 77
16 220 63
16 247 24
16 270 7
16 309 80
16 329 69
16 350 51
16 364 49
17 33 55
17 76 27
17 93 75
17 118 43
17 119 6
17 131 31
17 146 33
17 176 48
17 183 43
17 209 13
17 216 16
17 227 13
17 240 76
17 245 64
17 248 4
17 262 10
17 270 33
17 312 2
17 327 63
17 333 57
17 356 12
17 364 9
17 367 26
17 373 49
17 384 33
18 36 22
18 48 22
18 63 72
18 84 32
18 132 22
18 182 67
18 204 72
18 205 55
18 207 66
18 219 4
18 262 77
18 264 64
18 270 17
18 282 47
18 292 13
18 293 30
18 305 31
18 369 5
19 90 63
19 104 11
19 144 42
19 153 4
19 180 74
19 197 74
19 209 47
19 216 62
19 247 52
19 258 1
19 283 34
19 295 53
19 336 29
19 346 17
19 386 52
19 394 78
19 396 74
19 397 52
20 30 48
20 45 44
20 63 54
20 65 47
20 69 51
20 136 7
20 137 21
20 166 54
20 198 15
20 228 9
20 252 42
20 266 79
20 280 46
20 329 51
20 360 9
20 361 20
20 386 77
20 393 2
20 394 5
21 79 44
21 83 39
21 86 62
21 129 7
21 165 25
21 188 34
21 211 56
21 218 4
21 237 27
21 250 80
21 258 75
21 264 75
21 280 12
21 313 59
21 318 55
21 339 58
21 353 79
21 390 23
21 400 17
22 52 28
22 64 66
22 79 59
22 104 13
22 135 58
22 205 78
22 242 63
22 249 23
22 271 2
22 279 9
22 336 30
22 337 31
22 368 41
22 369 59
22 380 39
23 61 2
23 85 27
23 89 19
23 99 79
23 104 10
23 123 80
23 127 61
23 129 26
23 131 43
23 139 36
23 159 47
23 176 32
23 208 60
23 209 77
23 222 6
23 232 78
23 236 66
23 240 16
23 261 74
23 275 22
23 282 10
23 294 30
23 307 69
23 321 44
23 338 12
23 352 47
23 396 44
24 25 72
24 82 43
24 102 23
24 119 12
24 125 41
24 128 31
24 164 14
24 207 18
24 212 38
24 251 46
24 275 46
24 284 19
24 360 2
25 79 59
25 89 62
25 101 30
25 102 39
25 109 53
25 120 3
25 133 53
25 135 58
25 141 29
25 146 78
25 159 44
25 210 11
25 215 43
25 218 20
25 263 47
25 273 52
25 276 57
25 277 66
25 278 8
25 302 22
25 307 30
25 326 75
25 357 54
25 363 19
25 381 71
26 82 24
26 108 48
26 128 27
26 137 13
26 138 51
26 184 42
26 198 61
26 253 40
26 260 31
26 266 46
26 273 51
26 282 76
26 299 47
26 300 32
26 307 73
26 331 77
26 373 46
26 375 45
26 389 74
27 65 39
27 89 12
27 99 38
27 135 64
27 139 71
27 140 72
27 163 40
27 182 69
27 190 22
27 191 74
27 205 44
27 229 3
27 241 59
27 243 67
27 253 13
27 271 52
27 286 74
27 362 10
27 375 56
27 380 54
28 33 2
28 44 72
28 66 33
28 73 29
28 88 67
28 137 19
28 144 19
28 148 66
28 164 7
28 171 20
28 188 74
28 221 45
28 249 67
28 265 51
28 274 5
28 276 31
28 284 40
28 305 77
28 329 42
28 345 60
28 352 63
28 357 5
28 365 60
28 370 20
28 376 19
29 43 37
29 79 48
29 89 51
29 96 34
29 102 20
29 126 43
29 129 16
29 130 76
29 209 72
29 219 37
29 249 8
29 266 39
29 332 11
29 342 48
30 46 74
30 83 33
30 84 30
30 87 17
30 95 21
30 108 56
30 130 47
30 187 20
30 191 80
30 205 42
30 236 34
30 266 14
30 276 30
30 281 79
30 335 2
30 337 49
30 360 47
30 368 67
30 375 3
31 32 53
31 35 44
31 49 48
31 74 25
31 90 45
31 93 47
31 108 67
31 116 77
31 155 39
31 171 41
31 180 44
31 204 73
31 219 52
31 246 72
31 307 36
31 323 44
31 337 51
31 341 8
31 347 21
31 351 16
31 383 54
31 393 4
31 394 61
31 399 42
32 43 7
32 47 10
32 61 68
32 63 49
32 66 38
32 75 80
32 80 59
32 145 16
32 150 52
32 168 69
32 175 25
32 279 24
32 322 33
32 345 21
32 350 74
32 353 57
32 365 80
32 367 28
32 372 2
32 393 21
33 47 71
33 56 57
33 68 18
33 78 30
33 79 2
33 92 42
33 109 73
33 112 76
33 138 80
33 149 31
33 179 15
33 202 46
33 220 79
33 254 60
33 259 70
33 260 36
33 270 74
33 309 56
33 324 62
33 330 20
33 378 34
33 385 35
34 44 77
34 51 66
34 62 61
34 90 43
34 96 6
34 100 60
34 102 39
34 170 73
34 172 64
34 216 19
34 223 18
34 251 72
34 289 25
34 299 6
34 346 56
34 358 57
34 368 8
35 36 43
35 39 39
35 88 66
35 95 73
35 194 49
35 267 65
35 294 11
35 318 67
35 345 24
35 384 80
35 394 27
35 396 49
36 49 24
36 74 5
36 84 18
36 87 37
36 96 35
36 97 71
36 141 19
36 152 38
36 177 27
36 178 12
36 227 29
36 243 69
36 247 75
36 251 65
36 329 57
36 332 49
36 366 71
37 43 15
37 50 69
37 53 6
37 71 80
37 87 56
37 171 32
37 187 18
37 213 72
37 276 64
37 285 77
37 291 24
37 313 45
37 341 48
37 365 62
37 395 43
38 50 73
38 52 6
38 53 30
38 85 18
38 124 77
38 147 57
38 188 75
38 195 14
38 211 75
38 225 16
38 234 28
38 242 48
38 292 26
38 337 66
38 376 56
38 381 76
39 48 66
39 50 18
39 59 70
39 62 15
39 64 72
39 79 24
39 102 77
39 107 56
39 114 12
39 117 24
39 151 41
39 163 45
39 169 41
39 170 77
39 229 2
39 233 11
39 245 25
39 246 62
39 248 65
39 252 46
39 267 26
39 278 65
39 286 57
39 290 9
39 329 4
39 344 80
39 397 45
40 45 54
40 58 30
40 68 41
40 99 13
40 116 2
40 147 21
40 182 40
40 218 76
40 225 44
40 245 74
40 265 56
40 268 27
40 272 39
40 274 1
40 325 2
40 358 41
40 370 24
40 400 80
41 46 6
41 56 43
41 88 52
41 108 15
41 153 64
41 157 26
41 159 39
41 214 14
41 220 37
41 227 72
41 243 27
41 269 20
41 291 30
41 302 74
41 333 10
41 336 74
41 337 76
41 352 75
41 355 65
41 367 59
41 372 63
41 388 68
41 389 22
41 398 22
41 399 80
42 52 54
42 69 64
42 99 52
42 118 9
42 235 45
42 281 4
42 319 52
42 327 38
43 61 50
43 77 40
43 86 60
43 88 2
43 99 31
43 110 79
43 139 3
43 148 35
43 192 20
43 206 44
43 226 65
43 228 70
43 342 2
43 373 44
43 380 54
44 90 68
44 112 32
44 115 47
44 143 42
44 145 72
44 146 66
44 153 73
44 172 12
44 174 2
44 175 15
44 244 39
44 256 42
44 274 4
44 282 6
44 286 14
44 331 7
44 358 17
44 360 33
45 47 7
45 89 44
45 98 73
45 103 47
45 152 59
45 160 77
45 224 30
45 239 73
45 251 23
45 253 52
45 273 16
45 287 16
45 337 15
45 342 76
46 73 2
46 75 33
46 91 53
46 102 34
46 135 26
46 172 10
46 179 60
46 187 72
46 189 33
46 203 10
46 222 79
46 233 68
46 237 20
46 242 28
46 294 66
46 309 42
46 339 36
46 349 22
46 356 10
46 373 22
46 381 8
46 384 13
46 389 69
47 72 59
47 112 50
47 129 71
47 183 38
47 197 6
47 198 57
47 214 79
47 218 70
47 229 74
47 244 72
47 254 15
47 261 70
47 262 71
47 280 65
47 282 61
47 289 70
47 295 40
47 319 77
47 367 9
47 370 1
47 390 65
48 79 7
48 120 75
48 151 1
48 162 45
48 164 38
48 181 25
48 191 26
48 208 45
48 218 2
48 281 22
48 298 79
48 310 64
48 313 24
48 337 29
48 388 28
48 399 58
49 93 80
49 121 32
49 132 14
49 168 43
49 220 78
49 230 79
49 273 16
49 324 44
50 51 42
50 65 17
50 91 30
50 95 14
50 101 16
50 194 25
50 230 9
50 245 57
50 271 46
50 273 39
50 289 31
50 294 18
50 301 50
50 331 67
50 338 49
50 340 7
50 355 20
50 369 79
50 396 32
51 88 69
51 127 46
51 140 4
51 150 27
51 161 62
51 182 37
51 190 62
51 203 28
51 214 67
51 216 59
51 218 45
51 225 36
51 238 32
51 280 61
51 298 29
51 301 17
51 391 75
52 58 45
52 115 35
52 139 31
52 142 2
52 165 13
52 168 37
52 218 24
52 220 11
52 243 29
52 279 11
52 346 25
52 347 27
52 356 73
52 374 80
52 378 24
53 66 45
53 67 35
53 127 70
53 129 57
53 142 80
53 159 7
53 179 35
53 182 59
53 202 15
53 234 29
53 257 13
53 265 73
53 278 22
53 284 48
53 291 49
53 304 56
53 370 50
53 373 30
53 397 71
54 57 55
54 89 12
54 92 54
54 121 39
54 123 80
54 128 25
54 151 43
54 162 27
54 164 73
54 165 48
54 168 46
54 189 36
54 201 34
54 250 56
54 252 22
54 253 48
54 290 64
54 309 9
54 310 21
54 322 11
54 337 10
54 339 35
54 345 34
54 396 50
55 91 74
55 129 75
55 145 77
55 148 20
55 167 9
55 177 5
55 206 31
55 207 40
55 213 36
55 216 3
55 217 3
55 252 31
55 263 20
55 264 32
55 267 4
55 277 17
55 285 8
55 315 29
55 349 71
55 353 31
56 66 53
56 79 19
56 87 78
56 91 35
56 155 74
56 157 34
56 169 55
56 171 4
56 189 32
56 235 41
56 241 10
56 267 58
56 297 39
56 307 39
56 310 19
56 315 29
56 325 48
56 390 62
56 394 72
56 397 60
57 72 71
57 95 55
57 126 14
57 134 31
57 189 66
57 221 51
57 246 20
57 280 30
57 285 27
57 286 26
57 305 39
57 326 22
57 338 45
57 343 39
57 352 40
57 353 32
57 386 42
57 388 48
58 69 47
58 77 27
58 92 2
58 95 56
58 100 26
58 129 59
58 142 54
58 158 53
58 177 7
58 211 35
58 216 63
58 229 66
58 232 57
58 258 74
58 259 68
58 288 44
58 313 6
58 384 62
58 398 78
59 74 14
59 81 48
59 86 65
59 114 43
59 167 43
59 182 68
59 187 38
59 197 57
59 266 43
59 276 25
59 277 60
59 280 57
59 281 80
59 302 77
59 310 8
59 317 15
59 336 20
59 379 66
59 380 12
59 382 16
59 399 15
60 69 8
60 74 40
60 90 73
60 100 35
60 127 72
60 138 70
60 142 21
60 182 37
60 224 45
60 297 34
60 326 78
60 333 21
60 343 11
60 355 38
60 372 42
60 380 34
60 383 57
60 397 42
61 84 38
61 87 46
61 88 44
61 89 55
61 103 73
61 137 28
61 151 40
61 184 18
61 203 74
61 210 65
61 234 66
61 246 60
61 252 62
61 259 31
61 265 43
61 266 80
61 297 6
61 302 28
61 343 80
61 385 62
61 393 31
62 68 10
62 191 31
62 201 16
62 214 61
62 215 28
62 288 6
62 365 18
62 385 36
63 77 80
63 100 43
63 136 35
63 146 52
63 172 73
63 218 39
63 231 62
63 253 78
63 265 34
63 267 48
63 277 44
63 303 34
63 350 18
63 373 37
63 388 30
63 397 79
64 116 54
64 121 43
64 141 73
64 178 73
64 185 22
64 215 3
64 217 22
64 221 9
64 256 8
64 296 26
64 333 45
64 338 44
64 361 40
65 98 12
65 103 64
65 127 51
65 130 56
65 135 61
65 149 20
65 170 51
65 177 50
65 188 42
65 197 77
65 203 28
65 216 7
65 221 50
65 223 35
65 226 58
65 253 19
65 302 55
65 309 59
65 325 28
65 332 7
65 383 27
66 74 48
66 114 41
66 141 29
66 157 67
66 164 18
66 173 67
66 192 69
66 195 75
66 203 27
66 262 46
66 269 42
66 287 1
66 291 6
66 298 8
66 327 23
66 363 27
66 387 10
67 75 40
67 79 47
67 102 73
67 110 35
67 116 5
67 130 16
67 170 15
67 175 14
67 186 41
67 197 72
67 200 55
67 205 8
67 230 74
67 249 69
67 260 49
67 272 22
67 292 79
67 315 68
67 331 24
67 343 28
67 368 30
67 396 41
68 84 28
68 85 15
68 109 26
68 131 43
68 150 48
68 160 59
68 170 3
68 184 49
68 229 3
68 256 19
68 296 29
68 358 1
68 385 45
68 389 36
68 397 17
68 400 19
69 70 46
69 79 50
69 89 45
69 101 53
69 142 63
69 144 67
69 189 4
69 224 58
69 236 45
69 245 8
69 253 12
69 264 71
69 268 80
69 287 62
69 294 77
69 312 37
69 314 59
69 335 24
69 343 39
69 356 59
69 365 28
69 366 23
69 378 69
70 80 26
70 82 55
70 85 33
70 86 69
70 158 59
70 173 67
70 185 46
70 223 26
70 235 55
70 246 44
70 315 31
70 356 42
70 385 29
71 82 32
71 94 16
71 118 65
71 207 52
71 217 68
71 251 70
71 253 28
71 262 57
71 320 27
71 352 64
71 373 40
71 375 65
71 394 61
72 73 21
72 74 19
72 99 47
72 100 62
72 135 64
72 143 30
72 165 27
72 173 76
72 234 78
72 244 43
72 262 67
72 264 25
72 283 69
72 285 62
72 286 46
72 313 30
72 350 38
72 352 33
72 374 35
72 388 34
72 389 11
73 84 47
73 88 58
73 94 47
73 109 18
73 139 66
73 144 32
73 180 34
73 193 38
73 200 42
73 205 78
73 209 68
73 213 77
73 227 26
73 243 20
73 265 43
73 311 21
73 319 74
73 340 22
73 355 60
73 375 80
73 396 17
74 111 42
74 128 8
74 149 61
74 191 21
74 203 13
74 220 28
74 240 5
74 254 45
74 268 60
74 274 73
74 308 55
74 334 76
74 349 46
75 80 20
75 94 47
75 109 29
75 113 5
75 135 42
75 154 2
75 167 35
75 185 66
75 187 16
75 217 33
75 224 1
75 261 60
75 270 39
75 276 80
75 281 48
75 297 68
75 318 36
75 320 58
75 368 74
75 399 28
76 95 12
76 96 8
76 97 79
76 134 30
76 135 6
76 171 33
76 176 13
76 179 27
76 180 42
76 184 1
76 188 40
76 243 30
76 290 13
76 302 11
76 315 40
76 328 68
76 366 8
76 392 46
76 396 69
77 80 3
77 91 23
77 178 5
77 181 71
77 229 1
77 246 20
77 250 8
77 257 42
77 263 48
77 275 49
77 284 19
77 360 48
77 369 14
78 90 56
78 118 78
78 119 26
78 210 74
78 211 59
78 223 78
78 228 7
78 237 75
78 263 36
78 279 66
78 366 43
78 379 58
78 396 50
79 83 34
79 88 65
79 92 30
79 106 62
79 109 9
79 113 12
79 114 80
79 116 20
79 122 66
79 138 67
79 142 42
79 145 4
79 169 46
79 200 31
79 237 66
79 249 1
79 255 1
79 276 40
79 322 7
79 398 4
80 86 27
80 108 17
80 120 53
80 123 72
80 173 74
80 181 64
80 188 69
80 216 29
80 220 51
80 257 21
80 304 14
80 348 51
80 353 42
80 360 27
80 393 9
81 88 2
81 92 18
81 94 26
81 99 74
81 110 66
81 148 34
81 167 23
81 177 16
81 179 52
81 197 6
81 199 44
81 203 27
81 223 40
81 228 5
81 234 25
81 259 73
81 263 72
81 298 20
81 316 33
81 356 70
81 373 76
82 83 66
82 119 35
82 150 63
82 158 69
82 206 39
82 218 2
82 221 6
82 232 56
82 235 70
82 246 13
82 252 40
82 257 27
82 300 34
82 380 6
83 85 21
83 93 28
83 94 72
83 140 29
83 155 18
83 160 38
83 196 46
83 226 17
83 274 78
83 280 61
83 379 54
83 398 6
84 103 42
84 121 44
84 138 47
84 159 26
84 199 74
84 208 41
84 270 16
84 277 65
84 294 36
84 313 75
84 344 61
84 347 10
84 354 26
84 360 79
84 381 70
84 382 56
84 389 21
85 113 8
85 127 56
85 195 77
85 219 50
85 223 40
85 265 45
85 284 42
85 285 9
85 341 69
85 355 78
85 359 21
85 368 62
86 92 46
86 133 67
86 142 70
86 144 4
86 173 6
86 194 27
86 253 53
86 278 41
86 282 46
86 286 80
86 306 57
86 307 48
86 310 67
86 334 54
86 361 9
86 379 60
87 94 54
87 100 17
87 108 48
87 130 77
87 135 2
87 145 37
87 223 55
87 238 66
87 246 14
87 260 45
87 279 18
87 287 44
87 294 46
87 298 48
87 322 11
87 325 28
87 332 8
87 366 59
87 367 8
87 373 35
87 377 39
88 136 22
88 177 2
88 192 29
88 204 32
88 213 77
88 223 59
88 268 76
88 296 31
88 317 15
88 319 41
88 324 17
88 351 70
88 354 49
88 380 52
88 395 45
89 104 11
89 123 4
89 143 16
89 171 8
89 176 38
89 179 30
89 187 5
89 195 32
89 215 19
89 229 34
89 234 14
89 239 37
89 322 28
89 336 52
89 367 38
89 399 76
90 91 13
90 101 5
90 111 11
90 160 10
90 166 80
90 193 72
90 238 22
90 259 38
90 279 14
90 283 48
90 294 29
90 308 32
90 321 51
90 329 60
90 330 68
90 362 65
90 368 39
90 385 68
90 387 12
91 96 38
91 107 17
91 133 61
91 145 23
91 153 40
91 164 21
91 188 29
91 220 65
91 240 16
91 250 76
91 258 1
91 272 19
91 281 43
91 290 16
91 304 13
91 330 45
91 362 26
91 388 7
91 390 57
91 395 18
92 93 44
92 96 14
92 115 69
92 121 70
92 166 42
92 174 44
92 183 79
92 188 67
92 207 47
92 228 8
92 240 80
92 246 62
92 290 78
92 296 76
92 313 62
92 330 31
92 333 29
92 382 48
92 383 32
92 386 49
92 387 72
93 120 18
93 122 72
93 148 4
93 165 52
93 177 16
93 202 68
93 269 23
93 275 11
93 285 61
93 382 31
93 389 61
93 399 56
94 116 75
94 141 36
94 227 50
94 228 52
94 234 7
94 240 17
94 257 23
94 379 38
95 98 63
95 109 33
95 116 3
95 131 53
95 158 23
95 162 72
95 194 54
95 216 35
95 228 10
95 254 52
95 288 49
95 292 31
95 297 31
95 325 53
95 329 47
95 335 50
95 394 15
96 98 60
96 135 26
96 170 49
96 185 14
96 188 32
96 191 35
96 193 7
96 201 8
96 209 80
96 216 46
96 231 45
96 268 15
96 274 8
96 302 78
96 305 9
96 327 67
96 335 12
96 384 44
96 389 48
97 143 77
97 159 58
97 166 46
97 173 74
97 191 50
97 204 45
97 207 48
97 217 80
97 224 50
97 236 35
97 259 28
97 272 47
97 313 66
97 325 10
97 364 78
97 399 31
98 123 14
98 136 22
98 152 66
98 203 77
98 252 69
98 291 54
98 304 1
98 323 21
98 348 59
98 355 50
98 357 56
98 393 63
98 399 15
99 112 43
99 124 20
99 144 55
99 150 79
99 159 48
99 163 77
99 203 75
99 209 15
99 223 79
99 241 68
99 257 79
99 262 31
99 303 21
99 366 21
99 381 9
99 383 38
99 394 50
100 105 49
100 108 16
100 115 9
100 151 32
100 152 74
100 161 37
100 180 67
100 182 39
100 211 40
100 217 11
100 270 49
100 272 55
100 274 24
100 298 4
100 301 68
100 305 3
100 336 46
100 338 29
100 344 54
100 345 10
100 367 14
100 388 26
101 107 16
101 166 17
101 207 10
101 217 18
101 220 1
101 236 75
101 306 5
101 328 68
101 334 20
101 367 72
102 107 62
102 113 63
102 140 47
102 148 20
102 173 7
102 203 73
102 214 44
102 240 55
102 244 38
102 263 38
102 264 71
102 294 21
102 298 64
102 329 22
102 330 2
102 346 80
102 375 22
102 388 25
103 131 47
103 174 40
103 201 57
103 223 46
103 229 50
103 257 9
103 263 29
103 265 32
103 297 38
103 339 28
103 352 75
103 355 79
103 388 14
103 389 32
104 184 31
104 186 51
104 212 35
104 226 49
104 237 38
104 243 16
104 295 6
104 319 75
104 353 15
104 354 1
104 395 31
105 152 2
105 181 22
105 202 12
105 215 7
105 222 38
105 238 1
105 263 38
105 266 34
105 270 49
105 271 12
105 301 73
105 315 13
105 317 13
105 335 54
105 337 67
105 343 54
105 345 14
105 363 64
105 386 51
106 111 74
106 122 22
106 155 59
106 174 12
106 187 23
106 224 78
106 293 8
106 327 46
106 340 13
106 349 28
106 354 46
106 369 72
106 378 5
106 383 31
106 397 73
107 112 69
107 115 69
107 151 49
107 196 24
107 206 20
107 233 51
107 263 58
107 264 39
107 283 17
107 295 18
107 296 24
107 352 6
107 381 54
107 383 6
108 109 62
108 122 67
108 168 53
108 183 40
108 196 33
108 199 77
108 207 19
108 210 9
108 239 36
108 286 15
108 342 13
108 369 75
109 110 8
109 118 33
109 126 49
109 139 54
109 143 70
109 144 23
109 151 5
109 169 3
109 171 64
109 192 62
109 206 54
109 218 73
109 235 29
109 236 3
109 239 13
109 284 65
109 298 40
109 327 26
110 120 25
110 187 41
110 214 15
110 220 57
110 263 21
110 283 23
110 295 14
110 299 7
110 336 75
110 373 74
110 375 23
110 392 40
110 397 19
111 148 37
111 150 67
111 174 80
111 175 1
111 181 29
111 209 38
111 213 14
111 249 30
111 253 67
111 283 35
111 286 57
111 287 25
111 298 14
111 299 64
111 339 48
111 349 45
111 359 67
111 376 52
112 114 50
112 132 65
112 161 55
112 177 9
112 179 79
112 185 53
112 189 3
112 208 19
112 238 68
112 241 75
112 248 16
112 250 71
112 323 1
112 363 20
112 390 6
112 392 6
113 138 58
113 139 6
113 140 30
113 162 48
113 181 25
113 184 3
113 191 52
113 207 48
113 249 26
113 296 20
113 345 67
113 361 2
113 384 20
114 128 33
114 144 55
114 150 51
114 160 56
114 168 4
114 188 73
114 205 34
114 216 5
114 257 74
114 300 10
114 302 65
114 316 62
114 370 73
114 389 65
115 173 11
115 179 45
115 200 45
115 268 52
115 335 14
115 347 56
115 348 21
115 353 43
115 379 49
116 125 46
116 126 13
116 131 30
116 145 51
116 171 43
116 172 52
116 280 41
116 281 33
116 295 7
116 307 26
116 314 43
116 335 65
116 354 62
116 357 10
117 118 45
117 167 6
117 182 70
117 195 20
117 211 43
117 237 31
117 247 53
117 311 33
117 335 73
117 336 11
118 121 58
118 137 60
118 190 16
118 192 47
118 199 66
118 246 62
118 257 78
118 267 61
118 286 42
118 293 21
118 301 10
118 333 5
118 364 45
118 386 80
118 389 30
119 134 67
119 138 18
119 187 14
119 205 62
119 218 76
119 270 6
119 276 78
119 321 61
119 331 39
119 353 50
119 379 39
120 139 13
120 146 74
120 151 74
120 178 4
120 193 41
120 226 17
120 250 60
120 255 70
120 261 18
120 263 1
120 286 45
120 290 32
120 317 18
120 318 37
120 341 54
120 343 39
120 362 13
120 364 8
120 386 13
120 387 3
121 123 76
121 126 52
121 127 30
121 162 33
121 196 26
121 203 48
121 225 57
121 256 57
121 291 1
121 310 11
121 314 16
121 343 32
121 365 41
121 400 24
122 155 76
122 209 75
122 216 47
122 250 63
122 261 53
122 290 39
122 297 50
122 301 42
122 302 17
122 306 71
122 320 28
122 326 63
122 349 53
123 139 64
123 152 52
123 167 1
123 221 37
123 224 7
123 247 58
123 294 72
123 300 46
123 322 79
123 347 22
123 383 3
123 389 26
123 394 44
124 174 69
124 198 6
124 209 9
124 213 27
124 249 31
124 276 57
124 308 70
125 136 67
125 166 67
125 170 44
125 206 31
125 220 12
125 235 42
125 254 9
125 268 13
125 273 55
125 283 24
125 304 72
125 349 28
126 152 53
126 197 76
126 203 5
126 204 29
126 236 9
126 245 60
126 287 39
126 316 40
126 336 4
127 153 55
127 210 3
127 219 38
127 230 43
127 242 61
127 285 5
127 291 3
127 323 58
127 337 56
127 347 6
127 349 75
127 384 10
128 156 3
128 167 2
128 183 43
128 190 5
128 253 51
128 256 20
128 265 44
128 268 31
128 275 9
128 294 44
128 322 72
128 326 44
128 333 18
128 358 46
128 367 73
128 372 78
129 132 9
129 150 79
129 165 60
129 167 10
129 215 33
129 227 11
129 264 2
129 313 27
129 319 66
129 353 54
129 381 67
130 145 30
130 162 57
130 182 15
130 184 31
130 190 41
130 197 14
130 214 9
130 252 46
130 255 3
130 256 65
130 274 74
130 304 53
130 336 51
130 364 25
130 365 41
131 196 11
131 239 64
131 275 56
131 288 41
131 302 22
131 308 72
131 313 67
131 320 28
131 322 9
131 341 16
131 379 11
131 396 46
132 136 68
132 152 37
132 156 76
132 169 80
132 206 10
132 238 22
132 242 27
132 284 44
132 303 77
132 313 36
132 350 68
132 368 60
133 162 17
133 239 20
133 260 10
133 263 18
133 280 78
133 314 42
133 334 23
134 135 63
134 138 47
134 151 78
134 159 42
134 162 35
134 163 45
134 193 24
134 232 65
134 241 52
134 252 20
134 285 73
134 294 73
134 366 26
134 390 23
135 142 53
135 143 50
135 161 19
135 178 72
135 206 16
135 231 64
135 244 58
135 253 74
135 277 34
135 306 26
135 307 28
135 319 6
135 327 56
135 372 80
135 380 56
135 381 4
136 139 49
136 150 34
136 182 69
136 191 50
136 204 15
136 212 66
136 225 38
136 229 25
136 256 7
136 260 35
136 280 31
136 328 24
136 350 77
136 368 16
137 157 27
137 160 6
137 171 27
137 176 63
137 183 14
137 200 74
137 218 73
137 241 74
137 250 60
137 261 61
137 266 53
137 270 66
137 277 6
137 291 49
137 296 51
137 308 63
137 344 63
137 358 16
137 364 6
138 148 62
138 162 8
138 164 68
138 209 13
138 222 20
138 228 71
138 267 59
138 294 39
138 309 41
138 314 32
138 335 46
138 342 17
138 343 63
138 378 78
139 167 13
139 182 44
139 184 28
139 188 27
139 189 64
139 203 41
139 221 40
139 251 27
139 264 56
139 271 75
139 282 48
139 294 28
139 312 79
139 321 39
139 323 60
139 327 51
139 372 80
139 380 49
139 388 46
140 160 47
140 210 9
140 296 46
140 327 32
140 332 46
140 337 60
140 339 55
141 148 29
141 187 16
141 198 11
141 219 50
141 223 56
141 241 71
141 254 22
141 283 31
141 294 73
141 313 36
141 352 80
141 356 4
141 365 58
141 383 52
142 153 5
142 158 26
142 159 13
142 194 60
142 226 17
142 284 27
142 339 55
142 366 77
142 375 30
142 388 49
142 392 8
142 395 60
143 160 66
143 167 28
143 186 37
143 187 38
143 199 29
143 211 7
143 227 41
143 271 25
143 311 32
143 312 4
143 333 34
143 339 80
143 354 9
143 367 44
143 373 22
144 187 54
144 195 72
144 207 50
144 245 1
144 252 15
144 262 15
144 318 77
144 359 47
144 362 50
144 391 57
145 199 29
145 200 63
145 215 26
145 219 2
145 235 20
145 241 41
145 263 31
145 315 53
145 339 8
145 354 1
145 391 62
145 392 48
145 398 72
146 192 6
146 200 14
146 212 37
146 245 65
146 249 34
146 272 1
146 294 74
146 312 80
146 322 2
146 327 38
146 329 11
146 362 47
146 376 51
147 168 11
147 169 69
147 191 25
147 194 16
147 230 30
147 239 62
147 240 22
147 254 67
147 263 52
147 307 42
147 351 29
147 391 33
148 159 30
148 217 19
148 228 45
148 248 35
148 261 5
148 264 12
148 276 16
148 303 68
148 312 17
148 331 14
148 333 11
148 377 66
148 382 34
149 187 12
149 210 59
149 231 23
149 245 23
149 259 74
149 267 8
149 270 39
149 310 7
149 381 13
149 392 60
150 244 54
150 245 50
150 269 49
150 274 25
150 289 31
150 315 56
150 317 30
150 332 61
150 341 3
150 370 73
151 155 23
151 167 4
151 168 40
151 177 37
151 203 55
151 215 54
151 247 24
151 277 23
151 291 16
151 321 60
151 342 14
151 377 39
151 391 41
152 192 36
152 204 27
152 205 19
152 211 59
152 213 66
152 241 49
152 286 77
152 287 28
152 290 63
152 343 66
152 360 31
152 394 6
152 396 1
153 168 36
153 170 4
153 177 75
153 183 64
153 215 77
153 230 31
153 242 59
153 257 4
153 269 15
153 328 53
153 332 42
153 339 25
153 351 18
153 376 13
153 380 9
154 166 45
154 180 52
154 187 3
154 197 37
154 207 13
154 269 48
154 277 14
154 318 15
154 320 10
154 325 22
154 339 44
154 344 52
154 360 66
154 365 60
155 198 41
155 228 64
155 244 39
155 268 3
155 277 11
155 311 49
155 324 66
155 329 28
155 343 21
155 374 59
155 380 71
155 399 68
156 176 67
156 187 41
156 207 2
156 218 66
156 251 38
156 259 7
156 266 64
156 277 68
156 289 42
156 295 29
156 315 58
156 318 64
156 330 36
156 332 59
156 334 46
156 338 73
156 339 49
156 342 16
156 366 43
156 384 56
157 180 30
157 203 46
157 207 4
157 223 51
157 226 45
157 317 36
157 337 75
157 364 67
157 373 4
158 197 11
158 234 79
158 261 78
158 299 65
158 320 45
158 331 6
158 341 80
158 398 61
158 399 68
159 202 27
159 213 61
159 237 72
159 255 44
159 271 32
159 284 67
159 336 42
159 348 9
159 386 49
160 176 71
160 199 66
160 219 6
160 220 60
160 225 61
160 232 9
160 264 72
160 289 74
160 295 1
160 348 58
160 350 58
160 383 27
161 177 18
161 180 61
161 188 71
161 195 75
161 238 37
161 263 33
161 291 79
161 293 64
161 322 65
161 330 72
161 366 7
161 373 32
161 378 41
161 380 19
161 388 38
161 398 62
162 170 33
162 177 79
162 191 65
162 194 29
162 209 73
162 220 7
162 227 13
162 262 41
162 265 22
162 271 4
162 303 77
162 313 10
162 331 60
162 349 8
162 350 65
162 354 15
163 216 8
163 218 22
163 234 3
163 261 37
163 299 22
163 331 78
163 357 74
163 368 16
163 369 17
163 385 26
163 391 6
163 398 41
163 399 26
164 167 65
164 175 59
164 180 77
164 191 63
164 215 41
164 243 23
164 257 74
164 259 50
164 263 67
164 271 45
164 286 30
164 326 37
164 337 20
164 357 9
164 367 75
164 384 36
165 166 13
165 173 38
165 178 58
165 191 37
165 233 77
165 278 37
165 299 37
165 307 2
165 353 72
165 364 71
166 202 36
166 217 1
166 239 42
166 250 62
166 268 77
166 294 14
166 303 16
166 307 21
166 368 7
167 206 21
167 218 44
167 234 11
167 246 42
167 263 41
167 302 79
167 304 36
167 368 7
167 383 77
167 392 27
167 398 10
167 400 66
168 173 67
168 227 25
168 287 7
168 305 54
168 331 32
168 384 45
169 192 78
169 206 65
169 213 55
169 296 24
169 301 42
169 303 36
169 324 2
169 340 59
170 189 26
170 196 44
170 201 26
170 253 51
170 271 27
170 297 7
170 337 23
170 342 72
170 352 50
170 380 66
170 392 36
171 175 41
171 195 52
171 208 10
171 230 25
171 246 68
171 248 58
171 258 72
171 263 62
171 268 59
171 276 68
171 277 12
171 291 2
171 310 57
171 317 70
171 331 10
171 335 18
171 371 71
171 384 78
171 393 57
172 198 17
172 214 6
172 256 72
172 275 45
172 276 65
172 350 27
172 385 61
173 187 56
173 218 58
173 241 74
173 263 48
173 266 57
173 276 11
173 297 16
173 303 3
173 339 66
173 340 51
173 345 16
173 363 76
174 180 58
174 181 61
174 208 26
174 275 23
174 296 69
174 343 6
174 350 62
174 381 53
174 389 50
175 188 49
175 244 72
175 261 43
175 274 13
175 298 19
175 301 26
175 305 72
175 313 47
175 314 14
175 322 74
175 332 41
175 335 78
175 338 7
175 343 29
175 361 11
175 380 66
176 181 4
176 187 53
176 232 28
176 235 11
176 236 3
176 240 33
176 245 69
176 279 68
176 288 31
176 306 73
176 335 20
176 352 48
176 382 11
177 179 61
177 189 39
177 258 48
177 318 29
177 322 65
177 338 61
177 356 60
177 375 54
177 389 28
177 390 34
178 194 70
178 206 6
178 231 47
178 238 67
178 247 18
178 286 21
178 315 35
178 329 24
178 369 60
178 371 15
178 399 46
179 198 35
179 202 6
179 214 14
179 225 3
179 228 21
179 239 2
179 246 73
179 255 21
179 271 7
179 310 22
179 328 51
179 342 59
179 357 30
179 387 70
179 388 74
180 182 80
180 189 24
180 207 28
180 222 5
180 227 27
180 242 45
180 243 1
180 251 56
180 263 49
180 334 74
180 353 33
180 381 71
181 259 58
181 287 43
181 308 55
181 311 68
181 316 40
181 320 75
181 332 56
181 347 33
181 360 46
181 377 41
181 383 50
182 204 25
182 221 53
182 238 22
182 266 66
182 269 64
182 299 2
182 310 61
182 360 63
182 365 67
183 213 78
183 241 8
183 252 70
183 295 37
183 334 33
183 348 7
183 355 34
184 190 13
184 198 41
184 236 52
184 240 51
184 247 31
184 273 21
184 298 40
184 300 10
184 308 72
184 322 5
184 330 67
185 205 52
185 217 50
185 219 27
185 225 72
185 239 32
185 243 63
185 248 59
185 271 11
185 278 64
185 291 74
185 294 41
185 297 78
185 302 9
185 327 35
185 368 79
185 386 63
185 388 46
186 202 62
186 203 42
186 207 72
186 209 57
186 226 13
186 233 41
186 246 55
186 255 42
186 257 10
186 264 59
186 266 3
186 298 16
186 317 36
186 356 18
186 373 66
187 202 19
187 216 37
187 269 47
187 271 58
187 278 19
187 292 40
187 300 26
187 302 48
187 360 16
188 215 52
188 232 68
188 235 12
188 253 51
188 289 10
188 318 42
188 326 57
188 342 13
188 383 62
188 388 20
189 234 25
189 248 49
189 284 13
189 289 5
189 318 70
189 338 68
189 354 79
189 356 30
190 198 16
190 203 61
190 242 77
190 282 38
190 309 41
190 343 73
190 384 72
190 397 66
191 194 77
191 208 55
191 256 39
191 258 67
191 272 35
191 286 60
191 288 28
191 323 17
191 351 33
191 357 32
191 366 44
191 394 76
192 203 63
192 212 4
192 232 2
192 257 38
192 272 11
192 322 10
192 354 80
192 377 30
193 233 50
193 247 49
193 254 47
193 256 71
193 280 2
193 292 79
193 299 36
193 311 33
193 339 10
193 348 24
193 352 9
193 359 2
193 393 42
194 218 60
194 226 38
194 289 2
194 290 59
194 307 9
194 318 38
194 321 24
194 331 38
194 348 51
194 352 20
194 366 11
194 372 29
195 200 2
195 218 59
195 254 63
195 257 78
195 267 17
195 275 24
195 300 66
195 308 17
195 333 53
195 356 21
195 392 59
196 246 10
196 248 65
196 276 24
196 285 27
196 295 46
196 296 20
196 304 5
196 309 1
196 325 2
196 381 75
197 215 31
197 234 13
197 238 65
197 239 1
197 258 5
197 300 51
197 363 65
197 375 25
198 227 41
198 234 79
198 294 36
198 297 14
198 305 79
198 310 79
198 325 10
198 333 24
198 379 72
199 206 54
199 207 80
199 225 18
199 239 54
199 248 45
199 276 68
199 282 74
199 289 75
199 292 46
199 301 33
199 306 10
199 308 46
199 330 31
199 353 11
200 251 57
200 258 65
200 279 7
200 329 71
200 343 71
200 352 70
200 353 25
200 377 45
201 212 60
201 245 20
201 259 37
201 317 29
201 329 49
201 331 64
201 385 28
202 212 10
202 227 73
202 252 53
202 269 8
202 297 20
202 329 35
202 374 8
202 377 31
202 397 25
203 210 2
203 239 37
203 245 36
203 249 69
203 272 59
203 273 13
203 274 62
203 301 78
203 336 73
203 338 8
203 349 7
203 357 4
204 230 76
204 242 21
204 273 24
204 303 22
204 325 44
204 329 60
204 338 73
204 339 2
204 345 19
204 376 70
204 396 62
205 302 16
205 310 59
205 316 66
205 397 30
205 400 34
206 229 9
206 248 25
206 251 40
206 254 41
206 278 11
206 284 70
206 292 14
206 306 80
206 309 56
206 334 49
206 353 29
206 373 55
206 376 12
207 238 5
207 240 28
207 243 30
207 270 13
207 299 22
207 307 12
207 313 78
207 333 36
207 349 35
207 362 39
207 373 20
207 388 26
208 211 24
208 222 50
208 232 53
208 245 65
208 259 71
208 307 2
208 334 5
208 336 80
208 356 3
208 372 57
208 374 43
209 224 26
209 255 55
209 272 23
209 309 62
209 338 62
209 339 63
209 381 18
209 393 14
209 397 50
210 217 31
210 232 57
210 246 20
210 305 62
210 316 61
210 317 43
210 325 18
211 231 77
211 248 8
211 286 43
211 304 52
211 310 4
211 311 49
211 317 66
211 372 8
211 376 44
211 392 5
212 227 52
212 265 39
212 271 61
212 277 48
212 311 65
212 356 61
213 224 43
213 230 53
213 243 61
213 300 45
213 317 61
213 330 56
213 353 76
213 356 12
213 380 29
214 223 49
214 233 67
214 243 35
214 250 30
214 253 66
214 258 23
214 263 20
214 303 28
214 328 10
214 345 21
214 368 39
214 388 57
214 397 2
215 232 23
215 237 1
215 253 55
215 262 77
215 268 11
215 278 5
215 279 13
215 300 16
215 372 1
215 373 27
215 377 17
216 272 27
216 314 3
216 326 76
216 332 55
216 343 79
216 367 74
217 234 69
217 239 27
217 246 30
217 255 76
217 267 20
217 276 72
217 293 22
217 307 53
217 359 23
217 367 12
217 388 69
217 396 44
218 238 75
218 259 68
218 265 28
218 278 61
218 300 12
218 381 40
218 390 1
219 257 57
219 292 27
219 321 18
219 325 59
219 335 10
219 351 76
219 367 57
219 382 20
220 236 49
220 268 17
220 296 49
220 321 78
220 348 66
220 359 42
220 366 3
220 397 56
221 256 15
221 305 79
221 330 7
221 331 32
221 370 54
222 235 72
222 257 35
222 258 25
222 261 14
222 273 80
222 289 31
222 371 32
222 373 79
222 396 32
223 225 29
223 227 1
223 257 21
223 269 59
223 288 33
223 311 33
223 325 51
223 377 62
224 239 33
224 269 58
224 319 63
224 381 53
224 386 55
225 248 38
225 256 62
225 296 5
225 300 58
225 309 3
225 330 61
225 333 35
225 353 64
225 375 67
225 378 6
225 393 45
225 397 49
226 239 65
226 244 61
226 247 51
226 261 64
226 295 68
226 339 80
226 348 69
227 239 29
227 254 35
227 269 44
227 274 46
227 277 19
227 282 22
227 284 53
227 300 16
227 314 18
227 318 30
227 347 53
228 231 74
228 254 65
228 255 69
228 263 49
228 335 51
228 340 79
228 365 69
228 376 25
229 253 52
229 316 10
229 344 17
229 348 62
229 349 65
229 385 4
229 386 23
230 249 58
230 254 47
230 264 35
230 269 14
230 277 44
230 302 13
230 336 70
230 344 68
230 354 6
230 394 77
231 259 29
231 260 54
231 270 5
231 279 34
231 299 70
231 310 26
231 334 51
231 356 17
231 386 73
232 262 40
232 263 43
232 314 11
232 334 66
232 337 37
232 339 15
232 346 39
232 349 48
232 375 20
233 239 66
233 341 80
233 367 5
233 372 46
233 399 24
234 246 58
234 313 54
234 339 19
234 340 31
234 354 44
234 363 35
234 397 51
234 400 2
235 247 18
235 268 36
235 278 21
235 280 10
235 301 6
235 316 39
235 330 17
235 338 74
235 352 25
235 365 62
235 385 61
236 242 60
236 243 2
236 251 29
236 252 21
236 253 51
236 278 4
236 295 31
236 301 68
236 360 71
236 361 14
236 398 54
237 288 66
237 300 80
237 307 7
237 310 74
237 344 51
237 349 49
237 372 48
237 400 64
238 271 56
238 287 10
238 290 33
238 300 50
238 302 62
238 359 20
238 361 74
238 389 26
239 261 73
239 271 48
239 274 13
239 278 69
239 280 25
239 300 70
239 345 55
239 351 37
239 371 49
239 398 8
240 248 41
240 262 32
240 286 27
240 319 45
240 353 72
240 363 64
241 250 41
241 252 22
241 263 18
241 271 33
241 278 45
241 305 10
241 318 75
241 358 22
241 377 38
241 388 59
242 261 7
242 267 45
242 282 5
242 302 46
242 304 52
242 307 68
242 316 73
242 318 62
242 339 57
242 341 78
242 347 53
242 375 14
242 398 45
243 300 65
243 305 59
243 323 8
243 327 80
243 338 52
243 386 61
244 285 59
244 295 60
244 302 57
244 306 32
244 311 6
244 392 43
245 267 74
245 300 39
245 316 2
245 335 39
245 372 33
245 373 72
245 396 77
246 253 2
246 264 36
246 267 64
246 287 70
246 318 14
246 325 67
246 365 37
246 366 40
247 249 59
247 285 45
247 296 41
247 298 25
247 329 27
247 347 31
247 362 33
247 377 67
247 390 2
248 254 64
248 265 9
248 277 43
248 330 11
248 332 71
248 344 41
248 381 37
248 386 54
248 387 56
249 283 77
249 302 61
249 344 53
249 346 37
249 352 53
249 359 39
249 370 34
249 381 34
249 382 26
249 396 46
250 261 8
250 267 32
250 293 52
250 294 36
250 304 18
250 313 9
251 257 34
251 350 12
251 395 78
252 262 19
252 270 17
252 279 71
252 280 17
252 281 1
252 286 39
252 358 15
252 359 31
252 372 31
252 379 55
252 384 17
253 273 48
253 274 67
253 358 16
253 375 50
253 385 21
253 386 50
254 292 22
254 329 27
254 350 45
254 353 72
255 302 69
255 344 10
255 357 38
255 363 73
255 379 36
255 381 63
255 399 52
256 265 4
256 274 2
256 288 74
256 295 14
256 313 35
256 315 72
256 351 72
256 354 34
256 360 1
256 362 35
256 389 61
257 263 70
257 266 56
257 280 74
257 287 45
257 313 47
257 325 10
257 358 57
257 378 18
257 384 17
257 391 65
257 398 3
258 300 61
258 305 75
258 309 10
258 320 71
258 344 76
258 376 31
258 392 32
259 294 52
259 307 17
259 343 66
259 350 32
259 387 54
260 262 16
260 305 4
260 307 79
260 315 75
260 316 70
260 335 3
260 337 41
260 339 62
260 348 40
260 356 63
260 375 34
260 391 10
261 264 50
261 296 4
261 312 70
261 360 42
261 366 19
262 267 18
262 284 47
262 295 14
262 299 38
262 313 75
262 314 19
262 339 51
262 350 2
262 357 74
262 369 62
262 375 19
262 399 25
263 266 19
263 327 20
263 388 3
264 274 68
264 364 58
264 366 71
264 380 11
264 400 6
265 299 76
265 318 72
265 319 73
265 336 7
265 342 68
265 346 51
265 370 73
265 373 68
265 386 80
265 398 55
266 291 77
266 296 25
266 315 7
266 327 13
266 348 71
266 359 53
266 370 56
266 394 7
267 272 5
267 278 73
267 292 79
267 302 49
267 309 43
267 338 64
267 361 29
267 372 25
267 375 6
267 380 1
267 396 62
268 272 12
268 303 56
268 311 67
268 319 6
268 324 21
268 331 54
268 347 2
268 356 31
268 387 61
268 397 15
269 278 22
269 311 8
269 337 70
269 346 10
269 347 72
269 348 10
269 356 44
269 364 13
270 293 23
270 295 29
270 305 19
270 317 24
270 324 9
270 346 43
270 348 25
270 398 31
271 281 15
271 288 58
271 289 34
271 320 62
271 348 51
271 360 45
272 315 10
272 327 80
272 331 52
272 360 17
272 366 75
273 294 39
273 322 2
273 336 15
273 357 14
273 372 66
273 373 34
274 281 49
274 283 45
274 290 43
274 291 18
274 359 17
274 393 74
275 302 47
275 327 6
275 350 4
275 359 2
275 395 20
275 398 72
276 305 5
276 346 4
276 361 19
277 288 10
277 297 36
277 304 26
277 307 30
277 380 34
277 393 62
278 353 17
278 359 28
278 389 11
278 398 1
279 283 37
279 302 2
279 322 76
279 384 52
280 307 80
280 327 46
280 342 31
280 358 75
280 372 70
280 393 42
280 396 41
281 301 27
281 339 20
281 349 42
281 350 62
281 374 50
281 384 16
282 289 69
282 312 35
282 332 74
282 336 11
282 345 78
282 347 8
282 358 38
282 378 76
282 400 9
283 317 12
283 322 59
283 323 46
283 324 13
283 348 4
283 357 45
284 291 52
284 296 69
284 333 71
284 371 61
285 291 11
285 305 40
285 323 63
285 396 33
286 291 61
286 300 46
286 329 5
286 344 48
286 353 46
286 356 41
286 365 53
286 370 54
287 290 52
287 357 66
287 386 13
287 399 12
288 347 12
288 376 60
288 389 55
288 393 8
289 300 73
289 316 69
289 341 78
289 395 20
290 316 77
290 392 68
291 292 38
291 323 46
291 331 68
291 354 28
291 394 50
292 325 61
292 364 61
292 398 3
293 311 18
293 331 8
293 335 36
293 351 61
293 388 30
293 400 11
294 318 1
294 320 80
294 370 51
294 375 69
295 298 67
295 326 1
295 331 34
295 355 14
295 356 55
295 381 7
295 400 44
296 331 65
296 358 23
296 372 45
296 400 72
297 337 75
297 344 8
297 394 29
298 345 62
299 306 65
299 316 28
299 353 75
299 368 7
299 372 35
299 377 35
300 378 9
301 320 57
302 319 45
302 334 78
302 336 20
302 377 15
302 389 75
303 327 43
303 352 47
303 371 14
303 386 37
303 391 69
303 399 22
304 318 41
304 321 46
304 323 37
304 344 14
304 365 13
304 377 33
304 394 6
305 334 35
305 391 67
306 346 66
306 364 33
306 372 26
306 377 51
307 356 17
307 361 37
307 371 40
307 386 5
308 334 25
308 360 15
308 366 30
308 384 47
308 395 71
309 325 23
309 346 2
310 314 32
310 321 45
310 372 30
310 397 72
310 398 10
311 331 52
311 352 46
311 392 61
312 324 21
312 363 78
312 367 15
312 371 75
312 375 33
312 384 27
312 398 13
313 319 51
313 322 59
313 335 6
313 339 61
313 355 37
314 315 60
314 318 77
314 333 76
314 334 19
314 386 60
315 320 11
315 335 62
315 369 28
315 397 57
316 318 21
316 335 50
316 354 6
316 373 8
317 333 52
317 335 21
317 395 11
318 331 66
318 339 31
318 350 40
318 354 80
318 360 71
318 376 8
318 396 79
319 321 52
319 376 2
319 384 46
319 400 64
320 377 23
321 380 44
321 381 5
322 325 53
322 358 60
322 361 1
322 363 44
322 371 65
322 387 55
322 399 28
323 371 4
323 374 47
323 378 57
323 383 67
323 387 28
324 349 21
324 360 21
324 370 46
324 392 57
325 330 34
325 331 3
325 338 64
325 398 49
326 336 51
326 343 50
327 328 34
327 361 74
327 368 40
327 377 77
327 384 24
327 386 78
327 400 74
328 336 77
328 338 47
328 348 20
328 390 4
328 398 2
329 331 6
329 351 54
329 370 14
329 379 21
329 391 7
330 353 17
330 358 79
330 371 11
330 372 48
331 355 32
331 381 18
331 396 59
332 334 45
332 347 79
332 372 65
332 398 70
333 344 68
333 347 48
333 351 19
333 371 59
333 381 19
334 366 72
334 372 10
334 386 56
335 365 38
336 389 20
336 397 24
337 366 21
337 370 11
337 376 70
337 384 11
337 392 59
338 346 35
338 347 51
338 358 18
338 365 70
338 370 71
338 398 29
339 399 66
340 351 73
340 370 77
340 378 36
341 358 71
341 389 46
342 352 10
342 361 46
343 361 45
343 377 6
343 394 18
343 397 13
344 360 71
344 376 13
344 379 17
344 388 6
344 392 70
345 349 46
345 353 18
345 354 66
346 366 38
346 372 26
347 363 30
347 371 68
348 377 77
348 379 16
349 356 19
349 358 30
349 384 80
350 386 61
350 399 31
351 360 68
351 379 62
351 389 49
351 399 6
352 372 12
353 362 37
353 367 39
353 368 58
353 385 40
353 392 59
354 359 39
354 365 30
354 394 69
355 367 66
355 374 56
356 359 79
356 364 10
356 388 28
357 364 51
357 386 47
359 380 31
359 389 53
359 390 3
359 395 60
360 393 73
360 397 58
361 372 62
361 374 21
361 378 67
362 367 51
362 391 23
363 371 37
363 379 74
363 388 42
363 398 12
363 399 41
364 366 53
364 376 71
364 379 68
364 389 52
365 372 12
365 377 42
365 379 20
365 392 78
366 377 51
367 391 72
368 389 56
368 399 64
369 378 59
369 394 4
371 377 28
371 379 5
371 391 58
372 393 55
373 377 57
373 384 45
373 392 46
373 397 65
374 388 66
375 381 9
375 392 41
376 381 18
376 394 26
377 380 41
379 380 47
379 400 18
383 389 30
383 391 16
384 386 77
384 392 35
385 394 55
386 398 59
391 393 25
396 398 54
396 399 35
