200 3920
1 7 4
1 10 2
1 11 2
1 12 2
1 13 3
1 19 4
1 22 3
1 23 1
1 26 1
1 36 1
1 37 4
1 40 4
1 50 4
1 56 2
1 59 2
1 61 2
1 62 4
1 67 5
1 70 5
1 73 2
1 81 2
1 84 5
1 91 4
1 93 5
1 99 2
1 100 2
1 104 4
1 107 1
1 111 3
1 113 5
1 120 1
1 121 5
1 122 1
1 127 4
1 130 4
1 136 1
1 153 4
1 156 3
1 165 1
1 168 2
1 172 1
1 173 3
1 181 4
1 184 5
1 186 1
1 193 4
2 6 1
2 8 4
2 24 2
2 29 1
2 36 3
2 40 2
2 46 3
2 47 1
2 48 3
2 50 5
2 52 2
2 64 4
2 75 4
2 76 3
2 82 4
2 92 4
2 102 3
2 117 2
2 118 4
2 119 4
2 120 5
2 122 5
2 131 1
2 133 2
2 136 3
2 139 4
2 147 2
2 149 5
2 157 3
2 167 4
2 171 1
2 172 4
2 174 4
2 182 5
2 183 5
2 184 2
2 200 4
3 9 4
3 15 4
3 18 4
3 19 2
3 23 1
3 28 4
3 29 4
3 33 2
3 34 5
3 36 3
3 46 1
3 49 4
3 57 4
3 60 2
3 61 1
3 62 1
3 70 4
3 73 3
3 78 2
3 86 1
3 91 2
3 95 1
3 102 2
3 105 4
3 106 2
3 113 3
3 114 2
3 121 2
3 129 1
3 136 1
3 138 5
3 141 5
3 149 1
3 150 2
3 155 5
3 166 1
3 172 4
3 174 1
3 185 3
3 189 5
3 196 4
3 199 1
4 17 5
4 20 3
4 22 3
4 25 4
4 26 3
4 29 2
4 32 1
4 34 3
4 36 4
4 39 5
4 51 4
4 59 1
4 65 3
4 72 3
4 77 4
4 78 2
4 80 3
4 81 1
4 85 3
4 87 5
4 95 4
4 96 2
4 100 5
4 105 5
4 116 1
4 119 2
4 120 2
4 121 3
4 124 1
4 125 5
4 127 3
4 131 5
4 133 1
4 148 5
4 152 5
4 154 5
4 162 2
4 171 2
4 173 1
4 181 3
4 191 2
4 192 2
4 194 2
4 195 3
5 25 5
5 26 5
5 27 5
5 31 4
5 38 5
5 51 4
5 60 1
5 64 1
5 68 2
5 74 4
5 76 4
5 79 1
5 88 5
5 89 3
5 100 5
5 116 3
5 117 5
5 118 5
5 125 5
5 127 3
5 133 3
5 136 5
5 138 4
5 145 1
5 147 2
5 152 1
5 159 3
5 160 4
5 176 1
5 179 1
5 180 2
5 184 3
5 187 3
5 195 1
5 197 4
5 199 5
6 17 3
6 22 4
6 26 2
6 31 3
6 36 4
6 39 3
6 41 4
6 45 1
6 48 1
6 53 1
6 54 2
6 56 5
6 58 2
6 59 4
6 62 1
6 69 4
6 72 2
6 79 2
6 86 5
6 91 3
6 99 1
6 101 3
6 104 5
6 113 5
6 115 5
6 116 4
6 124 1
6 128 3
6 152 2
6 155 5
6 158 2
6 164 5
6 167 1
6 169 2
6 179 4
6 180 3
6 184 3
6 191 1
6 194 2
6 197 2
6 199 3
7 15 2
7 19 2
7 20 3
7 27 1
7 35 1
7 36 3
7 40 5
7 45 3
7 51 5
7 57 3
7 59 1
7 62 3
7 71 1
7 74 1
7 82 4
7 89 5
7 92 2
7 97 1
7 102 1
7 107 4
7 121 4
7 125 5
7 130 3
7 136 3
7 139 2
7 146 4
7 147 3
7 148 3
7 151 2
7 160 2
7 167 2
7 168 2
7 174 2
7 179 3
7 181 2
7 196 2
7 197 4
8 9 3
8 12 4
8 24 5
8 31 5
8 34 1
8 36 2
8 48 4
8 54 2
8 58 5
8 92 3
8 100 4
8 107 5
8 129 2
8 134 4
8 135 3
8 139 4
8 146 5
8 150 3
8 162 1
8 165 4
8 166 1
8 167 1
8 169 5
8 193 2
8 194 3
9 10 1
9 16 2
9 21 2
9 23 2
9 26 4
9 27 4
9 29 3
9 38 4
9 40 3
9 41 1
9 43 5
9 47 1
9 53 2
9 55 1
9 85 5
9 86 2
9 98 3
9 106 3
9 111 4
9 112 1
9 117 1
9 126 5
9 130 1
9 140 3
9 144 5
9 148 5
9 162 4
9 164 2
9 165 4
9 168 4
9 169 2
9 183 3
9 184 4
9 190 3
9 191 2
9 192 2
9 197 1
9 200 5
10 13 3
10 15 5
10 21 1
10 38 1
10 40 3
10 47 3
10 55 2
10 70 1
10 71 1
10 74 1
10 95 4
10 101 4
10 106 5
10 108 1
10 111 1
10 117 2
10 122 5
10 124 1
10 125 1
10 139 2
10 142 4
10 146 4
10 147 5
10 148 1
10 156 1
10 163 2
10 164 3
10 165 1
10 173 4
10 185 4
10 186 2
10 192 1
11 13 5
11 16 2
11 21 1
11 44 4
11 48 4
11 50 2
11 54 5
11 61 5
11 62 2
11 69 5
11 77 4
11 83 1
11 88 2
11 107 3
11 109 4
11 111 2
11 113 2
11 117 5
11 120 3
11 126 3
11 131 2
11 133 1
11 145 5
11 147 2
11 149 1
11 157 2
11 169 5
11 171 5
11 174 4
11 178 4
11 184 3
11 190 2
11 192 4
11 199 5
12 24 5
12 28 3
12 29 1
12 31 5
12 33 2
12 39 3
12 43 1
12 49 1
12 51 1
12 54 3
12 55 4
12 57 4
12 59 5
12 73 4
12 79 2
12 80 1
12 83 2
12 86 2
12 89 2
12 91 1
12 93 5
12 98 2
12 101 5
12 102 5
12 107 4
12 116 5
12 119 4
12 120 2
12 124 2
12 142 3
12 149 5
12 150 3
12 151 2
12 152 1
12 158 4
12 161 2
12 162 4
12 163 4
12 164 3
12 166 3
12 169 4
12 178 2
12 180 3
12 181 1
12 193 5
12 199 3
13 16 3
13 17 5
13 23 1
13 24 3
13 27 3
13 32 3
13 36 1
13 40 3
13 41 1
13 42 4
13 56 2
13 61 4
13 62 1
13 68 4
13 81 3
13 82 2
13 94 2
13 99 5
13 103 2
13 110 1
13 111 5
13 112 2
13 121 3
13 124 3
13 141 3
13 146 1
13 147 2
13 150 2
13 156 5
13 157 3
13 166 3
13 170 2
13 173 5
13 176 3
13 185 3
14 16 3
14 22 1
14 24 1
14 28 3
14 29 5
14 34 2
14 42 1
14 44 3
14 45 4
14 67 3
14 73 5
14 75 4
14 77 3
14 90 5
14 102 4
14 110 5
14 112 3
14 116 1
14 117 2
14 121 3
14 125 2
14 126 1
14 136 4
14 137 3
14 141 4
14 144 1
14 151 4
14 166 5
14 169 5
14 171 5
14 172 3
14 190 1
15 18 5
15 22 3
15 35 1
15 36 1
15 47 3
15 48 4
15 56 4
15 71 2
15 74 4
15 89 1
15 91 2
15 94 1
15 108 5
15 111 5
15 112 4
15 116 4
15 118 5
15 121 2
15 130 1
15 136 2
15 156 2
15 174 4
15 181 2
15 184 2
15 190 5
15 196 3
15 199 3
16 22 2
16 29 2
16 35 5
16 40 5
16 43 5
16 44 1
16 54 3
16 66 4
16 74 3
16 84 3
16 89 5
16 90 3
16 94 1
16 98 5
16 99 1
16 103 5
16 104 3
16 111 2
16 113 2
16 116 4
16 128 4
16 140 5
16 151 5
16 154 1
16 159 5
16 161 4
16 162 3
16 164 2
16 166 5
16 171 1
16 172 2
16 177 3
16 178 3
16 179 1
16 180 4
16 185 5
16 187 3
16 188 4
16 189 3
16 190 3
16 200 3
17 20 3
17 21 4
17 24 4
17 29 5
17 43 4
17 50 1
17 62 5
17 63 3
17 66 1
17 87 2
17 100 4
17 104 4
17 106 3
17 109 4
17 113 3
17 114 1
17 136 1
17 137 4
17 141 3
17 144 3
17 145 4
17 154 4
17 159 2
17 160 3
17 161 1
17 166 1
17 173 5
17 178 4
17 182 5
17 184 4
17 188 2
17 190 4
17 194 2
18 22 4
18 23 2
18 30 4
18 32 4
18 42 5
18 50 4
18 57 3
18 59 3
18 62 5
18 65 4
18 72 1
18 77 5
18 78 2
18 83 1
18 85 2
18 90 2
18 91 4
18 95 2
18 99 1
18 105 1
18 116 5
18 122 3
18 124 3
18 134 1
18 137 5
18 149 3
18 158 5
18 160 1
18 168 3
18 171 4
18 175 3
18 181 5
18 187 1
18 193 3
18 196 2
18 197 1
18 200 3
19 21 4
19 26 1
19 27 2
19 28 2
19 29 5
19 32 3
19 41 4
19 65 5
19 67 4
19 72 2
19 78 1
19 82 4
19 84 1
19 85 3
19 101 5
19 102 2
19 106 3
19 113 5
19 122 2
19 128 3
19 133 1
19 134 4
19 135 1
19 137 2
19 138 4
19 144 2
19 152 2
19 153 1
19 165 5
19 169 4
19 171 5
19 177 3
19 178 1
19 181 4
19 184 5
20 35 5
20 38 1
20 41 2
20 47 5
20 50 1
20 55 5
20 70 1
20 72 1
20 73 4
20 76 4
20 78 2
20 86 5
20 90 2
20 91 4
20 94 1
20 99 3
20 112 4
20 113 4
20 115 3
20 119 4
20 120 5
20 121 4
20 125 4
20 129 2
20 133 2
20 140 3
20 149 5
20 164 3
20 166 2
20 178 5
20 179 2
20 182 1
20 186 2
20 187 1
20 192 2
20 193 5
21 22 2
21 25 1
21 33 4
21 34 3
21 41 4
21 45 2
21 46 5
21 55 3
21 57 3
21 59 1
21 71 5
21 79 5
21 83 3
21 90 3
21 92 1
21 95 4
21 97 2
21 100 4
21 109 5
21 117 2
21 122 3
21 125 2
21 133 4
21 138 3
21 139 4
21 151 4
21 162 3
21 164 1
21 171 3
21 180 1
21 183 1
21 195 3
22 25 1
22 29 2
22 38 5
22 39 1
22 41 4
22 46 3
22 48 3
22 51 2
22 64 3
22 67 5
22 73 3
22 99 4
22 100 3
22 102 1
22 103 4
22 110 5
22 127 2
22 129 3
22 131 3
22 134 5
22 139 4
22 143 2
22 146 5
22 152 2
22 165 3
22 168 1
22 173 5
22 175 2
22 180 1
22 184 4
22 189 1
22 193 5
22 200 2
23 31 3
23 32 4
23 36 3
23 40 1
23 45 3
23 48 4
23 50 1
23 55 3
23 61 3
23 77 5
23 81 1
23 83 2
23 84 5
23 94 2
23 95 3
23 98 3
23 104 3
23 105 3
23 115 5
23 118 3
23 132 5
23 140 1
23 144 4
23 148 1
23 153 5
23 158 4
23 171 5
23 175 5
23 176 5
23 196 2
24 30 3
24 35 3
24 38 5
24 41 3
24 45 2
24 49 2
24 50 4
24 60 1
24 73 5
24 74 2
24 75 5
24 81 2
24 84 3
24 87 1
24 88 5
24 91 3
24 101 4
24 108 3
24 109 3
24 113 2
24 115 1
24 116 4
24 120 1
24 126 4
24 129 3
24 154 2
24 155 3
24 170 5
24 183 4
24 187 3
24 191 3
24 193 1
24 196 3
25 27 2
25 28 3
25 40 3
25 45 4
25 48 4
25 69 3
25 74 3
25 82 5
25 91 2
25 93 4
25 101 2
25 107 4
25 110 1
25 116 3
25 118 4
25 128 4
25 129 4
25 130 1
25 137 5
25 141 5
25 146 2
25 151 4
25 159 2
25 165 2
25 167 2
25 170 5
25 173 2
25 184 4
25 188 3
25 190 5
25 198 3
26 40 2
26 41 5
26 42 1
26 56 2
26 62 1
26 73 4
26 82 3
26 87 5
26 93 5
26 94 3
26 104 1
26 110 1
26 122 3
26 124 4
26 134 5
26 146 5
26 149 5
26 151 3
26 152 4
26 163 5
26 166 1
26 167 4
26 169 5
26 178 1
26 194 2
26 195 3
26 196 4
27 30 5
27 32 4
27 33 1
27 37 1
27 41 5
27 47 5
27 52 3
27 54 4
27 61 1
27 85 4
27 91 4
27 101 2
27 102 1
27 109 3
27 115 3
27 121 3
27 128 5
27 130 1
27 139 4
27 140 1
27 146 1
27 148 5
27 149 1
27 153 4
27 156 2
27 160 2
27 164 5
27 177 4
27 195 1
27 199 1
28 31 5
28 37 5
28 42 1
28 43 3
28 44 1
28 45 1
28 53 5
28 66 5
28 74 5
28 78 3
28 80 2
28 85 2
28 89 3
28 101 4
28 104 1
28 106 5
28 108 3
28 109 4
28 111 4
28 112 2
28 115 5
28 139 3
28 140 2
28 150 3
28 153 5
28 167 5
28 170 3
28 175 3
28 177 1
28 190 3
28 194 1
29 33 4
29 36 1
29 55 3
29 61 4
29 67 2
29 82 3
29 92 5
29 101 5
29 112 2
29 114 5
29 115 2
29 116 3
29 117 2
29 125 4
29 129 3
29 130 3
29 138 5
29 140 1
29 145 1
29 148 5
29 159 3
29 163 2
29 165 2
29 166 5
29 171 3
29 174 4
29 176 2
29 181 2
29 194 5
29 199 2
30 33 4
30 35 5
30 37 5
30 41 1
30 42 2
30 44 3
30 50 2
30 51 5
30 53 5
30 57 1
30 62 5
30 63 2
30 68 3
30 92 4
30 98 4
30 104 2
30 107 2
30 109 2
30 110 3
30 111 2
30 115 3
30 119 4
30 126 4
30 127 2
30 129 5
30 131 5
30 134 3
30 146 2
30 148 5
30 149 5
30 161 5
30 180 4
30 182 2
30 185 2
30 193 5
30 200 1
31 43 3
31 44 4
31 56 3
31 58 5
31 62 5
31 65 4
31 69 1
31 73 1
31 74 5
31 76 3
31 78 2
31 81 3
31 84 1
31 85 4
31 88 5
31 90 3
31 93 1
31 100 2
31 103 3
31 106 3
31 112 1
31 124 5
31 130 3
31 132 4
31 134 3
31 137 1
31 144 4
31 146 5
31 160 5
31 163 5
31 167 5
31 168 4
31 170 5
31 185 2
31 186 4
31 187 5
31 191 3
31 192 3
31 199 5
32 33 5
32 36 5
32 37 1
32 43 5
32 49 4
32 58 2
32 59 1
32 61 2
32 71 2
32 72 1
32 73 2
32 78 4
32 81 5
32 87 4
32 100 1
32 102 2
32 106 5
32 107 5
32 108 4
32 115 2
32 116 4
32 145 5
32 155 4
32 158 5
32 162 2
32 163 3
32 164 1
32 167 1
32 170 1
32 180 3
32 196 3
33 35 3
33 39 4
33 48 1
33 52 2
33 58 4
33 59 5
33 71 3
33 80 4
33 89 2
33 91 5
33 102 3
33 103 1
33 110 1
33 115 3
33 138 4
33 140 3
33 145 2
33 149 2
33 151 4
33 152 5
33 157 3
33 160 4
33 163 3
33 177 3
33 178 3
33 183 3
33 193 2
33 197 5
34 39 1
34 43 3
34 50 4
34 54 5
34 60 3
34 63 5
34 65 5
34 75 1
34 77 4
34 84 5
34 85 1
34 90 4
34 93 3
34 103 3
34 113 5
34 123 5
34 124 4
34 128 5
34 130 5
34 138 3
34 142 1
34 147 1
34 150 1
34 151 3
34 155 1
34 158 2
34 166 1
34 177 2
34 178 2
34 181 1
34 186 4
34 193 1
34 199 3
35 50 2
35 54 3
35 57 1
35 61 2
35 66 2
35 67 3
35 78 5
35 88 4
35 100 1
35 105 1
35 112 4
35 117 2
35 122 5
35 128 5
35 138 4
35 144 2
35 150 3
35 151 3
35 152 2
35 153 5
35 157 3
35 158 3
35 163 5
35 166 2
35 169 2
35 171 3
35 172 1
35 173 5
35 178 5
35 179 1
35 183 3
35 186 1
35 194 4
35 196 4
36 44 5
36 55 2
36 57 5
36 58 1
36 65 5
36 68 4
36 78 1
36 82 3
36 85 1
36 86 3
36 90 3
36 96 4
36 97 1
36 102 1
36 103 1
36 108 1
36 112 3
36 113 3
36 117 2
36 121 2
36 139 4
36 143 3
36 144 1
36 149 2
36 153 1
36 167 3
36 169 5
36 174 4
36 178 5
36 186 4
36 187 1
36 195 4
36 198 5
37 39 3
37 40 2
37 42 4
37 44 5
37 46 1
37 52 5
37 62 1
37 63 1
37 68 5
37 74 3
37 75 2
37 77 4
37 82 5
37 91 1
37 92 3
37 106 2
37 108 3
37 109 4
37 110 4
37 111 1
37 114 5
37 115 2
37 121 5
37 122 1
37 123 1
37 149 2
37 151 2
37 152 3
37 160 1
37 163 2
37 170 2
37 180 2
37 183 5
37 184 4
37 189 3
37 192 3
37 198 1
37 199 1
38 41 1
38 43 1
38 46 2
38 49 3
38 50 1
38 59 5
38 70 2
38 71 2
38 73 3
38 78 2
38 83 1
38 86 1
38 87 2
38 89 4
38 96 1
38 102 5
38 105 3
38 107 2
38 112 4
38 124 1
38 127 4
38 129 3
38 131 2
38 132 1
38 140 4
38 142 4
38 148 4
38 149 2
38 153 5
38 154 1
38 155 5
38 164 4
38 167 2
38 177 1
38 181 1
38 183 3
38 191 2
38 197 1
38 200 1
39 46 3
39 48 2
39 57 2
39 64 4
39 93 4
39 97 4
39 102 3
39 104 4
39 108 4
39 110 3
39 112 5
39 115 3
39 116 3
39 121 1
39 123 2
39 127 2
39 129 2
39 133 3
39 135 3
39 136 1
39 138 3
39 143 2
39 145 5
39 146 1
39 148 1
39 156 1
39 157 5
39 178 5
39 180 2
39 186 1
39 192 5
39 199 3
40 42 5
40 44 3
40 46 3
40 54 5
40 55 1
40 56 4
40 66 3
40 68 3
40 70 5
40 71 3
40 72 5
40 76 4
40 78 3
40 79 5
40 86 5
40 88 1
40 95 5
40 98 3
40 102 4
40 114 1
40 115 2
40 118 1
40 124 4
40 137 4
40 138 1
40 140 5
40 144 5
40 145 1
40 159 2
40 162 4
40 171 1
40 174 2
40 177 3
40 183 1
40 187 5
40 191 4
40 193 5
40 197 2
41 50 1
41 51 2
41 58 3
41 59 3
41 74 2
41 79 2
41 82 1
41 85 2
41 90 4
41 94 2
41 103 1
41 106 5
41 107 5
41 116 5
41 118 1
41 128 4
41 142 2
41 144 2
41 147 4
41 150 1
41 154 2
41 159 1
41 161 4
41 172 3
41 198 1
42 55 2
42 56 5
42 57 3
42 61 4
42 69 3
42 77 3
42 87 1
42 90 3
42 92 3
42 101 1
42 107 5
42 114 4
42 122 1
42 123 2
42 125 2
42 127 4
42 133 4
42 146 1
42 154 1
42 161 3
42 179 3
42 180 5
42 193 5
42 195 2
42 200 1
43 52 3
43 56 4
43 63 4
43 73 2
43 74 4
43 75 5
43 84 4
43 85 2
43 95 2
43 100 3
43 104 2
43 110 1
43 113 2
43 121 5
43 127 1
43 128 1
43 132 5
43 141 4
43 143 3
43 144 5
43 149 1
43 151 3
43 159 2
43 162 4
43 164 4
43 166 1
43 171 1
43 177 2
43 181 1
43 190 1
43 191 5
43 192 2
44 69 3
44 75 1
44 77 5
44 84 2
44 85 1
44 86 2
44 89 4
44 95 1
44 99 3
44 104 3
44 115 4
44 116 3
44 118 4
44 119 1
44 121 3
44 122 4
44 124 2
44 126 5
44 132 4
44 133 1
44 136 2
44 156 5
44 164 5
44 174 4
44 176 5
44 178 4
44 182 1
44 187 4
44 189 3
44 190 3
44 191 1
44 192 2
45 53 3
45 54 4
45 58 2
45 59 1
45 62 3
45 64 2
45 66 5
45 67 5
45 72 5
45 79 1
45 81 1
45 99 1
45 105 5
45 112 1
45 125 3
45 126 4
45 132 4
45 140 2
45 145 2
45 149 4
45 153 5
45 159 5
45 160 4
45 171 4
45 173 2
45 176 3
45 178 5
45 179 5
45 192 3
45 194 5
45 197 2
45 200 4
46 49 3
46 52 3
46 56 1
46 57 3
46 61 2
46 65 5
46 74 1
46 82 5
46 85 5
46 86 3
46 97 1
46 101 2
46 105 5
46 120 2
46 123 1
46 125 4
46 137 5
46 138 1
46 140 2
46 145 2
46 148 1
46 149 3
46 157 3
46 168 5
46 177 1
46 180 1
46 181 5
46 194 5
47 54 1
47 58 3
47 72 5
47 75 1
47 81 5
47 92 4
47 94 4
47 99 3
47 104 1
47 108 2
47 129 3
47 130 2
47 132 1
47 136 2
47 149 5
47 160 2
47 163 5
47 166 2
47 168 4
47 171 4
47 172 4
47 176 5
47 178 2
47 185 3
47 187 5
47 190 4
47 192 3
48 51 1
48 53 2
48 63 2
48 64 1
48 76 4
48 82 5
48 83 1
48 84 2
48 86 1
48 91 1
48 112 1
48 126 4
48 133 3
48 136 3
48 137 4
48 141 4
48 142 4
48 143 2
48 145 1
48 146 3
48 148 3
48 163 3
48 167 5
48 171 2
48 175 1
48 177 3
48 192 4
48 195 1
49 58 1
49 62 1
49 69 4
49 71 5
49 74 4
49 86 4
49 88 5
49 89 2
49 93 3
49 98 2
49 99 5
49 107 1
49 113 5
49 114 2
49 126 1
49 133 3
49 141 4
49 142 5
49 144 4
49 146 1
49 152 1
49 154 4
49 155 4
49 157 4
49 160 1
49 169 4
49 170 4
49 171 3
49 172 3
49 184 2
49 193 2
49 197 3
49 199 1
50 51 1
50 52 1
50 53 3
50 55 3
50 56 1
50 70 2
50 72 4
50 78 4
50 82 2
50 97 4
50 109 4
50 121 1
50 127 3
50 138 4
50 139 1
50 142 3
50 146 3
50 153 2
50 154 5
50 161 5
50 163 1
50 165 3
50 171 1
50 173 4
50 180 5
50 182 3
50 186 3
50 187 4
50 194 1
51 57 3
51 59 5
51 61 4
51 67 4
51 71 4
51 85 3
51 92 5
51 96 3
51 97 5
51 113 1
51 126 1
51 132 5
51 134 3
51 135 5
51 136 1
51 144 2
51 146 1
51 150 4
51 155 1
51 160 3
51 164 2
51 168 2
51 184 2
51 188 2
51 193 5
51 198 2
51 199 1
52 55 4
52 60 5
52 61 3
52 64 1
52 73 3
52 82 4
52 91 1
52 94 2
52 97 1
52 103 3
52 105 5
52 112 4
52 117 2
52 121 1
52 123 4
52 129 5
52 136 3
52 141 5
52 143 4
52 160 5
52 161 1
52 163 1
52 167 3
52 168 3
52 170 5
52 175 4
52 177 1
53 56 3
53 57 4
53 62 5
53 63 2
53 69 5
53 78 1
53 86 1
53 88 1
53 94 3
53 103 1
53 114 2
53 120 4
53 128 2
53 139 3
53 140 4
53 142 3
53 143 5
53 151 5
53 152 4
53 158 1
53 162 4
53 164 3
53 165 5
53 175 5
54 57 5
54 72 3
54 78 1
54 84 4
54 87 4
54 89 3
54 90 2
54 103 4
54 118 5
54 122 1
54 130 4
54 140 3
54 147 1
54 152 1
54 159 3
54 160 4
54 165 2
54 171 3
54 190 2
54 192 3
54 195 4
54 198 1
55 58 2
55 59 2
55 61 2
55 64 3
55 71 3
55 76 4
55 88 4
55 103 2
55 107 4
55 116 1
55 117 3
55 123 3
55 133 2
55 142 3
55 144 1
55 145 2
55 147 5
55 150 3
55 161 2
55 165 3
55 166 3
55 180 2
55 185 2
55 190 5
55 191 4
55 195 4
56 58 2
56 59 5
56 60 5
56 61 1
56 62 1
56 68 5
56 83 2
56 86 3
56 92 4
56 94 3
56 102 4
56 104 5
56 110 5
56 114 1
56 127 4
56 134 3
56 145 4
56 148 3
56 150 1
56 154 3
56 157 5
56 166 3
56 168 1
56 183 3
57 61 1
57 62 2
57 63 2
57 66 3
57 70 5
57 72 2
57 76 4
57 89 1
57 91 5
57 99 2
57 100 1
57 113 1
57 117 3
57 126 3
57 137 5
57 139 1
57 146 1
57 150 2
57 154 4
57 163 4
57 167 4
57 174 3
57 178 4
57 181 5
57 183 3
57 187 3
57 190 5
57 191 5
57 194 5
57 197 4
58 59 5
58 63 4
58 64 4
58 68 4
58 75 5
58 80 2
58 81 5
58 93 5
58 99 3
58 100 5
58 102 5
58 104 1
58 106 3
58 107 2
58 112 1
58 120 2
58 122 3
58 123 5
58 131 2
58 132 3
58 135 2
58 145 4
58 151 4
58 152 5
58 153 2
58 156 1
58 162 2
58 165 1
58 168 5
58 173 1
58 176 4
58 178 1
58 180 5
58 184 2
58 187 5
58 190 2
58 194 4
59 64 5
59 66 2
59 70 2
59 75 3
59 88 4
59 93 2
59 105 2
59 113 3
59 115 2
59 122 3
59 124 3
59 125 1
59 127 5
59 133 3
59 134 4
59 135 3
59 136 2
59 138 4
59 142 4
59 145 3
59 147 1
59 151 3
59 157 2
59 159 4
59 164 2
59 165 3
59 176 1
59 181 4
59 184 4
59 198 5
60 64 5
60 66 3
60 67 2
60 70 5
60 87 5
60 101 5
60 110 2
60 113 4
60 115 3
60 126 3
60 128 3
60 129 4
60 143 2
60 149 1
60 153 3
60 161 5
60 170 1
60 176 1
60 177 1
60 178 1
60 181 4
60 183 3
60 184 5
60 186 3
60 189 2
60 192 4
60 195 3
60 198 2
60 200 4
61 63 1
61 66 1
61 67 5
61 69 3
61 84 4
61 85 1
61 86 3
61 99 4
61 103 1
61 111 3
61 112 3
61 113 2
61 118 1
61 123 4
61 125 2
61 130 5
61 136 5
61 141 4
61 146 3
61 147 2
61 151 5
61 158 2
61 159 3
61 162 1
61 163 4
61 165 2
61 171 1
61 172 2
61 178 2
61 183 5
61 185 1
61 190 2
61 193 3
61 195 2
61 197 4
61 198 4
61 200 1
62 65 1
62 67 2
62 69 3
62 73 3
62 74 2
62 81 5
62 83 3
62 95 2
62 101 2
62 109 4
62 112 4
62 115 1
62 116 1
62 122 3
62 123 5
62 124 2
62 128 5
62 138 2
62 141 1
62 148 3
62 173 3
62 175 4
62 176 3
62 179 3
62 180 2
62 196 2
62 197 2
63 73 2
63 79 3
63 80 4
63 85 1
63 103 5
63 112 1
63 127 1
63 132 2
63 140 1
63 141 3
63 144 4
63 145 4
63 147 4
63 149 2
63 158 1
63 168 4
63 169 1
63 179 2
63 191 3
63 193 2
63 194 4
63 196 4
64 68 1
64 84 4
64 96 4
64 106 1
64 110 3
64 120 2
64 125 4
64 130 2
64 133 2
64 135 3
64 144 1
64 147 3
64 148 4
64 150 1
64 155 4
64 167 2
64 169 1
64 171 5
64 174 4
64 175 4
64 180 1
64 183 5
64 192 1
65 70 5
65 71 1
65 75 4
65 86 5
65 88 3
65 97 5
65 99 4
65 103 4
65 104 4
65 107 1
65 109 2
65 125 1
65 129 1
65 132 4
65 135 4
65 137 2
65 140 5
65 145 5
65 148 4
65 154 5
65 160 2
65 162 3
65 173 4
65 175 2
65 177 2
65 178 2
65 193 2
65 198 3
65 200 2
66 67 4
66 72 2
66 79 1
66 80 5
66 85 5
66 86 5
66 90 1
66 92 2
66 97 3
66 101 1
66 106 3
66 111 3
66 117 1
66 134 1
66 139 3
66 142 3
66 147 5
66 148 5
66 150 3
66 151 5
66 159 2
66 162 2
66 165 5
66 170 2
66 174 3
66 181 2
66 188 3
66 189 2
66 193 3
66 198 1
67 68 1
67 70 3
67 73 1
67 74 3
67 75 3
67 79 2
67 80 4
67 82 2
67 83 3
67 87 3
67 97 4
67 101 1
67 102 5
67 105 4
67 106 5
67 108 2
67 113 2
67 117 2
67 125 3
67 149 1
67 160 5
67 167 5
67 168 3
67 169 4
67 174 1
67 178 4
67 184 5
67 191 2
67 199 5
68 69 2
68 76 5
68 80 3
68 81 1
68 83 5
68 97 5
68 110 5
68 113 3
68 117 5
68 119 2
68 131 3
68 136 2
68 141 4
68 145 2
68 148 2
68 150 1
68 151 1
68 165 4
68 172 5
68 173 5
68 175 3
68 178 2
68 196 5
68 197 4
69 80 2
69 87 1
69 89 4
69 90 3
69 97 4
69 105 2
69 106 2
69 109 4
69 111 3
69 112 2
69 121 4
69 125 5
69 130 4
69 135 3
69 138 1
69 140 3
69 149 4
69 160 3
69 162 3
69 164 2
69 169 1
69 175 2
69 179 4
69 181 1
69 187 5
69 188 1
69 189 5
69 190 5
69 194 1
70 74 4
70 76 4
70 78 3
70 85 2
70 88 1
70 92 1
70 98 4
70 103 4
70 107 1
70 118 1
70 126 2
70 129 2
70 130 2
70 142 1
70 149 3
70 162 2
70 164 4
70 169 5
70 171 4
70 172 5
70 174 4
70 176 1
70 177 4
70 182 4
70 185 1
70 186 5
70 187 5
70 193 3
70 194 2
70 198 2
70 200 5
71 75 5
71 79 5
71 88 2
71 92 3
71 96 2
71 98 3
71 101 4
71 103 5
71 107 2
71 113 5
71 115 1
71 118 3
71 119 3
71 135 4
71 136 1
71 137 5
71 142 2
71 146 1
71 152 1
71 155 5
71 157 1
71 166 2
71 169 1
71 177 5
71 178 4
71 186 1
71 189 1
71 193 5
71 199 1
71 200 2
72 83 1
72 86 1
72 93 5
72 95 1
72 96 3
72 98 1
72 104 2
72 107 3
72 110 2
72 115 5
72 123 3
72 135 1
72 137 5
72 140 2
72 141 3
72 149 3
72 162 4
72 164 3
72 166 1
72 176 5
72 179 3
72 181 4
72 182 2
72 184 2
72 191 2
72 192 5
72 195 5
73 77 3
73 78 3
73 90 3
73 92 5
73 93 2
73 113 3
73 119 1
73 121 1
73 135 1
73 142 2
73 145 2
73 152 5
73 160 1
73 164 1
73 168 4
73 173 4
73 176 5
73 179 1
73 190 5
73 198 3
73 199 5
73 200 3
74 79 1
74 86 1
74 90 5
74 94 1
74 98 3
74 101 3
74 104 3
74 113 2
74 129 5
74 139 2
74 144 4
74 145 2
74 150 3
74 152 2
74 159 2
74 160 4
74 164 1
74 173 4
74 176 4
74 179 1
74 184 5
74 185 3
74 188 5
74 193 5
75 77 4
75 78 3
75 88 5
75 89 4
75 91 5
75 95 5
75 100 4
75 102 2
75 110 5
75 119 3
75 127 2
75 141 2
75 142 2
75 146 3
75 150 4
75 164 3
75 172 4
75 173 3
75 188 1
75 191 3
75 197 1
75 200 1
76 77 5
76 81 1
76 87 1
76 91 3
76 94 4
76 97 2
76 101 1
76 116 2
76 118 5
76 125 4
76 131 2
76 135 1
76 140 1
76 141 2
76 143 1
76 146 2
76 171 2
76 173 5
76 180 5
76 185 5
76 193 4
76 199 3
77 82 4
77 89 3
77 101 2
77 103 1
77 105 2
77 113 5
77 122 2
77 127 5
77 133 4
77 136 4
77 145 3
77 148 1
77 152 3
77 153 3
77 166 2
77 171 5
77 172 3
77 174 2
77 175 1
77 185 3
77 186 4
77 193 2
78 80 4
78 81 1
78 84 1
78 85 5
78 90 5
78 93 4
78 103 3
78 106 5
78 113 3
78 121 1
78 122 4
78 130 4
78 138 3
78 144 4
78 147 4
78 148 5
78 150 3
78 153 2
78 161 5
78 162 2
78 167 3
78 175 3
78 179 5
78 184 5
78 187 5
78 188 1
79 80 4
79 90 2
79 92 5
79 98 4
79 99 3
79 100 4
79 101 2
79 110 3
79 112 2
79 114 1
79 119 2
79 120 3
79 121 4
79 133 3
79 140 4
79 143 4
79 151 4
79 152 4
79 159 2
79 162 4
79 166 5
79 184 1
79 185 5
79 189 1
80 81 3
80 83 2
80 94 2
80 99 1
80 101 2
80 108 2
80 118 1
80 127 3
80 132 3
80 133 4
80 137 4
80 139 2
80 147 5
80 160 5
80 165 5
80 172 4
80 178 2
80 187 2
80 191 5
80 193 4
80 200 4
81 84 2
81 85 3
81 86 4
81 93 3
81 95 1
81 97 1
81 98 4
81 102 3
81 105 5
81 116 2
81 127 2
81 129 4
81 134 4
81 145 5
81 147 1
81 149 5
81 150 1
81 151 2
81 156 5
81 159 1
81 163 4
81 167 2
81 170 5
81 178 2
81 183 1
81 184 1
81 187 1
81 197 5
81 198 2
82 88 4
82 91 5
82 93 3
82 99 1
82 102 2
82 116 5
82 120 3
82 122 4
82 123 1
82 136 3
82 148 3
82 161 2
82 168 2
82 169 5
82 170 3
82 177 1
82 180 1
82 181 1
82 185 5
83 89 3
83 93 1
83 109 2
83 111 3
83 114 3
83 115 4
83 119 2
83 126 5
83 137 2
83 140 1
83 141 5
83 142 4
83 147 5
83 150 5
83 151 1
83 156 2
83 163 2
83 168 1
83 177 3
83 183 1
83 199 2
84 94 1
84 102 5
84 109 1
84 116 4
84 119 5
84 122 3
84 123 3
84 124 5
84 128 4
84 133 3
84 138 3
84 139 3
84 143 1
84 144 5
84 150 3
84 163 2
84 168 3
84 175 5
84 177 3
84 182 2
84 186 3
84 191 4
85 89 3
85 90 5
85 92 4
85 97 4
85 99 1
85 108 3
85 109 4
85 115 3
85 122 4
85 137 1
85 150 4
85 151 4
85 152 5
85 153 3
85 154 1
85 155 2
85 161 5
85 165 5
85 172 3
85 182 3
85 196 1
86 87 3
86 90 1
86 96 2
86 111 2
86 122 4
86 123 1
86 126 4
86 138 1
86 144 2
86 149 4
86 153 4
86 163 1
86 168 5
86 169 5
86 170 2
86 173 3
86 176 4
86 179 2
86 181 2
86 185 5
86 186 3
86 190 2
86 193 4
87 104 4
87 105 3
87 112 3
87 132 2
87 133 4
87 141 2
87 146 5
87 153 5
87 157 1
87 161 3
87 163 4
87 166 2
87 171 3
87 175 2
87 179 1
87 181 5
87 182 1
87 193 1
87 196 2
88 90 2
88 92 2
88 93 4
88 94 1
88 103 3
88 104 2
88 105 5
88 118 4
88 125 5
88 130 4
88 134 5
88 135 1
88 144 3
88 146 4
88 151 4
88 156 5
88 159 1
88 165 5
88 169 1
88 170 4
88 174 1
88 179 2
88 194 2
88 198 4
89 91 3
89 93 4
89 95 2
89 97 5
89 100 5
89 102 2
89 106 5
89 142 4
89 144 2
89 148 1
89 157 2
89 161 3
89 168 5
89 171 2
89 175 3
89 178 3
89 192 5
89 195 1
89 196 5
89 200 4
90 98 5
90 99 2
90 104 3
90 113 3
90 115 3
90 121 3
90 128 1
90 135 2
90 138 4
90 146 3
90 148 1
90 150 1
90 153 3
90 160 3
90 167 2
90 171 4
90 181 1
90 184 5
90 187 3
91 94 4
91 99 1
91 102 5
91 103 2
91 108 5
91 113 4
91 114 3
91 129 3
91 130 2
91 132 5
91 138 1
91 142 3
91 151 1
91 156 4
91 157 2
91 164 3
91 169 1
91 171 4
91 174 4
91 175 5
91 178 5
91 180 1
91 183 4
91 187 2
91 190 2
91 191 2
91 193 5
91 196 4
92 93 3
92 108 1
92 121 4
92 128 5
92 129 4
92 133 5
92 134 3
92 140 4
92 143 1
92 146 1
92 150 2
92 151 3
92 153 2
92 155 5
92 159 1
92 162 4
92 167 4
92 172 4
92 175 1
92 191 1
92 194 4
93 95 4
93 102 3
93 105 1
93 107 5
93 114 1
93 118 2
93 119 3
93 129 5
93 133 5
93 140 5
93 142 4
93 143 5
93 144 3
93 158 5
93 161 5
93 167 5
93 183 5
93 184 2
93 185 5
94 100 4
94 104 2
94 109 1
94 110 1
94 112 1
94 114 4
94 129 5
94 132 5
94 137 5
94 138 5
94 142 2
94 143 5
94 145 5
94 149 3
94 150 3
94 157 2
94 158 4
94 162 3
94 165 5
94 183 3
94 185 2
94 189 1
94 191 3
95 109 4
95 110 1
95 112 4
95 124 5
95 126 1
95 127 5
95 129 5
95 138 1
95 143 1
95 148 2
95 164 1
95 165 4
95 170 4
95 171 2
95 176 5
95 184 5
95 187 4
95 191 4
95 199 5
95 200 4
96 108 3
96 109 2
96 112 4
96 115 5
96 116 2
96 122 2
96 123 3
96 128 5
96 131 5
96 132 5
96 133 3
96 136 3
96 137 2
96 139 4
96 149 2
96 153 4
96 162 3
96 163 5
96 165 2
96 168 4
96 175 5
96 177 5
96 187 2
96 191 3
96 193 5
96 197 4
96 200 5
97 103 3
97 105 5
97 107 2
97 111 3
97 112 1
97 113 1
97 115 5
97 118 1
97 121 4
97 134 5
97 135 3
97 138 5
97 143 3
97 154 2
97 156 4
97 164 5
97 172 3
97 176 5
97 180 4
97 181 3
97 186 5
97 188 5
97 190 3
97 191 5
97 200 5
98 105 2
98 109 5
98 116 4
98 117 4
98 118 4
98 121 1
98 131 3
98 143 1
98 144 1
98 159 1
98 162 5
98 165 1
98 170 4
98 173 1
98 175 4
98 181 5
98 185 2
98 195 1
99 100 4
99 107 4
99 108 2
99 114 4
99 116 5
99 129 5
99 130 5
99 144 3
99 147 5
99 153 2
99 159 2
99 161 1
99 165 1
99 168 2
99 169 3
99 176 3
99 180 2
99 187 5
99 192 1
99 193 4
99 199 5
99 200 5
100 102 3
100 106 4
100 111 1
100 120 3
100 121 3
100 128 3
100 132 2
100 140 3
100 141 2
100 142 3
100 149 3
100 153 5
100 154 2
100 156 2
100 158 4
100 159 3
100 163 5
100 169 3
100 173 3
100 174 4
100 177 5
100 178 1
100 183 3
100 185 1
100 186 5
100 187 3
100 188 5
100 191 3
100 192 4
100 193 4
100 196 2
100 199 4
101 108 5
101 116 4
101 117 1
101 120 3
101 121 5
101 122 2
101 130 1
101 138 4
101 139 3
101 140 1
101 160 3
101 164 2
101 172 2
101 174 4
101 176 2
101 178 2
101 179 3
101 183 3
101 194 1
101 197 3
101 198 2
101 200 4
102 104 2
102 105 3
102 107 1
102 117 3
102 120 2
102 133 4
102 150 3
102 154 2
102 156 5
102 157 3
102 158 5
102 160 1
102 164 4
102 165 3
102 166 4
102 167 3
102 174 1
102 178 3
102 181 4
102 182 5
102 186 2
102 195 2
102 196 1
103 108 2
103 113 2
103 114 4
103 124 5
103 131 4
103 138 1
103 140 3
103 141 1
103 142 1
103 144 5
103 160 1
103 161 3
103 166 5
103 183 5
103 185 4
103 199 2
104 105 3
104 109 5
104 114 1
104 119 5
104 123 3
104 124 1
104 130 4
104 132 5
104 140 4
104 145 1
104 152 3
104 154 3
104 161 2
104 170 4
104 171 5
104 174 1
104 176 2
104 182 2
104 184 2
104 185 5
105 106 5
105 107 1
105 111 5
105 114 5
105 125 4
105 126 1
105 129 5
105 131 1
105 136 1
105 144 1
105 146 3
105 160 2
105 163 4
105 177 2
105 180 3
105 191 5
105 192 1
105 196 1
105 197 5
105 198 4
106 112 4
106 114 4
106 119 5
106 121 1
106 122 1
106 130 5
106 136 4
106 137 4
106 140 4
106 147 3
106 148 1
106 152 4
106 157 2
106 162 3
106 163 1
106 170 1
106 176 5
106 179 5
106 182 2
106 187 2
106 191 2
106 192 3
106 193 5
106 198 1
106 199 3
106 200 4
107 115 3
107 123 3
107 124 2
107 134 2
107 139 4
107 156 2
107 158 3
107 159 2
107 161 3
107 162 5
107 172 4
107 174 4
107 175 1
107 177 3
107 184 4
107 189 2
107 192 4
108 110 1
108 118 4
108 126 5
108 128 5
108 131 4
108 132 5
108 141 1
108 143 2
108 150 5
108 155 1
108 156 1
108 161 3
108 184 5
108 186 4
108 190 2
108 195 1
108 197 4
109 117 5
109 126 5
109 149 2
109 151 3
109 153 1
109 155 3
109 157 5
109 158 2
109 160 5
109 161 3
109 167 1
109 170 2
109 171 5
109 173 3
109 190 3
109 196 2
109 198 4
110 112 5
110 121 3
110 132 5
110 136 5
110 138 1
110 139 3
110 144 4
110 149 3
110 153 3
110 154 3
110 159 2
110 184 1
110 185 2
110 193 2
110 196 2
111 113 1
111 116 3
111 118 4
111 123 1
111 129 2
111 131 2
111 134 5
111 142 3
111 143 4
111 147 1
111 152 2
111 153 2
111 154 2
111 164 2
111 165 4
111 167 3
111 188 5
111 192 1
111 193 4
111 195 5
111 196 5
111 198 2
112 115 4
112 129 4
112 139 1
112 143 2
112 148 1
112 149 3
112 153 5
112 158 5
112 167 4
112 168 4
112 171 5
112 177 4
112 178 1
112 179 1
112 181 4
112 186 5
113 114 1
113 116 3
113 117 5
113 120 5
113 122 1
113 123 4
113 125 5
113 130 4
113 131 2
113 135 3
113 139 2
113 146 2
113 149 4
113 152 5
113 157 4
113 158 4
113 160 3
113 168 2
113 169 3
113 173 1
113 175 1
113 176 5
113 182 2
113 184 4
113 186 3
113 200 2
114 119 1
114 121 1
114 125 1
114 128 1
114 155 5
114 161 2
114 180 1
114 186 1
114 192 4
114 199 5
114 200 4
115 117 1
115 130 2
115 138 4
115 149 3
115 163 2
115 169 2
115 181 2
115 184 3
115 186 4
115 197 1
115 198 4
115 199 3
116 117 1
116 120 1
116 124 2
116 128 4
116 136 2
116 137 4
116 141 5
116 151 5
116 158 4
116 162 1
116 166 5
116 168 3
116 175 1
116 176 5
116 186 4
116 194 2
116 200 5
117 120 2
117 121 5
117 128 4
117 129 1
117 132 1
117 133 1
117 136 5
117 142 1
117 152 2
117 166 5
117 169 4
117 172 2
117 175 5
117 176 1
117 180 2
117 181 4
117 183 5
117 199 5
118 131 4
118 136 2
118 139 4
118 148 4
118 149 1
118 155 1
118 158 4
118 167 3
118 186 2
118 189 1
118 193 3
118 195 2
119 122 3
119 126 3
119 127 1
119 129 4
119 131 3
119 144 2
119 146 3
119 147 5
119 154 4
119 161 2
119 178 2
119 181 5
119 182 5
119 184 5
119 197 5
119 198 1
120 124 2
120 131 1
120 133 1
120 145 1
120 146 2
120 147 1
120 152 5
120 164 1
120 177 4
120 179 4
120 180 4
120 184 1
120 189 3
120 191 4
120 192 5
120 195 2
121 127 3
121 135 4
121 145 1
121 147 2
121 150 5
121 152 2
121 155 5
121 161 1
121 164 3
121 180 1
121 181 3
121 186 3
121 188 3
121 194 5
121 199 1
122 123 4
122 148 4
122 160 5
122 161 3
122 163 1
122 164 4
122 166 4
122 190 4
122 200 1
123 124 2
123 132 5
123 135 4
123 138 2
123 140 2
123 142 5
123 146 3
123 152 5
123 155 4
123 162 5
123 164 2
123 165 2
123 169 1
123 173 3
123 175 4
123 181 5
123 184 1
123 186 4
123 191 1
123 192 3
123 195 2
123 200 5
124 130 1
124 134 3
124 135 2
124 136 2
124 137 2
124 162 1
124 165 4
124 173 2
124 176 3
124 178 5
124 193 2
124 198 1
125 126 2
125 127 4
125 130 3
125 133 4
125 135 5
125 136 3
125 138 5
125 140 1
125 144 2
125 156 3
125 158 4
125 176 3
125 196 1
125 197 5
125 200 3
126 129 2
126 130 1
126 131 3
126 138 2
126 140 1
126 144 1
126 145 2
126 148 2
126 156 5
126 163 3
126 168 5
126 170 3
126 172 5
126 178 4
126 179 5
126 190 1
126 195 4
126 197 3
127 129 3
127 138 1
127 147 5
127 154 1
127 155 1
127 156 4
127 161 5
127 163 5
127 174 5
127 182 2
127 194 1
127 198 1
127 200 4
128 129 5
128 137 3
128 141 5
128 142 1
128 158 3
128 159 3
128 164 5
128 166 2
128 173 2
128 175 4
128 180 3
128 187 5
128 196 4
129 131 1
129 133 2
129 138 3
129 139 2
129 143 2
129 145 5
129 165 4
129 169 1
129 170 5
129 175 5
129 180 5
129 181 3
129 188 1
129 199 5
130 135 5
130 139 2
130 159 3
130 168 1
130 182 4
130 183 3
130 185 5
130 190 2
130 199 3
131 133 5
131 145 5
131 147 2
131 150 2
131 153 1
131 154 4
131 156 2
131 158 1
131 162 2
131 165 4
131 167 3
131 169 5
131 174 3
131 185 2
131 188 1
131 194 4
132 134 5
132 140 1
132 147 5
132 152 3
132 155 4
132 158 3
132 163 3
132 166 2
132 167 1
132 169 5
132 175 1
132 185 1
132 186 2
132 195 4
133 139 5
133 144 3
133 159 2
133 165 5
133 166 1
133 167 3
133 168 3
133 174 4
133 176 2
133 185 1
133 189 1
133 194 1
133 196 3
133 197 5
133 199 5
134 139 2
134 142 4
134 152 2
134 168 5
134 173 5
134 175 3
134 176 4
134 181 3
134 182 2
134 184 2
134 190 4
134 191 3
134 198 4
135 140 5
135 147 5
135 149 2
135 152 2
135 157 1
135 170 4
135 174 1
135 175 3
135 184 3
135 189 4
135 195 4
135 199 1
136 154 4
136 160 5
136 167 5
136 172 5
136 173 1
136 175 4
136 187 2
136 197 3
136 198 1
137 142 2
137 157 5
137 161 5
137 163 1
137 166 3
137 171 3
137 177 4
137 180 4
138 139 4
138 141 2
138 142 1
138 149 5
138 150 3
138 151 1
138 155 3
138 165 4
138 168 2
138 169 3
138 172 1
138 175 3
138 178 2
138 180 2
138 183 5
138 189 5
138 191 5
138 193 2
139 140 3
139 142 5
139 146 2
139 164 3
139 165 1
139 175 3
139 177 2
139 179 3
139 185 2
139 192 4
139 198 4
140 146 1
140 154 2
140 167 5
140 168 2
140 174 3
140 178 3
140 182 5
140 183 4
140 193 5
140 200 5
141 142 2
141 143 1
141 149 4
141 151 1
141 156 2
141 159 3
141 160 4
141 161 1
141 162 5
141 164 1
141 169 2
141 171 2
141 175 2
141 180 2
141 184 1
141 190 4
141 192 3
141 197 4
142 143 1
142 153 1
142 161 2
142 164 2
142 179 5
142 188 5
142 192 4
142 194 3
143 144 5
143 152 4
143 153 4
143 154 3
143 155 2
143 161 4
143 166 4
143 170 2
143 174 2
143 184 2
143 185 3
143 187 4
143 190 2
143 194 4
143 195 5
144 151 2
144 165 3
144 171 3
144 177 5
144 180 4
144 185 1
144 186 5
145 146 2
145 151 4
145 153 1
145 169 3
145 171 4
145 172 1
145 175 3
145 182 1
145 188 4
145 190 5
145 195 3
145 196 2
146 151 4
146 152 5
146 153 4
146 155 4
146 160 1
146 173 5
146 175 5
146 176 5
146 179 2
146 180 1
146 186 1
146 200 5
147 150 5
147 151 5
147 154 2
147 165 2
147 168 5
147 169 4
147 172 5
147 177 4
147 183 2
147 191 1
147 194 5
147 197 3
147 199 4
148 154 2
148 160 1
148 162 5
148 163 2
148 166 3
148 170 5
148 171 1
148 175 2
148 178 4
148 180 2
148 181 5
148 191 4
148 194 2
148 195 1
148 197 2
148 200 2
149 152 2
149 153 2
149 156 3
149 166 2
149 169 2
149 198 1
150 151 1
150 155 2
150 159 2
150 164 5
150 175 3
150 183 5
150 184 2
150 197 5
150 199 3
150 200 3
151 159 3
151 160 3
151 161 2
151 184 5
151 187 4
151 194 4
151 197 4
151 198 4
152 158 1
152 161 1
152 162 5
152 167 2
152 168 4
152 177 2
152 183 5
152 187 3
152 188 4
152 191 2
152 192 1
152 198 4
152 199 1
153 168 4
153 169 5
153 180 3
153 187 5
154 167 4
154 170 3
154 174 3
154 175 5
154 178 4
154 181 3
154 183 1
154 189 5
154 195 5
155 169 1
155 173 1
155 175 3
155 178 1
155 180 2
155 191 1
155 197 1
156 172 5
156 184 2
156 185 5
156 189 5
156 192 1
156 193 5
156 198 4
157 162 4
157 164 4
157 167 5
157 180 5
157 181 5
157 187 5
157 191 4
157 197 3
158 160 1
158 166 1
158 171 1
158 173 1
158 174 4
158 177 5
158 180 3
158 182 5
158 183 3
158 184 3
158 186 1
158 200 5
159 160 4
159 169 4
159 170 3
159 171 1
159 172 1
159 175 2
159 176 5
159 185 5
159 191 3
159 200 3
160 167 1
160 170 1
160 173 1
160 175 5
160 181 5
160 182 2
160 186 4
160 187 5
160 189 3
160 192 2
160 196 2
161 162 3
161 164 3
161 165 1
161 171 5
161 173 5
161 175 3
161 190 2
161 192 2
161 193 1
161 194 5
161 196 3
161 198 5
162 169 4
162 173 3
162 175 2
162 180 2
162 186 3
162 189 1
162 191 2
162 192 3
163 166 4
163 173 1
163 174 4
163 176 2
163 179 4
163 181 5
163 182 2
163 187 1
163 192 3
163 199 5
164 166 1
164 170 2
164 188 3
164 198 2
165 167 4
165 174 5
165 183 1
165 185 4
165 186 2
165 198 5
165 199 2
166 170 2
166 172 4
166 178 2
166 181 4
166 190 5
166 193 5
166 198 1
166 200 3
167 171 1
167 172 2
167 181 1
167 187 3
167 191 3
168 170 3
168 172 5
168 177 4
168 180 3
168 184 2
168 185 5
168 186 4
168 196 2
169 170 4
169 171 2
169 185 3
169 187 4
169 193 1
169 195 2
170 172 3
170 178 3
170 181 1
170 183 5
170 186 3
170 193 2
171 185 5
171 199 4
172 185 4
172 189 2
172 191 4
172 192 2
173 175 4
173 177 3
173 182 1
173 196 3
174 179 3
174 180 5
174 183 4
174 187 2
174 188 1
174 191 1
174 198 4
175 189 1
175 194 5
175 197 2
176 187 1
176 189 4
176 194 5
177 181 5
177 184 1
177 186 3
177 188 4
177 192 1
177 194 2
177 199 5
178 185 1
178 190 3
178 197 1
178 198 3
179 180 3
179 188 2
179 192 2
179 196 3
179 197 2
179 198 3
179 199 3
180 191 5
180 198 3
180 200 5
181 186 1
183 185 4
183 186 2
183 188 1
183 189 1
183 191 1
183 193 4
183 196 4
183 198 3
183 199 4
184 185 4
184 189 4
184 190 3
184 192 1
184 195 5
185 193 2
185 194 4
185 199 2
186 191 5
186 192 3
186 197 5
187 192 4
188 197 3
189 190 2
189 193 2
189 195 1
189 197 4
189 198 5
190 191 3
190 196 4
191 197 2
192 194 3
193 198 4
193 199 2
194 197 3
194 198 2
194 199 2
195 197 3
196 200 4
