200 8010
1 2 2
1 5 10
1 6 6
1 7 7
1 8 5
1 9 9
1 14 10
1 17 8
1 20 10
1 22 8
1 28 9
1 30 10
1 31 7
1 36 7
1 38 5
1 45 2
1 50 7
1 52 9
1 55 9
1 57 7
1 59 9
1 60 5
1 61 6
1 65 8
1 66 7
1 68 2
1 71 2
1 73 8
1 75 4
1 76 4
1 78 7
1 81 10
1 84 1
1 85 1
1 86 5
1 89 2
1 90 1
1 91 10
1 95 10
1 96 6
1 97 6
1 100 3
1 104 5
1 111 8
1 112 4
1 117 10
1 119 8
1 120 6
1 122 4
1 125 5
1 126 1
1 127 3
1 129 10
1 131 7
1 133 8
1 135 3
1 137 10
1 139 3
1 141 8
1 142 10
1 143 6
1 145 10
1 147 9
1 148 10
1 150 8
1 151 5
1 153 5
1 154 6
1 158 7
1 159 8
1 160 10
1 161 2
1 168 3
1 170 1
1 171 5
1 172 9
1 174 6
1 179 2
1 180 1
1 182 3
1 184 1
1 185 9
1 186 3
1 187 8
1 191 7
1 192 9
1 193 10
1 196 8
1 200 10
2 15 1
2 17 7
2 21 2
2 23 8
2 24 5
2 28 2
2 35 4
2 37 1
2 38 3
2 39 10
2 40 10
2 41 2
2 42 10
2 43 3
2 46 1
2 51 4
2 54 5
2 56 5
2 59 8
2 61 7
2 62 5
2 63 4
2 64 8
2 65 5
2 67 6
2 68 6
2 72 4
2 73 7
2 74 8
2 82 7
2 83 7
2 85 3
2 87 10
2 91 6
2 92 9
2 98 7
2 99 3
2 100 1
2 103 4
2 106 4
2 108 4
2 111 4
2 112 8
2 115 3
2 116 7
2 119 10
2 122 10
2 123 2
2 126 5
2 129 7
2 133 4
2 134 8
2 135 10
2 137 4
2 138 3
2 139 2
2 145 8
2 148 5
2 149 2
2 152 6
2 154 2
2 155 9
2 156 9
2 158 10
2 159 4
2 162 4
2 165 3
2 168 4
2 169 8
2 172 6
2 173 3
2 175 8
2 184 8
2 189 8
2 193 2
2 199 6
3 7 8
3 8 5
3 12 8
3 14 7
3 16 2
3 18 5
3 19 8
3 20 8
3 26 7
3 27 5
3 31 4
3 32 1
3 34 4
3 37 1
3 39 10
3 42 8
3 48 3
3 55 6
3 56 10
3 60 8
3 65 7
3 66 10
3 67 7
3 70 5
3 72 1
3 74 7
3 75 3
3 77 7
3 82 2
3 83 6
3 87 3
3 88 9
3 90 8
3 91 10
3 95 7
3 103 4
3 105 10
3 106 8
3 108 4
3 111 8
3 113 3
3 114 2
3 117 7
3 120 1
3 123 8
3 124 5
3 126 1
3 132 9
3 137 5
3 138 9
3 139 3
3 140 2
3 141 1
3 142 9
3 144 5
3 145 4
3 146 1
3 148 10
3 149 2
3 151 8
3 153 6
3 154 7
3 155 3
3 161 10
3 162 9
3 164 5
3 167 5
3 168 7
3 170 10
3 171 2
3 175 1
3 177 3
3 181 7
3 182 10
3 183 6
3 189 9
3 192 4
3 193 7
3 194 10
3 195 8
3 199 4
4 6 7
4 7 10
4 12 3
4 13 1
4 14 2
4 17 1
4 18 2
4 19 6
4 20 5
4 26 8
4 31 7
4 32 6
4 33 9
4 37 4
4 38 5
4 43 5
4 46 4
4 47 2
4 50 8
4 52 10
4 53 3
4 54 10
4 55 4
4 57 3
4 59 1
4 60 10
4 66 2
4 68 1
4 71 2
4 72 10
4 77 8
4 78 10
4 81 1
4 82 2
4 83 4
4 88 2
4 92 2
4 94 9
4 95 7
4 96 8
4 99 5
4 101 10
4 104 5
4 108 1
4 110 1
4 113 2
4 115 10
4 117 3
4 122 9
4 131 6
4 133 3
4 136 3
4 138 5
4 140 5
4 141 1
4 142 6
4 143 2
4 148 7
4 150 4
4 151 8
4 152 10
4 155 9
4 158 2
4 160 9
4 161 4
4 162 1
4 166 5
4 171 9
4 175 6
4 180 7
4 182 6
4 184 2
4 186 6
4 188 6
4 189 4
4 195 10
4 197 2
4 200 8
5 6 4
5 8 7
5 11 3
5 12 9
5 15 5
5 17 3
5 18 2
5 22 4
5 24 10
5 25 2
5 27 7
5 29 2
5 30 5
5 32 6
5 33 4
5 34 6
5 36 10
5 38 6
5 42 3
5 45 1
5 49 4
5 50 6
5 51 5
5 54 8
5 55 5
5 56 1
5 57 5
5 58 9
5 59 2
5 63 5
5 64 3
5 72 7
5 79 7
5 81 1
5 83 6
5 87 9
5 88 6
5 89 9
5 93 9
5 94 2
5 97 1
5 98 1
5 99 10
5 104 5
5 105 8
5 109 7
5 110 9
5 114 2
5 116 9
5 117 7
5 119 3
5 121 10
5 125 8
5 126 6
5 132 4
5 133 6
5 137 5
5 140 9
5 142 10
5 146 7
5 147 10
5 150 7
5 151 6
5 153 10
5 154 3
5 155 8
5 158 1
5 161 10
5 162 10
5 171 1
5 173 2
5 174 2
5 175 2
5 176 10
5 180 6
5 182 8
5 186 3
5 190 3
5 195 9
5 200 5
6 7 2
6 10 9
6 11 3
6 15 5
6 16 7
6 21 8
6 25 3
6 26 6
6 28 10
6 32 4
6 35 4
6 40 3
6 46 1
6 49 8
6 50 7
6 51 9
6 54 6
6 55 8
6 61 7
6 62 7
6 65 6
6 67 3
6 68 9
6 73 1
6 74 8
6 75 8
6 76 4
6 83 7
6 84 1
6 90 3
6 92 1
6 94 1
6 95 8
6 97 1
6 99 2
6 100 4
6 102 10
6 105 3
6 106 1
6 108 5
6 112 10
6 113 10
6 114 8
6 115 7
6 117 9
6 119 10
6 121 8
6 123 10
6 126 9
6 128 7
6 129 1
6 140 1
6 149 9
6 153 1
6 154 7
6 155 8
6 161 4
6 162 5
6 164 8
6 169 7
6 171 10
6 172 8
6 173 3
6 176 5
6 180 5
6 181 9
6 182 5
6 183 8
6 190 4
6 191 3
6 192 5
6 193 2
6 194 5
6 195 8
6 197 9
6 198 4
6 200 8
7 9 5
7 10 10
7 18 2
7 19 8
7 21 2
7 34 4
7 35 5
7 41 4
7 42 4
7 43 3
7 44 5
7 45 7
7 46 4
7 48 2
7 51 10
7 52 8
7 53 2
7 59 5
7 62 3
7 64 4
7 66 4
7 67 2
7 76 4
7 77 8
7 80 3
7 86 5
7 88 9
7 89 7
7 91 3
7 92 8
7 93 8
7 94 1
7 96 9
7 102 10
7 103 9
7 105 7
7 111 4
7 112 8
7 115 7
7 121 7
7 122 4
7 124 2
7 125 5
7 126 3
7 136 6
7 137 10
7 140 5
7 141 8
7 142 6
7 143 10
7 145 5
7 146 1
7 149 7
7 150 1
7 153 8
7 160 5
7 163 7
7 164 7
7 165 1
7 167 6
7 169 5
7 173 5
7 175 8
7 178 1
7 179 2
7 183 3
7 185 10
7 186 7
7 188 9
7 190 6
7 192 6
7 193 5
7 196 2
7 197 7
7 198 1
7 199 10
7 200 1
8 9 7
8 12 1
8 14 9
8 18 7
8 19 7
8 21 10
8 22 2
8 23 9
8 24 3
8 27 4
8 28 5
8 29 10
8 30 4
8 32 9
8 33 3
8 34 4
8 38 6
8 42 5
8 45 5
8 49 7
8 50 3
8 51 2
8 54 8
8 56 4
8 61 1
8 67 4
8 71 2
8 73 8
8 74 4
8 75 5
8 80 10
8 85 8
8 88 1
8 92 6
8 93 5
8 100 2
8 101 10
8 102 9
8 104 9
8 106 5
8 107 4
8 110 3
8 115 1
8 118 2
8 119 6
8 120 6
8 124 3
8 125 5
8 126 9
8 127 4
8 130 2
8 131 2
8 133 3
8 134 1
8 135 8
8 136 9
8 140 5
8 141 3
8 143 8
8 146 6
8 147 2
8 149 2
8 150 6
8 151 4
8 153 10
8 154 7
8 155 9
8 160 9
8 163 2
8 166 4
8 169 4
8 170 10
8 174 10
8 175 6
8 176 7
8 177 1
8 185 8
8 190 6
8 192 6
8 197 1
8 200 6
9 10 2
9 13 10
9 17 7
9 18 1
9 19 7
9 21 6
9 22 2
9 25 3
9 27 10
9 28 6
9 30 5
9 31 4
9 32 10
9 33 1
9 37 2
9 39 5
9 44 2
9 45 8
9 47 4
9 49 1
9 51 6
9 54 7
9 57 3
9 58 9
9 61 1
9 62 7
9 64 7
9 65 3
9 68 2
9 72 9
9 75 2
9 77 10
9 80 5
9 85 5
9 86 9
9 89 10
9 92 10
9 93 1
9 94 7
9 97 5
9 98 10
9 101 7
9 107 6
9 108 2
9 109 10
9 112 5
9 119 5
9 120 10
9 121 5
9 123 3
9 125 9
9 135 2
9 136 1
9 138 5
9 140 5
9 141 1
9 145 2
9 148 6
9 149 3
9 152 7
9 155 5
9 156 8
9 159 1
9 160 9
9 165 2
9 169 1
9 171 8
9 172 6
9 180 2
9 181 2
9 182 1
9 183 2
9 184 2
9 187 3
9 192 5
9 194 4
9 197 4
10 12 7
10 13 8
10 17 10
10 25 5
10 26 3
10 28 4
10 31 4
10 32 3
10 38 3
10 39 9
10 42 6
10 43 1
10 45 7
10 46 2
10 54 3
10 56 1
10 58 5
10 60 2
10 61 7
10 64 10
10 71 1
10 77 3
10 83 1
10 84 1
10 90 8
10 93 6
10 99 3
10 102 9
10 105 6
10 108 6
10 109 10
10 112 5
10 114 3
10 120 5
10 123 4
10 124 5
10 125 4
10 130 1
10 132 3
10 134 2
10 135 1
10 141 7
10 143 5
10 144 3
10 146 7
10 147 2
10 148 9
10 150 7
10 154 3
10 155 7
10 157 10
10 163 2
10 166 5
10 167 9
10 170 4
10 173 8
10 174 7
10 177 4
10 178 8
10 185 8
10 187 3
10 190 7
10 192 4
10 193 6
10 195 8
10 196 1
10 197 8
10 198 9
10 199 6
11 15 3
11 16 7
11 17 2
11 21 5
11 22 9
11 23 10
11 24 9
11 25 7
11 26 7
11 29 5
11 40 9
11 41 9
11 43 1
11 53 5
11 54 8
11 57 1
11 60 9
11 63 6
11 65 1
11 66 5
11 67 5
11 69 7
11 71 4
11 78 8
11 79 3
11 82 5
11 83 8
11 87 2
11 91 2
11 95 1
11 98 4
11 101 3
11 103 2
11 104 2
11 105 9
11 108 8
11 109 8
11 111 6
11 112 4
11 113 2
11 114 1
11 116 3
11 117 6
11 122 10
11 124 10
11 128 7
11 129 2
11 132 1
11 135 10
11 136 6
11 141 2
11 142 6
11 143 2
11 144 6
11 145 9
11 146 1
11 148 8
11 149 10
11 151 7
11 152 1
11 156 6
11 157 2
11 158 6
11 159 6
11 160 2
11 161 2
11 163 8
11 168 8
11 169 7
11 170 1
11 174 7
11 175 1
11 180 8
11 182 6
11 186 10
11 190 5
11 192 6
11 195 2
11 197 6
11 198 5
11 200 6
12 13 5
12 17 2
12 18 8
12 19 5
12 20 10
12 22 5
12 23 6
12 36 6
12 41 10
12 42 10
12 44 1
12 49 5
12 50 5
12 52 9
12 54 6
12 56 2
12 58 6
12 63 2
12 69 4
12 72 1
12 73 5
12 78 4
12 81 2
12 82 2
12 83 2
12 88 1
12 90 1
12 92 8
12 94 2
12 98 6
12 102 10
12 105 10
12 110 1
12 111 1
12 112 3
12 114 2
12 115 1
12 116 2
12 117 5
12 123 4
12 124 10
12 126 4
12 127 9
12 128 6
12 131 1
12 134 10
12 135 3
12 140 6
12 141 7
12 146 8
12 147 4
12 149 4
12 151 2
12 154 4
12 155 7
12 157 10
12 158 4
12 159 8
12 161 9
12 162 1
12 165 9
12 166 7
12 170 8
12 173 5
12 179 4
12 181 7
12 185 6
12 187 7
12 190 2
12 195 9
12 196 7
12 199 6
12 200 2
13 15 7
13 16 4
13 18 7
13 19 4
13 23 2
13 24 10
13 30 7
13 31 4
13 32 2
13 36 5
13 38 3
13 39 3
13 40 7
13 43 3
13 44 10
13 54 9
13 57 8
13 59 8
13 61 7
13 63 1
13 64 4
13 66 8
13 69 6
13 73 2
13 76 6
13 77 8
13 78 4
13 80 10
13 82 3
13 86 5
13 87 8
13 92 10
13 95 5
13 98 6
13 101 1
13 103 2
13 105 1
13 106 1
13 110 4
13 114 3
13 115 10
13 119 10
13 120 8
13 121 6
13 128 9
13 129 5
13 131 9
13 135 10
13 137 9
13 139 2
13 141 8
13 147 7
13 148 3
13 150 10
13 151 3
13 153 5
13 154 5
13 155 6
13 156 8
13 157 2
13 158 10
13 164 2
13 173 3
13 178 3
13 180 8
13 181 5
13 182 4
13 183 2
13 185 5
13 186 5
13 187 7
13 193 2
13 194 1
13 196 3
13 197 8
13 198 4
13 199 6
13 200 6
14 19 9
14 20 3
14 21 5
14 25 10
14 26 1
14 28 8
14 29 1
14 30 2
14 32 10
14 33 2
14 36 9
14 37 2
14 38 8
14 39 6
14 45 9
14 48 8
14 56 3
14 57 1
14 59 3
14 61 2
14 63 7
14 64 6
14 66 10
14 68 2
14 74 6
14 75 3
14 77 5
14 78 3
14 79 9
14 82 6
14 85 10
14 88 6
14 89 10
14 95 7
14 97 10
14 98 7
14 99 9
14 101 4
14 103 5
14 104 4
14 114 6
14 119 9
14 120 3
14 122 6
14 124 3
14 126 8
14 127 2
14 128 2
14 131 1
14 132 4
14 135 4
14 136 2
14 138 6
14 140 9
14 141 8
14 142 3
14 143 9
14 144 1
14 145 4
14 146 10
14 149 9
14 151 8
14 156 4
14 159 6
14 162 6
14 166 5
14 167 3
14 169 8
14 173 5
14 176 5
14 177 8
14 179 7
14 181 3
14 184 2
14 188 1
14 195 8
14 198 9
14 199 6
14 200 7
15 17 8
15 20 2
15 21 8
15 22 3
15 23 10
15 26 5
15 27 1
15 30 1
15 34 5
15 35 7
15 36 3
15 37 7
15 38 5
15 39 9
15 42 3
15 43 7
15 51 6
15 52 6
15 53 10
15 55 7
15 59 3
15 63 9
15 66 6
15 69 1
15 70 4
15 71 3
15 76 2
15 77 7
15 78 8
15 81 2
15 82 4
15 84 4
15 87 9
15 89 1
15 90 10
15 92 8
15 93 1
15 97 7
15 99 8
15 101 8
15 102 8
15 103 1
15 104 6
15 105 6
15 106 10
15 112 5
15 113 2
15 114 2
15 116 4
15 120 5
15 122 3
15 123 7
15 125 6
15 128 9
15 129 7
15 133 5
15 140 1
15 141 8
15 142 10
15 143 8
15 149 7
15 151 2
15 157 9
15 162 4
15 163 2
15 165 10
15 166 6
15 171 1
15 172 5
15 174 10
15 178 7
15 179 4
15 180 3
15 181 1
15 182 4
15 183 3
15 184 3
15 187 2
15 188 9
15 190 10
15 191 8
15 194 3
15 199 10
16 17 2
16 18 6
16 19 1
16 21 9
16 23 4
16 26 10
16 35 3
16 37 2
16 39 9
16 41 3
16 44 5
16 45 6
16 48 1
16 49 3
16 50 8
16 52 4
16 54 10
16 59 2
16 60 4
16 63 7
16 65 7
16 67 8
16 69 1
16 70 7
16 75 4
16 76 1
16 77 1
16 80 9
16 81 2
16 82 1
16 86 3
16 89 9
16 91 5
16 92 10
16 95 6
16 96 5
16 99 8
16 106 2
16 107 2
16 108 5
16 111 4
16 112 7
16 114 2
16 120 3
16 124 6
16 126 8
16 129 5
16 130 5
16 131 1
16 135 2
16 136 7
16 138 9
16 144 9
16 145 8
16 153 6
16 154 9
16 155 3
16 159 9
16 160 9
16 165 5
16 166 5
16 167 2
16 169 8
16 173 1
16 175 4
16 176 9
16 178 3
16 180 10
16 182 10
16 184 2
16 185 7
16 187 6
16 195 5
16 197 4
17 18 10
17 19 5
17 27 6
17 31 5
17 34 2
17 35 8
17 36 6
17 38 8
17 43 5
17 45 6
17 47 1
17 55 6
17 58 1
17 60 9
17 61 4
17 64 10
17 65 3
17 67 3
17 72 3
17 75 9
17 78 8
17 81 4
17 86 4
17 88 6
17 89 4
17 90 6
17 91 4
17 92 5
17 95 2
17 97 8
17 101 4
17 102 5
17 105 10
17 106 3
17 110 2
17 111 3
17 112 4
17 115 2
17 118 5
17 121 4
17 123 8
17 125 7
17 131 10
17 137 2
17 139 4
17 141 9
17 148 9
17 150 9
17 153 9
17 154 10
17 155 8
17 156 1
17 160 7
17 162 2
17 166 7
17 170 7
17 171 5
17 172 1
17 176 1
17 177 5
17 181 8
17 182 3
17 187 5
17 189 8
17 191 8
17 194 10
17 196 2
18 19 3
18 23 8
18 24 2
18 25 3
18 27 1
18 28 9
18 30 10
18 31 3
18 32 8
18 33 3
18 34 7
18 35 5
18 38 10
18 40 8
18 41 9
18 44 3
18 49 4
18 50 10
18 55 3
18 57 2
18 60 8
18 61 10
18 64 1
18 65 3
18 66 2
18 68 3
18 72 10
18 73 10
18 75 8
18 77 8
18 78 3
18 80 9
18 85 2
18 93 3
18 95 9
18 97 6
18 98 5
18 99 2
18 100 6
18 105 9
18 106 8
18 107 3
18 109 10
18 110 9
18 111 2
18 113 4
18 116 2
18 120 9
18 125 7
18 130 7
18 131 7
18 133 8
18 134 10
18 138 5
18 139 2
18 140 10
18 142 9
18 143 6
18 151 5
18 156 2
18 157 3
18 158 8
18 162 8
18 163 4
18 165 4
18 166 7
18 169 2
18 173 1
18 182 2
18 183 3
18 184 10
18 185 8
18 186 4
18 191 4
18 193 5
18 194 7
18 195 10
19 20 1
19 21 1
19 22 5
19 27 9
19 29 5
19 30 4
19 31 4
19 32 2
19 37 8
19 39 8
19 40 2
19 45 2
19 46 7
19 48 8
19 50 1
19 52 2
19 53 9
19 57 7
19 58 2
19 60 8
19 65 5
19 70 6
19 75 7
19 76 3
19 78 5
19 79 4
19 81 3
19 83 4
19 92 4
19 93 2
19 97 7
19 102 9
19 103 10
19 108 2
19 109 1
19 112 3
19 114 5
19 116 6
19 119 6
19 121 1
19 124 9
19 129 8
19 130 8
19 131 9
19 134 9
19 137 3
19 138 1
19 143 8
19 145 10
19 152 3
19 153 7
19 157 9
19 158 1
19 159 2
19 164 2
19 165 3
19 167 2
19 169 8
19 173 1
19 177 2
19 179 4
19 180 3
19 182 1
19 187 2
19 190 9
19 191 7
19 195 6
19 199 10
20 21 1
20 25 4
20 31 3
20 40 1
20 42 9
20 43 3
20 44 7
20 47 8
20 50 8
20 51 8
20 56 9
20 57 6
20 60 8
20 64 7
20 67 10
20 71 5
20 72 10
20 75 6
20 77 4
20 81 9
20 82 5
20 84 5
20 86 7
20 88 5
20 89 3
20 90 7
20 92 10
20 93 5
20 94 5
20 98 1
20 99 10
20 100 4
20 102 10
20 105 5
20 110 4
20 111 2
20 112 7
20 113 9
20 115 9
20 117 2
20 118 8
20 120 10
20 121 2
20 125 5
20 126 6
20 128 6
20 129 3
20 132 9
20 136 5
20 150 3
20 151 4
20 154 3
20 155 9
20 156 8
20 158 8
20 159 10
20 162 10
20 165 9
20 166 4
20 171 6
20 174 3
20 177 7
20 179 9
20 181 4
20 182 4
20 183 1
20 184 8
20 185 1
20 186 4
20 188 6
20 190 7
20 193 2
20 195 1
20 197 1
20 200 3
21 22 8
21 26 10
21 27 3
21 28 3
21 29 7
21 33 10
21 34 7
21 35 10
21 39 4
21 41 8
21 42 1
21 45 6
21 47 9
21 48 5
21 49 5
21 50 4
21 52 1
21 53 4
21 57 2
21 60 9
21 61 5
21 64 9
21 65 7
21 67 1
21 68 4
21 71 5
21 72 6
21 73 2
21 74 3
21 76 3
21 79 1
21 81 3
21 85 3
21 86 3
21 87 1
21 89 8
21 91 1
21 97 6
21 98 8
21 104 5
21 105 3
21 107 2
21 109 2
21 112 5
21 114 1
21 115 4
21 118 6
21 125 3
21 130 8
21 131 2
21 132 6
21 135 9
21 138 6
21 143 5
21 146 6
21 151 5
21 153 7
21 155 9
21 156 1
21 157 7
21 162 2
21 165 10
21 166 4
21 168 4
21 169 6
21 170 8
21 173 5
21 177 8
21 178 5
21 179 7
21 180 6
21 186 10
21 192 8
21 194 10
21 196 10
21 197 7
21 198 1
21 200 10
22 24 5
22 27 9
22 28 3
22 29 1
22 31 3
22 32 6
22 34 1
22 38 1
22 39 4
22 40 8
22 41 3
22 42 2
22 43 9
22 46 7
22 47 9
22 48 6
22 53 10
22 55 8
22 59 8
22 60 5
22 61 5
22 65 3
22 69 2
22 70 8
22 76 2
22 80 10
22 84 2
22 85 8
22 86 10
22 87 10
22 89 1
22 90 4
22 94 4
22 104 1
22 105 1
22 106 10
22 107 5
22 110 8
22 112 4
22 113 2
22 116 2
22 117 3
22 118 10
22 119 1
22 120 3
22 123 4
22 125 1
22 127 1
22 128 10
22 131 10
22 132 10
22 136 8
22 140 1
22 141 7
22 145 9
22 146 8
22 147 9
22 158 10
22 159 8
22 160 8
22 162 9
22 164 7
22 165 3
22 168 3
22 171 6
22 172 9
22 177 1
22 180 3
22 181 2
22 182 6
22 183 8
22 184 6
22 188 5
22 190 9
22 191 5
23 27 8
23 28 5
23 29 5
23 35 1
23 36 2
23 40 10
23 42 6
23 43 4
23 44 2
23 47 1
23 48 8
23 50 6
23 55 9
23 57 8
23 58 5
23 59 3
23 61 2
23 64 10
23 68 6
23 73 8
23 75 2
23 78 1
23 79 1
23 82 2
23 84 8
23 85 10
23 86 1
23 89 3
23 93 1
23 94 2
23 96 5
23 97 9
23 99 8
23 100 10
23 101 6
23 102 10
23 106 4
23 109 5
23 110 2
23 111 3
23 112 6
23 113 4
23 117 5
23 119 5
23 122 1
23 125 1
23 126 8
23 135 1
23 137 6
23 138 7
23 139 2
23 140 3
23 141 5
23 144 1
23 145 8
23 146 10
23 147 2
23 149 1
23 150 1
23 154 5
23 156 3
23 158 8
23 159 6
23 170 8
23 172 8
23 173 2
23 174 6
23 175 1
23 177 5
23 178 6
23 180 9
23 184 6
23 185 3
23 189 5
23 192 4
23 194 7
23 199 2
23 200 7
24 26 5
24 31 3
24 33 7
24 34 2
24 35 5
24 46 2
24 47 7
24 51 6
24 52 2
24 53 6
24 62 2
24 68 9
24 69 9
24 72 6
24 73 4
24 75 10
24 82 5
24 86 10
24 88 8
24 89 3
24 93 4
24 96 3
24 100 9
24 101 4
24 102 6
24 103 9
24 104 5
24 105 3
24 107 3
24 110 4
24 112 5
24 113 8
24 114 9
24 115 9
24 117 2
24 122 3
24 124 6
24 128 5
24 130 6
24 131 3
24 132 1
24 135 2
24 142 7
24 144 5
24 145 10
24 146 2
24 147 6
24 153 3
24 155 10
24 159 5
24 161 8
24 162 5
24 163 9
24 164 3
24 166 8
24 168 9
24 170 7
24 185 6
24 187 7
24 189 8
24 196 2
24 200 9
25 27 9
25 29 8
25 32 9
25 37 4
25 38 4
25 43 2
25 46 6
25 47 4
25 48 10
25 49 7
25 50 4
25 52 6
25 54 1
25 55 7
25 57 6
25 62 7
25 64 5
25 67 6
25 69 3
25 70 3
25 71 3
25 75 2
25 76 7
25 78 2
25 80 8
25 86 8
25 89 9
25 90 9
25 92 2
25 94 7
25 96 4
25 97 5
25 98 6
25 105 6
25 108 10
25 115 5
25 117 5
25 120 3
25 121 4
25 125 1
25 126 2
25 127 5
25 131 6
25 132 6
25 133 9
25 134 8
25 137 2
25 138 6
25 139 2
25 140 10
25 141 6
25 143 9
25 145 1
25 151 2
25 154 10
25 158 1
25 159 4
25 162 5
25 163 3
25 169 5
25 170 5
25 171 5
25 178 3
25 179 2
25 180 7
25 181 5
25 183 2
25 188 8
25 189 10
25 191 1
25 192 7
25 199 8
26 29 10
26 31 4
26 37 4
26 38 5
26 39 7
26 40 4
26 41 9
26 42 8
26 51 1
26 52 4
26 56 9
26 58 2
26 59 5
26 61 2
26 65 5
26 70 9
26 71 4
26 77 5
26 78 5
26 85 9
26 87 6
26 90 4
26 96 9
26 98 7
26 100 5
26 107 8
26 121 10
26 124 8
26 129 7
26 134 7
26 142 9
26 143 9
26 147 5
26 151 7
26 156 9
26 159 8
26 160 8
26 162 2
26 163 5
26 170 3
26 172 3
26 174 9
26 179 5
26 181 7
26 184 7
26 186 8
26 188 10
26 189 5
26 192 10
26 195 8
26 200 3
27 29 6
27 31 5
27 32 3
27 33 10
27 37 4
27 38 3
27 40 4
27 42 6
27 44 7
27 47 10
27 49 6
27 56 6
27 57 4
27 58 10
27 66 9
27 67 2
27 72 1
27 75 5
27 79 3
27 80 7
27 81 9
27 84 3
27 86 6
27 89 1
27 90 4
27 91 1
27 92 8
27 95 2
27 99 3
27 100 1
27 102 5
27 105 5
27 107 8
27 108 8
27 110 6
27 112 10
27 114 8
27 115 5
27 116 8
27 120 9
27 125 2
27 130 6
27 133 7
27 136 9
27 137 3
27 139 7
27 141 8
27 144 7
27 147 1
27 148 1
27 149 10
27 150 4
27 151 10
27 153 10
27 155 7
27 157 4
27 161 2
27 162 7
27 164 1
27 166 9
27 170 9
27 173 4
27 176 4
27 177 2
27 178 5
27 179 4
27 180 7
27 182 1
27 183 10
27 185 3
27 194 9
27 195 1
27 198 7
28 29 2
28 30 2
28 33 4
28 43 6
28 44 5
28 47 6
28 49 5
28 50 4
28 54 5
28 55 10
28 56 7
28 60 4
28 64 7
28 66 5
28 67 10
28 74 5
28 77 5
28 80 7
28 81 3
28 82 8
28 84 2
28 88 6
28 89 7
28 90 4
28 96 10
28 97 6
28 100 8
28 102 5
28 103 3
28 104 9
28 107 5
28 111 1
28 113 7
28 121 1
28 122 3
28 123 2
28 124 9
28 125 8
28 129 1
28 133 8
28 134 2
28 141 5
28 144 10
28 147 9
28 148 6
28 152 4
28 153 6
28 154 4
28 155 4
28 156 10
28 158 10
28 166 3
28 168 1
28 176 2
28 178 3
28 180 6
28 181 5
28 182 1
28 189 5
28 191 1
28 194 8
28 195 7
29 31 7
29 36 8
29 40 8
29 42 9
29 43 4
29 45 5
29 46 1
29 48 6
29 51 7
29 52 5
29 53 10
29 54 8
29 56 1
29 57 10
29 60 2
29 62 10
29 66 9
29 71 3
29 73 8
29 75 7
29 78 5
29 80 6
29 81 6
29 82 4
29 83 4
29 89 6
29 90 6
29 91 5
29 93 7
29 97 4
29 98 1
29 101 1
29 108 7
29 111 9
29 112 10
29 114 7
29 115 9
29 118 4
29 119 10
29 120 9
29 122 5
29 127 9
29 128 5
29 129 10
29 130 10
29 131 3
29 135 4
29 137 6
29 141 3
29 142 2
29 147 4
29 148 2
29 158 9
29 160 10
29 161 4
29 162 9
29 163 2
29 164 5
29 166 3
29 167 6
29 173 1
29 174 9
29 176 6
29 177 1
29 178 1
29 179 6
29 180 1
29 184 3
29 187 4
29 189 1
29 196 3
29 199 1
29 200 6
30 31 8
30 34 2
30 35 5
30 37 8
30 39 7
30 43 10
30 47 6
30 49 4
30 51 3
30 52 5
30 56 4
30 57 2
30 62 6
30 64 8
30 67 4
30 71 4
30 74 4
30 76 6
30 77 4
30 78 4
30 79 3
30 81 8
30 82 10
30 86 4
30 88 2
30 93 2
30 97 5
30 98 2
30 104 3
30 107 2
30 108 7
30 110 3
30 111 5
30 113 5
30 116 8
30 122 4
30 125 1
30 126 5
30 131 10
30 132 7
30 134 2
30 136 7
30 138 10
30 143 4
30 147 5
30 149 6
30 150 7
30 154 6
30 155 3
30 158 4
30 162 8
30 163 3
30 165 8
30 171 1
30 172 4
30 173 7
30 174 5
30 181 2
30 182 9
30 183 8
30 186 4
30 187 2
30 189 6
30 190 4
30 191 1
30 192 2
30 199 2
30 200 8
31 32 6
31 37 10
31 39 6
31 47 4
31 48 2
31 49 3
31 50 3
31 55 5
31 56 3
31 58 1
31 61 10
31 62 10
31 63 8
31 66 6
31 67 8
31 68 7
31 69 7
31 70 1
31 73 7
31 74 8
31 76 8
31 77 4
31 82 4
31 85 7
31 87 3
31 88 4
31 89 3
31 90 6
31 92 3
31 95 5
31 101 1
31 104 1
31 105 1
31 107 4
31 108 5
31 109 2
31 110 6
31 111 9
31 113 8
31 115 10
31 116 8
31 118 2
31 123 10
31 128 2
31 130 7
31 131 3
31 136 1
31 138 3
31 139 4
31 140 2
31 144 2
31 146 6
31 149 6
31 154 4
31 157 5
31 158 4
31 159 9
31 164 7
31 165 8
31 166 3
31 167 3
31 168 7
31 169 3
31 170 1
31 174 7
31 175 6
31 179 9
31 183 6
31 185 1
31 187 3
31 193 1
31 194 2
31 196 7
31 198 7
31 199 5
32 33 6
32 35 3
32 39 7
32 42 3
32 44 3
32 48 8
32 50 4
32 53 4
32 57 3
32 58 3
32 62 7
32 63 7
32 64 8
32 66 2
32 67 4
32 68 2
32 71 10
32 72 9
32 76 5
32 78 1
32 80 7
32 83 9
32 86 5
32 90 9
32 92 9
32 94 9
32 95 7
32 97 3
32 99 7
32 102 10
32 103 10
32 104 1
32 107 5
32 108 5
32 109 3
32 111 6
32 114 10
32 116 4
32 117 10
32 119 2
32 122 10
32 123 8
32 124 3
32 125 4
32 127 3
32 128 1
32 129 2
32 130 8
32 132 1
32 133 7
32 134 5
32 135 4
32 141 5
32 144 9
32 145 9
32 149 10
32 150 2
32 151 3
32 154 3
32 155 3
32 156 3
32 157 7
32 159 1
32 161 8
32 164 7
32 165 6
32 167 7
32 170 4
32 171 7
32 176 4
32 177 1
32 180 3
32 181 8
32 182 6
32 186 1
32 187 2
32 188 4
32 189 4
32 193 7
32 195 7
32 198 9
32 199 2
32 200 9
33 35 1
33 36 7
33 37 9
33 42 1
33 43 7
33 45 2
33 48 1
33 49 8
33 53 7
33 56 4
33 57 2
33 58 1
33 59 3
33 61 4
33 63 5
33 65 8
33 67 4
33 68 7
33 69 1
33 77 4
33 78 9
33 79 6
33 81 8
33 84 5
33 85 4
33 88 10
33 97 6
33 98 4
33 99 8
33 105 8
33 106 7
33 107 10
33 108 2
33 111 3
33 112 9
33 113 4
33 114 3
33 119 2
33 124 8
33 127 1
33 128 1
33 130 7
33 131 8
33 132 4
33 138 3
33 144 6
33 146 3
33 148 4
33 151 5
33 153 3
33 154 2
33 155 9
33 156 5
33 158 2
33 160 4
33 167 8
33 168 8
33 171 7
33 174 6
33 175 8
33 182 8
33 185 1
33 186 9
33 187 7
33 188 8
33 189 4
33 192 6
34 36 7
34 38 5
34 42 3
34 45 10
34 46 5
34 48 3
34 53 4
34 55 10
34 60 10
34 62 8
34 70 10
34 71 5
34 75 6
34 76 2
34 77 6
34 79 5
34 81 10
34 83 2
34 84 4
34 87 1
34 90 9
34 91 7
34 93 5
34 94 6
34 96 5
34 97 9
34 101 6
34 106 2
34 109 4
34 111 4
34 114 1
34 118 5
34 120 4
34 122 8
34 123 3
34 126 10
34 131 5
34 133 9
34 140 10
34 141 7
34 142 5
34 145 9
34 147 2
34 150 4
34 151 10
34 154 2
34 155 3
34 162 4
34 165 6
34 167 7
34 168 9
34 169 10
34 175 3
34 176 1
34 178 1
34 181 3
34 183 6
34 184 4
34 185 3
34 190 9
34 191 10
34 192 4
34 194 8
34 195 4
34 198 3
34 199 5
34 200 4
35 39 5
35 44 1
35 47 6
35 48 6
35 49 8
35 51 8
35 52 2
35 55 9
35 57 7
35 58 10
35 60 4
35 62 5
35 64 3
35 66 1
35 67 10
35 69 6
35 73 9
35 76 1
35 77 5
35 78 4
35 83 8
35 86 3
35 89 9
35 95 1
35 97 2
35 99 10
35 101 4
35 103 6
35 104 1
35 107 9
35 108 2
35 109 4
35 110 1
35 111 2
35 115 1
35 117 7
35 119 10
35 121 1
35 125 2
35 126 7
35 127 8
35 134 8
35 135 9
35 136 5
35 141 2
35 142 9
35 144 9
35 148 1
35 152 9
35 156 4
35 157 10
35 159 5
35 163 2
35 164 1
35 166 9
35 168 10
35 169 3
35 172 5
35 174 3
35 178 3
35 179 10
35 183 6
35 185 10
35 186 5
35 187 8
35 188 5
35 189 7
35 190 6
35 191 3
35 192 7
35 194 6
35 198 3
36 41 4
36 44 6
36 46 3
36 50 5
36 55 6
36 58 5
36 66 8
36 68 10
36 69 1
36 72 5
36 74 7
36 76 3
36 78 8
36 79 10
36 82 6
36 83 8
36 85 2
36 86 5
36 87 8
36 88 4
36 92 9
36 95 3
36 98 10
36 100 3
36 104 2
36 105 10
36 108 2
36 110 9
36 112 4
36 113 9
36 114 4
36 115 8
36 116 9
36 117 4
36 118 7
36 120 1
36 121 1
36 122 8
36 129 6
36 130 3
36 131 5
36 133 6
36 136 9
36 138 8
36 139 10
36 141 1
36 143 1
36 144 1
36 150 8
36 152 7
36 154 8
36 158 2
36 161 4
36 164 6
36 166 6
36 169 8
36 170 6
36 172 5
36 174 4
36 175 4
36 176 10
36 177 2
36 180 8
36 183 8
36 186 6
36 190 6
36 192 9
36 193 1
36 196 1
36 197 2
36 198 10
37 46 10
37 48 6
37 56 7
37 57 3
37 59 2
37 60 6
37 62 8
37 64 5
37 69 3
37 70 5
37 75 2
37 79 6
37 81 9
37 84 3
37 89 1
37 94 1
37 96 9
37 97 10
37 99 1
37 100 8
37 107 7
37 108 2
37 109 7
37 112 4
37 113 3
37 117 3
37 119 7
37 120 10
37 121 6
37 122 6
37 124 5
37 127 2
37 130 1
37 132 3
37 133 8
37 135 7
37 136 5
37 137 8
37 140 2
37 143 5
37 144 2
37 151 5
37 157 8
37 159 1
37 160 4
37 165 1
37 167 5
37 168 8
37 171 4
37 174 8
37 175 4
37 179 10
37 181 2
37 183 8
37 186 8
37 189 3
37 190 9
37 192 8
37 200 4
38 39 7
38 40 8
38 42 5
38 43 3
38 47 10
38 50 1
38 52 8
38 54 6
38 55 8
38 57 4
38 58 4
38 60 10
38 61 9
38 64 8
38 66 10
38 68 3
38 75 4
38 78 10
38 81 3
38 82 10
38 83 8
38 85 5
38 87 6
38 95 2
38 97 7
38 103 1
38 104 1
38 106 1
38 111 4
38 112 4
38 113 9
38 117 7
38 118 4
38 125 5
38 134 8
38 136 10
38 144 10
38 145 3
38 148 3
38 149 4
38 150 7
38 159 4
38 162 2
38 163 1
38 169 7
38 170 5
38 171 8
38 172 2
38 175 3
38 177 9
38 179 7
38 180 4
38 181 9
38 184 2
38 185 3
38 195 4
39 40 5
39 41 6
39 44 8
39 46 8
39 49 7
39 50 1
39 51 7
39 53 4
39 55 1
39 57 7
39 60 8
39 62 10
39 63 8
39 66 3
39 68 5
39 73 3
39 74 3
39 76 6
39 80 8
39 81 10
39 82 8
39 83 8
39 86 3
39 87 8
39 88 9
39 91 3
39 93 8
39 96 3
39 102 4
39 108 8
39 109 3
39 111 3
39 112 4
39 114 2
39 117 1
39 126 7
39 127 2
39 128 10
39 130 1
39 135 4
39 139 2
39 146 10
39 148 7
39 150 9
39 151 3
39 153 10
39 154 2
39 155 6
39 158 10
39 159 1
39 160 4
39 161 4
39 163 9
39 164 3
39 172 5
39 173 2
39 176 2
39 185 9
39 189 6
39 192 7
39 194 6
39 195 8
40 41 1
40 42 10
40 45 7
40 47 7
40 48 2
40 50 4
40 51 8
40 55 3
40 63 10
40 65 8
40 66 9
40 67 2
40 71 4
40 72 5
40 73 10
40 76 7
40 78 7
40 79 4
40 83 10
40 84 2
40 88 2
40 90 3
40 98 8
40 104 4
40 109 8
40 112 8
40 116 7
40 120 1
40 123 2
40 125 6
40 126 7
40 134 2
40 135 8
40 138 7
40 143 10
40 144 5
40 146 7
40 147 10
40 150 9
40 153 10
40 155 10
40 156 10
40 159 8
40 162 5
40 163 8
40 166 2
40 168 7
40 172 6
40 173 3
40 183 1
40 185 7
40 187 4
40 191 1
40 192 9
40 196 2
40 199 8
40 200 7
41 42 10
41 44 2
41 46 5
41 49 6
41 50 2
41 52 1
41 53 8
41 56 8
41 57 4
41 60 6
41 61 5
41 62 10
41 63 8
41 64 4
41 65 9
41 66 5
41 69 6
41 72 5
41 76 7
41 79 8
41 80 5
41 81 4
41 82 2
41 86 1
41 88 10
41 89 5
41 91 6
41 92 10
41 95 6
41 96 9
41 100 2
41 102 2
41 107 3
41 108 1
41 109 5
41 110 7
41 112 5
41 114 6
41 115 6
41 117 5
41 118 8
41 119 3
41 120 4
41 125 7
41 128 6
41 131 8
41 134 2
41 135 7
41 138 4
41 140 9
41 146 7
41 147 2
41 151 4
41 157 6
41 159 3
41 160 7
41 162 8
41 163 4
41 164 9
41 168 3
41 169 10
41 171 8
41 172 8
41 175 9
41 176 3
41 178 2
41 181 5
41 183 7
41 191 9
41 192 5
41 195 9
41 197 2
42 46 9
42 50 8
42 53 4
42 54 4
42 55 9
42 56 8
42 58 1
42 59 3
42 70 1
42 72 2
42 73 8
42 74 4
42 79 4
42 84 9
42 85 10
42 88 6
42 89 2
42 92 2
42 95 9
42 96 2
42 97 1
42 98 3
42 100 9
42 104 8
42 106 10
42 109 8
42 112 1
42 113 9
42 120 8
42 121 5
42 125 3
42 126 4
42 127 7
42 128 1
42 130 5
42 135 2
42 141 6
42 144 5
42 145 8
42 147 7
42 152 4
42 154 6
42 161 10
42 167 4
42 178 2
42 179 5
42 180 10
42 182 6
42 183 10
42 186 7
42 196 8
42 197 9
42 199 3
43 44 4
43 45 6
43 46 1
43 48 9
43 52 9
43 53 4
43 54 4
43 56 5
43 60 7
43 61 2
43 63 3
43 64 4
43 65 3
43 66 6
43 69 7
43 71 7
43 74 6
43 78 2
43 79 8
43 80 3
43 81 1
43 82 6
43 83 6
43 89 9
43 93 2
43 94 10
43 97 8
43 98 6
43 99 4
43 102 7
43 107 10
43 108 4
43 111 3
43 113 4
43 114 6
43 117 8
43 118 10
43 120 9
43 123 6
43 131 9
43 138 9
43 140 8
43 141 9
43 148 2
43 152 8
43 153 1
43 154 10
43 158 3
43 165 4
43 166 6
43 169 3
43 170 2
43 172 5
43 173 3
43 178 9
43 182 8
43 186 4
43 189 7
43 193 7
43 197 5
44 48 1
44 51 2
44 53 2
44 54 8
44 56 1
44 57 5
44 63 7
44 65 1
44 66 2
44 67 2
44 68 2
44 69 10
44 70 10
44 71 7
44 73 2
44 74 2
44 75 4
44 77 5
44 78 5
44 85 6
44 89 1
44 90 4
44 92 7
44 94 2
44 97 5
44 98 3
44 100 7
44 103 5
44 104 3
44 106 2
44 107 5
44 111 6
44 113 9
44 117 7
44 122 5
44 125 4
44 129 1
44 131 6
44 133 4
44 134 10
44 137 9
44 140 10
44 141 3
44 142 10
44 143 2
44 149 3
44 152 7
44 155 2
44 156 7
44 160 1
44 161 6
44 162 3
44 163 8
44 167 1
44 168 8
44 169 9
44 171 4
44 173 2
44 175 9
44 179 9
44 186 2
44 188 9
44 189 3
44 193 8
44 194 7
44 195 5
44 196 7
44 197 4
44 199 7
44 200 2
45 46 3
45 50 4
45 61 7
45 62 7
45 63 5
45 64 2
45 73 10
45 76 1
45 79 1
45 80 6
45 82 4
45 83 3
45 84 2
45 85 4
45 87 6
45 88 1
45 89 5
45 93 3
45 102 10
45 103 3
45 104 6
45 108 5
45 109 8
45 114 10
45 116 5
45 118 10
45 120 10
45 121 1
45 128 3
45 129 2
45 130 8
45 133 10
45 134 8
45 135 7
45 140 8
45 145 8
45 146 8
45 147 10
45 149 6
45 153 2
45 157 3
45 158 7
45 165 5
45 166 3
45 167 1
45 168 5
45 170 8
45 173 5
45 175 1
45 176 2
45 179 3
45 182 6
45 183 8
45 184 6
45 193 10
45 195 4
45 198 6
45 199 6
45 200 1
46 48 9
46 51 7
46 53 3
46 55 9
46 56 8
46 59 6
46 68 10
46 70 6
46 73 7
46 75 1
46 77 9
46 80 8
46 81 5
46 82 2
46 83 8
46 84 4
46 85 3
46 86 6
46 89 4
46 91 1
46 93 7
46 94 2
46 95 5
46 97 8
46 103 1
46 106 6
46 111 6
46 113 8
46 118 9
46 123 7
46 124 2
46 126 10
46 128 9
46 130 5
46 139 6
46 141 8
46 142 6
46 146 5
46 147 4
46 148 5
46 149 9
46 152 3
46 153 2
46 155 9
46 158 9
46 162 1
46 166 9
46 168 2
46 171 1
46 172 6
46 173 9
46 175 3
46 179 10
46 181 6
46 182 5
46 185 9
46 186 10
46 187 4
46 189 2
46 190 3
46 193 6
46 194 4
47 54 9
47 60 10
47 66 5
47 71 5
47 74 3
47 76 9
47 77 4
47 82 9
47 83 9
47 85 1
47 86 8
47 87 8
47 88 3
47 89 6
47 99 3
47 101 2
47 102 9
47 103 3
47 104 8
47 105 6
47 107 7
47 108 4
47 109 5
47 112 7
47 113 6
47 114 10
47 115 8
47 119 10
47 120 4
47 121 8
47 127 3
47 132 7
47 133 9
47 135 7
47 136 6
47 139 3
47 142 6
47 143 6
47 144 4
47 149 4
47 150 8
47 151 1
47 155 6
47 158 9
47 161 7
47 164 5
47 169 8
47 172 5
47 173 5
47 176 5
47 177 8
47 179 2
47 180 8
47 181 8
47 182 5
47 183 8
47 188 7
47 190 4
47 191 2
47 192 4
47 193 9
47 194 2
47 199 7
48 51 1
48 53 3
48 56 3
48 66 3
48 67 4
48 70 3
48 72 7
48 73 1
48 76 1
48 77 9
48 78 6
48 79 1
48 82 5
48 90 7
48 92 1
48 97 5
48 99 6
48 105 10
48 108 9
48 109 1
48 113 5
48 114 5
48 116 2
48 117 8
48 119 3
48 120 3
48 122 9
48 126 7
48 129 9
48 133 5
48 135 4
48 143 5
48 146 6
48 147 6
48 148 1
48 149 8
48 153 6
48 154 6
48 164 6
48 166 8
48 169 8
48 172 4
48 173 3
48 176 9
48 177 3
48 179 3
48 180 1
48 181 2
48 183 2
48 185 6
48 191 6
49 51 5
49 53 9
49 54 3
49 57 5
49 59 7
49 60 1
49 64 8
49 65 2
49 66 9
49 71 9
49 73 3
49 76 5
49 81 8
49 82 5
49 85 8
49 88 6
49 91 1
49 96 8
49 99 4
49 100 3
49 101 1
49 102 5
49 103 10
49 104 5
49 108 5
49 110 5
49 113 5
49 116 8
49 119 4
49 121 8
49 122 4
49 123 10
49 124 1
49 126 4
49 128 6
49 129 1
49 131 2
49 137 2
49 144 9
49 145 10
49 149 9
49 156 7
49 162 8
49 165 6
49 168 10
49 170 4
49 171 5
49 172 3
49 173 2
49 184 1
49 185 4
49 187 6
49 188 8
49 189 1
49 191 8
49 193 9
49 194 5
49 197 6
49 198 3
50 51 8
50 52 5
50 53 7
50 54 5
50 55 6
50 56 2
50 57 8
50 62 3
50 63 6
50 68 5
50 73 9
50 76 1
50 78 1
50 80 6
50 86 10
50 87 2
50 88 2
50 93 2
50 94 1
50 95 6
50 96 9
50 97 8
50 100 6
50 102 7
50 106 5
50 118 3
50 119 5
50 120 9
50 123 1
50 126 8
50 127 5
50 128 6
50 129 9
50 130 8
50 131 6
50 137 5
50 139 7
50 144 10
50 150 5
50 157 3
50 159 5
50 160 9
50 163 8
50 166 6
50 168 10
50 172 6
50 173 5
50 174 4
50 177 8
50 179 1
50 180 4
50 183 1
50 185 10
50 190 6
50 191 7
50 192 5
50 194 10
50 195 6
50 199 4
51 53 6
51 58 10
51 63 1
51 64 8
51 70 4
51 71 6
51 72 9
51 76 6
51 80 4
51 81 1
51 82 5
51 84 8
51 86 7
51 88 2
51 92 5
51 94 7
51 95 4
51 97 2
51 99 9
51 100 10
51 102 7
51 104 8
51 105 10
51 106 3
51 107 10
51 108 10
51 109 5
51 113 7
51 114 4
51 115 10
51 116 4
51 117 6
51 118 6
51 119 5
51 121 6
51 122 10
51 125 10
51 126 1
51 127 1
51 130 5
51 131 1
51 132 10
51 133 3
51 134 1
51 140 5
51 141 5
51 145 6
51 147 7
51 149 2
51 150 10
51 156 2
51 159 10
51 162 7
51 163 1
51 165 2
51 166 3
51 167 6
51 169 2
51 174 3
51 180 5
51 182 5
51 183 10
51 185 2
51 186 4
51 191 3
51 197 7
52 54 3
52 59 1
52 69 2
52 75 2
52 80 5
52 82 2
52 85 5
52 86 2
52 94 5
52 101 4
52 103 1
52 104 2
52 106 8
52 107 6
52 108 3
52 109 7
52 110 4
52 112 1
52 113 6
52 115 3
52 117 8
52 123 4
52 126 3
52 131 3
52 135 7
52 137 7
52 140 10
52 141 2
52 143 4
52 147 3
52 149 3
52 150 9
52 152 3
52 153 9
52 155 10
52 160 4
52 162 5
52 163 7
52 165 7
52 166 5
52 167 1
52 168 4
52 169 8
52 174 9
52 176 10
52 177 7
52 182 4
52 185 10
52 186 2
52 187 6
52 188 4
52 190 2
52 194 8
52 200 9
53 54 1
53 57 8
53 59 4
53 67 10
53 68 5
53 71 6
53 72 10
53 73 7
53 74 10
53 76 8
53 77 5
53 81 10
53 83 10
53 84 8
53 86 4
53 90 6
53 94 3
53 97 5
53 99 7
53 100 1
53 104 1
53 105 1
53 107 3
53 108 2
53 110 7
53 111 4
53 113 9
53 116 6
53 119 9
53 123 10
53 133 1
53 137 2
53 139 9
53 141 10
53 143 1
53 145 5
53 146 7
53 147 9
53 149 8
53 150 2
53 151 2
53 153 3
53 157 5
53 158 7
53 160 10
53 161 1
53 162 2
53 164 6
53 166 2
53 167 8
53 168 4
53 169 1
53 170 10
53 174 10
53 178 7
53 179 6
53 181 3
53 183 4
53 188 1
53 190 4
53 193 9
53 194 6
53 198 2
53 199 3
53 200 2
54 55 7
54 60 6
54 63 10
54 64 6
54 66 3
54 68 7
54 70 6
54 71 5
54 72 1
54 77 9
54 79 7
54 80 8
54 81 6
54 82 10
54 87 8
54 92 3
54 93 2
54 95 2
54 97 8
54 101 7
54 103 6
54 104 3
54 105 8
54 107 8
54 108 1
54 113 4
54 114 8
54 117 5
54 119 5
54 126 4
54 128 8
54 129 1
54 130 6
54 133 1
54 143 5
54 145 2
54 147 10
54 149 1
54 150 10
54 155 6
54 159 6
54 160 4
54 162 1
54 164 1
54 165 3
54 166 8
54 167 1
54 170 2
54 171 4
54 173 5
54 176 5
54 182 7
54 187 5
54 193 7
54 196 4
54 197 2
54 199 9
55 56 5
55 58 6
55 59 2
55 64 9
55 68 1
55 69 3
55 72 3
55 75 7
55 76 3
55 79 10
55 80 3
55 90 4
55 93 10
55 94 9
55 95 7
55 98 5
55 107 5
55 118 9
55 121 1
55 122 8
55 123 8
55 126 4
55 129 7
55 130 10
55 131 2
55 132 5
55 133 10
55 136 2
55 140 1
55 141 8
55 142 7
55 143 9
55 147 7
55 150 7
55 156 1
55 158 8
55 160 9
55 161 8
55 164 10
55 165 2
55 166 3
55 169 8
55 170 1
55 171 4
55 172 2
55 173 1
55 175 6
55 176 8
55 180 5
55 182 10
55 184 9
55 186 4
55 195 5
55 197 8
55 198 10
55 200 1
56 59 3
56 60 2
56 64 6
56 65 4
56 67 4
56 69 4
56 70 3
56 76 7
56 77 8
56 80 7
56 84 7
56 88 4
56 90 4
56 91 6
56 95 7
56 96 6
56 102 6
56 104 6
56 105 7
56 106 3
56 112 3
56 118 9
56 119 5
56 120 6
56 122 10
56 125 5
56 127 3
56 131 2
56 134 10
56 139 1
56 142 6
56 145 9
56 147 8
56 148 3
56 151 6
56 156 5
56 159 3
56 160 2
56 167 6
56 170 8
56 171 9
56 173 3
56 180 7
56 181 1
56 182 2
56 183 9
56 185 3
56 188 3
56 189 8
56 191 5
56 192 7
56 195 10
56 197 2
56 198 5
56 200 3
57 61 4
57 62 4
57 63 3
57 66 10
57 68 5
57 74 9
57 75 2
57 83 9
57 84 5
57 85 1
57 86 6
57 88 1
57 91 1
57 93 5
57 94 4
57 97 3
57 98 5
57 99 7
57 101 5
57 104 3
57 107 5
57 110 2
57 111 6
57 112 4
57 114 3
57 118 2
57 121 7
57 126 9
57 127 10
57 128 6
57 129 10
57 130 1
57 131 8
57 136 7
57 138 3
57 140 1
57 141 10
57 143 6
57 145 10
57 146 1
57 147 6
57 148 3
57 158 9
57 160 3
57 161 6
57 162 3
57 163 10
57 164 6
57 165 6
57 171 9
57 177 7
57 183 6
57 185 10
57 186 3
57 187 2
57 191 8
57 194 3
57 197 8
58 59 1
58 64 5
58 67 5
58 70 2
58 75 5
58 76 6
58 77 7
58 82 7
58 83 8
58 85 2
58 90 7
58 92 10
58 93 4
58 95 5
58 99 4
58 100 6
58 101 10
58 107 5
58 108 5
58 110 6
58 115 9
58 117 2
58 118 9
58 120 3
58 123 8
58 124 7
58 126 8
58 129 10
58 130 2
58 131 1
58 135 6
58 137 2
58 139 6
58 141 1
58 144 7
58 145 7
58 146 5
58 147 9
58 148 6
58 151 10
58 153 5
58 154 4
58 157 1
58 158 10
58 161 7
58 162 4
58 166 7
58 167 3
58 168 8
58 170 7
58 172 7
58 178 9
58 183 6
58 184 8
58 185 9
58 187 6
58 188 5
58 191 1
58 195 2
58 196 3
58 197 8
58 199 2
59 61 8
59 63 9
59 64 2
59 66 2
59 69 1
59 71 4
59 73 9
59 75 9
59 77 8
59 82 7
59 84 2
59 86 4
59 88 7
59 89 9
59 96 7
59 98 10
59 103 5
59 104 6
59 105 4
59 107 5
59 111 3
59 112 5
59 113 6
59 117 7
59 120 8
59 122 6
59 123 9
59 126 6
59 127 5
59 129 8
59 133 6
59 134 5
59 136 4
59 141 3
59 144 5
59 146 7
59 147 7
59 148 8
59 152 7
59 153 2
59 154 9
59 156 5
59 163 2
59 166 4
59 168 10
59 170 10
59 172 6
59 174 3
59 182 2
59 183 5
59 189 2
59 190 10
59 191 10
59 192 5
59 194 9
59 195 9
59 196 2
59 197 3
59 199 1
59 200 5
60 61 4
60 68 8
60 69 10
60 70 3
60 80 4
60 81 8
60 84 3
60 85 2
60 86 3
60 87 9
60 92 1
60 94 9
60 99 4
60 101 7
60 102 1
60 103 6
60 106 2
60 109 2
60 112 3
60 117 7
60 122 9
60 125 6
60 132 5
60 133 8
60 135 3
60 138 6
60 141 8
60 146 1
60 147 8
60 149 4
60 150 7
60 151 7
60 154 3
60 157 8
60 158 4
60 166 3
60 167 2
60 168 7
60 171 10
60 173 1
60 175 5
60 176 8
60 179 10
60 181 10
60 185 8
60 188 7
60 189 4
60 191 1
60 192 9
60 194 3
60 195 1
61 66 7
61 68 8
61 69 8
61 71 8
61 73 7
61 74 8
61 76 8
61 78 10
61 80 9
61 82 6
61 85 2
61 89 2
61 92 5
61 93 6
61 94 8
61 97 7
61 98 9
61 99 4
61 102 3
61 104 7
61 107 2
61 111 6
61 112 6
61 114 5
61 117 2
61 119 3
61 120 8
61 122 4
61 124 9
61 125 9
61 128 8
61 133 5
61 139 5
61 141 2
61 142 5
61 143 4
61 144 1
61 147 1
61 148 9
61 149 7
61 151 8
61 152 5
61 153 9
61 154 1
61 156 1
61 164 5
61 168 1
61 169 8
61 171 10
61 172 5
61 174 7
61 182 1
61 184 2
61 194 3
61 198 6
61 200 5
62 69 8
62 70 10
62 74 10
62 77 1
62 78 2
62 79 9
62 80 8
62 81 5
62 85 6
62 86 3
62 89 8
62 91 3
62 98 10
62 99 6
62 100 4
62 105 4
62 109 7
62 110 4
62 111 4
62 114 9
62 116 1
62 117 3
62 120 10
62 126 7
62 129 1
62 135 3
62 137 3
62 138 9
62 141 8
62 142 7
62 151 6
62 152 10
62 154 7
62 156 4
62 162 6
62 163 6
62 164 3
62 166 4
62 167 9
62 171 8
62 172 8
62 173 3
62 178 2
62 181 4
62 182 7
62 184 2
62 185 1
62 189 8
62 190 3
62 191 7
62 192 9
62 196 8
62 198 9
63 65 4
63 66 4
63 67 1
63 70 1
63 71 9
63 73 2
63 77 1
63 83 4
63 85 2
63 88 7
63 92 4
63 100 7
63 101 8
63 107 7
63 109 4
63 113 6
63 115 4
63 116 10
63 119 7
63 120 1
63 122 10
63 124 8
63 126 9
63 128 3
63 129 10
63 133 5
63 135 9
63 138 9
63 140 9
63 142 7
63 144 3
63 145 8
63 147 1
63 151 2
63 152 2
63 154 3
63 158 9
63 159 5
63 163 1
63 164 9
63 167 6
63 169 6
63 170 3
63 171 4
63 172 9
63 173 4
63 174 7
63 181 7
63 183 4
63 185 5
63 186 8
63 187 7
63 190 1
63 192 9
63 197 10
63 198 1
64 67 5
64 68 2
64 71 8
64 74 10
64 76 8
64 77 9
64 80 3
64 86 3
64 88 3
64 89 2
64 91 3
64 94 2
64 100 5
64 101 5
64 105 7
64 109 2
64 110 9
64 115 10
64 116 10
64 117 2
64 118 3
64 119 7
64 122 1
64 125 6
64 128 8
64 129 9
64 133 7
64 137 6
64 140 4
64 143 8
64 146 5
64 151 10
64 152 9
64 153 10
64 154 8
64 161 6
64 165 1
64 171 4
64 173 6
64 174 9
64 176 8
64 179 5
64 180 6
64 181 6
64 182 8
64 187 2
64 189 4
64 191 7
64 194 7
64 195 8
64 197 10
64 198 3
64 199 7
65 66 10
65 67 9
65 69 5
65 73 6
65 75 7
65 78 8
65 83 7
65 84 6
65 89 2
65 96 9
65 97 6
65 99 8
65 100 3
65 101 3
65 102 2
65 107 8
65 114 4
65 115 5
65 116 2
65 117 3
65 119 9
65 120 2
65 125 3
65 133 6
65 134 8
65 135 8
65 137 10
65 138 5
65 139 9
65 140 4
65 141 2
65 143 9
65 145 6
65 146 6
65 147 9
65 149 2
65 153 3
65 155 7
65 157 6
65 159 4
65 160 9
65 163 10
65 164 4
65 169 2
65 170 3
65 172 3
65 175 1
65 176 6
65 177 7
65 180 1
65 184 1
65 185 6
65 188 3
65 189 2
65 190 10
65 193 5
65 194 2
65 198 7
65 200 4
66 71 8
66 73 3
66 81 8
66 85 1
66 86 9
66 93 2
66 95 6
66 96 9
66 100 9
66 103 3
66 104 5
66 105 9
66 107 9
66 109 1
66 110 3
66 111 8
66 112 3
66 114 6
66 116 9
66 122 5
66 125 9
66 126 10
66 127 6
66 130 9
66 132 1
66 133 8
66 134 5
66 138 1
66 143 10
66 144 10
66 145 4
66 146 8
66 148 8
66 153 1
66 154 1
66 156 2
66 163 3
66 166 6
66 169 8
66 174 6
66 175 3
66 176 1
66 178 8
66 183 5
66 186 4
66 188 1
66 191 3
66 197 7
67 71 5
67 74 9
67 75 8
67 76 9
67 77 6
67 80 5
67 82 8
67 85 3
67 87 7
67 93 9
67 97 9
67 98 10
67 102 8
67 103 1
67 107 9
67 109 1
67 118 5
67 121 2
67 125 2
67 126 2
67 127 2
67 130 2
67 131 8
67 134 3
67 136 6
67 137 2
67 139 7
67 147 7
67 150 6
67 153 4
67 154 6
67 156 8
67 161 8
67 162 4
67 163 5
67 167 4
67 169 9
67 171 2
67 172 7
67 180 9
67 181 3
67 183 3
67 184 10
67 190 1
67 192 7
67 194 1
67 195 10
67 200 7
68 69 3
68 72 6
68 75 5
68 76 1
68 77 2
68 78 4
68 79 7
68 80 8
68 85 4
68 86 2
68 92 6
68 93 3
68 94 7
68 97 10
68 103 1
68 104 8
68 106 5
68 107 7
68 109 1
68 112 2
68 118 3
68 123 6
68 125 10
68 126 5
68 127 4
68 130 9
68 131 2
68 136 1
68 140 10
68 146 2
68 147 1
68 152 4
68 153 9
68 157 10
68 159 2
68 161 1
68 162 2
68 163 7
68 165 6
68 168 4
68 173 7
68 175 3
68 177 6
68 181 7
68 182 7
68 183 8
68 197 7
68 199 10
69 76 3
69 80 5
69 82 3
69 84 3
69 87 7
69 90 4
69 94 1
69 95 10
69 96 5
69 98 4
69 99 8
69 103 6
69 104 1
69 105 2
69 107 3
69 108 6
69 111 8
69 115 10
69 116 5
69 122 6
69 123 9
69 127 4
69 129 10
69 135 10
69 137 4
69 138 4
69 139 4
69 140 6
69 144 2
69 148 7
69 150 7
69 152 6
69 154 9
69 156 9
69 160 6
69 161 6
69 162 3
69 165 2
69 166 7
69 170 7
69 172 4
69 175 3
69 178 3
69 181 10
69 182 9
69 184 10
69 188 5
69 189 8
69 191 2
69 192 3
69 193 5
69 195 6
69 196 10
69 197 7
70 72 6
70 74 8
70 77 9
70 78 3
70 79 6
70 82 4
70 88 5
70 91 8
70 92 3
70 94 7
70 95 9
70 96 4
70 97 4
70 100 1
70 101 3
70 102 10
70 103 1
70 106 7
70 111 8
70 112 4
70 114 10
70 119 10
70 120 4
70 121 1
70 125 9
70 127 1
70 128 7
70 129 6
70 133 5
70 134 1
70 135 2
70 139 10
70 141 8
70 144 4
70 148 7
70 151 6
70 153 9
70 155 6
70 156 1
70 157 5
70 162 9
70 163 2
70 169 5
70 171 1
70 175 10
70 177 3
70 178 2
70 186 5
70 187 5
70 188 5
70 189 8
70 192 5
70 195 6
70 198 1
70 200 4
71 72 10
71 74 5
71 75 2
71 76 3
71 87 6
71 89 7
71 94 9
71 95 5
71 96 9
71 102 9
71 103 6
71 104 8
71 106 6
71 109 5
71 111 1
71 115 5
71 117 3
71 131 1
71 133 10
71 137 8
71 138 6
71 139 9
71 141 2
71 145 8
71 146 4
71 150 6
71 151 2
71 153 1
71 156 3
71 158 1
71 159 9
71 164 10
71 165 1
71 171 1
71 179 9
71 180 2
71 185 10
71 186 7
71 188 6
71 189 9
71 193 10
71 194 3
71 198 10
71 199 6
72 76 8
72 77 2
72 79 6
72 81 2
72 85 1
72 86 3
72 90 1
72 92 5
72 94 9
72 95 2
72 97 3
72 100 5
72 102 2
72 103 4
72 105 6
72 111 5
72 112 10
72 114 2
72 117 1
72 121 4
72 123 5
72 128 3
72 135 5
72 141 1
72 142 10
72 146 2
72 147 3
72 148 2
72 152 5
72 159 2
72 163 6
72 168 5
72 170 8
72 172 1
72 174 6
72 179 6
72 183 4
72 184 2
72 189 1
72 191 10
72 195 8
72 196 9
72 197 6
72 198 10
72 200 10
73 76 7
73 77 6
73 78 1
73 79 3
73 81 5
73 83 7
73 86 2
73 87 2
73 88 5
73 90 6
73 91 6
73 92 2
73 93 4
73 95 9
73 99 3
73 100 2
73 104 9
73 110 9
73 111 10
73 113 4
73 116 10
73 117 7
73 119 4
73 120 5
73 122 9
73 123 6
73 124 6
73 127 7
73 131 10
73 132 8
73 140 3
73 147 9
73 148 1
73 149 7
73 154 3
73 164 1
73 165 9
73 168 1
73 171 1
73 173 8
73 175 4
73 176 8
73 177 2
73 178 7
73 179 4
73 181 7
73 183 4
73 184 5
73 186 9
73 189 6
73 190 8
73 193 6
73 194 3
73 195 6
73 197 3
73 198 6
74 75 2
74 79 5
74 80 6
74 83 4
74 85 7
74 86 3
74 87 4
74 88 8
74 89 6
74 90 1
74 99 7
74 100 6
74 101 9
74 102 3
74 106 7
74 108 7
74 109 6
74 110 9
74 111 9
74 112 5
74 114 4
74 118 1
74 120 10
74 121 8
74 123 1
74 124 4
74 126 4
74 129 1
74 132 9
74 133 6
74 135 5
74 136 4
74 137 2
74 138 2
74 139 5
74 141 9
74 142 5
74 144 8
74 145 2
74 147 9
74 148 10
74 150 5
74 151 10
74 152 2
74 154 1
74 155 7
74 156 6
74 157 2
74 159 1
74 161 6
74 172 8
74 173 5
74 174 10
74 176 4
74 177 3
74 184 1
74 188 4
74 192 5
74 193 1
74 198 3
74 199 7
74 200 1
75 79 10
75 80 8
75 82 6
75 83 2
75 88 3
75 90 2
75 94 1
75 99 7
75 101 8
75 103 7
75 105 6
75 106 5
75 114 7
75 117 7
75 119 9
75 122 10
75 132 3
75 133 3
75 135 6
75 139 7
75 147 3
75 148 1
75 151 6
75 155 8
75 157 2
75 159 4
75 161 7
75 163 4
75 164 9
75 166 3
75 167 9
75 168 10
75 170 8
75 171 8
75 176 2
75 180 10
75 182 8
75 184 2
75 186 2
75 189 10
75 193 1
75 194 9
75 197 9
75 198 7
75 199 4
75 200 5
76 84 2
76 87 4
76 88 8
76 90 5
76 91 3
76 92 3
76 98 7
76 100 6
76 105 6
76 106 3
76 110 7
76 111 1
76 113 3
76 116 1
76 117 7
76 119 7
76 122 6
76 125 7
76 128 1
76 129 7
76 135 3
76 136 5
76 137 3
76 143 1
76 152 5
76 158 10
76 163 1
76 164 1
76 169 6
76 171 7
76 173 8
76 175 3
76 177 6
76 179 6
76 182 2
76 184 10
76 185 10
76 192 2
76 198 6
76 199 3
76 200 7
77 81 3
77 85 9
77 86 5
77 90 9
77 92 4
77 98 6
77 103 10
77 104 7
77 106 9
77 108 4
77 109 9
77 111 2
77 112 8
77 113 3
77 120 2
77 123 10
77 124 7
77 128 8
77 129 10
77 133 4
77 150 10
77 152 8
77 153 2
77 158 7
77 160 3
77 163 4
77 166 1
77 171 4
77 179 9
77 181 3
77 183 10
77 185 9
77 186 2
77 188 4
77 189 4
77 191 2
77 199 7
78 85 10
78 86 3
78 89 3
78 90 4
78 92 2
78 93 9
78 94 3
78 97 5
78 99 5
78 100 2
78 102 8
78 103 9
78 105 6
78 108 3
78 113 2
78 114 10
78 116 7
78 119 4
78 126 1
78 130 3
78 132 3
78 138 10
78 140 3
78 143 7
78 144 9
78 145 6
78 146 4
78 148 2
78 152 6
78 153 6
78 155 4
78 158 8
78 161 7
78 164 10
78 169 8
78 170 2
78 174 6
78 175 10
78 176 3
78 178 10
78 180 6
78 182 1
78 184 5
78 188 3
78 189 8
78 191 4
78 192 2
78 196 4
78 199 9
79 81 2
79 83 4
79 87 6
79 88 1
79 91 7
79 92 8
79 94 2
79 97 10
79 98 4
79 99 10
79 101 9
79 104 8
79 106 3
79 108 7
79 111 5
79 112 1
79 116 6
79 118 9
79 119 8
79 120 6
79 124 10
79 125 6
79 130 10
79 136 9
79 137 5
79 140 1
79 143 4
79 144 3
79 149 9
79 151 7
79 152 4
79 154 10
79 157 9
79 159 9
79 160 2
79 165 7
79 169 2
79 172 6
79 175 7
79 180 2
79 181 10
79 185 7
79 189 5
79 191 1
79 194 5
79 197 8
79 198 9
80 84 6
80 85 2
80 86 7
80 88 1
80 89 3
80 91 7
80 92 2
80 94 8
80 100 6
80 101 9
80 106 7
80 107 9
80 109 6
80 114 8
80 116 8
80 117 2
80 120 3
80 122 9
80 123 5
80 124 1
80 126 7
80 128 8
80 135 10
80 145 9
80 148 7
80 149 1
80 153 7
80 155 6
80 156 9
80 157 1
80 161 3
80 166 2
80 168 3
80 169 10
80 172 4
80 173 8
80 174 1
80 175 4
80 178 10
80 191 8
80 193 10
80 200 4
81 87 6
81 89 7
81 90 10
81 91 2
81 93 9
81 98 8
81 101 7
81 102 10
81 103 4
81 109 10
81 113 2
81 116 5
81 117 4
81 123 6
81 124 9
81 125 6
81 134 1
81 138 3
81 139 2
81 140 4
81 141 1
81 150 5
81 154 6
81 156 1
81 158 4
81 159 4
81 160 7
81 168 4
81 169 6
81 170 9
81 173 2
81 174 6
81 176 8
81 177 2
81 181 7
81 182 1
81 186 10
81 187 1
81 188 3
81 189 5
81 190 6
81 192 8
81 193 3
81 195 7
81 196 5
81 197 6
82 83 1
82 84 2
82 86 10
82 88 1
82 93 9
82 95 9
82 97 9
82 101 3
82 102 6
82 104 5
82 106 5
82 107 10
82 109 8
82 112 9
82 114 6
82 117 4
82 122 10
82 127 10
82 128 1
82 129 6
82 131 7
82 133 6
82 134 4
82 136 9
82 137 4
82 139 2
82 141 8
82 144 6
82 145 9
82 146 6
82 150 5
82 151 1
82 155 4
82 162 6
82 164 8
82 165 2
82 166 6
82 169 7
82 171 5
82 173 5
82 174 3
82 176 5
82 178 2
82 179 1
82 180 6
82 181 9
82 182 2
82 187 9
82 196 9
82 199 6
83 85 7
83 88 6
83 91 8
83 92 8
83 94 10
83 95 9
83 96 8
83 97 5
83 98 8
83 100 3
83 108 3
83 112 2
83 113 10
83 122 5
83 127 6
83 131 6
83 134 10
83 139 3
83 141 1
83 142 1
83 145 10
83 146 3
83 150 2
83 156 10
83 161 4
83 168 10
83 170 9
83 175 1
83 181 1
83 186 8
83 190 7
83 192 1
83 193 8
83 194 4
83 195 1
83 196 8
83 197 2
83 199 6
84 92 7
84 94 6
84 99 4
84 102 4
84 104 5
84 105 4
84 107 5
84 112 10
84 115 8
84 116 3
84 119 3
84 121 8
84 122 7
84 127 1
84 128 3
84 131 10
84 136 3
84 137 9
84 138 7
84 139 1
84 142 6
84 146 5
84 149 8
84 151 9
84 154 5
84 157 3
84 159 6
84 163 2
84 168 9
84 169 3
84 171 2
84 172 8
84 173 10
84 176 9
84 177 5
84 178 7
84 185 5
84 189 6
84 190 5
84 193 5
84 194 1
84 195 6
84 196 4
85 93 10
85 102 10
85 106 7
85 107 5
85 110 1
85 113 8
85 119 1
85 124 10
85 126 2
85 127 9
85 131 4
85 132 10
85 136 3
85 138 9
85 140 4
85 142 3
85 145 8
85 148 8
85 151 7
85 153 8
85 154 2
85 160 5
85 161 3
85 162 8
85 165 9
85 170 4
85 172 9
85 173 10
85 178 1
85 180 2
85 184 2
85 185 3
85 186 7
85 187 8
85 192 2
85 193 6
85 196 6
85 198 4
86 90 10
86 92 10
86 93 6
86 101 9
86 102 1
86 103 2
86 109 10
86 110 7
86 113 2
86 115 3
86 119 2
86 121 3
86 122 3
86 123 2
86 124 3
86 125 3
86 130 1
86 131 3
86 134 4
86 136 1
86 137 3
86 142 5
86 145 6
86 153 5
86 154 4
86 156 8
86 159 4
86 160 4
86 162 4
86 165 8
86 169 4
86 178 8
86 181 1
86 183 10
86 185 4
86 187 7
86 189 9
86 190 2
86 191 7
86 193 1
86 195 4
86 196 7
86 197 1
86 200 2
87 93 5
87 96 3
87 97 7
87 102 4
87 104 10
87 106 4
87 113 6
87 114 1
87 116 1
87 119 2
87 122 6
87 123 4
87 130 3
87 131 6
87 136 2
87 138 5
87 139 2
87 141 8
87 143 2
87 145 6
87 146 8
87 151 5
87 153 7
87 154 5
87 156 3
87 159 9
87 162 1
87 164 10
87 165 4
87 168 7
87 173 7
87 175 9
87 178 8
87 179 5
87 181 9
87 185 3
87 187 7
87 188 2
87 189 9
87 191 6
87 192 6
87 193 4
87 196 1
88 90 10
88 92 7
88 95 7
88 97 7
88 98 1
88 101 1
88 102 1
88 104 9
88 107 5
88 109 9
88 111 5
88 112 2
88 113 7
88 114 2
88 116 4
88 119 6
88 122 6
88 124 5
88 127 2
88 128 9
88 132 5
88 135 9
88 139 3
88 142 4
88 143 7
88 148 9
88 149 7
88 150 3
88 154 7
88 155 1
88 156 9
88 165 7
88 166 3
88 174 8
88 176 1
88 178 6
88 179 9
88 180 5
88 184 8
88 189 8
88 191 4
88 193 8
88 194 1
88 197 4
88 200 6
89 91 7
89 97 10
89 98 6
89 99 1
89 100 8
89 101 8
89 102 6
89 103 9
89 104 5
89 106 3
89 107 2
89 108 6
89 109 2
89 113 4
89 117 4
89 119 9
89 121 7
89 124 8
89 127 10
89 130 10
89 132 2
89 134 10
89 138 2
89 139 7
89 143 8
89 144 4
89 145 2
89 151 5
89 153 1
89 155 2
89 156 6
89 159 1
89 160 9
89 161 5
89 164 10
89 165 10
89 169 8
89 171 2
89 174 3
89 175 2
89 176 10
89 182 2
89 183 5
89 185 9
89 190 3
89 197 9
89 199 4
89 200 8
90 100 7
90 104 10
90 105 8
90 107 1
90 108 5
90 112 8
90 113 2
90 114 8
90 115 1
90 116 7
90 118 7
90 119 8
90 120 2
90 121 10
90 122 8
90 123 6
90 125 8
90 127 8
90 129 6
90 130 1
90 131 3
90 132 8
90 133 9
90 135 6
90 138 10
90 139 4
90 141 6
90 144 2
90 145 5
90 150 3
90 156 5
90 157 3
90 158 10
90 159 1
90 164 4
90 167 2
90 172 6
90 173 2
90 174 2
90 181 9
90 183 7
90 184 1
90 186 8
90 188 3
90 191 3
90 193 1
90 194 5
90 195 10
90 198 6
91 93 8
91 94 10
91 95 6
91 97 6
91 100 9
91 101 1
91 102 10
91 107 9
91 110 2
91 111 9
91 113 4
91 115 10
91 117 1
91 124 4
91 125 5
91 134 9
91 135 2
91 137 5
91 138 1
91 141 10
91 145 8
91 146 7
91 147 4
91 149 3
91 158 8
91 160 10
91 161 1
91 168 8
91 170 9
91 171 4
91 173 3
91 175 1
91 176 5
91 178 10
91 179 5
91 189 6
91 195 1
91 196 5
91 197 5
91 198 1
92 93 10
92 97 10
92 99 9
92 100 5
92 104 8
92 105 2
92 106 7
92 108 7
92 110 8
92 116 1
92 118 9
92 119 9
92 122 3
92 126 8
92 127 6
92 134 8
92 135 6
92 137 7
92 139 5
92 140 7
92 141 5
92 144 10
92 146 1
92 149 3
92 150 2
92 153 5
92 155 8
92 156 6
92 157 4
92 159 7
92 160 6
92 161 6
92 162 8
92 165 6
92 168 2
92 169 6
92 171 1
92 183 3
92 185 5
92 187 2
92 188 8
92 190 4
92 192 3
92 197 4
92 198 9
92 199 8
92 200 9
93 94 3
93 95 4
93 99 1
93 100 6
93 104 1
93 105 2
93 106 1
93 109 9
93 111 6
93 113 5
93 114 8
93 115 10
93 123 8
93 126 5
93 130 10
93 135 8
93 136 3
93 142 2
93 143 4
93 146 1
93 149 3
93 150 6
93 152 2
93 154 10
93 158 8
93 159 5
93 161 10
93 162 8
93 163 5
93 164 2
93 169 5
93 174 2
93 177 7
93 178 1
93 181 9
93 182 2
93 184 4
93 186 8
93 187 6
93 188 9
93 189 3
93 190 1
93 196 2
93 200 2
94 95 4
94 97 4
94 99 3
94 100 3
94 101 9
94 102 10
94 103 10
94 108 9
94 111 5
94 116 8
94 122 4
94 123 10
94 125 10
94 127 4
94 129 2
94 133 10
94 134 7
94 135 2
94 137 1
94 142 3
94 145 6
94 148 6
94 151 8
94 152 1
94 155 4
94 156 3
94 157 4
94 161 4
94 168 3
94 169 4
94 170 9
94 172 7
94 176 4
94 177 6
94 181 4
94 183 4
94 185 4
94 186 1
94 187 6
94 188 9
94 189 10
94 192 3
94 197 10
94 198 8
94 200 6
95 96 1
95 99 7
95 100 9
95 101 5
95 104 6
95 105 9
95 106 7
95 108 9
95 110 10
95 112 1
95 113 2
95 117 6
95 122 2
95 125 5
95 127 6
95 128 9
95 129 9
95 134 2
95 135 3
95 137 6
95 142 7
95 145 7
95 148 3
95 152 1
95 153 6
95 154 5
95 155 1
95 160 8
95 161 5
95 162 3
95 166 8
95 167 1
95 168 3
95 169 8
95 171 3
95 179 7
95 184 9
95 185 3
95 187 10
95 188 2
95 193 4
95 195 9
95 196 6
95 198 8
96 97 9
96 99 3
96 109 5
96 112 1
96 113 7
96 118 1
96 121 2
96 122 1
96 124 3
96 127 7
96 132 9
96 140 2
96 145 7
96 147 8
96 149 3
96 150 1
96 153 8
96 156 2
96 157 5
96 161 10
96 162 5
96 168 9
96 171 1
96 173 1
96 174 4
96 176 6
96 177 10
96 178 8
96 180 6
96 181 8
96 183 8
96 184 9
96 186 4
96 188 3
96 189 8
96 190 1
96 192 7
96 193 2
96 197 9
96 198 3
96 200 1
97 101 4
97 102 3
97 103 6
97 104 8
97 106 3
97 111 2
97 115 6
97 118 1
97 119 3
97 121 2
97 122 4
97 123 4
97 126 3
97 128 3
97 129 10
97 133 2
97 134 4
97 135 8
97 136 4
97 140 2
97 141 6
97 142 3
97 143 5
97 144 1
97 147 4
97 149 2
97 151 10
97 153 3
97 154 8
97 157 10
97 158 2
97 159 8
97 163 1
97 165 6
97 167 4
97 171 7
97 174 5
97 175 10
97 176 9
97 177 9
97 179 8
97 180 6
97 184 3
97 186 7
97 188 2
97 191 8
97 192 6
98 102 4
98 104 5
98 105 2
98 107 9
98 112 10
98 113 1
98 114 8
98 115 6
98 116 6
98 122 6
98 125 8
98 129 7
98 130 6
98 137 10
98 138 2
98 140 3
98 142 9
98 143 1
98 148 3
98 154 4
98 155 1
98 159 2
98 160 5
98 161 6
98 162 9
98 163 9
98 165 1
98 169 5
98 170 5
98 171 2
98 172 7
98 174 9
98 175 9
98 176 8
98 183 5
98 186 6
98 190 4
98 192 5
98 193 2
98 194 3
98 198 9
98 199 5
98 200 6
99 100 5
99 103 2
99 106 2
99 107 8
99 109 2
99 110 5
99 112 7
99 113 9
99 120 10
99 122 3
99 125 1
99 126 1
99 127 8
99 133 4
99 134 2
99 135 10
99 137 1
99 141 10
99 142 10
99 144 10
99 145 8
99 149 5
99 150 5
99 151 1
99 153 10
99 154 8
99 155 5
99 156 2
99 158 6
99 159 10
99 160 10
99 161 2
99 166 10
99 168 6
99 176 1
99 178 3
99 179 1
99 180 7
99 181 5
99 182 8
99 183 2
99 184 9
99 186 6
99 187 4
99 190 10
99 191 2
99 192 3
99 193 1
99 194 4
99 195 4
99 197 2
99 199 5
100 101 1
100 102 1
100 108 9
100 111 8
100 116 6
100 119 10
100 122 10
100 127 3
100 128 2
100 130 4
100 132 2
100 133 1
100 134 8
100 137 3
100 138 7
100 141 4
100 143 4
100 147 10
100 148 7
100 150 1
100 151 7
100 152 1
100 155 1
100 156 8
100 158 8
100 160 6
100 163 9
100 164 9
100 167 6
100 168 3
100 169 5
100 170 2
100 171 4
100 173 5
100 175 9
100 176 6
100 179 9
100 181 7
100 187 1
100 188 5
100 192 3
100 194 2
100 196 9
100 198 2
100 199 8
100 200 2
101 104 7
101 105 10
101 107 3
101 113 4
101 117 1
101 120 5
101 121 7
101 122 10
101 126 7
101 127 2
101 129 1
101 131 2
101 134 3
101 135 1
101 137 2
101 138 3
101 139 10
101 140 4
101 141 5
101 142 4
101 143 7
101 144 7
101 146 8
101 149 8
101 150 10
101 152 3
101 155 3
101 156 2
101 158 2
101 160 1
101 161 7
101 162 5
101 164 9
101 167 4
101 168 4
101 173 8
101 174 8
101 178 9
101 179 2
101 180 9
101 181 10
101 183 10
101 186 8
101 193 5
101 194 8
101 195 4
101 196 8
101 197 8
101 200 2
102 104 5
102 107 9
102 108 8
102 110 6
102 112 3
102 113 6
102 117 9
102 118 1
102 120 4
102 127 5
102 135 2
102 138 6
102 142 4
102 146 7
102 147 2
102 153 7
102 154 2
102 157 7
102 163 4
102 171 2
102 172 5
102 175 2
102 176 9
102 177 9
102 178 5
102 180 2
102 182 10
102 183 2
102 185 1
102 189 5
102 190 1
102 191 5
102 192 10
102 195 10
103 107 10
103 111 2
103 117 8
103 118 6
103 122 3
103 123 9
103 125 4
103 127 2
103 128 1
103 131 2
103 139 4
103 140 1
103 144 2
103 146 7
103 156 8
103 159 9
103 160 5
103 161 9
103 162 3
103 164 4
103 166 3
103 168 4
103 169 7
103 176 8
103 178 9
103 179 2
103 180 2
103 183 4
103 184 3
103 188 9
103 194 9
103 197 9
103 198 9
103 199 1
103 200 10
104 109 7
104 110 5
104 112 1
104 115 7
104 116 10
104 118 10
104 119 9
104 120 5
104 121 9
104 123 1
104 126 4
104 132 2
104 135 8
104 140 8
104 143 5
104 148 3
104 149 5
104 150 6
104 152 2
104 153 8
104 159 2
104 160 4
104 162 3
104 165 8
104 167 8
104 168 1
104 171 2
104 174 3
104 177 2
104 180 4
104 183 3
104 188 3
104 189 2
104 191 2
104 192 9
104 193 6
104 197 8
104 199 6
105 106 9
105 107 4
105 108 6
105 110 7
105 112 6
105 114 8
105 117 8
105 125 8
105 126 3
105 131 2
105 135 2
105 137 9
105 141 2
105 142 8
105 144 5
105 147 5
105 149 1
105 150 3
105 151 9
105 152 10
105 155 10
105 156 5
105 157 7
105 160 6
105 162 10
105 164 6
105 166 10
105 167 1
105 168 3
105 169 5
105 175 5
105 178 2
105 184 1
105 185 9
105 189 2
105 197 4
106 109 1
106 115 10
106 116 1
106 117 9
106 120 10
106 126 10
106 135 3
106 137 5
106 138 8
106 140 9
106 141 1
106 143 3
106 150 8
106 152 8
106 156 5
106 157 2
106 158 6
106 159 7
106 163 10
106 169 10
106 170 5
106 171 3
106 172 8
106 173 1
106 175 10
106 176 9
106 177 7
106 179 10
106 180 6
106 181 10
106 182 5
106 186 10
106 187 7
106 189 7
106 190 8
106 192 2
106 193 1
106 194 8
106 197 3
106 198 7
107 108 9
107 114 1
107 116 4
107 124 10
107 126 8
107 128 9
107 129 7
107 130 3
107 132 7
107 133 3
107 137 3
107 139 10
107 140 6
107 141 5
107 142 3
107 143 3
107 144 8
107 147 8
107 149 9
107 150 1
107 154 10
107 157 2
107 158 3
107 159 8
107 165 1
107 166 10
107 168 2
107 172 2
107 176 7
107 177 6
107 178 10
107 181 8
107 183 10
107 185 10
107 187 2
107 189 2
107 191 7
107 195 2
107 196 6
107 197 9
107 198 2
108 109 4
108 114 7
108 116 2
108 117 6
108 119 6
108 120 1
108 123 2
108 130 2
108 131 1
108 132 5
108 138 10
108 139 3
108 142 3
108 147 6
108 150 6
108 152 3
108 153 10
108 159 7
108 160 2
108 161 10
108 163 10
108 166 1
108 170 9
108 173 8
108 174 10
108 175 6
108 180 3
108 181 5
108 190 7
108 191 5
108 197 4
108 199 9
109 113 10
109 114 1
109 115 3
109 116 2
109 127 4
109 129 6
109 130 4
109 137 4
109 138 8
109 140 3
109 144 7
109 149 3
109 152 8
109 153 2
109 154 9
109 156 3
109 158 8
109 159 9
109 161 2
109 162 9
109 163 10
109 166 5
109 167 5
109 168 8
109 174 1
109 175 10
109 177 1
109 178 2
109 180 4
109 182 8
109 184 6
109 185 5
109 187 1
109 188 8
109 191 8
109 195 5
109 197 6
109 198 7
109 200 2
110 113 6
110 114 2
110 115 10
110 116 7
110 119 1
110 120 5
110 121 5
110 124 10
110 125 6
110 128 2
110 129 6
110 131 2
110 133 7
110 140 3
110 141 8
110 142 10
110 147 1
110 148 7
110 149 7
110 150 3
110 158 1
110 160 2
110 161 3
110 167 2
110 170 3
110 173 5
110 177 4
110 179 3
110 181 7
110 183 3
110 188 7
110 191 1
110 192 9
110 193 5
110 194 1
110 195 9
110 196 3
110 199 3
111 112 3
111 118 6
111 120 4
111 121 2
111 122 10
111 125 6
111 131 3
111 132 10
111 133 5
111 136 7
111 143 9
111 144 3
111 145 1
111 147 5
111 152 2
111 155 6
111 156 5
111 157 3
111 159 9
111 164 9
111 165 9
111 167 8
111 175 4
111 177 1
111 181 3
111 185 8
111 186 10
111 191 9
111 192 10
111 193 1
111 197 7
111 200 6
112 113 10
112 114 9
112 116 9
112 120 3
112 122 2
112 123 6
112 124 10
112 131 2
112 133 3
112 136 6
112 137 3
112 138 1
112 139 10
112 142 3
112 147 5
112 151 9
112 155 5
112 156 10
112 158 9
112 160 3
112 163 8
112 167 9
112 169 5
112 181 3
112 184 5
112 186 5
112 187 7
112 190 2
112 191 6
113 115 3
113 120 5
113 121 3
113 125 9
113 131 5
113 133 7
113 138 3
113 139 6
113 140 9
113 144 3
113 146 2
113 150 9
113 151 3
113 153 1
113 155 8
113 156 6
113 157 3
113 159 3
113 160 1
113 161 3
113 162 8
113 165 5
113 166 6
113 167 1
113 171 8
113 172 8
113 174 3
113 175 10
113 176 2
113 182 6
113 186 3
113 190 9
113 192 2
113 196 6
114 116 2
114 119 3
114 123 7
114 125 5
114 130 8
114 131 2
114 132 9
114 134 7
114 136 1
114 138 7
114 139 10
114 140 3
114 142 2
114 143 10
114 144 4
114 145 5
114 146 6
114 148 7
114 151 6
114 152 9
114 154 1
114 156 8
114 159 9
114 161 3
114 166 4
114 171 10
114 172 1
114 175 1
114 176 8
114 178 3
114 185 7
114 186 8
114 188 1
114 190 10
114 191 5
114 197 9
114 198 1
114 200 3
115 123 2
115 125 1
115 126 4
115 131 3
115 132 6
115 136 1
115 144 5
115 146 2
115 147 7
115 148 4
115 149 6
115 152 9
115 154 6
115 155 5
115 156 1
115 157 9
115 158 7
115 159 2
115 160 2
115 162 5
115 167 2
115 168 8
115 170 2
115 173 10
115 179 5
115 180 8
115 187 8
115 192 3
115 195 7
115 196 4
115 197 5
115 198 4
116 118 4
116 122 7
116 126 5
116 127 7
116 128 2
116 133 4
116 138 5
116 139 5
116 141 7
116 143 4
116 145 9
116 146 7
116 148 5
116 149 9
116 150 8
116 151 9
116 153 8
116 165 8
116 167 7
116 169 10
116 171 9
116 172 10
116 174 4
116 175 1
116 177 3
116 181 6
116 182 10
116 184 9
116 188 5
116 189 10
116 190 8
116 194 7
116 195 2
116 197 3
117 121 3
117 122 8
117 125 6
117 126 10
117 127 4
117 128 4
117 131 10
117 133 9
117 139 9
117 148 1
117 149 3
117 150 1
117 152 9
117 154 2
117 155 5
117 157 1
117 159 8
117 161 10
117 162 3
117 163 6
117 166 3
117 167 7
117 171 10
117 173 10
117 177 6
117 178 6
117 181 3
117 184 1
117 187 1
117 188 10
117 189 7
117 191 1
117 192 10
117 195 6
117 198 1
117 199 1
118 121 2
118 122 3
118 127 8
118 129 1
118 131 2
118 132 7
118 134 2
118 137 3
118 142 9
118 147 2
118 149 2
118 151 3
118 153 9
118 157 6
118 161 1
118 163 4
118 165 9
118 167 6
118 168 4
118 169 6
118 172 8
118 175 5
118 176 1
118 177 4
118 178 6
118 179 6
118 181 6
118 184 7
118 185 3
118 186 10
118 190 2
118 191 4
118 195 9
118 197 9
118 199 8
118 200 2
119 121 6
119 124 6
119 125 7
119 126 5
119 137 3
119 138 6
119 139 8
119 152 5
119 154 3
119 156 3
119 159 2
119 162 9
119 163 1
119 166 3
119 167 9
119 169 10
119 171 9
119 172 7
119 174 3
119 175 3
119 176 2
119 178 6
119 179 6
119 180 7
119 182 7
119 188 3
119 189 2
119 191 1
119 192 9
119 194 10
119 196 4
119 197 6
120 122 4
120 123 7
120 124 8
120 126 6
120 129 5
120 130 8
120 139 1
120 149 3
120 153 4
120 154 1
120 156 9
120 157 9
120 158 3
120 162 9
120 166 1
120 169 2
120 170 7
120 171 8
120 172 1
120 174 1
120 176 1
120 177 3
120 179 1
120 181 10
120 183 3
120 187 10
120 193 1
120 196 2
120 199 10
121 123 6
121 124 2
121 125 9
121 127 9
121 129 6
121 130 2
121 134 7
121 136 3
121 137 8
121 138 5
121 141 9
121 145 6
121 149 5
121 150 4
121 151 8
121 153 1
121 154 1
121 155 7
121 159 6
121 160 7
121 161 3
121 162 8
121 163 3
121 166 7
121 167 10
121 168 1
121 169 10
121 171 8
121 172 3
121 175 7
121 178 2
121 179 3
121 188 2
121 190 7
121 194 9
121 197 9
121 198 6
121 199 3
122 123 10
122 124 9
122 125 7
122 127 4
122 128 8
122 130 8
122 132 1
122 133 9
122 134 6
122 136 1
122 137 5
122 139 6
122 141 3
122 149 4
122 152 5
122 154 8
122 156 6
122 158 7
122 159 6
122 160 10
122 164 3
122 165 10
122 174 4
122 175 5
122 179 7
122 181 5
122 182 9
122 183 9
122 187 8
122 189 10
122 191 4
122 193 9
122 194 9
122 196 9
122 199 6
123 125 1
123 128 3
123 129 3
123 131 8
123 134 4
123 138 6
123 146 1
123 149 3
123 151 3
123 158 6
123 161 9
123 162 9
123 165 9
123 166 3
123 169 4
123 170 8
123 174 4
123 177 6
123 186 6
123 188 6
123 191 5
123 193 5
123 194 10
123 195 2
123 197 2
124 125 3
124 127 8
124 135 6
124 136 1
124 139 7
124 140 10
124 143 4
124 147 10
124 152 6
124 153 3
124 155 8
124 156 4
124 159 6
124 161 4
124 164 3
124 166 7
124 172 10
124 178 9
124 179 9
124 181 10
124 184 3
124 190 2
125 131 5
125 133 9
125 134 9
125 135 6
125 136 8
125 138 5
125 142 7
125 147 8
125 148 6
125 149 5
125 150 3
125 152 10
125 158 3
125 159 6
125 162 6
125 164 10
125 165 1
125 167 9
125 171 2
125 172 5
125 173 8
125 176 8
125 179 7
125 181 9
125 182 8
125 190 6
125 191 2
125 192 6
125 194 9
125 195 3
125 196 10
125 198 4
126 127 4
126 129 6
126 134 3
126 136 1
126 141 2
126 142 2
126 143 10
126 146 8
126 147 10
126 149 5
126 154 4
126 158 8
126 159 4
126 163 10
126 166 10
126 168 1
126 171 7
126 173 2
126 174 7
126 175 6
126 176 5
126 178 6
126 180 7
126 182 10
126 188 10
126 189 7
126 191 1
126 193 4
126 196 8
126 198 6
126 200 5
127 129 8
127 134 2
127 141 10
127 149 5
127 153 4
127 157 4
127 158 6
127 159 10
127 162 1
127 164 8
127 165 6
127 166 2
127 167 3
127 168 8
127 179 4
127 185 5
127 187 9
127 190 10
127 194 3
127 199 10
128 131 3
128 132 7
128 135 5
128 136 5
128 141 1
128 143 5
128 146 7
128 151 10
128 152 5
128 155 2
128 158 8
128 160 8
128 170 3
128 171 3
128 172 7
128 173 6
128 178 6
128 179 1
128 182 1
128 185 3
128 186 7
128 187 4
128 188 3
128 193 7
128 194 10
128 196 4
128 198 5
128 199 9
128 200 1
129 131 10
129 132 5
129 133 5
129 134 1
129 135 6
129 136 9
129 138 8
129 140 1
129 142 10
129 150 8
129 152 2
129 153 1
129 155 9
129 156 4
129 158 2
129 160 4
129 161 7
129 162 3
129 164 2
129 166 6
129 168 7
129 171 8
129 175 7
129 176 3
129 182 5
129 183 8
129 187 8
129 188 5
129 190 4
129 194 8
129 200 8
130 132 9
130 134 7
130 136 7
130 142 9
130 143 10
130 144 3
130 147 7
130 150 7
130 151 10
130 153 6
130 155 4
130 156 4
130 157 3
130 159 7
130 160 1
130 164 6
130 167 2
130 168 10
130 170 5
130 174 8
130 177 7
130 178 8
130 179 9
130 182 3
130 184 5
130 185 9
130 187 7
130 188 6
130 189 1
130 193 10
130 197 9
130 199 1
131 134 8
131 136 2
131 138 8
131 139 1
131 144 8
131 146 9
131 149 10
131 150 4
131 152 1
131 157 6
131 159 3
131 162 5
131 170 7
131 174 8
131 175 7
131 177 4
131 180 3
131 182 10
131 186 6
131 187 2
131 193 7
131 198 7
131 200 2
132 133 5
132 134 8
132 135 6
132 137 9
132 139 2
132 140 1
132 141 9
132 144 4
132 145 5
132 147 9
132 151 10
132 152 1
132 153 8
132 157 2
132 160 5
132 161 7
132 163 3
132 165 2
132 167 9
132 170 3
132 173 9
132 175 7
132 179 7
132 180 4
132 183 10
132 184 10
132 185 6
132 190 4
132 191 1
132 192 6
132 193 2
132 197 3
132 198 10
132 199 9
133 134 2
133 139 6
133 140 1
133 141 9
133 144 9
133 145 8
133 147 3
133 152 3
133 153 8
133 154 2
133 155 9
133 156 1
133 158 9
133 159 2
133 162 7
133 165 5
133 168 9
133 170 5
133 174 8
133 175 3
133 177 1
133 180 3
133 181 4
133 182 8
133 187 2
133 190 10
133 192 5
133 194 9
133 195 5
133 196 2
133 199 5
133 200 3
134 139 10
134 140 7
134 143 5
134 145 5
134 146 7
134 148 8
134 149 10
134 152 6
134 157 7
134 161 1
134 162 6
134 164 10
134 167 3
134 169 3
134 172 4
134 182 6
134 188 1
134 189 10
134 190 5
134 191 9
134 197 5
134 198 10
134 199 9
135 136 2
135 137 2
135 138 2
135 139 1
135 142 3
135 144 7
135 145 6
135 146 8
135 148 1
135 149 6
135 150 2
135 151 2
135 154 3
135 163 1
135 169 3
135 172 3
135 175 10
135 176 5
135 179 4
135 184 5
135 185 7
135 186 7
135 187 10
135 188 9
135 189 5
135 190 1
135 192 5
135 195 7
135 197 4
136 139 9
136 140 1
136 142 9
136 144 1
136 145 3
136 146 2
136 151 4
136 154 6
136 155 7
136 156 8
136 159 2
136 162 9
136 163 10
136 166 4
136 167 10
136 171 7
136 172 5
136 175 10
136 176 10
136 178 4
136 180 9
136 181 9
136 192 10
136 194 7
136 195 1
136 197 3
136 198 9
136 200 8
137 142 6
137 143 6
137 145 7
137 146 4
137 147 6
137 149 6
137 151 3
137 154 9
137 156 7
137 158 7
137 159 3
137 161 1
137 162 9
137 168 10
137 170 8
137 172 6
137 173 9
137 176 10
137 183 3
137 187 6
137 189 10
137 192 8
137 193 1
137 198 4
137 200 4
138 139 8
138 142 6
138 146 5
138 147 3
138 150 9
138 152 2
138 154 5
138 162 7
138 163 3
138 165 3
138 166 7
138 169 4
138 170 8
138 172 4
138 175 7
138 179 2
138 181 2
138 185 3
138 187 1
138 188 1
138 189 3
138 193 8
138 197 7
138 199 7
139 141 8
139 151 6
139 152 7
139 154 10
139 156 10
139 159 6
139 161 8
139 163 5
139 164 7
139 167 6
139 170 9
139 172 8
139 175 4
139 177 9
139 178 3
139 179 1
139 180 8
139 184 6
139 185 3
139 188 10
139 190 2
139 195 3
139 197 9
139 199 4
140 142 7
140 144 3
140 146 9
140 147 3
140 149 2
140 150 9
140 151 7
140 154 3
140 155 8
140 157 3
140 158 6
140 160 4
140 161 1
140 163 1
140 169 2
140 172 3
140 173 3
140 176 7
140 183 6
140 188 2
140 189 10
140 190 3
140 192 5
140 193 1
140 198 7
140 200 5
141 142 5
141 148 2
141 149 10
141 152 3
141 154 7
141 158 9
141 159 8
141 161 10
141 162 2
141 165 10
141 166 7
141 167 7
141 168 4
141 169 10
141 170 6
141 172 4
141 173 2
141 176 5
141 179 7
141 188 8
141 191 10
141 192 5
141 194 6
142 146 9
142 147 5
142 148 6
142 150 8
142 151 2
142 152 1
142 155 1
142 156 6
142 158 10
142 159 10
142 160 5
142 163 4
142 165 5
142 166 5
142 171 3
142 173 6
142 175 4
142 180 1
142 181 1
142 185 5
142 187 3
142 188 2
142 190 8
142 195 9
142 198 6
143 145 9
143 146 5
143 147 4
143 149 1
143 152 7
143 161 8
143 162 6
143 163 10
143 165 1
143 168 4
143 172 8
143 173 1
143 178 6
143 180 7
143 185 5
143 188 2
143 189 8
143 192 6
143 193 9
143 196 9
143 199 7
143 200 3
144 145 3
144 148 1
144 155 9
144 157 8
144 163 4
144 167 5
144 168 3
144 174 6
144 176 7
144 178 1
144 179 6
144 183 7
144 185 10
144 186 3
144 194 1
144 196 7
144 197 10
144 199 2
144 200 6
145 149 6
145 150 3
145 155 1
145 156 9
145 158 7
145 159 1
145 164 5
145 165 4
145 167 1
145 171 6
145 172 2
145 181 3
145 184 8
145 185 7
145 192 9
145 193 5
145 198 5
146 150 7
146 151 1
146 152 1
146 156 1
146 160 3
146 162 10
146 164 7
146 171 9
146 177 10
146 178 7
146 183 8
146 184 3
146 185 4
146 186 5
146 187 6
146 188 1
146 190 8
146 191 2
146 197 9
146 200 1
147 150 1
147 154 3
147 155 2
147 156 8
147 157 7
147 158 4
147 159 2
147 160 6
147 163 8
147 164 3
147 168 5
147 174 1
147 175 8
147 177 6
147 178 1
147 180 7
147 185 6
147 188 3
147 191 2
147 192 9
147 193 8
147 194 10
147 195 1
147 196 8
147 200 7
148 149 6
148 160 4
148 163 6
148 166 7
148 171 5
148 172 5
148 173 8
148 174 2
148 175 2
148 176 6
148 181 9
148 182 3
148 186 8
148 187 7
148 188 3
148 193 10
148 195 9
148 199 3
148 200 7
149 151 8
149 155 6
149 158 5
149 159 6
149 161 4
149 166 5
149 167 2
149 169 2
149 172 3
149 173 3
149 175 6
149 177 5
149 178 6
149 182 10
149 183 10
149 184 5
149 186 6
149 187 6
149 188 3
149 190 2
149 191 6
149 194 8
149 195 1
149 196 1
150 152 8
150 153 3
150 156 6
150 158 4
150 161 8
150 162 1
150 163 9
150 167 3
150 168 5
150 169 9
150 172 3
150 174 4
150 177 10
150 178 10
150 181 1
150 182 3
150 183 7
150 184 1
150 186 9
150 188 5
150 191 1
150 192 5
150 193 2
150 194 3
150 195 8
151 153 4
151 157 6
151 158 1
151 159 5
151 161 2
151 164 9
151 165 6
151 167 3
151 169 3
151 173 9
151 184 6
151 186 10
151 187 1
151 188 5
151 189 8
151 191 10
151 192 6
151 193 3
151 194 3
151 200 6
152 153 1
152 154 6
152 155 3
152 157 9
152 161 10
152 167 2
152 170 8
152 173 6
152 174 10
152 179 3
152 181 1
152 187 8
152 189 10
152 190 5
152 195 9
152 196 7
152 198 10
153 154 6
153 155 7
153 158 2
153 164 10
153 165 7
153 166 4
153 169 4
153 172 8
153 176 1
153 178 8
153 181 4
153 183 1
153 186 2
153 187 10
153 188 3
153 189 9
153 191 7
153 195 3
154 158 8
154 160 5
154 161 6
154 163 8
154 166 1
154 167 6
154 168 5
154 173 1
154 176 1
154 178 5
154 179 6
154 181 7
154 183 8
154 185 6
154 186 10
154 190 10
154 192 10
154 195 5
155 158 4
155 159 4
155 161 5
155 162 2
155 173 2
155 175 7
155 176 10
155 177 8
155 178 6
155 183 4
155 186 3
155 187 5
155 190 8
155 192 1
155 193 1
155 195 3
155 196 2
155 197 1
156 163 10
156 164 5
156 166 8
156 167 10
156 171 10
156 172 4
156 180 1
156 182 1
156 183 8
156 185 2
156 186 5
156 189 2
156 191 7
156 197 1
157 158 8
157 159 4
157 160 6
157 161 1
157 162 9
157 164 3
157 168 4
157 171 1
157 172 9
157 174 5
157 178 4
157 179 1
157 184 10
157 185 10
157 186 7
157 187 7
157 188 4
157 193 10
157 197 10
157 198 3
157 199 1
157 200 10
158 161 7
158 169 4
158 171 10
158 172 2
158 183 7
158 188 10
158 189 3
158 192 1
158 193 5
158 194 2
158 195 9
158 196 1
159 167 2
159 169 2
159 170 5
159 171 3
159 176 4
159 177 7
159 181 3
159 182 10
159 183 2
159 184 2
159 185 2
159 191 7
159 192 10
159 193 2
159 194 3
159 200 5
160 161 10
160 162 4
160 166 1
160 170 4
160 173 6
160 174 7
160 177 5
160 181 3
160 182 4
160 183 2
160 187 4
160 191 5
160 195 6
161 164 4
161 168 5
161 173 6
161 175 3
161 176 9
161 177 9
161 178 9
161 179 9
161 180 8
161 181 8
161 182 3
161 187 7
161 188 5
161 189 6
161 190 5
161 191 5
161 200 5
162 167 6
162 170 3
162 174 4
162 176 2
162 177 9
162 178 10
162 179 1
162 184 5
162 185 8
162 186 4
162 187 10
162 189 3
162 193 10
162 194 10
163 164 4
163 165 1
163 167 6
163 168 9
163 170 4
163 173 5
163 174 7
163 175 3
163 177 9
163 179 5
163 181 10
163 185 1
163 191 6
163 193 6
163 194 9
163 200 1
164 165 7
164 166 1
164 168 5
164 169 10
164 170 9
164 171 3
164 173 10
164 174 1
164 176 8
164 178 7
164 181 1
164 183 10
164 185 4
164 188 9
164 191 8
164 193 1
164 195 8
164 199 10
165 168 1
165 169 8
165 171 8
165 173 2
165 174 10
165 176 9
165 178 10
165 184 8
165 185 10
165 187 10
165 188 2
165 191 7
165 192 3
165 193 8
165 194 10
165 197 6
165 198 5
165 199 2
166 168 5
166 170 5
166 171 8
166 172 2
166 175 9
166 176 9
166 179 7
166 181 1
166 183 2
166 184 3
166 192 4
166 193 1
166 195 8
166 198 7
166 199 6
167 168 3
167 171 2
167 173 10
167 174 7
167 176 7
167 177 4
167 179 2
167 186 10
167 187 8
167 191 9
167 192 6
167 193 2
167 195 3
167 196 1
167 197 1
167 198 2
167 200 10
168 169 8
168 171 3
168 178 9
168 179 7
168 181 10
168 183 8
168 184 7
168 185 1
168 187 2
168 188 5
168 189 8
168 191 10
168 195 6
168 198 1
169 171 5
169 172 2
169 173 8
169 178 1
169 179 4
169 181 10
169 182 1
169 183 3
169 185 10
169 187 7
169 189 2
169 191 6
169 192 7
169 195 9
169 196 9
169 198 5
169 199 4
170 173 9
170 174 7
170 175 7
170 178 9
170 181 10
170 183 9
170 184 8
170 185 8
170 186 4
170 188 9
170 190 8
170 195 10
170 196 8
170 198 9
170 199 6
171 172 5
171 175 8
171 177 3
171 179 1
171 181 8
171 183 6
171 184 2
171 188 3
171 196 6
171 198 5
171 200 3
172 174 5
172 175 10
172 183 1
172 184 9
172 187 3
172 189 9
172 190 5
172 191 10
172 193 4
172 194 2
172 197 8
173 175 2
173 177 5
173 179 4
173 181 3
173 182 5
173 189 1
173 191 1
173 192 1
173 193 6
173 198 8
174 179 9
174 180 4
174 182 7
174 191 5
174 192 8
174 193 3
174 199 8
175 176 10
175 177 3
175 180 10
175 182 4
175 184 5
175 188 4
175 190 4
175 191 9
175 193 2
175 194 3
175 195 1
175 196 7
175 198 2
175 199 9
176 177 9
176 178 3
176 179 1
176 181 8
176 182 10
176 183 2
176 184 6
176 185 8
176 186 3
176 188 4
176 193 8
176 195 6
176 196 4
176 197 3
176 199 7
177 179 3
177 181 3
177 183 3
177 184 8
177 185 1
177 186 8
177 188 2
177 194 1
177 198 2
177 200 9
178 179 2
178 180 10
178 181 9
178 182 6
178 183 5
178 192 7
178 194 1
178 195 8
178 196 3
178 199 6
178 200 7
179 181 9
179 183 8
179 187 8
179 189 8
179 191 6
179 193 10
179 196 6
179 197 5
179 198 10
179 199 3
179 200 6
180 181 3
180 183 1
180 185 5
180 187 1
180 190 6
180 191 6
180 192 7
180 194 5
180 195 3
180 196 7
180 197 10
180 199 3
181 182 10
181 183 2
181 188 6
181 189 10
181 193 9
181 194 6
181 197 8
181 198 10
181 199 1
182 183 3
182 186 4
182 188 10
182 189 3
182 190 1
182 192 9
182 194 8
182 197 5
183 188 8
183 189 7
183 190 3
183 193 5
183 198 8
183 200 6
184 190 7
184 191 4
184 192 9
184 194 8
184 196 5
184 200 6
185 186 6
185 191 1
185 192 5
185 193 10
185 195 6
185 198 9
186 187 4
186 188 10
186 191 3
186 192 1
186 193 9
186 194 10
186 195 1
186 196 10
186 197 7
186 199 1
186 200 5
187 190 2
187 197 3
187 198 6
187 199 3
187 200 5
188 190 5
188 198 1
188 200 9
189 191 4
189 192 9
189 193 1
189 194 6
189 196 1
189 197 2
189 198 5
190 191 9
190 192 1
190 193 3
190 194 1
190 195 2
190 198 3
190 199 6
190 200 7
191 192 7
191 193 7
191 195 7
191 198 9
191 199 1
192 193 6
192 198 7
192 199 8
193 194 4
193 195 2
193 198 6
193 199 1
194 196 1
195 198 8
195 200 9
196 198 9
197 200 10
198 199 6
199 200 4
