50 1005
1 2 132
1 3 126
1 4 2
1 5 10
1 6 71
1 7 115
1 8 158
1 9 19
1 10 86
1 11 8
1 12 84
1 13 72
1 14 23
1 15 68
1 16 11
1 17 158
1 18 34
1 20 58
1 21 55
1 23 128
1 24 144
1 25 91
1 27 107
1 28 99
1 29 84
1 30 70
1 31 147
1 32 68
1 33 48
1 34 140
1 35 73
1 36 18
1 37 132
1 38 131
1 39 99
1 40 16
1 41 131
1 42 25
1 43 106
1 44 67
1 45 114
1 47 117
1 48 90
1 49 6
1 50 148
2 3 148
2 4 33
2 5 100
2 6 78
2 7 44
2 8 96
2 9 145
2 10 158
2 11 131
2 12 78
2 13 118
2 14 88
2 15 18
2 17 11
2 18 30
2 19 114
2 20 57
2 22 73
2 24 29
2 25 68
2 27 33
2 28 12
2 29 23
2 31 64
2 32 79
2 33 109
2 35 143
2 37 158
2 38 73
2 39 123
2 40 153
2 41 55
2 42 74
2 43 39
2 44 121
2 46 66
2 48 10
2 49 101
2 50 132
3 5 47
3 6 81
3 8 124
3 9 40
3 10 52
3 11 56
3 12 23
3 14 38
3 15 145
3 16 139
3 17 25
3 18 27
3 20 62
3 21 152
3 22 94
3 23 106
3 24 158
3 25 72
3 26 96
3 27 126
3 28 148
3 29 30
3 30 51
3 31 108
3 33 91
3 34 150
3 35 8
3 37 69
3 40 160
3 41 150
3 42 2
3 43 130
3 44 34
3 45 60
3 46 83
3 48 36
3 49 114
3 50 138
4 5 108
4 6 50
4 7 155
4 8 28
4 9 69
4 10 66
4 11 97
4 12 35
4 16 1
4 19 59
4 20 34
4 21 48
4 22 61
4 23 139
4 24 106
4 25 134
4 26 118
4 27 12
4 28 7
4 29 138
4 32 53
4 33 122
4 35 31
4 36 157
4 37 17
4 38 55
4 39 157
4 40 5
4 41 21
4 42 15
4 43 156
4 46 55
4 47 60
4 48 121
4 49 66
4 50 59
5 6 68
5 7 141
5 8 126
5 9 27
5 10 115
5 11 125
5 12 34
5 13 29
5 14 127
5 15 63
5 16 40
5 18 120
5 19 47
5 21 134
5 23 85
5 24 35
5 25 6
5 26 25
5 27 158
5 28 134
5 29 105
5 30 43
5 31 94
5 33 4
5 35 106
5 36 143
5 37 11
5 38 4
5 39 149
5 40 83
5 41 61
5 44 65
5 45 10
5 46 118
5 47 146
5 48 54
5 49 13
5 50 130
6 7 76
6 8 44
6 9 71
6 10 105
6 12 73
6 14 131
6 15 143
6 16 72
6 18 69
6 19 128
6 21 148
6 23 122
6 24 109
6 25 147
6 26 140
6 27 35
6 28 74
6 30 94
6 31 25
6 32 139
6 33 71
6 34 19
6 35 10
6 36 54
6 37 135
6 38 50
6 39 81
6 40 64
6 42 47
6 43 151
6 44 33
6 45 124
6 46 38
6 48 69
6 50 101
7 9 99
7 10 42
7 11 102
7 12 41
7 14 119
7 15 33
7 16 16
7 18 17
7 19 33
7 21 79
7 22 28
7 23 57
7 24 16
7 25 145
7 26 106
7 27 126
7 28 140
7 30 83
7 31 100
7 32 95
7 33 99
7 34 68
7 35 73
7 36 76
7 38 58
7 39 117
7 40 141
7 42 48
7 44 124
7 45 78
7 46 126
7 47 160
7 48 111
7 49 77
7 50 90
8 11 138
8 12 102
8 13 74
8 14 2
8 15 51
8 17 57
8 18 44
8 19 51
8 20 111
8 21 98
8 22 126
8 23 95
8 24 130
8 27 94
8 29 34
8 30 143
8 31 81
8 32 115
8 34 137
8 35 127
8 36 94
8 37 47
8 38 14
8 39 128
8 40 67
8 41 86
8 42 142
8 43 13
8 44 32
8 45 128
8 46 55
8 47 44
8 48 1
8 49 82
9 11 147
9 13 123
9 14 23
9 15 142
9 16 76
9 17 112
9 18 70
9 19 108
9 20 52
9 21 30
9 22 34
9 23 145
9 24 147
9 26 1
9 27 131
9 28 45
9 29 109
9 30 50
9 31 45
9 32 95
9 34 152
9 35 50
9 36 131
9 37 6
9 38 126
9 39 125
9 41 88
9 42 155
9 43 98
9 44 56
9 45 115
9 46 28
9 47 109
9 48 45
9 49 92
9 50 63
10 11 93
10 12 101
10 14 105
10 15 2
10 16 116
10 17 12
10 18 89
10 19 71
10 21 23
10 22 31
10 23 117
10 24 91
10 25 13
10 26 128
10 27 148
10 28 47
10 29 115
10 30 32
10 31 71
10 32 3
10 34 126
10 35 76
10 36 129
10 37 39
10 38 71
10 39 141
10 40 37
10 42 104
10 43 52
10 44 119
10 45 50
10 46 64
10 47 132
10 49 147
10 50 23
11 12 19
11 13 77
11 14 55
11 16 159
11 18 14
11 19 145
11 20 108
11 21 72
11 22 130
11 23 143
11 24 53
11 25 139
11 26 135
11 28 92
11 29 105
11 30 51
11 31 117
11 32 20
11 33 63
11 34 96
11 35 70
11 36 20
11 37 57
11 38 98
11 39 155
11 40 71
11 42 88
11 43 134
11 44 160
11 45 72
11 46 48
11 47 17
11 48 113
11 50 84
12 13 97
12 14 62
12 15 58
12 16 7
12 17 96
12 18 113
12 19 133
12 20 96
12 21 78
12 22 30
12 24 12
12 26 113
12 27 97
12 28 17
12 30 57
12 31 140
12 32 144
12 33 35
12 34 57
12 35 47
12 36 51
12 38 5
12 39 90
12 40 127
12 41 38
12 42 151
12 43 21
12 44 18
12 45 49
12 46 52
12 47 137
12 48 26
12 50 37
13 14 12
13 15 56
13 16 143
13 18 112
13 19 96
13 20 141
13 22 46
13 24 73
13 25 15
13 26 63
13 27 44
13 32 135
13 33 49
13 34 109
13 35 78
13 36 56
13 37 107
13 38 102
13 39 56
13 40 131
13 41 50
13 43 151
13 44 76
13 45 109
13 47 88
13 48 135
13 49 121
13 50 61
14 15 91
14 16 96
14 17 118
14 18 113
14 19 15
14 20 67
14 21 83
14 22 8
14 23 10
14 24 142
14 25 21
14 28 6
14 31 13
14 32 29
14 34 147
14 35 86
14 36 101
14 38 58
14 39 144
14 40 23
14 41 122
14 42 128
14 43 62
14 44 84
14 45 23
14 46 127
14 47 71
14 48 77
14 49 35
14 50 15
15 16 52
15 18 7
15 19 53
15 20 14
15 21 20
15 23 49
15 25 64
15 26 98
15 27 73
15 28 39
15 29 131
15 30 89
15 32 36
15 34 121
15 35 141
15 37 52
15 39 57
15 40 116
15 43 6
15 44 128
15 46 79
15 47 30
15 48 105
15 49 127
15 50 15
16 17 85
16 18 20
16 19 154
16 20 68
16 21 136
16 22 65
16 25 131
16 26 13
16 27 66
16 28 4
16 29 34
16 30 86
16 31 38
16 32 13
16 33 69
16 34 7
16 35 100
16 36 131
16 37 145
16 38 9
16 39 6
16 40 44
16 43 103
16 45 22
16 48 157
16 49 57
16 50 145
17 18 24
17 21 97
17 22 148
17 24 100
17 26 82
17 27 59
17 28 71
17 29 72
17 30 21
17 32 136
17 33 58
17 34 33
17 35 158
17 37 119
17 38 16
17 39 158
17 40 86
17 42 91
17 43 22
17 44 85
17 45 27
17 46 12
17 47 95
17 48 25
17 50 118
18 19 151
18 20 153
18 21 93
18 22 62
18 23 24
18 24 69
18 25 55
18 26 133
18 27 49
18 29 149
18 30 23
18 32 155
18 33 100
18 34 29
18 36 76
18 37 123
18 38 14
18 39 152
18 40 98
18 41 36
18 43 117
18 44 13
18 45 138
18 46 60
18 48 92
18 49 22
18 50 144
19 20 20
19 21 65
19 22 11
19 24 63
19 25 142
19 26 34
19 27 81
19 29 124
19 30 103
19 31 134
19 32 37
19 34 3
19 35 87
19 36 155
19 37 152
19 39 23
19 40 102
19 41 23
19 43 128
19 44 122
19 45 154
19 46 126
19 47 2
19 48 9
19 49 114
19 50 138
20 21 79
20 23 46
20 24 148
20 26 132
20 28 33
20 29 139
20 31 44
20 32 59
20 33 88
20 34 137
20 35 115
20 36 39
20 37 47
20 38 59
20 39 148
20 40 53
20 41 122
20 43 50
20 44 154
20 45 137
20 46 58
20 48 76
21 22 107
21 23 16
21 24 69
21 25 83
21 26 105
21 27 95
21 28 5
21 29 44
21 30 113
21 31 150
21 32 126
21 33 63
21 34 119
21 35 102
21 36 129
21 37 153
21 39 157
21 41 130
21 42 13
21 43 107
21 44 49
21 45 64
21 47 71
21 48 15
21 50 122
22 23 10
22 24 155
22 25 9
22 26 26
22 27 125
22 28 115
22 29 28
22 30 123
22 31 62
22 32 140
22 33 69
22 34 8
22 35 101
22 37 158
22 39 125
22 40 62
22 41 51
22 43 53
22 44 149
22 45 93
22 46 127
22 47 95
22 49 153
22 50 142
23 24 103
23 25 72
23 26 109
23 27 119
23 28 93
23 29 134
23 31 138
23 32 119
23 33 152
23 34 122
23 35 116
23 36 28
23 37 157
23 38 40
23 39 59
23 40 117
23 41 43
23 42 35
23 44 99
23 46 117
23 48 2
23 49 57
23 50 4
24 25 139
24 26 57
24 27 152
24 28 50
24 29 34
24 31 15
24 32 133
24 33 112
24 35 136
24 36 16
24 37 130
24 38 37
24 39 44
24 40 53
24 41 146
24 42 62
24 43 6
24 44 142
24 45 14
24 46 87
24 47 1
24 48 132
24 49 159
24 50 97
25 26 10
25 27 78
25 28 24
25 30 52
25 31 86
25 32 88
25 33 49
25 34 100
25 35 156
25 36 64
25 39 67
25 40 34
25 42 60
25 43 88
25 44 44
25 45 73
25 46 101
25 47 109
25 49 96
25 50 25
26 27 43
26 28 61
26 29 115
26 30 80
26 31 56
26 32 112
26 33 84
26 34 76
26 35 71
26 36 75
26 37 3
26 39 110
26 40 140
26 42 108
26 44 134
26 45 28
26 46 13
26 47 156
26 48 67
26 49 125
26 50 121
27 28 148
27 30 9
27 31 148
27 32 146
27 34 3
27 35 158
27 36 88
27 37 39
27 38 9
27 39 160
27 40 136
27 41 37
27 42 89
27 44 44
27 45 26
27 46 87
27 47 37
27 48 68
27 49 51
27 50 101
28 29 7
28 32 97
28 33 9
28 34 8
28 36 131
28 37 115
28 38 30
28 39 127
28 40 81
28 42 123
28 43 29
28 46 28
28 47 92
28 48 15
28 49 59
28 50 45
29 30 157
29 31 120
29 32 103
29 33 137
29 34 49
29 35 151
29 36 19
29 37 68
29 39 68
29 40 3
29 41 7
29 43 32
29 47 59
29 48 61
29 49 13
29 50 36
30 31 69
30 33 90
30 34 154
30 35 105
30 36 74
30 37 27
30 38 27
30 39 104
30 40 33
30 41 24
30 42 127
30 43 96
30 44 122
30 45 112
30 46 140
30 48 32
30 49 79
30 50 96
31 32 128
31 33 18
31 34 139
31 35 119
31 36 59
31 37 15
31 38 93
31 39 107
31 40 101
31 41 37
31 42 72
31 43 152
31 44 107
31 45 36
31 46 93
31 47 114
31 48 45
31 49 107
31 50 99
32 34 63
32 35 127
32 36 6
32 37 24
32 39 2
32 40 53
32 42 98
32 43 88
32 44 41
32 45 54
32 46 71
32 47 101
32 49 40
32 50 149
33 34 54
33 35 24
33 36 8
33 38 122
33 39 154
33 40 17
33 42 93
33 44 41
33 45 1
33 46 39
33 47 122
34 35 75
34 36 107
34 37 57
34 39 147
34 40 16
34 41 6
34 42 57
34 43 11
34 45 76
34 46 150
34 47 9
34 48 48
34 49 51
34 50 153
35 36 18
35 37 124
35 38 85
35 39 46
35 40 94
35 41 31
35 42 75
35 44 135
35 46 23
35 47 107
35 48 89
35 49 32
35 50 71
36 37 97
36 38 78
36 40 3
36 41 119
36 43 97
36 44 78
36 45 66
36 46 82
36 47 140
36 48 14
36 49 33
36 50 45
37 40 35
37 42 34
37 44 145
37 45 152
37 46 15
37 47 27
37 48 66
38 39 130
38 40 13
38 42 88
38 43 131
38 44 5
38 45 28
38 46 74
38 47 117
38 48 133
38 50 138
39 40 141
39 41 27
39 42 86
39 43 75
39 44 67
39 45 40
39 46 158
39 47 103
39 49 49
39 50 138
40 41 121
40 45 102
40 46 49
40 47 46
40 48 124
40 49 58
40 50 64
41 42 46
41 44 24
41 46 148
41 47 152
41 50 88
42 43 61
42 44 115
42 45 65
42 46 9
42 47 13
42 48 64
42 49 79
42 50 26
43 44 106
43 45 86
43 50 154
44 45 24
44 46 33
44 47 2
44 48 7
44 50 75
45 46 128
45 47 29
45 48 17
45 50 1
46 47 61
46 48 33
46 49 15
46 50 146
47 50 32
48 49 104
48 50 146
49 50 49
