200 1021
1 2 6
1 7 2
1 31 8
1 38 4
1 48 2
1 61 8
1 75 7
1 88 6
1 95 1
1 145 4
1 170 7
1 171 3
1 198 9
2 97 2
2 153 2
2 178 5
2 183 7
2 185 2
2 200 4
3 33 8
3 44 3
3 64 5
3 83 6
3 86 2
3 115 2
3 140 1
3 143 1
3 200 6
4 5 1
4 50 5
4 51 6
4 82 3
4 84 2
4 88 10
4 106 8
4 118 10
4 122 7
4 127 9
4 141 2
4 200 3
5 15 10
5 34 3
5 77 10
5 78 4
5 86 1
5 90 8
5 116 10
5 137 4
5 145 9
5 163 9
5 164 8
5 172 10
6 34 5
6 38 9
6 55 6
6 58 10
6 68 10
6 85 1
6 98 4
6 131 1
6 172 2
6 174 5
6 176 9
6 181 7
7 16 8
7 22 3
7 37 7
7 54 10
7 64 1
7 99 10
7 109 5
7 131 1
7 140 8
7 162 6
7 171 10
7 183 3
8 14 8
8 61 5
8 66 6
8 75 2
8 99 1
8 118 6
8 133 7
8 178 2
8 199 8
9 11 1
9 36 4
9 44 3
9 73 2
9 98 5
9 107 4
9 112 7
9 113 2
9 117 7
9 142 10
9 157 8
9 185 1
9 198 5
10 47 5
10 99 3
10 108 3
10 114 1
10 117 9
10 118 9
10 133 6
10 148 5
10 157 3
11 64 3
11 74 1
11 85 7
11 117 7
11 150 4
11 154 2
11 156 10
12 14 9
12 15 7
12 33 7
12 49 1
12 52 8
12 60 10
12 65 9
12 69 5
12 84 10
12 108 2
12 126 3
12 139 5
12 147 8
12 148 9
12 152 3
12 169 8
12 176 8
12 182 7
13 81 9
13 88 3
13 114 7
13 153 4
13 164 8
14 21 7
14 28 7
14 39 4
14 56 10
14 57 8
14 63 5
14 68 9
14 77 9
14 79 5
14 125 5
14 127 8
14 128 3
14 145 9
14 160 2
14 173 10
14 199 7
14 200 4
15 62 9
15 63 7
15 67 8
15 98 6
15 105 3
15 165 6
15 197 6
16 25 1
16 40 4
16 50 1
16 60 4
16 129 2
16 136 8
16 155 1
16 178 3
16 183 9
17 100 3
17 135 3
17 145 2
17 200 5
18 44 7
18 68 7
18 73 7
18 80 1
18 99 4
18 111 10
18 121 6
18 130 7
18 132 10
18 143 6
18 148 7
18 177 8
18 182 6
18 200 3
19 24 2
19 30 5
19 52 8
19 66 9
19 83 9
19 139 7
19 150 4
19 173 10
19 184 5
19 186 4
20 40 3
20 57 2
20 61 2
20 81 9
20 126 2
20 138 9
20 151 8
20 169 1
20 172 5
20 182 1
20 194 4
21 27 3
21 46 10
21 67 2
21 94 4
21 117 8
21 150 3
22 32 10
22 42 4
22 44 10
22 105 5
22 126 4
22 132 3
22 158 7
23 36 2
23 64 6
23 99 7
23 109 10
23 110 8
23 129 7
23 157 3
23 188 1
23 198 10
23 199 7
23 200 5
24 93 1
24 101 9
24 106 7
24 125 10
24 161 10
25 55 8
25 58 5
25 82 1
25 138 10
25 143 8
25 153 6
25 157 3
25 180 8
25 186 4
25 191 4
26 27 4
26 49 6
26 70 2
26 95 4
26 99 8
26 102 7
26 113 1
26 161 5
26 189 7
27 57 9
27 60 5
27 85 9
27 86 7
27 96 7
27 105 1
27 155 4
27 156 2
27 164 2
28 29 5
28 33 3
28 36 4
28 43 2
28 44 8
28 69 4
28 71 4
28 75 10
28 106 1
28 108 2
28 110 7
28 127 1
28 158 5
29 36 5
29 59 9
29 73 8
29 74 2
29 86 9
29 91 4
29 95 10
29 115 8
29 152 7
30 75 10
30 77 4
30 79 6
30 82 1
30 91 5
30 102 4
30 103 4
30 118 10
30 141 7
31 79 8
31 82 4
31 88 1
31 94 3
31 122 8
31 130 2
31 153 2
31 162 7
31 167 6
32 51 10
32 109 4
32 115 9
32 157 6
33 59 8
33 103 7
33 113 6
33 141 4
33 150 6
33 163 8
33 185 8
34 75 10
34 119 7
34 132 5
34 149 5
34 169 9
34 172 1
34 195 6
34 196 7
34 199 9
35 41 6
35 83 5
35 134 7
36 80 5
36 100 3
36 105 3
36 134 8
36 141 10
36 175 2
36 196 4
37 59 5
37 83 4
37 88 4
37 94 1
37 99 4
37 118 9
37 134 3
37 149 6
37 155 8
37 188 8
37 196 2
38 61 4
38 62 3
38 66 10
38 101 8
38 130 1
39 54 2
39 70 6
39 83 6
39 111 3
39 121 10
39 125 8
39 170 3
39 180 3
40 43 4
40 61 9
40 70 8
40 74 3
40 155 3
40 185 3
40 194 9
41 49 9
41 59 5
41 60 5
41 65 7
41 105 5
41 115 9
41 119 7
41 142 8
41 157 3
41 165 1
41 182 7
41 184 8
42 121 4
42 127 3
42 135 5
42 170 1
42 183 1
42 187 2
43 48 10
43 82 2
43 113 2
44 71 7
44 85 3
44 100 10
44 104 6
44 127 9
44 169 5
44 200 7
45 51 9
45 52 8
45 58 6
45 83 10
45 109 6
46 61 9
46 96 1
46 110 9
46 122 5
46 133 3
46 139 9
46 143 6
46 173 3
46 175 9
47 62 10
47 64 7
47 81 9
47 84 8
47 93 1
47 105 1
47 110 6
47 112 5
47 125 7
47 127 1
47 129 9
47 130 7
47 141 6
47 180 8
47 181 4
47 190 8
47 195 8
47 196 4
48 83 9
48 148 2
48 165 1
48 166 1
48 172 4
48 197 6
48 200 6
49 76 9
49 79 3
49 88 2
49 96 1
49 112 7
49 113 6
49 145 6
49 154 6
49 167 2
49 183 7
50 70 2
50 77 4
50 85 5
50 86 8
50 111 10
50 153 1
50 161 5
50 168 10
51 67 6
51 69 8
51 71 3
51 105 8
51 112 10
51 144 4
51 151 7
51 156 5
51 158 1
52 88 5
52 104 6
52 110 2
52 130 10
52 165 3
52 184 1
53 55 6
53 56 1
53 76 10
53 80 3
53 103 1
53 164 5
53 177 3
53 182 8
54 89 2
54 133 3
54 160 5
54 173 9
54 198 8
55 58 9
55 97 6
55 114 2
55 117 9
55 138 5
55 146 1
55 155 2
55 161 7
55 189 6
56 61 2
56 65 3
56 77 3
56 101 3
56 109 9
56 112 1
56 113 7
56 122 10
56 127 6
56 129 9
56 174 2
56 190 1
57 59 1
57 70 10
57 77 10
57 88 8
57 102 4
57 106 8
57 115 1
57 117 6
57 133 6
57 139 3
57 181 5
57 185 7
57 198 10
58 93 2
58 149 7
58 170 3
58 174 5
58 182 2
58 187 9
58 198 9
59 66 5
59 75 6
59 83 7
59 90 1
59 125 9
59 132 9
59 154 4
59 200 7
60 66 1
60 116 8
60 129 4
60 141 3
60 142 2
60 147 1
60 169 10
60 180 6
61 81 3
61 94 5
61 102 2
61 110 4
61 114 10
61 147 3
61 152 5
61 174 7
61 175 3
61 187 2
61 191 9
61 200 5
62 100 3
62 141 2
62 146 8
62 166 7
62 196 8
63 64 6
63 87 3
63 96 7
63 111 6
63 113 9
63 136 8
64 156 6
64 173 5
65 86 6
65 127 4
65 129 10
65 177 3
65 178 2
66 69 8
66 99 7
66 101 8
66 120 6
66 174 7
66 179 10
67 104 7
67 111 10
67 114 1
67 116 5
67 142 5
67 149 6
67 151 5
67 176 10
67 191 1
67 200 9
68 75 9
68 89 2
68 114 10
68 132 7
68 134 9
68 188 8
68 189 9
68 191 10
69 80 9
69 88 3
69 101 1
69 102 7
69 116 3
69 118 6
69 135 1
69 168 3
69 170 10
69 196 4
70 71 9
70 90 5
70 111 3
70 112 3
70 120 2
70 123 3
70 128 2
70 134 7
70 139 4
70 147 7
70 160 1
70 184 2
71 72 6
71 83 9
71 91 3
71 109 5
71 131 3
71 166 7
71 182 2
71 190 8
71 197 3
72 74 6
72 83 9
72 95 10
72 117 5
72 193 1
73 145 2
73 163 7
73 172 1
73 199 8
74 80 9
74 100 7
74 153 6
74 167 3
74 197 7
75 78 1
75 86 3
75 111 3
75 137 4
75 164 7
75 200 9
76 114 6
76 122 10
76 128 2
76 188 1
76 191 2
77 79 2
77 85 6
77 114 2
77 130 8
77 136 8
77 155 3
77 162 2
77 179 5
77 192 1
78 82 2
78 130 8
78 192 2
78 199 9
79 89 6
79 112 1
79 136 2
79 138 2
79 189 1
80 85 1
80 99 1
80 102 1
81 94 7
81 119 7
81 138 7
81 149 3
81 150 7
81 155 8
82 106 1
82 121 5
82 133 4
82 195 6
83 109 10
83 182 3
84 99 10
84 103 3
84 113 7
84 125 7
84 128 6
84 132 1
84 133 5
84 136 8
84 155 1
84 174 1
85 94 10
85 99 6
85 137 6
85 156 6
85 170 3
85 177 2
85 183 10
85 186 2
86 134 3
86 178 2
86 188 4
87 104 4
87 123 7
87 157 4
87 168 3
87 173 3
87 191 6
88 127 7
88 137 3
88 138 7
88 172 5
88 174 5
88 181 2
88 198 9
88 200 2
89 128 8
89 137 3
89 138 6
89 141 7
89 178 2
89 194 4
90 102 6
90 106 2
90 120 5
90 122 7
90 142 6
90 166 10
90 200 10
91 103 1
91 105 10
91 107 1
91 140 3
91 160 2
91 166 1
92 108 10
92 109 4
92 120 9
92 127 3
92 141 1
92 179 4
93 106 1
93 126 8
93 158 5
93 186 10
93 191 1
93 197 7
94 119 6
94 151 4
94 163 2
94 176 7
94 189 1
95 128 1
95 160 2
95 185 2
95 200 5
96 109 10
96 134 9
96 168 6
96 198 10
97 123 8
97 124 5
97 127 5
97 140 8
97 145 7
97 155 9
97 157 3
97 161 9
97 194 6
98 106 2
98 127 2
98 135 1
98 160 7
98 173 3
99 110 4
99 173 7
99 179 6
100 116 10
100 126 4
100 141 4
100 168 6
101 118 4
101 121 7
101 130 3
102 110 2
104 108 7
104 109 8
104 124 3
104 127 10
104 163 5
104 182 8
105 113 9
105 114 6
105 124 10
105 144 10
105 160 3
106 140 8
106 157 5
106 170 10
106 172 8
106 179 5
106 189 5
106 195 5
107 112 10
107 163 9
107 193 1
108 111 5
108 112 8
108 122 9
108 128 1
108 129 9
108 134 7
108 141 5
108 148 5
108 165 4
108 195 9
108 200 7
109 133 4
109 162 9
110 125 4
110 135 2
110 141 7
110 144 8
110 160 3
110 163 5
110 175 6
110 183 9
111 117 4
111 128 8
111 129 4
111 131 8
111 134 8
111 152 10
111 172 7
111 185 2
111 196 5
112 118 9
112 138 7
112 153 9
112 197 5
113 134 10
113 155 4
113 167 8
114 117 2
114 140 5
114 185 1
115 122 7
115 130 8
115 152 5
115 153 3
116 119 4
116 130 4
116 131 3
116 144 7
116 173 7
116 182 8
116 184 2
116 187 3
116 189 4
117 126 7
117 131 3
117 134 5
117 139 3
117 152 10
117 177 10
117 197 7
118 155 2
118 161 7
118 181 6
119 141 6
119 194 7
120 148 10
120 173 7
120 195 1
120 198 6
121 124 9
121 159 3
122 127 3
122 133 8
122 149 1
122 153 4
122 158 3
122 177 3
122 178 4
122 183 8
122 184 8
122 193 2
122 199 2
123 154 1
123 156 10
123 185 9
123 193 3
123 194 10
124 177 3
125 193 6
126 132 7
126 148 3
126 192 3
127 145 10
127 158 6
127 195 7
128 138 1
128 140 9
128 146 6
128 161 2
128 185 9
128 197 7
129 149 1
129 154 4
130 160 8
130 161 4
130 170 8
131 148 7
131 161 3
132 179 5
132 193 7
132 195 9
133 146 4
133 166 1
133 182 6
134 137 8
134 142 3
134 180 6
134 194 4
135 141 9
135 143 7
135 152 5
135 175 5
135 184 8
136 154 1
136 183 1
136 197 3
137 141 9
138 180 9
138 186 10
138 187 5
138 189 10
139 164 4
140 145 8
140 156 7
140 182 9
141 160 10
141 170 5
141 200 9
142 143 9
142 191 9
142 200 7
143 150 2
143 168 10
143 171 8
143 196 7
144 150 9
144 158 4
144 190 2
145 149 3
145 187 9
147 162 1
147 181 5
147 184 6
147 190 8
148 153 6
148 160 10
148 164 3
148 195 9
149 173 4
149 197 2
150 163 8
150 179 1
150 184 6
151 181 10
152 156 9
152 166 7
152 171 7
153 165 4
153 199 5
154 190 4
154 192 8
154 200 8
155 168 6
155 175 9
155 180 2
155 191 3
156 157 4
156 187 9
156 189 3
157 186 5
157 187 1
157 196 4
158 162 8
158 167 3
158 168 4
158 171 8
159 174 1
160 179 5
161 164 6
161 177 8
161 183 9
161 193 2
162 183 7
162 190 2
163 194 5
163 199 9
164 177 9
164 190 5
168 181 3
170 179 9
171 173 4
171 178 6
171 194 3
172 184 1
172 195 7
173 174 4
173 193 3
177 200 7
180 193 5
183 197 10
186 191 4
189 194 5
189 200 6
190 196 10
193 196 8
195 196 6
