200 7924
1 3 155
1 5 160
1 9 2
1 11 155
1 12 297
1 13 169
1 15 31
1 18 245
1 19 206
1 21 252
1 25 269
1 32 74
1 34 96
1 35 53
1 39 319
1 47 268
1 54 186
1 58 213
1 59 20
1 63 229
1 65 96
1 66 306
1 71 221
1 74 39
1 77 86
1 78 108
1 83 253
1 84 199
1 87 121
1 88 306
1 89 249
1 90 191
1 91 95
1 95 239
1 96 117
1 97 178
1 99 227
1 102 259
1 103 288
1 105 243
1 109 162
1 110 121
1 114 296
1 120 180
1 122 296
1 123 3
1 125 179
1 127 26
1 132 48
1 133 191
1 138 19
1 140 49
1 142 179
1 143 17
1 146 204
1 151 33
1 153 46
1 158 165
1 161 293
1 162 257
1 163 162
1 164 208
1 167 141
1 169 224
1 172 301
1 173 262
1 175 270
1 182 312
1 183 37
1 184 302
1 189 150
1 193 87
1 200 66
2 3 254
2 9 206
2 10 44
2 15 116
2 16 233
2 20 118
2 24 24
2 28 178
2 30 192
2 31 288
2 32 232
2 33 316
2 36 219
2 37 308
2 40 173
2 41 230
2 42 122
2 43 9
2 46 264
2 48 255
2 51 260
2 53 92
2 55 308
2 57 257
2 58 312
2 59 36
2 63 60
2 72 283
2 75 81
2 77 241
2 78 141
2 79 241
2 83 14
2 84 35
2 85 236
2 86 74
2 88 14
2 92 88
2 93 295
2 98 120
2 102 135
2 106 207
2 107 86
2 111 261
2 115 83
2 118 79
2 121 36
2 123 36
2 128 315
2 133 301
2 135 101
2 139 106
2 142 69
2 145 259
2 146 225
2 149 144
2 151 233
2 158 11
2 161 250
2 162 187
2 168 169
2 169 117
2 173 52
2 175 5
2 179 149
2 182 111
2 183 4
2 184 282
2 188 55
2 200 119
3 4 168
3 6 249
3 7 161
3 11 278
3 14 170
3 16 315
3 17 4
3 18 91
3 20 109
3 21 60
3 24 214
3 25 95
3 31 152
3 33 114
3 35 249
3 36 117
3 40 150
3 43 317
3 49 44
3 50 107
3 51 250
3 52 303
3 55 203
3 56 272
3 57 33
3 58 90
3 60 119
3 64 79
3 65 126
3 66 149
3 68 12
3 71 139
3 73 95
3 75 171
3 76 186
3 79 117
3 80 41
3 84 13
3 85 167
3 87 197
3 91 234
3 93 87
3 95 78
3 97 58
3 100 90
3 101 222
3 102 102
3 105 298
3 106 107
3 107 54
3 108 276
3 110 242
3 113 107
3 114 9
3 120 301
3 127 171
3 136 256
3 140 239
3 144 63
3 147 63
3 150 32
3 151 175
3 158 8
3 159 79
3 162 255
3 164 207
3 165 187
3 166 316
3 168 242
3 175 93
3 179 317
3 180 225
3 182 314
3 184 116
3 185 61
3 192 150
3 195 166
3 196 96
3 199 138
4 5 118
4 7 155
4 8 52
4 13 27
4 27 56
4 28 85
4 32 44
4 33 157
4 35 59
4 36 18
4 43 117
4 44 291
4 47 212
4 52 173
4 53 5
4 54 28
4 57 282
4 59 31
4 61 241
4 62 147
4 63 293
4 64 62
4 66 28
4 67 42
4 72 158
4 73 244
4 74 309
4 76 226
4 79 227
4 81 17
4 82 107
4 83 173
4 84 241
4 94 9
4 98 147
4 99 20
4 100 252
4 102 247
4 103 58
4 104 302
4 107 118
4 109 280
4 113 162
4 129 47
4 130 112
4 135 289
4 141 163
4 142 95
4 144 292
4 146 187
4 147 296
4 149 291
4 157 184
4 159 107
4 170 117
4 171 145
4 173 97
4 174 13
4 176 32
4 179 314
4 180 140
4 183 130
4 185 134
4 186 131
4 187 211
4 188 320
4 189 107
4 199 173
5 6 148
5 7 103
5 10 267
5 11 296
5 16 141
5 17 202
5 19 314
5 26 172
5 27 314
5 33 40
5 34 264
5 35 173
5 36 253
5 40 99
5 42 275
5 44 228
5 46 229
5 48 89
5 50 19
5 51 236
5 52 167
5 54 104
5 55 130
5 56 166
5 59 116
5 61 123
5 63 125
5 64 166
5 68 151
5 79 175
5 81 288
5 83 25
5 84 302
5 86 13
5 88 65
5 90 30
5 93 275
5 97 216
5 99 44
5 100 264
5 105 250
5 106 66
5 107 65
5 110 74
5 111 165
5 112 320
5 113 70
5 114 290
5 117 89
5 118 247
5 119 8
5 120 241
5 123 66
5 124 259
5 137 37
5 143 202
5 145 207
5 147 215
5 148 104
5 149 274
5 154 174
5 155 190
5 157 274
5 161 29
5 162 313
5 165 179
5 166 128
5 168 158
5 171 247
5 173 44
5 174 185
5 179 308
5 183 255
5 185 218
5 186 163
5 191 186
5 196 209
5 197 128
5 199 107
6 8 284
6 9 248
6 10 87
6 11 70
6 12 271
6 19 183
6 20 74
6 21 1
6 25 195
6 27 231
6 29 280
6 30 307
6 31 148
6 35 315
6 36 244
6 37 244
6 38 45
6 43 232
6 47 240
6 50 95
6 55 29
6 58 16
6 59 150
6 62 180
6 64 19
6 66 30
6 68 167
6 69 24
6 70 130
6 71 43
6 75 146
6 76 264
6 79 247
6 80 262
6 83 8
6 84 171
6 85 212
6 87 171
6 88 237
6 89 122
6 90 208
6 92 208
6 96 145
6 100 160
6 104 30
6 105 65
6 107 118
6 108 259
6 112 35
6 113 278
6 115 93
6 119 65
6 120 7
6 121 108
6 122 111
6 126 204
6 130 71
6 133 281
6 134 80
6 135 21
6 139 242
6 140 87
6 142 75
6 143 252
6 144 41
6 147 203
6 148 93
6 150 225
6 158 237
6 159 220
6 161 98
6 162 14
6 163 129
6 164 174
6 169 279
6 171 31
6 176 265
6 178 130
6 179 196
6 182 313
6 183 208
6 194 140
6 196 309
6 200 84
7 8 71
7 11 200
7 15 194
7 18 313
7 22 141
7 25 73
7 27 205
7 31 195
7 32 72
7 33 141
7 37 23
7 38 73
7 39 259
7 40 12
7 44 15
7 45 95
7 48 106
7 51 55
7 53 233
7 55 154
7 56 162
7 58 150
7 61 288
7 64 173
7 65 214
7 67 228
7 68 244
7 74 275
7 75 139
7 78 293
7 81 231
7 82 227
7 85 155
7 86 249
7 90 277
7 93 91
7 106 219
7 108 146
7 109 93
7 110 138
7 111 204
7 113 40
7 114 145
7 115 244
7 119 43
7 122 244
7 123 41
7 124 238
7 125 267
7 127 38
7 131 299
7 132 177
7 133 138
7 135 257
7 139 285
7 141 31
7 142 38
7 144 133
7 145 180
7 148 155
7 150 233
7 151 318
7 152 307
7 153 84
7 157 84
7 159 308
7 160 140
7 162 131
7 165 21
7 170 218
7 172 46
7 173 267
7 176 242
7 178 277
7 179 68
7 180 296
7 183 281
7 188 67
7 190 270
7 191 238
7 195 132
7 198 51
7 199 262
8 9 86
8 12 243
8 13 254
8 16 231
8 17 62
8 18 219
8 25 206
8 27 31
8 29 300
8 33 274
8 43 86
8 45 306
8 47 240
8 49 293
8 50 119
8 54 37
8 56 292
8 57 106
8 60 15
8 65 51
8 66 35
8 67 186
8 68 65
8 77 10
8 83 22
8 86 22
8 88 179
8 89 213
8 91 25
8 99 22
8 101 8
8 102 218
8 103 79
8 106 60
8 109 134
8 111 236
8 118 135
8 119 204
8 120 115
8 124 145
8 127 276
8 132 135
8 135 103
8 138 127
8 142 40
8 144 114
8 145 287
8 152 185
8 153 17
8 154 93
8 157 40
8 162 106
8 163 303
8 164 226
8 168 267
8 171 131
8 175 143
8 176 96
8 177 159
8 180 179
8 181 84
8 185 129
8 186 7
8 187 244
8 190 303
8 191 9
8 194 185
8 195 262
8 199 204
9 10 30
9 12 219
9 13 99
9 20 197
9 21 20
9 22 237
9 23 256
9 25 28
9 26 248
9 27 89
9 29 266
9 31 131
9 33 1
9 34 165
9 37 309
9 40 215
9 44 84
9 45 124
9 52 198
9 54 223
9 55 263
9 56 163
9 58 296
9 59 273
9 64 205
9 66 93
9 68 188
9 70 110
9 71 19
9 73 247
9 75 303
9 78 254
9 83 303
9 86 55
9 87 81
9 88 42
9 89 183
9 95 75
9 96 147
9 100 43
9 101 167
9 107 191
9 108 7
9 109 281
9 112 303
9 114 230
9 115 254
9 116 172
9 117 77
9 121 282
9 137 192
9 138 146
9 139 160
9 140 64
9 143 294
9 144 13
9 145 212
9 147 281
9 149 13
9 150 52
9 153 121
9 154 63
9 158 191
9 163 31
9 165 227
9 167 273
9 168 181
9 170 196
9 173 20
9 176 256
9 180 81
9 184 88
9 186 36
9 187 90
9 189 91
9 190 310
9 192 312
9 193 165
9 194 246
9 195 157
9 197 248
10 11 67
10 14 10
10 15 114
10 17 2
10 20 240
10 21 276
10 23 46
10 27 21
10 28 258
10 37 311
10 38 296
10 39 161
10 41 72
10 42 276
10 44 77
10 52 195
10 57 110
10 59 161
10 61 76
10 70 52
10 82 87
10 83 300
10 86 320
10 87 83
10 88 275
10 93 180
10 94 277
10 95 102
10 104 196
10 106 76
10 109 191
10 111 119
10 112 43
10 113 22
10 114 263
10 116 107
10 126 296
10 127 316
10 131 311
10 135 27
10 136 134
10 137 299
10 138 159
10 139 212
10 144 150
10 146 154
10 148 236
10 150 15
10 151 184
10 152 92
10 155 5
10 156 212
10 157 21
10 158 56
10 159 66
10 161 282
10 162 264
10 172 170
10 182 317
10 186 169
10 187 287
10 189 85
10 191 10
10 192 165
10 196 250
10 200 7
11 12 201
11 14 95
11 19 58
11 20 91
11 21 88
11 25 100
11 26 236
11 27 15
11 29 278
11 30 258
11 36 54
11 40 126
11 41 15
11 48 314
11 49 34
11 52 151
11 58 245
11 60 315
11 63 253
11 69 183
11 74 60
11 75 295
11 76 206
11 79 247
11 81 226
11 86 257
11 87 179
11 88 279
11 92 37
11 96 181
11 100 167
11 101 285
11 103 172
11 106 228
11 110 227
11 111 179
11 113 56
11 114 276
11 115 249
11 116 131
11 118 226
11 120 265
11 125 84
11 126 76
11 127 227
11 129 122
11 130 32
11 131 313
11 132 168
11 133 54
11 138 84
11 139 144
11 141 314
11 143 197
11 144 316
11 155 78
11 157 203
11 158 32
11 159 309
11 162 150
11 164 211
11 172 289
11 173 81
11 177 145
11 182 308
11 186 222
11 187 236
11 188 217
11 189 244
11 194 26
11 199 285
11 200 145
12 13 76
12 14 49
12 15 279
12 17 117
12 19 101
12 20 206
12 22 161
12 25 10
12 29 278
12 30 68
12 34 95
12 37 221
12 40 35
12 43 282
12 48 37
12 52 241
12 54 225
12 55 38
12 61 158
12 62 298
12 65 222
12 67 132
12 68 75
12 69 177
12 76 91
12 77 244
12 79 78
12 80 218
12 85 163
12 86 206
12 90 5
12 91 99
12 92 3
12 96 97
12 103 116
12 107 301
12 108 298
12 109 207
12 114 316
12 115 101
12 119 72
12 125 154
12 126 310
12 135 184
12 141 160
12 147 81
12 148 38
12 154 109
12 155 244
12 157 134
12 161 52
12 162 148
12 163 93
12 164 32
12 165 128
12 167 178
12 168 314
12 171 145
12 173 139
12 174 17
12 176 16
12 177 309
12 178 315
12 180 74
12 181 181
12 182 230
12 184 23
12 190 222
12 192 112
12 193 281
12 195 126
12 196 110
12 198 305
12 200 57
13 15 156
13 16 143
13 17 108
13 18 266
13 22 91
13 36 300
13 37 150
13 39 292
13 47 15
13 48 125
13 53 155
13 54 192
13 55 269
13 56 200
13 57 77
13 60 144
13 61 141
13 65 139
13 66 82
13 67 105
13 68 300
13 70 70
13 71 61
13 74 25
13 80 2
13 82 65
13 83 264
13 84 23
13 86 86
13 87 295
13 92 169
13 93 167
13 94 171
13 97 48
13 99 252
13 100 77
13 103 72
13 104 145
13 105 291
13 109 160
13 110 87
13 112 161
13 113 262
13 114 227
13 116 5
13 117 309
13 119 31
13 125 154
13 127 268
13 129 219
13 130 44
13 131 219
13 133 262
13 134 312
13 136 228
13 137 234
13 142 247
13 143 18
13 152 4
13 154 115
13 164 305
13 165 22
13 167 15
13 168 1
13 169 70
13 170 142
13 171 76
13 173 273
13 177 119
13 178 155
13 179 113
13 180 85
13 181 245
13 184 142
13 188 144
13 191 138
13 192 46
13 195 47
13 197 111
13 199 52
14 16 195
14 19 163
14 20 260
14 28 198
14 31 218
14 32 196
14 34 246
14 40 51
14 43 144
14 44 123
14 51 209
14 52 167
14 53 109
14 55 141
14 62 105
14 68 26
14 71 115
14 72 170
14 74 219
14 78 131
14 79 38
14 83 201
14 84 1
14 86 16
14 87 299
14 89 103
14 90 208
14 95 175
14 97 104
14 98 295
14 99 147
14 102 154
14 103 75
14 104 126
14 105 311
14 107 34
14 108 127
14 110 268
14 112 211
14 115 151
14 121 119
14 122 131
14 123 26
14 125 109
14 126 53
14 127 266
14 128 86
14 132 32
14 135 181
14 136 37
14 139 260
14 140 5
14 142 292
14 144 230
14 145 92
14 146 261
14 147 305
14 148 154
14 152 9
14 153 70
14 156 289
14 159 214
14 161 131
14 164 285
14 165 115
14 166 97
14 170 128
14 172 269
14 175 54
14 177 245
14 178 76
14 179 6
14 180 307
14 181 146
14 187 269
14 188 116
14 192 124
14 194 134
14 198 169
14 199 51
15 16 153
15 18 319
15 20 99
15 22 11
15 23 249
15 24 217
15 25 268
15 27 283
15 28 112
15 30 279
15 33 276
15 34 195
15 36 175
15 41 60
15 42 19
15 48 198
15 50 20
15 52 20
15 53 135
15 54 151
15 61 101
15 62 97
15 64 104
15 65 319
15 67 205
15 73 133
15 75 187
15 76 166
15 77 17
15 78 3
15 80 11
15 81 205
15 84 265
15 85 178
15 87 144
15 89 249
15 90 142
15 91 198
15 94 277
15 99 264
15 100 229
15 102 213
15 105 314
15 107 101
15 112 14
15 113 198
15 114 95
15 116 154
15 118 308
15 121 1
15 124 259
15 126 203
15 132 298
15 134 65
15 147 24
15 155 180
15 161 309
15 163 132
15 164 99
15 165 237
15 166 110
15 168 263
15 173 263
15 174 299
15 177 175
15 179 193
15 180 167
15 182 164
15 183 187
15 184 305
15 186 238
15 187 272
15 189 149
15 191 274
15 195 283
16 17 315
16 20 162
16 22 294
16 23 212
16 26 256
16 27 231
16 31 135
16 33 156
16 34 118
16 40 277
16 41 20
16 42 84
16 43 182
16 45 46
16 52 12
16 53 85
16 54 43
16 55 208
16 58 76
16 59 45
16 61 98
16 69 282
16 77 63
16 78 122
16 79 313
16 80 8
16 83 303
16 87 290
16 88 243
16 89 307
16 90 23
16 92 320
16 93 164
16 96 262
16 99 286
16 103 247
16 105 216
16 108 263
16 111 46
16 112 302
16 113 9
16 116 135
16 117 204
16 118 72
16 119 30
16 120 4
16 123 270
16 125 135
16 129 226
16 132 298
16 137 202
16 138 227
16 155 242
16 156 8
16 157 158
16 159 121
16 165 268
16 167 96
16 168 7
16 169 16
16 171 94
16 173 51
16 180 194
16 183 300
16 185 147
16 187 160
16 190 16
16 193 43
16 195 114
16 197 79
16 199 13
16 200 205
17 18 267
17 22 231
17 23 59
17 25 140
17 28 223
17 33 174
17 35 153
17 36 274
17 41 79
17 44 215
17 48 98
17 50 239
17 52 122
17 53 106
17 54 215
17 55 274
17 56 13
17 58 297
17 64 251
17 66 239
17 67 191
17 69 19
17 72 301
17 75 110
17 76 256
17 77 282
17 78 90
17 82 155
17 87 147
17 88 189
17 89 174
17 92 9
17 93 148
17 98 118
17 99 226
17 112 233
17 119 138
17 124 55
17 126 213
17 127 262
17 130 236
17 132 243
17 135 133
17 137 54
17 141 160
17 143 8
17 144 70
17 145 306
17 147 9
17 151 210
17 155 300
17 156 85
17 157 216
17 158 48
17 169 259
17 171 110
17 172 209
17 174 63
17 177 168
17 178 212
17 181 18
17 183 190
17 185 101
17 186 94
17 189 310
17 190 79
17 191 180
17 192 299
17 194 312
17 196 186
17 197 75
17 198 51
18 19 280
18 22 70
18 23 304
18 26 131
18 27 79
18 28 114
18 33 32
18 34 59
18 35 57
18 36 273
18 42 289
18 43 285
18 46 126
18 48 318
18 51 26
18 52 32
18 54 285
18 55 151
18 57 77
18 59 28
18 62 119
18 63 59
18 72 234
18 73 23
18 75 65
18 77 265
18 81 81
18 83 41
18 89 81
18 90 115
18 91 250
18 92 139
18 102 40
18 106 120
18 107 16
18 108 234
18 111 204
18 113 204
18 115 108
18 117 277
18 120 67
18 123 89
18 124 38
18 125 78
18 130 176
18 134 134
18 135 4
18 138 172
18 140 265
18 142 122
18 144 288
18 146 57
18 160 205
18 161 160
18 162 105
18 164 51
18 165 319
18 168 211
18 170 144
18 171 133
18 172 269
18 173 187
18 175 114
18 179 291
18 183 17
18 186 172
18 193 187
18 196 151
18 197 240
18 200 77
19 23 241
19 25 54
19 26 153
19 27 77
19 31 265
19 33 63
19 35 165
19 36 271
19 42 14
19 44 104
19 46 148
19 49 90
19 50 294
19 53 294
19 55 302
19 56 185
19 57 219
19 66 250
19 68 203
19 69 136
19 71 86
19 79 108
19 88 248
19 90 270
19 91 62
19 95 90
19 96 51
19 100 272
19 105 91
19 107 192
19 113 97
19 116 162
19 117 203
19 123 46
19 124 274
19 127 170
19 129 251
19 130 52
19 131 78
19 136 190
19 137 157
19 142 237
19 145 297
19 148 15
19 150 151
19 152 74
19 153 136
19 154 121
19 155 14
19 157 69
19 158 253
19 160 229
19 162 83
19 164 212
19 166 297
19 169 66
19 171 300
19 178 83
19 179 181
19 181 187
19 188 8
19 194 84
19 195 230
19 197 175
19 198 274
20 31 141
20 35 94
20 39 130
20 43 134
20 45 196
20 46 219
20 48 302
20 53 176
20 55 53
20 60 68
20 64 199
20 69 155
20 71 28
20 73 120
20 75 204
20 76 259
20 81 81
20 86 139
20 88 104
20 91 104
20 92 297
20 93 273
20 94 28
20 97 28
20 99 162
20 100 296
20 101 303
20 102 19
20 103 16
20 104 120
20 107 78
20 109 39
20 111 228
20 115 70
20 125 295
20 127 305
20 130 66
20 135 300
20 138 268
20 142 44
20 144 272
20 146 289
20 149 176
20 153 43
20 154 167
20 155 125
20 158 142
20 161 46
20 162 245
20 163 263
20 165 180
20 166 253
20 167 45
20 168 54
20 173 154
20 175 207
20 177 268
20 178 261
20 179 234
20 180 98
20 190 176
20 191 181
20 192 234
20 194 26
20 200 282
21 23 252
21 33 71
21 34 104
21 36 232
21 45 223
21 49 313
21 50 21
21 55 64
21 57 251
21 58 42
21 59 21
21 60 202
21 61 181
21 62 250
21 66 88
21 67 31
21 71 289
21 73 70
21 74 206
21 75 168
21 77 52
21 80 214
21 81 230
21 83 276
21 84 45
21 86 251
21 87 102
21 90 238
21 93 81
21 94 158
21 101 120
21 103 180
21 104 44
21 108 247
21 110 164
21 113 231
21 114 186
21 115 36
21 117 25
21 119 32
21 122 57
21 124 151
21 125 27
21 126 287
21 128 15
21 131 100
21 133 115
21 134 298
21 136 98
21 139 94
21 143 143
21 144 269
21 147 55
21 148 72
21 154 154
21 155 63
21 163 24
21 168 275
21 173 274
21 174 260
21 175 136
21 177 127
21 180 19
21 182 101
21 184 205
21 190 141
21 194 214
21 196 245
21 197 42
21 198 233
22 23 106
22 27 4
22 29 241
22 31 200
22 33 21
22 36 57
22 37 64
22 39 312
22 42 69
22 43 35
22 44 63
22 45 169
22 46 16
22 47 43
22 50 124
22 51 274
22 53 245
22 54 305
22 58 99
22 60 33
22 61 264
22 62 95
22 64 125
22 66 158
22 69 222
22 74 123
22 80 318
22 83 76
22 93 279
22 97 216
22 98 161
22 100 134
22 101 52
22 102 237
22 103 290
22 104 305
22 105 83
22 106 96
22 108 38
22 112 275
22 115 23
22 119 185
22 120 317
22 122 180
22 125 209
22 127 16
22 128 312
22 129 183
22 133 279
22 134 34
22 135 288
22 138 86
22 141 189
22 142 24
22 143 164
22 146 9
22 148 219
22 149 69
22 151 189
22 155 47
22 156 135
22 157 4
22 159 42
22 161 306
22 162 217
22 164 243
22 167 77
22 168 92
22 174 220
22 176 300
22 185 316
22 189 305
22 190 183
22 193 129
22 194 196
22 196 84
22 197 173
22 198 117
22 199 110
22 200 33
23 29 129
23 31 135
23 32 48
23 33 47
23 36 111
23 37 31
23 39 307
23 40 115
23 42 25
23 43 15
23 44 154
23 45 25
23 48 226
23 49 19
23 51 30
23 54 42
23 55 98
23 57 100
23 58 51
23 59 231
23 62 235
23 63 123
23 65 185
23 66 107
23 69 139
23 70 146
23 76 144
23 78 203
23 81 308
23 82 29
23 83 266
23 84 210
23 87 202
23 89 135
23 90 169
23 91 313
23 92 125
23 93 22
23 94 33
23 95 251
23 98 228
23 101 263
23 103 152
23 104 131
23 106 57
23 109 51
23 111 12
23 117 214
23 119 291
23 121 140
23 124 286
23 125 85
23 127 77
23 128 165
23 129 315
23 131 274
23 133 105
23 135 299
23 136 5
23 140 29
23 141 204
23 148 69
23 151 179
23 153 226
23 157 122
23 162 46
23 163 10
23 171 307
23 180 161
23 181 236
23 182 70
23 184 265
23 187 244
23 188 45
23 189 109
23 193 126
23 196 248
23 197 211
23 199 223
23 200 249
24 25 53
24 26 113
24 27 302
24 28 210
24 31 304
24 34 80
24 37 283
24 38 77
24 40 319
24 42 203
24 44 158
24 45 190
24 56 8
24 57 230
24 61 190
24 65 20
24 66 296
24 67 79
24 68 40
24 70 17
24 74 24
24 76 158
24 81 185
24 83 160
24 84 315
24 85 26
24 87 294
24 88 119
24 89 181
24 91 132
24 95 100
24 98 253
24 99 292
24 100 64
24 101 194
24 103 287
24 104 204
24 105 248
24 106 208
24 112 289
24 117 237
24 119 113
24 120 258
24 122 289
24 124 233
24 125 235
24 126 123
24 127 129
24 131 5
24 140 305
24 141 294
24 142 142
24 143 316
24 144 183
24 145 199
24 147 298
24 153 104
24 156 44
24 159 96
24 161 269
24 163 290
24 164 203
24 166 173
24 167 152
24 174 298
24 175 35
24 177 231
24 179 267
24 180 192
24 182 246
24 183 155
24 184 17
24 185 176
24 187 161
24 189 184
24 190 66
24 194 16
24 196 293
24 198 286
25 27 175
25 28 20
25 30 141
25 35 203
25 36 36
25 37 245
25 41 167
25 42 13
25 44 218
25 46 70
25 55 159
25 62 141
25 63 234
25 67 207
25 69 247
25 71 185
25 74 199
25 75 30
25 76 23
25 77 196
25 79 201
25 84 110
25 85 140
25 87 260
25 94 21
25 99 318
25 100 81
25 101 134
25 106 284
25 108 90
25 109 20
25 112 46
25 113 225
25 117 160
25 118 106
25 125 87
25 130 144
25 132 189
25 136 319
25 140 236
25 141 193
25 145 5
25 147 18
25 150 184
25 151 35
25 153 306
25 155 119
25 158 36
25 161 241
25 163 144
25 166 284
25 167 242
25 168 19
25 169 264
25 170 124
25 173 181
25 176 249
25 179 225
25 180 165
25 181 212
25 184 118
25 186 249
25 187 122
25 190 172
25 193 107
25 198 259
26 29 215
26 32 68
26 34 174
26 36 70
26 37 81
26 39 122
26 41 140
26 42 175
26 45 271
26 46 207
26 47 16
26 48 245
26 49 12
26 53 66
26 55 3
26 61 159
26 63 291
26 64 206
26 68 258
26 72 266
26 74 112
26 77 101
26 78 202
26 81 288
26 83 3
26 84 238
26 86 35
26 89 6
26 90 2
26 92 119
26 93 244
26 94 237
26 97 248
26 99 246
26 102 129
26 104 312
26 106 179
26 108 144
26 113 37
26 115 293
26 119 92
26 121 122
26 122 253
26 124 182
26 126 67
26 131 64
26 133 69
26 134 290
26 135 206
26 142 89
26 145 127
26 148 162
26 150 134
26 152 263
26 153 77
26 156 289
26 157 281
26 159 239
26 162 310
26 164 115
26 166 52
26 168 246
26 171 54
26 173 34
26 177 220
26 179 259
26 182 118
26 183 221
26 185 8
26 186 303
26 187 253
26 191 53
26 197 76
26 198 193
27 30 166
27 32 307
27 33 262
27 34 175
27 35 267
27 36 198
27 38 261
27 39 161
27 42 301
27 47 142
27 49 7
27 50 290
27 56 260
27 58 169
27 61 64
27 63 6
27 66 212
27 70 152
27 78 288
27 82 63
27 83 192
27 86 302
27 87 209
27 90 133
27 94 41
27 98 290
27 99 253
27 101 98
27 103 187
27 108 212
27 109 214
27 114 140
27 115 60
27 117 255
27 126 12
27 128 65
27 129 88
27 130 277
27 132 131
27 133 108
27 134 25
27 136 261
27 137 123
27 138 27
27 140 297
27 141 222
27 142 19
27 143 246
27 144 121
27 145 318
27 148 173
27 150 20
27 151 147
27 153 282
27 157 271
27 163 290
27 165 32
27 166 242
27 168 314
27 178 81
27 183 54
27 184 122
27 192 214
27 193 67
27 194 171
27 195 85
27 196 9
27 200 305
28 29 244
28 30 285
28 31 70
28 32 277
28 34 212
28 43 100
28 44 99
28 46 5
28 47 26
28 48 54
28 52 16
28 53 160
28 56 149
28 57 253
28 60 38
28 68 317
28 69 271
28 70 91
28 80 241
28 84 301
28 85 194
28 86 295
28 91 264
28 94 22
28 95 65
28 96 215
28 99 71
28 103 51
28 104 149
28 105 52
28 107 102
28 114 176
28 119 227
28 123 266
28 124 284
28 126 194
28 127 279
28 129 127
28 132 83
28 133 68
28 136 319
28 138 107
28 139 85
28 140 140
28 141 109
28 148 75
28 151 109
28 155 289
28 158 102
28 164 279
28 165 212
28 169 98
28 171 312
28 172 303
28 174 43
28 183 29
28 186 299
28 187 32
28 189 69
28 190 204
28 191 70
28 194 64
28 198 163
28 199 32
29 30 192
29 32 7
29 33 261
29 35 45
29 39 48
29 40 85
29 42 18
29 46 68
29 47 163
29 51 105
29 52 181
29 54 40
29 56 16
29 57 7
29 59 70
29 63 128
29 64 261
29 65 197
29 68 153
29 73 60
29 75 254
29 76 261
29 77 220
29 82 135
29 83 271
29 85 109
29 88 215
29 91 206
29 94 184
29 95 65
29 97 237
29 100 186
29 101 92
29 102 36
29 103 114
29 104 131
29 106 41
29 108 168
29 112 152
29 118 316
29 120 165
29 123 271
29 127 26
29 128 153
29 129 66
29 130 135
29 132 311
29 138 316
29 142 115
29 145 258
29 147 2
29 148 237
29 150 175
29 155 17
29 158 36
29 160 316
29 161 260
29 162 235
29 164 175
29 165 261
29 168 79
29 170 171
29 178 133
29 181 119
29 184 285
29 188 6
29 190 192
29 191 111
29 194 95
29 195 97
29 198 202
29 200 44
30 31 276
30 33 49
30 34 164
30 41 274
30 42 205
30 43 293
30 46 198
30 48 269
30 50 281
30 51 157
30 60 249
30 63 26
30 65 86
30 68 268
30 69 224
30 75 170
30 76 75
30 77 112
30 79 128
30 84 312
30 91 55
30 92 187
30 94 251
30 95 279
30 97 310
30 98 108
30 99 243
30 100 198
30 103 120
30 104 194
30 105 18
30 106 235
30 107 76
30 108 60
30 112 57
30 114 130
30 116 33
30 127 315
30 130 176
30 136 164
30 137 202
30 139 76
30 141 306
30 144 311
30 145 185
30 148 144
30 150 281
30 152 176
30 155 197
30 156 272
30 159 187
30 164 66
30 165 16
30 167 165
30 175 17
30 176 134
30 178 303
30 184 242
30 186 49
30 187 175
30 189 150
30 190 119
30 192 268
30 195 158
30 196 203
30 197 1
30 199 195
31 36 178
31 40 168
31 42 207
31 43 273
31 45 225
31 49 96
31 53 56
31 59 20
31 63 44
31 66 148
31 67 116
31 68 26
31 69 104
31 71 101
31 72 196
31 76 243
31 81 305
31 82 144
31 84 201
31 89 110
31 91 269
31 95 195
31 96 264
31 99 270
31 100 235
31 101 187
31 102 17
31 104 74
31 105 318
31 106 125
31 108 275
31 109 182
31 111 8
31 115 226
31 117 129
31 119 222
31 122 145
31 125 280
31 126 98
31 133 47
31 134 168
31 135 6
31 136 17
31 142 63
31 144 247
31 147 124
31 151 34
31 154 153
31 157 302
31 159 188
31 160 256
31 163 68
31 164 193
31 167 247
31 170 126
31 172 319
31 174 275
31 176 258
31 184 303
31 187 278
31 192 146
31 193 96
31 198 157
32 33 296
32 34 216
32 35 293
32 37 64
32 40 260
32 43 35
32 45 205
32 46 301
32 50 304
32 52 293
32 54 113
32 61 307
32 63 144
32 66 37
32 68 181
32 71 253
32 72 60
32 73 63
32 74 308
32 76 132
32 79 290
32 80 245
32 84 289
32 86 270
32 91 102
32 95 264
32 96 72
32 97 107
32 99 294
32 100 235
32 103 129
32 106 254
32 107 284
32 109 214
32 112 240
32 115 267
32 119 181
32 122 110
32 123 134
32 124 270
32 125 279
32 129 18
32 130 188
32 131 178
32 132 25
32 133 29
32 134 299
32 137 245
32 138 75
32 140 213
32 146 257
32 148 139
32 149 188
32 151 259
32 154 109
32 155 313
32 157 78
32 159 152
32 160 204
32 161 199
32 164 178
32 171 60
32 172 142
32 174 220
32 176 84
32 177 41
32 182 88
32 183 69
32 186 181
32 187 263
32 189 264
32 190 44
32 194 132
32 198 41
32 199 28
32 200 116
33 34 294
33 36 194
33 43 182
33 44 268
33 45 278
33 51 319
33 52 8
33 53 52
33 55 176
33 56 98
33 57 219
33 60 206
33 61 25
33 63 153
33 66 255
33 68 136
33 69 231
33 70 181
33 73 68
33 76 301
33 79 288
33 87 126
33 88 116
33 90 69
33 98 126
33 99 61
33 100 129
33 101 319
33 103 53
33 104 190
33 105 23
33 107 250
33 108 253
33 109 81
33 112 76
33 113 56
33 116 71
33 117 286
33 119 36
33 122 130
33 123 217
33 125 48
33 127 20
33 128 50
33 132 136
33 133 102
33 142 77
33 145 132
33 146 210
33 148 248
33 155 40
33 156 272
33 157 157
33 158 213
33 160 177
33 161 277
33 163 50
33 164 148
33 166 168
33 167 136
33 174 277
33 176 60
33 177 13
33 178 320
33 179 60
33 181 139
33 183 10
33 186 246
33 189 262
33 190 125
33 191 309
33 194 136
33 200 197
34 35 314
34 36 175
34 38 310
34 39 23
34 41 133
34 45 210
34 46 263
34 47 245
34 53 273
34 55 69
34 57 197
34 58 47
34 60 84
34 61 119
34 63 313
34 64 74
34 66 43
34 67 130
34 69 3
34 72 50
34 76 196
34 78 251
34 80 8
34 89 304
34 90 5
34 92 223
34 93 8
34 94 289
34 95 132
34 96 6
34 97 134
34 99 57
34 100 236
34 101 3
34 102 77
34 104 45
34 108 285
34 109 50
34 113 29
34 118 107
34 119 233
34 121 316
34 122 207
34 123 164
34 124 311
34 131 201
34 132 157
34 137 187
34 138 150
34 145 318
34 146 262
34 149 72
34 150 218
34 151 136
34 152 103
34 156 49
34 157 212
34 158 128
34 159 163
34 160 38
34 162 1
34 163 123
34 165 140
34 166 211
34 167 297
34 169 172
34 176 154
34 178 184
34 180 222
34 184 76
34 185 292
34 190 48
34 195 114
34 196 167
35 39 14
35 40 180
35 42 265
35 44 213
35 47 297
35 49 50
35 50 176
35 52 150
35 54 272
35 55 240
35 57 27
35 58 286
35 59 61
35 66 277
35 67 192
35 70 115
35 73 67
35 74 18
35 75 197
35 80 168
35 82 118
35 84 22
35 88 305
35 89 152
35 90 95
35 91 142
35 95 147
35 96 81
35 98 266
35 101 88
35 103 83
35 104 101
35 109 149
35 112 98
35 113 88
35 119 37
35 122 74
35 123 58
35 124 235
35 126 189
35 128 183
35 129 319
35 132 157
35 136 225
35 137 288
35 138 271
35 141 103
35 142 176
35 159 167
35 160 201
35 165 265
35 166 319
35 173 161
35 177 308
35 178 196
35 183 295
35 191 161
35 193 239
35 198 289
35 200 41
36 37 19
36 41 3
36 44 29
36 50 159
36 51 279
36 52 65
36 53 207
36 61 190
36 64 264
36 67 190
36 68 96
36 69 181
36 74 29
36 77 26
36 83 110
36 89 193
36 91 13
36 94 144
36 95 313
36 96 122
36 98 102
36 99 52
36 104 137
36 107 297
36 108 69
36 109 238
36 113 163
36 116 315
36 117 275
36 118 220
36 124 29
36 125 312
36 128 304
36 129 50
36 131 28
36 132 149
36 133 295
36 137 300
36 138 271
36 140 179
36 142 21
36 149 201
36 152 121
36 153 38
36 155 75
36 161 162
36 162 115
36 164 295
36 166 199
36 170 109
36 171 157
36 182 44
36 185 305
36 191 172
36 193 166
36 194 285
36 195 258
36 196 310
36 199 207
36 200 73
37 38 178
37 41 186
37 45 167
37 46 145
37 47 209
37 48 182
37 49 221
37 55 148
37 56 122
37 62 265
37 67 210
37 68 98
37 72 292
37 73 294
37 75 108
37 76 2
37 77 268
37 81 16
37 82 66
37 83 198
37 88 51
37 89 8
37 90 46
37 92 164
37 93 161
37 94 29
37 95 301
37 97 220
37 98 65
37 99 206
37 101 302
37 103 133
37 105 318
37 108 35
37 109 180
37 110 222
37 111 204
37 114 146
37 115 210
37 120 313
37 122 2
37 123 181
37 127 66
37 129 149
37 132 46
37 136 93
37 139 160
37 144 207
37 146 48
37 147 69
37 149 112
37 152 98
37 154 282
37 159 99
37 161 304
37 168 214
37 174 85
37 182 309
37 187 88
37 190 183
37 196 162
37 197 301
38 40 100
38 41 246
38 42 245
38 44 146
38 46 271
38 47 96
38 49 159
38 50 7
38 55 126
38 58 50
38 59 95
38 60 231
38 61 178
38 68 215
38 70 91
38 73 128
38 77 151
38 80 60
38 81 216
38 83 270
38 85 223
38 87 185
38 88 201
38 90 55
38 93 301
38 96 273
38 97 216
38 106 219
38 108 317
38 112 87
38 113 174
38 114 192
38 115 129
38 118 61
38 121 123
38 122 205
38 123 285
38 125 139
38 127 156
38 130 12
38 131 13
38 134 235
38 136 243
38 138 31
38 144 7
38 147 214
38 148 22
38 151 105
38 152 319
38 154 3
38 155 238
38 157 288
38 159 69
38 160 219
38 161 150
38 163 146
38 164 133
38 172 91
38 174 237
38 175 216
38 177 213
38 181 298
38 182 147
38 185 165
38 193 268
38 194 76
38 196 244
38 197 276
38 198 292
38 200 291
39 41 294
39 42 197
39 49 98
39 51 195
39 52 254
39 54 91
39 56 175
39 57 161
39 58 23
39 64 205
39 65 43
39 71 289
39 75 308
39 77 263
39 82 162
39 91 5
39 92 287
39 94 57
39 97 201
39 104 194
39 109 164
39 111 283
39 112 86
39 122 197
39 123 87
39 131 218
39 135 229
39 136 34
39 138 29
39 139 255
39 141 131
39 143 248
39 146 237
39 147 70
39 149 17
39 150 283
39 152 134
39 155 150
39 156 105
39 160 70
39 161 49
39 162 292
39 165 275
39 166 91
39 170 170
39 173 129
39 175 280
39 182 270
39 185 81
39 191 169
39 197 278
39 198 246
39 200 110
40 41 46
40 43 80
40 45 223
40 55 293
40 58 270
40 59 269
40 60 42
40 64 269
40 65 274
40 67 16
40 71 140
40 72 145
40 74 129
40 75 230
40 78 281
40 82 226
40 84 135
40 86 102
40 89 128
40 95 39
40 100 77
40 102 66
40 103 248
40 107 320
40 110 269
40 112 148
40 118 304
40 120 167
40 122 170
40 130 161
40 132 31
40 133 233
40 138 256
40 139 141
40 142 259
40 143 198
40 145 83
40 148 313
40 149 71
40 150 127
40 156 258
40 158 213
40 160 69
40 162 102
40 163 240
40 166 120
40 167 292
40 173 138
40 174 123
40 175 80
40 176 246
40 183 217
40 184 140
40 186 39
40 187 96
40 192 45
40 194 36
40 198 94
41 43 131
41 45 285
41 46 284
41 47 214
41 50 127
41 51 186
41 57 5
41 61 87
41 63 201
41 65 138
41 69 256
41 75 272
41 76 296
41 81 257
41 83 56
41 84 89
41 86 8
41 90 34
41 93 38
41 96 8
41 98 253
41 100 95
41 101 54
41 102 36
41 105 237
41 107 296
41 109 151
41 110 303
41 115 237
41 120 231
41 122 149
41 125 59
41 127 256
41 130 248
41 138 194
41 141 246
41 142 177
41 148 215
41 150 82
41 155 159
41 156 51
41 161 281
41 162 206
41 163 160
41 165 122
41 166 233
41 168 81
41 173 131
41 174 187
41 175 60
41 178 61
41 179 212
41 180 194
41 181 78
41 185 138
41 190 107
41 193 154
41 195 148
41 196 176
41 197 22
41 199 42
42 45 163
42 46 224
42 47 126
42 49 193
42 52 117
42 54 200
42 55 99
42 61 156
42 68 167
42 71 111
42 73 52
42 78 154
42 79 224
42 81 185
42 82 78
42 83 152
42 86 141
42 88 307
42 94 294
42 97 152
42 98 234
42 101 210
42 103 200
42 104 170
42 106 308
42 107 305
42 109 9
42 110 226
42 112 144
42 116 157
42 118 117
42 119 229
42 121 117
42 124 309
42 125 113
42 131 229
42 135 160
42 138 228
42 139 259
42 142 112
42 148 156
42 149 217
42 150 285
42 151 102
42 153 85
42 154 67
42 155 192
42 157 297
42 158 121
42 163 4
42 164 111
42 165 297
42 167 96
42 171 298
42 172 227
42 173 263
42 176 177
42 180 243
42 181 154
42 182 246
42 186 29
42 192 55
43 45 157
43 46 222
43 47 142
43 53 45
43 54 22
43 55 154
43 58 130
43 61 249
43 62 95
43 63 317
43 66 124
43 68 107
43 70 85
43 71 256
43 72 236
43 77 117
43 78 141
43 80 305
43 81 188
43 83 116
43 84 158
43 89 275
43 93 69
43 94 188
43 97 55
43 98 20
43 99 65
43 101 228
43 103 75
43 104 311
43 105 90
43 110 69
43 113 5
43 114 64
43 119 29
43 129 41
43 130 210
43 131 217
43 134 91
43 136 236
43 142 89
43 147 235
43 148 141
43 149 218
43 152 236
43 155 71
43 158 181
43 160 132
43 162 226
43 163 85
43 164 36
43 173 262
43 174 188
43 181 121
43 185 136
43 188 270
43 191 32
43 193 79
43 197 227
43 198 255
43 199 231
44 48 25
44 50 236
44 51 156
44 52 195
44 53 129
44 54 146
44 56 27
44 57 4
44 60 17
44 62 81
44 63 113
44 64 140
44 67 129
44 70 165
44 73 133
44 80 131
44 85 164
44 88 144
44 91 104
44 92 100
44 95 277
44 100 183
44 103 216
44 104 43
44 109 52
44 110 224
44 111 19
44 117 239
44 118 236
44 119 320
44 123 255
44 124 218
44 126 118
44 128 285
44 133 224
44 134 154
44 137 267
44 143 186
44 144 226
44 146 105
44 150 178
44 153 156
44 159 125
44 164 25
44 165 238
44 169 176
44 171 274
44 173 21
44 175 294
44 177 233
44 179 126
44 181 246
44 182 194
44 184 15
44 189 19
44 190 227
44 192 127
45 46 271
45 47 242
45 48 274
45 49 301
45 50 39
45 52 173
45 53 236
45 57 283
45 58 234
45 60 2
45 62 107
45 65 197
45 66 158
45 70 148
45 71 191
45 72 3
45 73 94
45 76 280
45 78 308
45 79 65
45 82 199
45 85 233
45 86 151
45 88 180
45 97 195
45 99 103
45 111 175
45 112 216
45 114 242
45 118 128
45 120 252
45 124 152
45 126 170
45 129 93
45 130 54
45 131 22
45 137 206
45 138 162
45 143 229
45 146 25
45 149 200
45 154 58
45 159 74
45 161 271
45 164 228
45 172 188
45 173 226
45 174 13
45 176 28
45 177 262
45 178 226
45 180 304
45 181 14
45 182 260
45 183 218
45 186 122
45 187 34
45 188 114
45 191 151
45 193 292
45 194 148
45 195 128
45 197 248
45 198 226
46 50 23
46 58 72
46 59 224
46 60 138
46 61 260
46 62 2
46 64 53
46 69 101
46 70 303
46 72 191
46 73 158
46 74 85
46 75 318
46 77 24
46 79 240
46 80 148
46 83 227
46 84 10
46 86 49
46 91 286
46 93 93
46 96 104
46 97 167
46 99 184
46 102 317
46 105 29
46 107 236
46 109 63
46 111 46
46 112 20
46 113 60
46 115 3
46 117 256
46 121 285
46 122 225
46 124 195
46 125 81
46 126 160
46 133 64
46 134 258
46 135 271
46 137 91
46 142 10
46 144 155
46 146 276
46 150 140
46 155 281
46 156 41
46 158 177
46 163 254
46 165 29
46 170 285
46 171 206
46 172 139
46 176 119
46 178 101
46 181 218
46 182 35
46 185 313
46 187 124
46 188 243
46 189 22
46 190 312
46 192 297
46 194 25
46 195 307
46 197 153
46 200 26
47 50 35
47 52 73
47 59 98
47 62 278
47 65 267
47 66 291
47 68 19
47 70 170
47 72 133
47 77 271
47 81 37
47 83 104
47 84 16
47 86 283
47 90 248
47 93 279
47 95 169
47 96 314
47 97 219
47 98 141
47 101 171
47 103 249
47 104 113
47 105 308
47 106 70
47 111 178
47 113 303
47 120 244
47 122 236
47 125 113
47 127 209
47 131 299
47 132 193
47 136 284
47 143 130
47 144 189
47 148 73
47 153 223
47 154 237
47 156 184
47 159 123
47 160 136
47 161 289
47 165 81
47 168 274
47 169 255
47 173 171
47 174 152
47 178 286
47 180 276
47 181 27
47 182 236
47 183 7
47 184 276
47 185 187
47 187 298
47 189 295
47 192 184
47 193 9
47 194 205
47 195 228
47 196 118
47 198 201
47 199 308
47 200 32
48 50 297
48 51 36
48 52 318
48 53 40
48 55 175
48 56 76
48 57 17
48 59 75
48 61 159
48 63 129
48 65 113
48 67 7
48 69 252
48 71 267
48 76 191
48 78 20
48 80 88
48 81 61
48 85 53
48 94 191
48 99 211
48 100 65
48 101 276
48 103 299
48 106 202
48 107 98
48 111 318
48 113 120
48 115 303
48 116 272
48 118 73
48 119 236
48 121 109
48 123 171
48 125 308
48 127 8
48 129 133
48 130 34
48 131 185
48 133 286
48 135 65
48 139 313
48 140 6
48 142 231
48 143 233
48 146 167
48 147 291
48 157 192
48 158 229
48 159 11
48 162 266
48 164 251
48 167 163
48 169 133
48 170 86
48 177 156
48 178 301
48 182 319
48 183 273
48 186 217
48 187 24
48 189 172
48 193 127
48 198 141
49 52 291
49 54 191
49 55 288
49 56 167
49 57 91
49 58 83
49 65 168
49 67 235
49 69 258
49 72 186
49 73 159
49 79 320
49 80 88
49 83 275
49 86 105
49 87 21
49 90 85
49 91 235
49 100 128
49 107 66
49 108 109
49 113 8
49 116 281
49 119 32
49 122 33
49 125 196
49 127 186
49 132 118
49 133 7
49 135 259
49 137 62
49 140 22
49 141 24
49 145 288
49 146 133
49 149 210
49 150 293
49 151 208
49 152 200
49 153 34
49 155 1
49 157 205
49 159 291
49 160 7
49 162 42
49 164 230
49 165 107
49 166 191
49 168 222
49 169 185
49 170 48
49 171 40
49 172 35
49 173 177
49 174 220
49 177 111
49 178 133
49 180 4
49 182 48
49 183 133
49 184 300
49 187 288
49 188 305
49 192 97
49 194 214
49 197 161
49 198 209
49 200 122
50 52 251
50 53 155
50 54 203
50 59 126
50 60 241
50 64 317
50 65 129
50 68 68
50 70 34
50 76 215
50 77 26
50 80 126
50 82 214
50 83 289
50 85 95
50 87 208
50 88 158
50 99 207
50 107 15
50 109 42
50 111 185
50 112 126
50 114 286
50 127 258
50 130 111
50 132 36
50 133 90
50 134 34
50 137 76
50 138 312
50 141 145
50 142 69
50 144 136
50 147 144
50 149 294
50 151 251
50 153 146
50 156 167
50 157 233
50 163 151
50 164 187
50 166 171
50 168 49
50 174 242
50 175 175
50 180 201
50 181 176
50 182 29
50 188 205
50 189 255
50 190 301
50 193 25
50 194 287
50 195 320
50 196 117
50 198 108
50 199 162
51 54 204
51 55 164
51 56 312
51 58 229
51 59 132
51 63 41
51 65 99
51 66 214
51 70 145
51 71 247
51 73 311
51 76 222
51 77 39
51 80 214
51 82 44
51 87 26
51 88 246
51 89 253
51 91 118
51 92 260
51 95 102
51 96 246
51 98 287
51 100 253
51 103 12
51 105 236
51 110 33
51 118 252
51 119 239
51 124 63
51 129 178
51 131 57
51 136 150
51 145 51
51 146 168
51 147 224
51 150 98
51 152 42
51 154 238
51 155 257
51 158 288
51 168 145
51 171 15
51 172 110
51 176 175
51 182 281
51 185 74
51 186 112
51 188 273
51 189 298
51 190 245
51 191 52
51 194 143
51 195 3
51 196 6
51 197 212
52 53 82
52 58 99
52 60 120
52 61 125
52 62 78
52 65 272
52 66 130
52 67 166
52 68 118
52 72 179
52 74 145
52 75 245
52 76 212
52 81 103
52 85 32
52 86 181
52 87 76
52 89 8
52 91 317
52 94 306
52 96 225
52 98 228
52 99 250
52 100 5
52 101 134
52 102 182
52 104 225
52 109 101
52 111 310
52 115 3
52 118 91
52 119 279
52 125 255
52 126 96
52 128 164
52 132 303
52 137 276
52 141 76
52 143 306
52 148 17
52 149 225
52 153 67
52 156 281
52 157 167
52 162 317
52 164 117
52 166 24
52 167 106
52 168 252
52 169 184
52 175 285
52 176 152
52 178 61
52 183 124
52 185 297
52 187 189
52 188 121
52 191 281
52 192 58
52 195 109
52 197 193
53 55 67
53 58 311
53 60 63
53 63 165
53 68 213
53 69 303
53 72 140
53 79 244
53 82 266
53 84 311
53 85 233
53 86 168
53 87 76
53 89 195
53 93 210
53 96 154
53 97 79
53 101 65
53 108 242
53 113 76
53 114 223
53 115 2
53 118 10
53 119 246
53 122 124
53 125 281
53 126 299
53 128 56
53 129 172
53 130 5
53 132 139
53 133 252
53 135 66
53 138 165
53 139 125
53 141 74
53 146 169
53 152 166
53 157 20
53 159 64
53 160 58
53 162 253
53 163 34
53 164 85
53 165 43
53 166 120
53 167 150
53 168 6
53 170 242
53 173 73
53 175 241
53 176 12
53 180 281
53 181 102
53 182 71
53 185 175
53 192 16
53 193 34
53 194 43
53 195 254
54 60 101
54 66 84
54 67 300
54 68 205
54 78 226
54 80 174
54 84 73
54 87 173
54 92 102
54 93 286
54 100 192
54 104 16
54 106 38
54 108 145
54 109 140
54 111 61
54 113 269
54 114 68
54 115 102
54 119 224
54 127 221
54 128 185
54 133 186
54 134 69
54 135 307
54 136 119
54 137 142
54 138 127
54 141 180
54 143 223
54 146 134
54 150 296
54 151 33
54 153 9
54 159 115
54 160 61
54 161 86
54 162 43
54 163 232
54 164 176
54 166 219
54 167 40
54 168 241
54 169 293
54 171 294
54 174 277
54 175 308
54 177 236
54 185 41
54 187 320
54 189 86
54 191 13
54 192 189
54 198 305
55 57 190
55 58 172
55 59 177
55 60 257
55 64 295
55 68 151
55 71 95
55 75 47
55 80 48
55 83 276
55 84 79
55 85 304
55 86 3
55 87 27
55 90 170
55 91 168
55 93 119
55 96 148
55 97 171
55 98 94
55 100 25
55 102 89
55 109 212
55 110 106
55 111 223
55 112 11
55 113 228
55 114 269
55 118 98
55 122 287
55 124 231
55 128 242
55 132 114
55 133 303
55 135 253
55 144 51
55 150 152
55 151 74
55 167 205
55 169 70
55 170 35
55 172 93
55 174 284
55 177 269
55 180 290
55 184 33
55 188 113
55 189 277
55 191 155
55 193 179
55 194 172
55 196 224
55 198 268
55 200 247
56 58 121
56 59 71
56 64 296
56 67 202
56 74 98
56 75 190
56 76 112
56 78 5
56 85 107
56 87 166
56 89 309
56 92 277
56 93 134
56 95 130
56 99 2
56 104 308
56 108 65
56 114 76
56 116 184
56 117 293
56 118 199
56 119 283
56 121 105
56 122 246
56 124 212
56 128 137
56 132 26
56 133 22
56 135 83
56 137 105
56 138 194
56 143 2
56 144 22
56 154 27
56 156 222
56 158 236
56 161 93
56 166 19
56 167 251
56 178 7
56 181 143
56 182 188
56 183 171
56 188 18
56 189 5
56 190 276
56 192 290
56 200 96
57 58 251
57 61 68
57 67 88
57 69 199
57 70 50
57 72 35
57 75 274
57 76 180
57 77 132
57 82 123
57 83 198
57 84 112
57 86 150
57 89 116
57 92 147
57 95 241
57 96 235
57 97 184
57 101 105
57 102 308
57 105 319
57 109 188
57 118 106
57 122 69
57 123 233
57 124 139
57 126 162
57 127 15
57 130 137
57 133 153
57 134 168
57 140 224
57 141 316
57 144 7
57 145 226
57 147 185
57 148 236
57 151 304
57 155 93
57 157 61
57 158 14
57 160 136
57 163 235
57 167 271
57 169 93
57 170 93
57 171 273
57 175 156
57 179 77
57 181 16
57 185 193
57 188 66
57 190 156
57 191 73
57 192 99
57 194 225
57 195 25
57 196 215
57 197 63
58 59 66
58 62 97
58 63 170
58 65 18
58 76 3
58 77 33
58 78 283
58 80 220
58 83 251
58 84 270
58 86 108
58 87 243
58 90 72
58 91 20
58 94 317
58 96 78
58 98 209
58 99 244
58 100 224
58 101 310
58 106 262
58 109 14
58 113 63
58 118 70
58 128 287
58 129 204
58 137 152
58 139 106
58 140 132
58 142 152
58 145 215
58 148 136
58 150 118
58 152 232
58 161 30
58 162 224
58 165 208
58 171 19
58 174 203
58 175 213
58 176 66
58 183 190
58 185 57
58 188 5
58 189 80
58 191 276
58 192 261
58 193 134
58 194 294
58 195 200
58 196 48
58 197 72
58 200 68
59 60 9
59 62 67
59 66 303
59 70 127
59 72 35
59 74 71
59 77 115
59 78 57
59 81 69
59 82 215
59 83 156
59 85 14
59 86 55
59 91 316
59 95 308
59 96 193
59 97 94
59 104 5
59 107 304
59 114 124
59 115 316
59 117 222
59 118 86
59 119 217
59 123 264
59 125 6
59 129 209
59 130 229
59 132 100
59 135 169
59 138 32
59 139 118
59 141 256
59 142 163
59 146 313
59 153 106
59 154 174
59 156 100
59 159 235
59 162 102
59 163 197
59 166 266
59 167 40
59 169 8
59 170 143
59 172 187
59 173 204
59 174 273
59 177 259
59 183 20
59 184 271
59 185 92
59 187 36
59 191 237
59 194 96
59 195 6
59 198 237
60 63 304
60 68 229
60 69 63
60 70 113
60 73 242
60 74 89
60 75 194
60 76 135
60 78 206
60 80 305
60 81 188
60 85 245
60 87 38
60 91 78
60 96 287
60 98 236
60 99 133
60 100 8
60 101 285
60 102 293
60 106 108
60 111 124
60 112 277
60 113 171
60 114 144
60 119 202
60 121 55
60 123 96
60 125 223
60 127 213
60 128 62
60 133 58
60 135 79
60 136 156
60 137 245
60 142 242
60 144 184
60 148 262
60 150 259
60 151 303
60 153 303
60 155 295
60 156 80
60 157 84
60 161 12
60 162 151
60 166 79
60 167 201
60 168 145
60 171 311
60 174 151
60 180 185
60 181 158
60 185 170
60 186 124
60 189 72
60 190 202
60 195 4
60 200 15
61 62 90
61 63 122
61 64 114
61 65 155
61 69 242
61 72 152
61 74 269
61 76 1
61 81 307
61 90 202
61 91 273
61 93 1
61 96 118
61 99 130
61 100 172
61 101 66
61 102 278
61 104 148
61 106 308
61 107 279
61 108 24
61 109 174
61 113 158
61 114 235
61 115 129
61 118 277
61 126 252
61 128 88
61 129 3
61 132 297
61 135 26
61 137 75
61 140 32
61 141 70
61 143 235
61 145 69
61 147 214
61 148 312
61 150 148
61 151 107
61 152 246
61 155 254
61 157 173
61 158 228
61 161 45
61 162 111
61 165 109
61 167 258
61 175 141
61 177 26
61 178 272
61 179 279
61 180 142
61 181 185
61 182 246
61 183 229
61 185 22
61 186 80
61 188 11
61 190 61
61 193 32
61 194 63
61 195 204
61 197 170
61 198 90
61 199 188
61 200 301
62 63 84
62 65 32
62 69 252
62 70 303
62 73 205
62 75 83
62 77 206
62 79 129
62 81 78
62 82 127
62 85 169
62 86 150
62 88 22
62 90 135
62 91 51
62 94 245
62 97 301
62 101 122
62 104 24
62 105 163
62 106 5
62 107 69
62 111 153
62 115 314
62 117 191
62 119 101
62 124 254
62 125 82
62 126 18
62 127 163
62 132 7
62 133 163
62 137 120
62 138 140
62 139 53
62 141 199
62 142 64
62 148 154
62 150 179
62 152 2
62 155 179
62 160 30
62 161 10
62 162 280
62 165 82
62 166 142
62 169 222
62 171 116
62 178 38
62 179 51
62 184 61
62 185 56
62 188 15
62 189 42
62 190 297
62 192 254
62 193 17
62 195 201
63 66 255
63 72 162
63 74 200
63 75 117
63 80 17
63 81 187
63 82 179
63 83 192
63 85 303
63 90 277
63 92 181
63 98 17
63 99 195
63 119 55
63 124 120
63 129 31
63 130 17
63 133 103
63 134 56
63 140 316
63 143 116
63 145 159
63 147 182
63 148 301
63 152 82
63 154 2
63 156 138
63 158 172
63 159 246
63 160 314
63 166 134
63 169 162
63 171 34
63 173 275
63 176 219
63 184 212
63 185 107
63 186 15
63 189 165
63 191 111
63 192 238
63 194 83
63 196 228
63 198 293
63 200 100
64 65 211
64 70 167
64 75 266
64 76 209
64 88 16
64 89 229
64 90 174
64 91 200
64 93 33
64 99 218
64 100 62
64 101 74
64 102 155
64 106 309
64 110 318
64 113 26
64 114 79
64 117 148
64 118 250
64 119 162
64 122 48
64 124 314
64 125 153
64 128 320
64 134 276
64 136 89
64 138 181
64 142 112
64 148 135
64 149 240
64 150 167
64 154 123
64 156 169
64 158 97
64 159 309
64 160 255
64 161 263
64 162 30
64 163 173
64 165 30
64 167 129
64 168 52
64 171 186
64 174 256
64 177 133
64 181 233
64 182 20
64 185 113
64 187 254
64 190 216
64 193 314
64 194 146
64 195 110
65 69 103
65 71 237
65 72 271
65 75 1
65 80 227
65 81 167
65 85 216
65 86 295
65 92 203
65 93 162
65 94 208
65 95 292
65 96 78
65 103 221
65 105 305
65 107 18
65 110 207
65 112 252
65 114 252
65 115 172
65 125 265
65 126 244
65 128 276
65 129 227
65 132 301
65 133 24
65 135 179
65 136 294
65 137 63
65 146 145
65 147 156
65 148 115
65 149 176
65 152 316
65 153 267
65 155 284
65 156 258
65 157 256
65 158 286
65 163 267
65 165 95
65 166 272
65 168 203
65 169 301
65 172 97
65 174 274
65 176 82
65 186 192
65 188 299
65 192 294
65 194 101
65 198 271
65 200 164
66 67 13
66 68 171
66 73 209
66 76 214
66 77 161
66 78 115
66 79 301
66 80 277
66 81 227
66 83 300
66 87 102
66 88 205
66 92 143
66 96 39
66 98 249
66 100 5
66 102 154
66 103 287
66 104 235
66 105 113
66 108 72
66 110 41
66 111 319
66 112 169
66 114 107
66 116 168
66 123 126
66 128 206
66 129 82
66 130 267
66 133 130
66 135 2
66 136 271
66 139 258
66 140 292
66 141 316
66 143 226
66 144 319
66 147 126
66 150 294
66 154 151
66 155 270
66 158 9
66 159 89
66 162 292
66 163 167
66 166 245
66 167 137
66 168 107
66 170 221
66 175 87
66 177 218
66 178 83
66 182 4
66 183 161
66 185 236
66 186 242
66 188 184
66 190 120
66 191 114
66 192 94
66 194 279
66 195 204
66 196 62
66 197 295
66 198 238
66 199 148
67 68 146
67 72 291
67 73 228
67 74 47
67 77 217
67 78 133
67 81 305
67 84 50
67 85 20
67 87 266
67 90 236
67 93 157
67 94 289
67 96 188
67 97 182
67 98 119
67 100 263
67 104 216
67 108 28
67 113 187
67 114 303
67 116 300
67 118 168
67 126 171
67 130 34
67 131 318
67 132 21
67 135 165
67 137 136
67 138 63
67 140 167
67 141 244
67 142 42
67 148 171
67 149 240
67 150 170
67 153 53
67 154 100
67 160 207
67 163 14
67 165 222
67 166 92
67 172 263
67 174 9
67 176 176
67 178 243
67 179 160
67 180 201
67 181 235
67 182 233
67 183 214
67 186 137
67 193 69
67 194 19
67 195 237
68 74 215
68 75 20
68 76 96
68 78 34
68 82 317
68 84 101
68 92 195
68 95 166
68 96 203
68 97 19
68 103 84
68 107 310
68 108 301
68 109 57
68 110 207
68 113 102
68 116 148
68 118 228
68 120 37
68 121 34
68 122 8
68 124 241
68 125 236
68 127 224
68 129 160
68 130 205
68 131 231
68 132 255
68 133 90
68 135 22
68 140 200
68 145 31
68 153 205
68 155 18
68 157 160
68 159 163
68 161 166
68 166 268
68 171 242
68 173 219
68 177 201
68 178 67
68 181 282
68 182 209
68 187 51
68 189 238
68 192 172
68 198 237
69 73 53
69 74 18
69 76 250
69 78 318
69 79 148
69 82 65
69 83 120
69 85 34
69 89 21
69 92 182
69 93 99
69 96 113
69 97 65
69 99 316
69 100 125
69 101 239
69 102 258
69 105 59
69 106 178
69 108 62
69 110 284
69 111 204
69 114 83
69 117 172
69 120 180
69 123 194
69 124 279
69 126 38
69 127 41
69 128 312
69 130 248
69 135 18
69 136 104
69 142 160
69 146 280
69 148 4
69 149 189
69 151 230
69 153 274
69 154 133
69 159 197
69 163 179
69 164 17
69 166 226
69 167 264
69 170 193
69 173 68
69 175 275
69 178 61
69 179 160
69 181 13
69 183 164
69 186 139
69 191 191
69 193 124
69 195 277
69 197 82
69 199 155
69 200 206
70 81 33
70 82 24
70 89 296
70 95 232
70 97 198
70 100 279
70 102 193
70 103 187
70 105 209
70 106 240
70 110 217
70 113 253
70 119 2
70 125 156
70 126 222
70 128 35
70 133 104
70 134 314
70 141 25
70 143 294
70 144 313
70 149 266
70 150 21
70 151 23
70 152 217
70 153 38
70 157 103
70 158 193
70 162 27
70 172 120
70 174 25
70 175 186
70 176 25
70 181 195
70 183 304
70 185 252
70 193 76
70 197 62
70 200 310
71 73 312
71 76 111
71 77 285
71 78 290
71 79 60
71 82 156
71 84 284
71 85 105
71 86 139
71 89 254
71 91 225
71 95 6
71 97 286
71 102 115
71 103 214
71 106 123
71 109 123
71 114 54
71 115 129
71 116 267
71 117 28
71 119 305
71 122 42
71 123 168
71 127 208
71 131 174
71 135 158
71 137 267
71 139 239
71 141 78
71 144 308
71 149 195
71 150 53
71 152 249
71 156 233
71 159 174
71 160 193
71 161 233
71 169 227
71 171 48
71 173 151
71 180 183
71 181 124
71 183 11
71 185 108
71 187 231
71 188 229
71 191 165
71 192 297
71 198 50
72 78 69
72 81 272
72 82 110
72 83 84
72 84 261
72 87 67
72 88 122
72 89 225
72 92 113
72 93 250
72 95 287
72 96 309
72 99 215
72 100 144
72 101 109
72 103 291
72 106 181
72 109 18
72 110 161
72 111 230
72 116 304
72 120 160
72 121 64
72 123 48
72 125 212
72 127 259
72 128 37
72 131 260
72 135 134
72 136 240
72 137 202
72 143 45
72 144 147
72 145 125
72 146 107
72 148 2
72 151 245
72 155 297
72 163 159
72 172 276
72 174 165
72 178 14
72 181 90
72 183 51
72 185 49
72 186 17
72 187 224
72 189 243
72 190 15
72 192 127
72 193 219
72 194 245
72 196 236
72 197 315
73 76 277
73 80 263
73 82 190
73 88 148
73 90 124
73 91 167
73 95 46
73 98 69
73 102 222
73 104 216
73 109 59
73 110 161
73 113 217
73 119 49
73 123 229
73 124 109
73 125 232
73 130 221
73 131 204
73 133 235
73 134 224
73 142 79
73 143 69
73 144 207
73 145 246
73 147 287
73 148 297
73 153 290
73 154 157
73 155 226
73 156 202
73 157 296
73 158 320
73 160 308
73 165 237
73 167 103
73 174 315
73 181 130
73 182 151
73 185 289
73 186 90
73 189 75
73 192 69
73 196 108
73 199 53
74 78 11
74 79 278
74 83 119
74 84 154
74 89 32
74 91 254
74 94 125
74 102 304
74 103 148
74 104 22
74 105 129
74 107 173
74 108 187
74 109 220
74 111 92
74 115 10
74 117 251
74 120 307
74 123 199
74 124 313
74 125 264
74 126 216
74 127 86
74 129 271
74 134 144
74 135 160
74 140 89
74 141 226
74 143 253
74 144 263
74 145 259
74 148 268
74 150 133
74 153 204
74 154 202
74 156 125
74 158 98
74 159 168
74 169 29
74 171 180
74 175 193
74 176 19
74 179 7
74 184 306
74 187 133
74 188 201
74 193 9
74 195 24
74 200 36
75 78 300
75 83 30
75 87 209
75 93 254
75 94 154
75 97 315
75 98 126
75 100 99
75 103 268
75 104 64
75 110 178
75 111 111
75 118 310
75 122 100
75 123 249
75 124 207
75 129 242
75 135 252
75 136 273
75 138 170
75 141 208
75 142 146
75 147 154
75 153 315
75 155 234
75 158 76
75 159 198
75 160 99
75 161 128
75 162 234
75 163 319
75 164 246
75 171 224
75 172 155
75 173 13
75 176 201
75 179 96
75 182 27
75 188 220
75 192 34
75 193 26
75 200 310
76 77 57
76 79 220
76 81 228
76 82 229
76 93 121
76 95 204
76 97 288
76 99 197
76 100 187
76 101 116
76 103 115
76 104 284
76 105 275
76 108 212
76 109 51
76 111 99
76 112 68
76 113 37
76 114 35
76 116 280
76 119 312
76 121 42
76 124 160
76 125 61
76 129 10
76 130 127
76 133 87
76 135 223
76 136 119
76 140 181
76 143 251
76 144 276
76 145 47
76 155 75
76 156 20
76 157 256
76 158 195
76 160 90
76 162 291
76 164 225
76 169 53
76 170 269
76 178 149
76 179 70
76 180 200
76 182 67
76 184 56
76 185 253
76 187 319
76 190 271
76 191 44
76 193 67
76 194 263
76 198 87
77 78 228
77 83 194
77 86 303
77 91 207
77 94 236
77 97 129
77 100 83
77 106 146
77 107 212
77 109 217
77 110 161
77 111 223
77 112 97
77 118 179
77 120 35
77 122 244
77 124 22
77 125 59
77 126 190
77 130 281
77 131 115
77 133 149
77 134 40
77 137 294
77 138 112
77 141 148
77 142 128
77 143 278
77 145 158
77 146 198
77 150 313
77 151 266
77 152 155
77 154 187
77 157 151
77 158 192
77 159 23
77 160 74
77 161 286
77 163 12
77 164 199
77 165 285
77 168 291
77 171 108
77 172 33
77 176 195
77 177 14
77 181 76
77 182 146
77 183 289
77 185 186
77 193 264
77 195 267
77 198 20
77 199 191
78 79 92
78 81 229
78 82 69
78 87 9
78 90 161
78 92 60
78 93 129
78 94 46
78 95 252
78 98 67
78 100 176
78 105 276
78 106 290
78 108 181
78 112 187
78 114 272
78 116 41
78 119 290
78 124 310
78 125 141
78 126 144
78 129 174
78 133 63
78 135 245
78 139 180
78 146 290
78 147 282
78 148 320
78 149 311
78 150 287
78 151 147
78 153 284
78 155 272
78 156 315
78 157 87
78 160 297
78 167 265
78 170 246
78 172 106
78 178 201
78 179 309
78 180 221
78 182 93
78 193 79
78 196 52
78 199 318
79 81 85
79 84 37
79 85 91
79 86 254
79 87 195
79 89 89
79 93 25
79 94 65
79 95 121
79 97 193
79 98 28
79 100 12
79 101 310
79 102 317
79 103 157
79 104 303
79 105 296
79 107 220
79 108 91
79 109 213
79 111 50
79 113 120
79 114 167
79 117 307
79 118 241
79 119 93
79 122 42
79 123 215
79 124 266
79 126 18
79 127 126
79 128 192
79 130 314
79 133 220
79 134 241
79 135 153
79 136 240
79 138 257
79 139 57
79 140 143
79 141 83
79 145 167
79 146 251
79 147 58
79 148 80
79 149 258
79 150 74
79 155 102
79 160 249
79 161 14
79 162 196
79 165 294
79 169 276
79 171 146
79 173 210
79 175 211
79 177 232
79 178 174
79 179 160
79 181 54
79 190 62
79 191 34
79 192 62
79 193 178
79 195 258
79 199 304
80 85 39
80 87 16
80 88 260
80 94 13
80 96 183
80 97 8
80 98 29
80 100 109
80 101 234
80 103 141
80 104 166
80 112 67
80 113 248
80 115 143
80 117 179
80 121 63
80 122 267
80 123 54
80 125 248
80 127 138
80 129 294
80 130 11
80 131 204
80 133 314
80 136 158
80 137 92
80 139 244
80 140 297
80 143 164
80 146 227
80 147 166
80 148 153
80 149 320
80 150 2
80 152 117
80 155 148
80 158 153
80 162 85
80 170 136
80 171 310
80 175 103
80 176 160
80 178 184
80 180 174
80 182 281
80 185 18
80 186 198
80 191 304
80 193 219
80 194 5
80 195 11
80 196 240
80 200 139
81 82 276
81 83 244
81 86 274
81 88 93
81 89 40
81 93 313
81 95 296
81 96 103
81 97 207
81 98 311
81 100 206
81 101 222
81 104 83
81 105 98
81 106 295
81 107 238
81 108 319
81 109 277
81 112 11
81 113 180
81 115 64
81 122 292
81 125 28
81 127 24
81 129 97
81 131 194
81 136 18
81 137 136
81 140 148
81 142 1
81 143 43
81 144 200
81 148 189
81 149 32
81 151 220
81 154 34
81 155 302
81 156 218
81 158 242
81 165 182
81 167 244
81 176 49
81 179 154
81 185 304
81 186 135
81 187 148
81 189 95
81 191 37
81 192 66
81 195 120
81 200 184
82 83 163
82 84 214
82 90 54
82 92 259
82 94 185
82 98 44
82 100 180
82 101 216
82 103 182
82 104 6
82 108 177
82 111 130
82 113 273
82 115 230
82 119 268
82 120 207
82 124 222
82 129 166
82 131 66
82 135 227
82 146 295
82 147 9
82 150 106
82 153 146
82 156 91
82 157 4
82 159 279
82 160 125
82 162 74
82 163 168
82 168 265
82 178 82
82 184 146
82 186 177
82 187 214
82 188 284
82 189 131
82 191 165
82 192 230
82 193 119
82 196 2
82 200 315
83 84 41
83 87 43
83 90 54
83 92 247
83 94 147
83 97 312
83 99 219
83 102 317
83 103 63
83 107 113
83 109 254
83 111 99
83 113 66
83 114 285
83 115 98
83 117 295
83 118 22
83 120 261
83 125 251
83 126 153
83 132 182
83 133 100
83 135 205
83 138 297
83 139 152
83 141 124
83 142 248
83 147 70
83 150 54
83 152 314
83 153 19
83 158 217
83 160 233
83 161 67
83 162 128
83 163 143
83 168 101
83 169 252
83 170 255
83 173 27
83 176 274
83 181 150
83 183 162
83 184 118
83 186 82
83 190 243
83 191 18
83 200 73
84 86 184
84 87 220
84 91 87
84 95 106
84 96 160
84 98 134
84 99 229
84 100 206
84 101 146
84 105 11
84 107 309
84 108 259
84 114 305
84 116 20
84 119 202
84 122 44
84 123 128
84 131 50
84 134 130
84 135 39
84 139 225
84 140 287
84 141 74
84 142 128
84 144 116
84 145 220
84 146 308
84 152 207
84 154 289
84 155 30
84 159 219
84 160 200
84 161 89
84 164 316
84 165 108
84 168 117
84 170 105
84 171 103
84 173 89
84 174 43
84 176 149
84 177 71
84 182 56
84 183 79
84 184 204
84 185 49
84 186 200
84 195 213
84 198 256
84 200 257
85 86 35
85 95 39
85 98 16
85 99 130
85 102 89
85 103 206
85 108 127
85 111 121
85 112 158
85 113 167
85 117 186
85 119 34
85 120 244
85 128 26
85 136 18
85 138 150
85 140 41
85 146 318
85 155 100
85 157 39
85 158 179
85 160 132
85 161 271
85 162 76
85 165 184
85 170 264
85 175 285
85 176 298
85 177 167
85 180 244
85 181 142
85 184 301
85 185 134
85 187 111
85 192 290
85 193 251
85 194 73
85 197 320
85 198 61
86 87 272
86 91 54
86 92 100
86 93 103
86 97 147
86 99 238
86 100 50
86 105 176
86 106 280
86 107 140
86 111 7
86 113 254
86 116 286
86 117 146
86 119 47
86 121 74
86 123 100
86 125 269
86 127 309
86 128 115
86 130 113
86 131 225
86 132 14
86 134 73
86 137 8
86 138 221
86 139 35
86 142 107
86 143 254
86 144 5
86 146 284
86 148 275
86 149 121
86 154 4
86 162 200
86 163 198
86 164 41
86 167 160
86 172 154
86 173 226
86 176 241
86 180 108
86 181 97
86 185 263
86 189 277
86 192 7
86 198 125
86 199 199
87 91 198
87 94 217
87 97 286
87 99 275
87 101 82
87 102 104
87 104 252
87 105 107
87 108 184
87 110 309
87 113 39
87 117 174
87 119 221
87 120 234
87 124 178
87 125 145
87 130 50
87 131 167
87 132 223
87 136 260
87 138 120
87 139 186
87 148 150
87 151 305
87 153 23
87 154 222
87 162 65
87 170 220
87 173 116
87 174 192
87 178 24
87 181 165
87 184 303
87 185 22
87 186 34
87 188 123
87 189 52
87 196 139
87 197 5
87 198 51
87 199 263
87 200 242
88 89 249
88 91 293
88 92 267
88 99 187
88 100 213
88 105 10
88 106 168
88 107 135
88 108 230
88 116 128
88 120 38
88 122 313
88 124 227
88 125 138
88 126 26
88 130 261
88 132 223
88 133 126
88 134 15
88 135 240
88 138 238
88 142 100
88 144 257
88 147 110
88 150 311
88 151 3
88 153 160
88 157 288
88 166 182
88 167 134
88 169 301
88 171 110
88 172 272
88 173 15
88 177 76
88 178 75
88 181 235
88 185 200
88 191 176
88 193 167
88 195 313
88 200 228
89 97 101
89 98 312
89 103 67
89 104 100
89 106 100
89 107 123
89 110 159
89 112 24
89 113 256
89 117 295
89 121 80
89 123 173
89 124 161
89 125 68
89 126 206
89 131 114
89 132 56
89 133 135
89 134 56
89 135 34
89 136 244
89 137 299
89 139 252
89 140 77
89 145 43
89 147 241
89 148 12
89 149 163
89 151 250
89 152 314
89 156 277
89 157 255
89 158 254
89 161 286
89 162 148
89 163 292
89 164 138
89 165 231
89 172 97
89 174 103
89 179 33
89 180 174
89 181 267
89 182 63
89 184 214
89 187 92
89 191 227
89 195 80
89 196 35
90 93 95
90 97 13
90 99 21
90 105 189
90 107 65
90 108 144
90 110 282
90 114 287
90 119 106
90 122 141
90 131 318
90 132 218
90 135 278
90 136 251
90 138 79
90 140 249
90 141 240
90 143 202
90 145 299
90 146 258
90 147 2
90 149 31
90 152 287
90 153 16
90 154 295
90 155 31
90 156 171
90 159 20
90 160 135
90 161 312
90 169 53
90 171 208
90 174 30
90 178 53
90 179 20
90 180 318
90 181 32
90 184 280
90 190 145
90 192 250
90 194 109
90 200 80
91 98 71
91 104 110
91 106 90
91 109 320
91 113 100
91 116 123
91 121 305
91 123 314
91 124 229
91 125 312
91 129 15
91 130 299
91 131 253
91 138 234
91 142 252
91 144 71
91 146 246
91 149 78
91 154 315
91 155 247
91 156 209
91 158 137
91 161 214
91 163 62
91 165 29
91 167 206
91 172 152
91 173 185
91 175 230
91 178 90
91 180 1
91 181 219
91 184 279
91 190 12
91 195 237
91 196 60
91 197 271
91 198 36
92 95 95
92 98 33
92 101 268
92 105 177
92 106 132
92 112 125
92 114 87
92 116 37
92 120 284
92 121 118
92 125 152
92 126 83
92 130 180
92 131 82
92 132 190
92 146 174
92 150 246
92 152 61
92 153 31
92 157 150
92 165 29
92 166 311
92 168 156
92 170 297
92 176 19
92 177 168
92 178 288
92 179 113
92 185 112
92 186 50
92 187 168
92 188 302
92 191 114
92 194 291
92 195 273
92 196 291
92 199 73
93 99 289
93 100 122
93 107 278
93 108 302
93 112 37
93 117 39
93 124 166
93 127 171
93 128 157
93 130 212
93 136 56
93 142 200
93 143 317
93 146 218
93 149 160
93 150 235
93 151 254
93 152 259
93 155 283
93 156 208
93 158 53
93 159 283
93 161 167
93 167 147
93 170 211
93 174 208
93 176 43
93 177 65
93 178 293
93 180 298
93 181 197
93 182 199
93 183 247
93 184 245
93 185 43
93 188 274
93 190 80
93 194 90
93 195 279
93 199 284
94 95 254
94 98 153
94 99 213
94 104 121
94 109 36
94 110 95
94 116 187
94 119 273
94 120 47
94 121 229
94 122 17
94 123 109
94 127 17
94 129 54
94 132 223
94 134 19
94 135 135
94 139 231
94 141 179
94 142 69
94 147 19
94 150 194
94 153 292
94 157 307
94 161 62
94 164 302
94 165 71
94 166 111
94 168 40
94 169 26
94 170 224
94 174 241
94 178 179
94 180 304
94 183 249
94 184 10
94 186 70
94 194 9
94 195 98
94 196 317
94 198 195
94 200 151
95 101 298
95 103 8
95 106 13
95 107 58
95 108 29
95 109 20
95 112 316
95 113 20
95 114 184
95 118 45
95 122 154
95 124 260
95 127 311
95 129 248
95 134 190
95 142 301
95 144 49
95 146 197
95 150 28
95 153 163
95 157 55
95 158 148
95 160 19
95 161 154
95 162 229
95 166 193
95 168 85
95 169 173
95 171 284
95 174 235
95 176 130
95 177 161
95 179 278
95 180 105
95 184 16
95 186 228
95 188 207
95 190 261
95 191 128
95 194 199
95 197 137
95 200 285
96 99 232
96 101 196
96 102 86
96 107 189
96 110 152
96 115 214
96 116 265
96 117 240
96 118 150
96 119 109
96 121 5
96 122 292
96 126 21
96 127 70
96 130 134
96 132 28
96 133 292
96 134 287
96 136 285
96 144 95
96 145 257
96 147 263
96 152 117
96 154 312
96 156 16
96 159 242
96 163 114
96 164 29
96 168 53
96 169 130
96 170 193
96 171 163
96 173 302
96 174 268
96 176 103
96 179 28
96 180 69
96 192 298
96 194 194
96 195 313
96 196 217
96 198 160
96 200 238
97 98 131
97 99 54
97 103 105
97 107 77
97 109 309
97 110 241
97 111 101
97 115 284
97 118 299
97 124 115
97 126 265
97 127 200
97 133 239
97 137 226
97 142 269
97 143 105
97 145 15
97 146 227
97 148 9
97 150 33
97 153 76
97 155 152
97 159 4
97 160 182
97 164 80
97 166 174
97 167 208
97 168 31
97 169 7
97 173 212
97 174 149
97 178 39
97 180 260
97 181 163
97 182 250
97 183 91
97 184 149
97 185 23
97 187 156
97 188 33
97 190 125
97 196 257
97 200 275
98 101 187
98 115 274
98 117 195
98 119 316
98 120 87
98 121 134
98 123 138
98 125 297
98 126 280
98 131 227
98 134 110
98 138 12
98 141 78
98 142 220
98 143 219
98 146 241
98 147 178
98 152 61
98 157 303
98 160 23
98 163 145
98 165 253
98 166 246
98 168 98
98 171 248
98 175 66
98 176 299
98 177 38
98 179 31
98 180 210
98 183 74
98 185 123
98 187 172
98 188 177
98 191 4
98 196 91
98 200 278
99 101 315
99 104 8
99 107 310
99 109 215
99 112 235
99 114 222
99 115 315
99 116 252
99 117 7
99 118 247
99 119 56
99 120 294
99 122 302
99 126 138
99 134 87
99 137 62
99 138 82
99 140 115
99 141 3
99 143 107
99 146 43
99 147 171
99 148 130
99 149 206
99 151 267
99 153 84
99 156 305
99 160 20
99 162 88
99 164 19
99 165 77
99 167 276
99 169 303
99 170 103
99 171 292
99 173 117
99 174 10
99 175 223
99 176 139
99 177 145
99 179 243
99 180 196
99 183 248
99 184 24
99 186 268
99 190 192
99 192 313
99 197 263
99 198 108
99 200 59
100 103 106
100 104 109
100 105 310
100 106 311
100 111 235
100 112 73
100 113 80
100 121 50
100 122 318
100 123 266
100 127 268
100 129 210
100 130 254
100 131 83
100 135 284
100 137 81
100 138 320
100 139 260
100 141 47
100 144 176
100 146 107
100 151 194
100 156 319
100 159 99
100 171 113
100 176 87
100 181 260
100 183 112
100 185 263
100 188 210
100 189 248
100 196 5
100 197 256
101 102 252
101 104 234
101 106 74
101 109 285
101 111 17
101 113 162
101 115 281
101 118 44
101 126 275
101 127 37
101 130 73
101 132 152
101 134 38
101 135 35
101 137 152
101 138 24
101 142 178
101 146 193
101 147 113
101 148 298
101 149 168
101 155 124
101 156 305
101 157 286
101 161 60
101 163 5
101 164 47
101 165 254
101 167 221
101 173 158
101 178 128
101 179 18
101 183 23
101 185 119
101 186 296
101 188 202
101 194 306
101 197 62
101 198 3
102 103 83
102 104 3
102 105 6
102 106 218
102 114 148
102 116 10
102 117 192
102 118 104
102 123 298
102 124 43
102 125 144
102 128 152
102 129 288
102 134 45
102 141 126
102 142 123
102 143 167
102 150 167
102 151 213
102 152 298
102 158 249
102 159 112
102 163 4
102 164 94
102 165 56
102 167 152
102 169 270
102 170 149
102 171 262
102 172 231
102 175 204
102 176 54
102 177 271
102 178 159
102 181 183
102 194 149
102 197 115
103 107 97
103 110 263
103 117 10
103 118 85
103 119 99
103 120 277
103 121 285
103 125 73
103 126 191
103 132 247
103 135 46
103 136 148
103 137 235
103 140 157
103 143 308
103 145 150
103 148 53
103 151 82
103 154 184
103 161 277
103 163 196
103 165 79
103 167 250
103 168 139
103 169 21
103 170 111
103 173 203
103 175 164
103 177 214
103 178 95
103 179 230
103 181 100
103 185 30
103 192 171
103 193 253
103 194 165
103 197 16
104 105 18
104 106 320
104 111 315
104 112 33
104 115 290
104 116 198
104 117 96
104 122 22
104 125 59
104 128 90
104 129 18
104 131 308
104 132 54
104 135 59
104 136 258
104 137 279
104 140 79
104 141 5
104 143 319
104 144 45
104 145 291
104 146 259
104 147 273
104 148 85
104 150 75
104 151 92
104 156 49
104 157 170
104 159 80
104 161 92
104 162 246
104 169 275
104 170 106
104 175 1
104 183 3
104 185 242
104 188 31
104 190 189
104 191 219
104 193 111
104 194 295
104 198 117
104 199 212
104 200 279
105 110 274
105 112 317
105 113 18
105 119 96
105 121 282
105 123 240
105 126 255
105 128 268
105 130 232
105 132 289
105 136 75
105 142 135
105 143 92
105 144 128
105 149 224
105 151 25
105 152 314
105 153 317
105 157 120
105 161 173
105 162 283
105 165 118
105 167 120
105 168 287
105 173 48
105 174 235
105 175 122
105 183 136
105 189 114
105 191 299
105 192 241
105 194 291
105 196 110
105 197 74
105 198 298
105 199 60
106 107 64
106 112 34
106 113 128
106 114 252
106 116 35
106 117 249
106 119 109
106 121 280
106 122 310
106 123 60
106 124 244
106 126 93
106 129 177
106 131 62
106 135 62
106 136 211
106 137 126
106 138 212
106 140 60
106 144 131
106 147 320
106 148 286
106 150 171
106 151 305
106 152 306
106 155 81
106 156 301
106 159 5
106 160 109
106 162 251
106 165 35
106 166 23
106 167 285
106 171 141
106 175 176
106 176 179
106 181 229
106 183 316
106 187 239
106 192 209
106 193 127
106 194 74
106 195 79
106 199 319
107 109 79
107 110 233
107 111 118
107 112 127
107 113 285
107 114 88
107 115 249
107 117 211
107 121 227
107 122 319
107 123 18
107 125 286
107 126 206
107 127 268
107 128 86
107 130 72
107 132 239
107 133 268
107 134 88
107 144 237
107 145 100
107 146 240
107 147 151
107 148 35
107 149 246
107 150 161
107 161 2
107 165 20
107 166 21
107 168 40
107 169 174
107 174 304
107 175 276
107 179 284
107 180 11
107 183 163
107 186 69
107 188 117
107 192 280
107 194 272
107 195 237
107 196 301
107 198 193
107 200 219
108 111 217
108 112 63
108 115 168
108 116 193
108 118 313
108 119 318
108 125 26
108 126 224
108 128 34
108 136 211
108 138 197
108 139 298
108 144 294
108 145 125
108 147 105
108 150 118
108 151 207
108 152 40
108 155 304
108 157 148
108 158 120
108 160 98
108 164 183
108 167 315
108 171 78
108 172 215
108 177 73
108 181 3
108 185 75
108 186 144
108 187 284
108 190 52
108 192 92
108 196 57
108 200 234
109 111 139
109 113 183
109 114 239
109 119 216
109 120 125
109 122 158
109 124 86
109 126 113
109 127 291
109 129 84
109 134 190
109 137 122
109 138 63
109 143 68
109 148 1
109 149 291
109 153 198
109 154 296
109 155 131
109 158 307
109 159 86
109 160 94
109 161 222
109 163 92
109 167 101
109 168 215
109 171 185
109 173 108
109 175 157
109 192 170
109 196 275
109 197 202
109 199 57
110 117 28
110 126 178
110 129 309
110 134 242
110 135 106
110 137 313
110 138 263
110 140 263
110 143 263
110 144 253
110 145 102
110 146 200
110 147 310
110 150 179
110 155 178
110 159 217
110 161 138
110 162 242
110 168 248
110 169 300
110 171 124
110 178 277
110 180 33
110 182 224
110 184 268
110 186 6
110 187 201
110 188 211
110 189 110
110 190 206
110 193 316
110 194 12
110 195 82
110 196 232
110 197 35
110 199 307
111 114 178
111 116 236
111 119 81
111 120 262
111 122 235
111 126 255
111 130 287
111 133 316
111 135 235
111 138 290
111 142 165
111 143 165
111 148 303
111 151 173
111 153 260
111 158 268
111 159 179
111 160 54
111 161 122
111 164 128
111 165 99
111 166 190
111 167 73
111 168 206
111 171 137
111 172 154
111 173 120
111 174 240
111 177 73
111 180 281
111 183 318
111 185 69
111 186 29
111 190 129
111 191 260
111 193 293
111 195 291
111 196 239
111 198 122
111 199 279
112 114 19
112 118 202
112 120 3
112 122 288
112 124 44
112 126 4
112 127 319
112 133 151
112 135 278
112 138 269
112 142 161
112 147 8
112 153 66
112 154 120
112 158 272
112 159 132
112 164 77
112 166 64
112 168 300
112 172 275
112 173 116
112 174 140
112 176 168
112 177 150
112 179 309
112 182 286
112 183 105
112 186 188
112 189 278
112 193 82
112 194 307
112 197 218
112 198 210
112 199 148
112 200 141
113 114 154
113 115 306
113 117 312
113 118 181
113 122 298
113 123 68
113 126 185
113 128 16
113 130 129
113 132 116
113 133 244
113 135 265
113 136 171
113 142 26
113 145 42
113 146 247
113 147 135
113 149 127
113 151 185
113 154 4
113 157 119
113 168 310
113 170 86
113 173 291
113 175 289
113 177 178
113 179 113
113 182 127
113 184 262
113 186 139
113 187 34
113 189 268
113 197 64
113 199 213
114 115 274
114 116 276
114 120 193
114 123 6
114 124 272
114 126 28
114 127 51
114 131 150
114 132 190
114 134 100
114 136 261
114 142 308
114 146 267
114 147 145
114 148 111
114 149 247
114 151 251
114 155 76
114 157 138
114 159 201
114 160 245
114 161 181
114 162 224
114 163 110
114 166 189
114 167 147
114 170 271
114 172 217
114 173 199
114 176 304
114 183 171
114 185 157
114 186 220
114 189 247
114 192 124
114 193 315
114 196 211
114 200 102
115 116 86
115 117 227
115 119 52
115 120 40
115 124 148
115 125 237
115 126 274
115 127 185
115 128 21
115 131 167
115 132 48
115 133 189
115 139 41
115 140 42
115 141 127
115 144 90
115 147 29
115 151 302
115 152 153
115 157 80
115 159 208
115 162 110
115 163 290
115 164 200
115 165 277
115 166 205
115 168 127
115 174 54
115 175 125
115 181 99
115 185 96
115 186 14
115 187 276
115 190 122
115 191 129
115 193 43
115 194 129
115 197 88
115 198 138
115 199 38
116 117 47
116 119 182
116 124 71
116 126 233
116 128 167
116 132 60
116 136 88
116 141 186
116 142 112
116 143 30
116 144 14
116 145 4
116 146 210
116 150 53
116 152 258
116 153 18
116 154 84
116 156 123
116 157 166
116 158 271
116 160 241
116 161 90
116 162 97
116 163 128
116 169 76
116 176 294
116 178 122
116 180 144
116 182 135
116 186 308
116 187 164
116 191 174
116 192 225
116 197 265
117 119 30
117 125 98
117 126 211
117 127 108
117 131 240
117 133 171
117 136 125
117 143 228
117 144 74
117 147 15
117 151 217
117 152 52
117 162 176
117 163 286
117 164 314
117 167 70
117 170 42
117 171 49
117 174 226
117 176 312
117 178 269
117 179 56
117 180 211
117 181 105
117 182 87
117 184 37
117 185 265
117 190 167
117 196 234
117 198 72
117 200 237
118 120 4
118 123 66
118 129 50
118 131 209
118 133 248
118 136 95
118 137 265
118 138 141
118 142 208
118 146 233
118 153 254
118 154 212
118 155 110
118 158 173
118 161 199
118 164 242
118 165 230
118 168 242
118 169 181
118 171 21
118 175 198
118 176 112
118 185 239
118 187 199
118 188 237
118 189 173
118 192 1
118 195 72
118 196 195
118 200 4
119 123 45
119 124 50
119 128 29
119 131 183
119 135 76
119 138 19
119 144 76
119 147 34
119 148 87
119 149 137
119 151 227
119 153 269
119 156 274
119 157 104
119 159 151
119 160 165
119 163 237
119 164 140
119 168 132
119 170 188
119 176 273
119 177 177
119 179 232
119 180 282
119 181 30
119 186 205
119 188 130
119 191 159
119 192 235
119 195 132
119 196 260
119 198 199
120 121 28
120 122 75
120 124 141
120 125 119
120 127 136
120 128 2
120 130 8
120 134 61
120 137 94
120 138 317
120 153 133
120 155 155
120 156 135
120 160 210
120 163 156
120 164 149
120 166 168
120 168 168
120 171 153
120 173 181
120 174 136
120 175 202
120 179 240
120 180 289
120 182 241
120 184 314
120 195 105
120 196 241
121 123 112
121 125 113
121 127 197
121 128 1
121 129 281
121 130 55
121 131 256
121 138 212
121 140 52
121 142 52
121 144 317
121 145 283
121 146 82
121 147 76
121 151 147
121 155 122
121 157 180
121 159 43
121 161 20
121 163 197
121 164 221
121 172 167
121 174 92
121 177 318
121 180 258
121 189 301
121 194 92
121 195 285
121 196 55
121 197 48
122 127 140
122 129 109
122 130 286
122 131 208
122 132 300
122 134 5
122 135 257
122 136 222
122 140 173
122 141 314
122 144 133
122 153 56
122 155 226
122 158 76
122 160 316
122 162 102
122 163 74
122 165 89
122 167 290
122 169 9
122 171 13
122 173 262
122 175 180
122 176 16
122 178 233
122 179 215
122 180 267
122 186 268
122 187 235
122 188 312
122 189 133
122 191 12
122 193 14
122 198 108
123 127 316
123 131 57
123 133 83
123 136 19
123 137 215
123 144 198
123 146 49
123 148 319
123 149 45
123 151 249
123 159 225
123 162 290
123 163 121
123 166 9
123 170 142
123 172 243
123 176 262
123 178 276
123 179 40
123 184 290
123 185 83
123 186 8
123 187 284
123 189 222
123 190 95
123 195 88
123 197 227
123 199 19
123 200 67
124 126 258
124 127 235
124 128 288
124 133 82
124 138 200
124 139 90
124 142 26
124 145 248
124 147 130
124 148 209
124 153 284
124 157 291
124 158 147
124 159 185
124 161 59
124 162 86
124 163 18
124 164 182
124 167 270
124 170 30
124 171 115
124 172 128
124 177 160
124 180 156
124 181 191
124 183 66
124 184 138
124 189 300
124 192 110
124 193 275
124 196 281
124 199 249
125 126 75
125 129 148
125 132 264
125 134 289
125 136 62
125 137 36
125 142 130
125 143 32
125 144 316
125 145 142
125 146 305
125 147 30
125 150 44
125 155 11
125 157 4
125 159 19
125 160 306
125 162 218
125 163 312
125 165 101
125 168 63
125 170 243
125 174 296
125 175 254
125 178 17
125 181 265
125 183 247
125 186 110
125 187 237
125 188 156
125 191 175
125 195 156
125 197 1
125 199 119
125 200 223
126 129 14
126 130 175
126 131 212
126 138 303
126 142 128
126 143 306
126 145 11
126 148 182
126 149 58
126 150 174
126 151 261
126 154 197
126 157 55
126 159 33
126 160 184
126 167 298
126 170 240
126 175 250
126 176 197
126 178 300
126 180 108
126 183 27
126 186 45
126 191 308
126 193 122
126 195 157
126 196 298
126 198 91
127 137 97
127 138 243
127 139 17
127 142 63
127 144 139
127 149 231
127 151 46
127 152 94
127 153 101
127 157 224
127 161 173
127 164 319
127 165 229
127 166 200
127 167 231
127 168 135
127 171 217
127 176 270
127 180 144
127 183 95
127 184 61
127 185 248
127 186 67
127 188 142
127 189 1
127 190 311
127 193 106
127 194 272
127 198 248
128 133 319
128 135 109
128 137 296
128 141 144
128 143 101
128 144 156
128 152 43
128 159 86
128 160 315
128 161 42
128 162 275
128 163 45
128 166 314
128 170 221
128 171 283
128 172 212
128 175 257
128 179 98
128 187 29
128 193 29
128 195 300
128 196 307
128 197 102
128 198 90
129 132 260
129 135 232
129 138 203
129 139 123
129 142 187
129 145 238
129 147 145
129 152 199
129 160 285
129 161 309
129 164 292
129 167 292
129 171 11
129 174 51
129 176 281
129 182 119
129 186 125
129 187 256
129 188 26
129 190 308
129 191 36
129 192 251
129 193 207
130 132 203
130 134 54
130 137 228
130 143 35
130 144 266
130 147 292
130 151 69
130 155 281
130 156 247
130 157 89
130 160 91
130 162 253
130 163 314
130 165 233
130 167 48
130 173 218
130 180 255
130 184 4
130 185 298
130 188 302
130 190 135
130 191 95
130 193 190
130 195 274
130 199 303
131 132 301
131 134 73
131 135 34
131 136 214
131 140 316
131 145 179
131 150 305
131 154 230
131 158 109
131 160 146
131 161 293
131 166 310
131 169 178
131 170 61
131 172 178
131 173 111
131 174 43
131 175 38
131 178 275
131 179 97
131 181 114
131 186 148
131 188 147
131 190 169
131 191 76
131 194 94
131 197 181
131 200 4
132 136 226
132 139 148
132 140 286
132 151 34
132 152 173
132 154 212
132 155 176
132 157 194
132 164 308
132 170 239
132 172 115
132 174 50
132 175 156
132 177 56
132 179 254
132 180 303
132 181 173
132 185 166
132 189 250
132 193 133
132 194 35
133 135 227
133 137 42
133 138 130
133 139 122
133 140 201
133 143 143
133 145 35
133 146 279
133 149 4
133 150 241
133 155 291
133 158 85
133 159 143
133 161 239
133 164 12
133 165 244
133 169 196
133 171 19
133 180 184
133 186 225
133 187 231
133 189 191
133 191 48
133 192 264
133 193 133
133 199 216
134 136 296
134 138 50
134 139 17
134 140 245
134 141 4
134 143 93
134 148 102
134 149 88
134 150 6
134 153 257
134 156 71
134 157 121
134 158 140
134 160 255
134 162 256
134 165 76
134 167 107
134 168 101
134 170 264
134 174 229
134 178 147
134 179 49
134 183 11
134 184 298
134 189 184
134 190 61
134 194 90
134 195 209
134 197 287
134 198 312
134 200 232
135 140 268
135 143 263
135 144 320
135 145 23
135 153 129
135 154 248
135 158 229
135 161 276
135 165 214
135 169 140
135 174 69
135 178 208
135 180 259
135 184 10
135 187 213
135 188 123
135 193 164
135 195 48
135 196 112
135 197 21
135 200 78
136 139 29
136 144 53
136 146 156
136 149 125
136 152 274
136 154 173
136 155 261
136 160 296
136 162 234
136 164 272
136 165 153
136 166 287
136 168 102
136 169 272
136 170 280
136 174 227
136 176 85
136 182 98
136 183 288
136 184 286
136 189 268
136 198 167
136 199 262
136 200 292
137 139 74
137 140 87
137 143 220
137 144 11
137 145 159
137 146 269
137 147 41
137 150 85
137 168 262
137 169 298
137 170 131
137 171 188
137 175 118
137 176 122
137 177 229
137 181 29
137 182 183
137 184 46
137 189 137
137 190 291
137 191 170
137 195 32
137 196 176
137 198 3
138 139 70
138 141 227
138 143 51
138 144 30
138 147 90
138 152 164
138 153 302
138 158 238
138 161 194
138 163 283
138 165 18
138 166 81
138 167 236
138 170 59
138 172 78
138 173 268
138 174 202
138 175 38
138 179 258
138 186 264
138 187 158
138 188 74
138 190 278
138 194 78
138 195 196
138 199 308
138 200 235
139 141 129
139 142 150
139 145 248
139 146 98
139 149 142
139 152 192
139 153 229
139 154 197
139 155 316
139 159 134
139 163 106
139 164 250
139 166 308
139 167 62
139 170 152
139 173 70
139 176 205
139 177 259
139 179 129
139 181 214
139 185 213
139 188 177
139 190 126
139 194 195
139 195 61
139 199 281
140 143 255
140 145 64
140 152 66
140 153 83
140 157 137
140 161 50
140 162 255
140 172 266
140 173 86
140 175 214
140 180 134
140 182 246
140 184 63
140 185 132
140 187 46
140 188 193
140 191 170
140 193 172
140 196 36
141 143 213
141 144 124
141 146 202
141 148 130
141 152 312
141 155 205
141 156 278
141 158 15
141 159 15
141 165 190
141 169 130
141 175 134
141 177 315
141 180 320
141 184 248
141 186 109
141 188 18
141 192 234
141 193 50
141 196 235
141 198 106
141 199 233
142 145 252
142 147 244
142 152 93
142 154 255
142 159 234
142 160 38
142 161 86
142 162 187
142 166 165
142 168 45
142 169 258
142 170 265
142 171 146
142 172 218
142 175 213
142 179 166
142 180 310
142 185 27
142 191 270
142 195 11
143 145 167
143 146 243
143 148 222
143 151 302
143 161 294
143 162 296
143 164 182
143 174 60
143 175 36
143 178 283
143 179 148
143 183 17
143 184 71
143 185 118
143 186 122
143 188 319
143 189 101
143 192 265
143 194 270
143 195 118
143 198 310
143 199 108
144 146 38
144 149 28
144 150 7
144 151 53
144 156 113
144 161 251
144 162 199
144 168 213
144 173 107
144 178 301
144 179 137
144 181 82
144 182 186
144 183 199
144 185 203
144 190 24
144 192 22
144 197 283
144 200 265
145 146 158
145 151 127
145 154 3
145 158 57
145 162 247
145 163 52
145 164 141
145 165 7
145 166 160
145 168 214
145 169 92
145 171 15
145 172 49
145 175 107
145 176 180
145 177 219
145 179 201
145 182 223
145 183 257
145 184 37
145 186 60
145 188 248
145 189 246
145 191 42
145 192 271
145 193 116
145 194 195
145 195 72
145 197 74
145 200 314
146 147 310
146 150 119
146 153 108
146 154 41
146 160 181
146 161 19
146 162 66
146 164 185
146 166 160
146 167 192
146 168 220
146 171 78
146 172 247
146 173 186
146 175 95
146 178 239
146 179 30
146 180 273
146 187 318
146 189 246
146 191 176
146 195 182
147 149 162
147 150 16
147 152 146
147 157 115
147 163 116
147 167 156
147 168 262
147 170 76
147 171 139
147 172 281
147 175 66
147 176 199
147 178 69
147 179 103
147 181 125
147 182 105
147 183 118
147 184 5
147 185 38
147 190 276
147 191 282
147 192 81
147 198 83
147 200 200
148 151 252
148 152 310
148 153 103
148 154 60
148 157 233
148 158 30
148 159 213
148 163 150
148 166 22
148 167 94
148 168 180
148 172 251
148 173 93
148 176 270
148 177 66
148 178 43
148 182 210
148 185 194
148 187 211
148 188 192
148 191 181
148 192 314
148 193 164
148 196 38
148 197 215
148 198 320
148 199 242
149 154 129
149 156 8
149 160 59
149 167 195
149 168 302
149 169 215
149 171 176
149 172 67
149 173 237
149 182 152
149 191 258
149 193 65
149 194 10
149 195 211
149 197 92
149 198 191
149 199 13
150 154 144
150 156 97
150 158 228
150 168 157
150 174 34
150 175 259
150 177 74
150 179 308
150 180 213
150 181 90
150 182 139
150 183 267
150 185 168
150 186 240
150 187 97
150 190 133
150 192 70
150 193 187
150 194 300
150 199 102
151 153 139
151 156 280
151 161 111
151 166 236
151 168 128
151 170 135
151 174 107
151 176 320
151 177 83
151 178 126
151 179 240
151 180 179
151 185 274
151 186 287
151 189 214
151 191 250
151 193 295
151 194 223
151 199 211
151 200 124
152 155 150
152 159 19
152 164 60
152 166 7
152 167 108
152 168 287
152 172 274
152 174 97
152 179 106
152 184 219
152 188 46
152 191 214
152 193 141
152 194 100
152 200 201
153 156 299
153 160 53
153 166 119
153 168 162
153 170 255
153 173 31
153 180 87
153 184 42
153 188 204
153 191 34
153 193 297
153 194 159
153 197 233
154 156 122
154 157 36
154 158 180
154 159 235
154 160 109
154 164 32
154 168 19
154 171 170
154 173 267
154 175 260
154 177 89
154 178 3
154 179 23
154 183 185
154 190 86
154 191 191
154 200 312
155 156 91
155 157 237
155 159 95
155 160 237
155 166 206
155 167 305
155 168 173
155 173 115
155 175 3
155 176 47
155 177 320
155 179 291
155 181 77
155 184 57
155 187 160
155 194 131
155 198 264
155 200 84
156 157 203
156 159 289
156 160 293
156 161 190
156 162 2
156 163 35
156 164 103
156 167 79
156 169 118
156 170 274
156 171 26
156 174 268
156 183 145
156 185 59
156 187 81
156 193 109
156 196 83
156 198 1
156 199 73
156 200 264
157 161 190
157 163 191
157 169 125
157 171 265
157 173 248
157 176 28
157 179 320
157 180 226
157 182 63
157 183 54
157 185 200
157 186 72
157 188 99
157 191 161
157 192 1
157 193 87
157 196 215
157 200 138
158 162 199
158 163 146
158 164 146
158 166 16
158 173 291
158 174 310
158 177 54
158 178 297
158 180 142
158 182 158
158 183 128
158 185 201
158 188 9
158 189 121
158 190 22
158 192 45
158 194 286
158 197 219
158 198 228
159 162 130
159 167 17
159 168 223
159 179 34
159 180 298
159 181 244
159 183 106
159 185 262
159 189 9
159 190 67
159 194 305
159 195 148
159 196 153
159 197 55
159 200 191
160 163 146
160 165 184
160 166 171
160 169 152
160 170 53
160 171 137
160 176 152
160 177 306
160 179 98
160 181 231
160 183 28
160 186 285
160 188 101
160 193 157
160 197 238
160 198 271
161 164 303
161 166 191
161 173 184
161 174 195
161 175 308
161 176 175
161 177 263
161 179 3
161 180 116
161 181 264
161 185 76
161 186 283
161 187 175
161 188 287
161 192 248
161 195 219
161 196 98
161 197 266
161 200 237
162 163 183
162 164 98
162 168 57
162 170 143
162 172 85
162 177 266
162 178 199
162 179 305
162 181 77
162 182 315
162 186 85
162 198 272
162 199 112
162 200 18
163 168 168
163 172 185
163 175 297
163 179 201
163 180 90
163 183 160
163 186 303
163 190 45
163 191 170
163 192 289
163 195 283
163 196 106
163 197 93
163 198 227
163 199 215
163 200 13
164 165 179
164 169 258
164 170 202
164 171 168
164 173 110
164 176 319
164 177 110
164 185 13
164 187 38
164 188 148
164 189 261
164 190 257
164 193 156
164 194 40
164 195 118
164 199 276
165 166 161
165 168 282
165 172 57
165 174 192
165 178 20
165 179 52
165 182 168
165 183 290
165 185 23
165 190 78
165 193 66
165 194 193
165 200 42
166 167 253
166 168 115
166 171 56
166 172 29
166 175 293
166 178 71
166 181 176
166 183 251
166 184 70
166 185 69
166 186 231
166 189 160
166 190 233
166 191 76
166 194 296
166 195 211
166 196 299
166 198 101
166 200 57
167 171 79
167 173 8
167 174 302
167 175 138
167 176 125
167 178 83
167 179 269
167 187 169
167 188 238
167 195 137
167 200 75
168 170 189
168 171 213
168 174 116
168 182 95
168 184 309
168 185 191
168 187 94
168 188 20
168 189 19
168 190 136
168 193 171
168 195 60
169 170 233
169 171 42
169 172 316
169 174 275
169 176 191
169 178 289
169 181 95
169 182 135
169 183 260
169 187 156
169 193 317
169 194 155
169 195 64
169 197 45
169 198 65
169 199 152
170 176 133
170 179 211
170 181 51
170 183 303
170 184 90
170 191 245
170 194 120
170 197 304
171 176 183
171 178 307
171 179 231
171 180 22
171 181 179
171 189 101
171 190 238
171 192 114
171 198 42
172 177 244
172 179 72
172 180 20
172 182 199
172 185 202
172 186 110
172 190 9
172 198 2
173 175 308
173 176 17
173 182 236
173 183 162
173 184 70
173 185 221
173 191 118
173 192 271
173 196 149
173 197 116
173 199 62
173 200 28
174 175 134
174 177 193
174 181 216
174 182 58
174 185 78
174 186 13
174 188 48
174 189 211
174 190 134
174 196 88
175 176 257
175 179 197
175 181 207
175 184 81
175 185 153
175 190 296
175 191 250
175 192 189
175 193 51
175 194 187
175 196 111
175 197 281
175 198 101
176 179 319
176 183 110
176 185 64
176 186 185
176 187 170
176 188 195
176 189 294
176 191 208
176 192 156
176 195 13
176 197 216
176 200 265
177 180 213
177 183 47
177 187 196
177 188 186
177 190 58
177 192 63
177 194 69
177 195 60
177 196 168
177 197 161
178 180 104
178 182 61
178 184 41
178 186 134
178 190 1
178 193 127
178 194 29
178 196 179
178 197 26
178 198 170
178 199 215
178 200 46
179 181 277
179 183 206
179 185 315
179 186 193
179 187 11
179 189 224
179 198 231
179 199 236
179 200 248
180 183 277
180 185 61
180 187 13
180 189 59
180 192 161
180 195 29
181 182 284
181 183 91
181 185 134
181 186 33
181 187 162
181 189 157
181 192 248
181 197 50
182 183 292
182 184 125
182 185 88
182 186 159
182 194 117
182 195 237
182 197 273
182 198 52
182 200 305
183 185 117
183 188 288
183 190 243
183 191 122
183 198 50
183 199 309
183 200 315
184 187 234
184 190 282
184 193 103
184 195 185
184 197 33
184 200 191
185 186 122
185 187 96
185 199 96
186 187 131
186 189 20
186 193 232
186 196 216
186 199 62
187 190 205
187 193 177
187 199 182
188 190 137
188 193 131
188 194 89
188 196 154
188 200 235
189 190 107
189 192 285
189 194 50
189 197 163
189 200 169
190 192 300
190 197 97
191 192 226
191 199 212
192 193 162
192 194 35
192 195 224
192 199 194
192 200 41
193 198 178
193 200 184
194 195 7
194 198 118
194 199 123
194 200 94
195 196 136
196 197 70
196 198 311
196 200 317
197 199 301
198 200 30
