200 3942
1 4 182
1 10 231
1 16 293
1 23 115
1 26 202
1 28 96
1 56 223
1 58 10
1 71 114
1 73 20
1 76 155
1 82 154
1 86 159
1 90 27
1 95 198
1 96 99
1 97 94
1 100 313
1 104 312
1 111 10
1 116 207
1 119 239
1 120 155
1 126 39
1 128 245
1 130 226
1 134 37
1 145 75
1 146 268
1 147 49
1 152 6
1 154 292
1 156 180
1 161 114
1 162 167
1 169 65
1 173 84
1 176 291
1 179 208
1 181 89
1 185 14
1 195 172
1 200 320
2 19 299
2 21 33
2 37 150
2 42 161
2 45 165
2 56 251
2 76 82
2 77 74
2 85 89
2 99 139
2 102 38
2 104 23
2 117 185
2 128 8
2 129 175
2 134 57
2 135 196
2 136 3
2 140 319
2 141 42
2 143 197
2 149 188
2 152 316
2 157 210
2 161 51
2 171 244
2 181 105
2 183 155
2 188 168
2 189 249
2 190 184
2 193 4
2 194 304
2 200 14
3 5 75
3 6 18
3 13 21
3 24 152
3 27 66
3 33 210
3 35 311
3 41 122
3 43 279
3 45 318
3 55 25
3 56 202
3 62 1
3 69 305
3 70 90
3 71 147
3 72 320
3 74 14
3 77 73
3 82 113
3 88 279
3 90 49
3 93 20
3 98 242
3 109 211
3 110 214
3 111 110
3 112 83
3 116 120
3 118 98
3 127 284
3 135 14
3 139 19
3 143 265
3 149 226
3 150 82
3 155 302
3 157 280
3 163 35
3 165 49
3 171 151
3 175 258
3 177 263
3 180 3
3 182 143
3 190 220
3 196 19
4 5 213
4 8 153
4 9 129
4 11 243
4 21 165
4 22 199
4 28 157
4 31 143
4 35 213
4 38 158
4 39 174
4 42 117
4 43 177
4 52 11
4 59 302
4 60 80
4 62 106
4 69 114
4 75 188
4 79 140
4 85 303
4 91 145
4 92 104
4 104 60
4 107 144
4 114 95
4 115 72
4 119 96
4 121 90
4 127 213
4 137 252
4 147 317
4 153 243
4 159 55
4 164 167
4 166 293
4 167 270
4 168 230
4 172 160
4 174 32
4 177 72
4 178 170
4 181 315
4 182 181
4 191 203
4 199 271
4 200 106
5 7 183
5 9 57
5 22 41
5 49 240
5 53 135
5 57 258
5 59 97
5 60 107
5 68 156
5 77 317
5 90 231
5 92 313
5 95 7
5 101 187
5 111 305
5 122 27
5 126 40
5 131 63
5 134 244
5 135 298
5 136 298
5 144 279
5 152 310
5 157 221
5 164 204
5 174 30
5 181 249
5 198 268
5 199 303
6 8 219
6 11 251
6 27 192
6 29 37
6 30 191
6 50 118
6 52 178
6 56 231
6 71 111
6 75 169
6 78 19
6 83 215
6 93 41
6 98 211
6 109 183
6 115 144
6 120 305
6 132 193
6 133 265
6 135 9
6 143 117
6 150 275
6 159 206
6 160 39
6 161 292
6 167 312
6 174 203
6 176 215
6 184 258
6 188 124
6 190 76
6 194 31
6 195 117
6 199 172
7 10 152
7 14 219
7 16 126
7 28 140
7 34 20
7 35 130
7 64 211
7 73 87
7 84 315
7 96 145
7 98 157
7 103 171
7 107 80
7 120 56
7 132 216
7 138 176
7 143 122
7 144 276
7 147 39
7 149 69
7 152 278
7 158 133
7 162 144
7 165 227
7 167 159
7 168 285
7 172 308
7 173 122
7 175 21
7 180 18
7 184 247
7 192 81
8 13 42
8 20 110
8 23 174
8 29 261
8 32 145
8 50 50
8 57 214
8 60 214
8 61 251
8 64 270
8 65 3
8 69 278
8 85 304
8 87 150
8 89 48
8 106 125
8 108 7
8 109 156
8 110 91
8 114 199
8 120 82
8 123 129
8 138 225
8 140 154
8 149 261
8 158 122
8 160 206
8 162 316
8 164 83
8 165 274
8 167 70
8 169 153
8 173 49
8 182 221
8 185 5
8 187 177
8 196 243
8 197 187
9 10 146
9 18 58
9 23 256
9 27 152
9 35 216
9 38 127
9 42 303
9 51 163
9 56 181
9 64 270
9 66 135
9 73 165
9 80 170
9 81 253
9 83 3
9 85 65
9 86 119
9 90 226
9 101 313
9 104 151
9 106 191
9 118 319
9 122 274
9 123 170
9 139 223
9 157 53
9 167 233
9 169 213
9 172 288
9 175 53
9 178 175
9 180 293
9 183 101
9 184 184
9 190 88
9 197 115
10 16 1
10 24 171
10 28 44
10 31 146
10 35 307
10 37 3
10 39 150
10 42 48
10 44 279
10 50 175
10 57 101
10 59 69
10 74 227
10 75 190
10 76 165
10 78 142
10 85 16
10 87 316
10 92 287
10 93 74
10 96 219
10 109 152
10 111 258
10 118 276
10 121 177
10 122 69
10 124 173
10 129 317
10 132 147
10 143 272
10 150 270
10 156 256
10 157 171
10 168 167
10 169 7
10 171 56
10 174 304
10 175 150
10 184 234
10 190 281
10 191 232
10 194 130
10 197 300
10 198 249
11 15 309
11 26 33
11 32 98
11 34 112
11 37 16
11 41 155
11 43 288
11 44 116
11 46 44
11 47 237
11 53 204
11 72 161
11 79 262
11 80 207
11 85 77
11 100 219
11 102 184
11 109 249
11 110 286
11 111 208
11 125 62
11 128 74
11 129 143
11 130 248
11 131 243
11 138 165
11 140 205
11 142 64
11 146 217
11 148 250
11 149 101
11 156 210
11 166 136
11 176 100
11 177 81
11 181 32
11 183 90
11 189 196
12 14 300
12 15 163
12 27 62
12 39 301
12 43 235
12 45 2
12 48 255
12 50 54
12 56 241
12 57 307
12 61 41
12 64 228
12 73 4
12 75 158
12 79 240
12 80 249
12 84 127
12 87 237
12 88 96
12 94 85
12 95 261
12 99 197
12 104 189
12 105 21
12 116 128
12 118 203
12 119 151
12 123 76
12 136 110
12 146 272
12 149 49
12 156 234
12 166 16
12 169 17
12 177 176
12 180 186
12 182 314
12 185 20
12 191 227
12 200 249
13 14 56
13 15 240
13 19 72
13 23 219
13 30 73
13 34 53
13 35 300
13 37 64
13 42 10
13 55 231
13 56 86
13 63 62
13 69 120
13 71 190
13 73 123
13 74 197
13 75 192
13 82 119
13 85 50
13 88 8
13 93 134
13 98 138
13 104 142
13 105 240
13 106 229
13 116 119
13 123 305
13 124 28
13 125 219
13 126 317
13 137 184
13 143 68
13 152 67
13 153 263
13 155 31
13 156 208
13 170 246
13 176 96
13 177 120
13 185 29
13 186 251
13 188 25
13 195 209
13 197 284
14 15 53
14 19 296
14 20 16
14 24 290
14 25 161
14 29 122
14 31 286
14 38 147
14 39 192
14 41 56
14 42 101
14 46 275
14 71 6
14 73 104
14 85 61
14 92 187
14 94 57
14 106 244
14 110 303
14 112 24
14 115 37
14 120 188
14 123 18
14 129 48
14 131 99
14 135 235
14 140 250
14 142 7
14 145 154
14 146 193
14 151 255
14 153 105
14 157 243
14 158 104
14 174 40
14 191 192
14 193 269
14 198 203
14 200 285
15 22 15
15 26 123
15 29 96
15 31 73
15 32 24
15 34 128
15 35 182
15 38 185
15 45 31
15 48 38
15 56 308
15 64 35
15 67 184
15 71 37
15 73 15
15 77 147
15 82 202
15 84 61
15 102 119
15 119 133
15 123 80
15 126 130
15 131 287
15 139 148
15 141 245
15 143 312
15 144 145
15 155 247
15 166 80
15 168 250
15 170 58
15 175 262
15 188 96
15 199 125
16 25 132
16 32 300
16 38 189
16 39 258
16 44 293
16 49 99
16 56 292
16 59 145
16 64 239
16 67 73
16 70 117
16 74 157
16 92 234
16 105 50
16 107 42
16 111 114
16 124 316
16 145 290
16 147 17
16 148 245
16 149 37
16 151 320
16 154 26
16 158 245
16 161 230
16 163 30
16 167 285
16 176 312
16 179 283
16 181 177
16 188 4
16 192 314
16 194 18
17 18 293
17 40 94
17 43 191
17 44 190
17 46 4
17 49 311
17 56 285
17 57 111
17 67 304
17 76 14
17 82 27
17 85 224
17 91 211
17 95 244
17 98 139
17 103 165
17 104 198
17 105 283
17 133 181
17 139 79
17 148 237
17 157 178
17 160 160
17 162 197
17 166 43
17 169 208
17 173 184
17 177 133
17 188 247
17 193 289
17 194 289
17 200 285
18 19 47
18 26 148
18 29 189
18 35 224
18 36 104
18 47 201
18 51 188
18 55 244
18 57 96
18 68 87
18 72 180
18 87 242
18 88 259
18 90 267
18 94 234
18 102 46
18 104 18
18 105 33
18 108 129
18 111 104
18 115 225
18 126 246
18 135 268
18 136 61
18 147 228
18 152 266
18 154 201
18 158 84
18 159 232
18 163 186
18 166 47
18 167 248
18 171 296
18 177 232
18 179 28
18 180 111
18 185 6
18 187 205
18 188 185
18 192 186
18 194 281
18 197 90
18 199 117
19 22 258
19 30 214
19 37 264
19 44 277
19 54 142
19 74 231
19 76 253
19 77 307
19 78 84
19 86 277
19 89 314
19 91 96
19 97 39
19 101 62
19 103 46
19 114 184
19 117 44
19 126 169
19 129 161
19 130 319
19 132 80
19 146 247
19 151 152
19 152 302
19 170 13
19 181 279
19 182 315
19 200 40
20 21 32
20 31 320
20 43 318
20 55 228
20 56 208
20 61 9
20 63 9
20 68 5
20 71 288
20 78 182
20 83 54
20 95 70
20 117 192
20 118 251
20 119 252
20 120 284
20 131 109
20 133 61
20 135 271
20 137 95
20 141 144
20 148 296
20 149 66
20 156 176
20 161 251
20 162 129
20 163 94
20 166 6
20 167 38
20 168 78
20 169 91
20 170 27
20 173 220
20 178 82
20 180 139
20 194 214
21 24 228
21 25 6
21 26 40
21 29 72
21 30 63
21 31 189
21 35 283
21 36 237
21 47 99
21 58 94
21 61 164
21 72 228
21 74 145
21 79 105
21 85 267
21 94 52
21 96 276
21 101 210
21 117 1
21 119 46
21 125 163
21 132 99
21 133 129
21 134 148
21 135 241
21 137 319
21 141 177
21 145 149
21 146 77
21 148 49
21 150 92
21 152 7
21 153 294
21 174 191
21 178 146
21 182 239
21 193 106
21 198 292
22 27 299
22 28 21
22 36 133
22 43 266
22 45 118
22 48 274
22 51 278
22 59 129
22 60 303
22 65 32
22 70 165
22 71 83
22 73 31
22 79 2
22 83 210
22 87 232
22 88 226
22 89 309
22 93 41
22 94 217
22 99 85
22 102 105
22 117 223
22 129 230
22 134 34
22 136 312
22 149 171
22 150 230
22 155 110
22 157 37
22 168 210
22 169 58
22 170 47
22 175 240
22 184 109
22 190 277
22 193 260
22 198 219
23 24 280
23 35 164
23 43 194
23 45 212
23 46 83
23 56 86
23 59 121
23 63 263
23 64 86
23 77 13
23 78 58
23 80 201
23 88 139
23 90 282
23 93 256
23 96 143
23 98 8
23 99 126
23 108 79
23 110 267
23 111 89
23 119 258
23 122 245
23 124 65
23 126 107
23 130 31
23 131 259
23 137 169
23 142 67
23 143 194
23 144 1
23 150 300
23 162 97
23 166 180
23 169 5
23 171 304
23 175 178
23 182 12
23 184 303
23 186 96
23 187 247
23 197 122
23 198 227
24 26 10
24 34 14
24 36 232
24 40 14
24 44 5
24 45 55
24 46 240
24 47 314
24 49 141
24 52 32
24 54 231
24 60 5
24 62 288
24 64 264
24 65 104
24 68 119
24 70 234
24 75 40
24 76 262
24 83 31
24 90 226
24 103 103
24 104 129
24 105 182
24 110 78
24 115 193
24 139 318
24 152 41
24 155 283
24 156 280
24 173 157
24 178 100
24 182 130
24 183 198
24 187 238
24 191 89
24 194 71
24 196 138
24 200 163
25 35 290
25 42 99
25 44 86
25 48 174
25 52 183
25 62 163
25 69 286
25 71 244
25 73 46
25 82 213
25 93 158
25 103 30
25 116 282
25 121 55
25 130 247
25 131 130
25 132 23
25 134 270
25 138 147
25 160 309
25 161 242
25 165 237
25 175 185
25 177 188
25 187 146
25 189 47
25 192 261
26 30 280
26 36 274
26 38 132
26 45 117
26 46 227
26 49 238
26 52 97
26 55 18
26 57 52
26 58 238
26 64 27
26 67 103
26 68 79
26 72 4
26 78 147
26 86 73
26 87 300
26 89 175
26 97 218
26 99 236
26 101 96
26 110 208
26 112 10
26 113 181
26 128 232
26 133 209
26 134 128
26 140 225
26 143 194
26 154 217
26 162 171
26 165 184
26 168 277
26 171 306
26 177 132
26 184 291
26 189 92
27 30 317
27 42 29
27 44 134
27 48 228
27 53 157
27 56 241
27 58 156
27 61 212
27 62 165
27 70 46
27 79 221
27 86 180
27 104 271
27 106 229
27 116 115
27 118 18
27 122 85
27 127 247
27 131 151
27 135 167
27 148 38
27 154 22
27 168 29
27 169 172
27 172 55
27 179 114
27 182 204
28 35 158
28 52 320
28 55 64
28 61 202
28 63 59
28 68 184
28 73 222
28 74 266
28 75 150
28 77 296
28 78 260
28 79 59
28 89 104
28 90 244
28 101 130
28 109 12
28 128 26
28 141 175
28 142 190
28 146 135
28 148 169
28 151 134
28 157 31
28 160 297
28 163 82
28 165 48
28 169 188
28 175 129
28 188 142
28 192 299
28 193 24
28 198 55
29 31 82
29 33 280
29 35 301
29 41 47
29 50 272
29 70 6
29 80 63
29 94 263
29 101 80
29 106 70
29 108 79
29 121 209
29 122 74
29 126 291
29 135 136
29 143 63
29 144 149
29 149 72
29 156 15
29 161 84
29 162 13
29 176 193
29 177 39
29 183 24
29 189 36
29 190 216
30 33 114
30 54 126
30 60 51
30 67 34
30 69 201
30 70 90
30 79 65
30 83 317
30 87 191
30 91 40
30 106 114
30 109 165
30 110 242
30 114 254
30 133 20
30 139 242
30 146 97
30 157 141
30 166 72
30 168 297
30 177 237
30 179 138
30 184 28
30 189 13
30 190 134
30 195 61
30 197 194
31 34 47
31 44 214
31 47 273
31 50 97
31 63 19
31 65 147
31 68 185
31 69 253
31 73 231
31 78 188
31 92 136
31 95 108
31 104 31
31 108 303
31 109 184
31 113 56
31 137 205
31 140 291
31 141 256
31 143 107
31 145 32
31 146 293
31 149 66
31 150 11
31 152 309
31 159 95
31 170 12
31 172 247
31 179 284
31 192 36
31 193 43
31 194 209
32 41 259
32 44 136
32 45 257
32 46 126
32 51 141
32 58 159
32 65 103
32 69 174
32 75 86
32 82 168
32 86 1
32 87 209
32 88 292
32 90 128
32 93 309
32 97 7
32 99 53
32 101 312
32 102 231
32 105 284
32 108 248
32 111 191
32 118 173
32 120 197
32 130 202
32 131 241
32 134 208
32 141 39
32 150 149
32 159 22
32 162 167
32 164 52
32 167 274
32 177 14
32 179 224
32 182 237
32 186 183
32 188 241
32 189 254
32 194 69
33 35 2
33 42 175
33 60 59
33 61 225
33 62 100
33 63 25
33 67 260
33 73 120
33 82 71
33 90 259
33 92 52
33 95 207
33 106 153
33 109 219
33 116 104
33 126 313
33 133 165
33 144 319
33 153 268
33 154 179
33 157 30
33 159 18
33 163 181
33 169 55
33 174 97
33 196 289
34 37 310
34 43 48
34 44 223
34 48 297
34 52 46
34 57 27
34 58 39
34 70 51
34 73 109
34 80 306
34 83 103
34 92 317
34 102 244
34 108 204
34 110 174
34 111 51
34 139 149
34 140 252
34 143 104
34 144 219
34 148 206
34 155 146
34 158 71
34 162 32
34 163 28
34 170 86
34 172 114
34 177 237
34 179 252
34 185 167
34 186 82
34 188 126
34 189 138
34 191 144
34 192 3
34 196 308
34 197 122
35 38 154
35 39 294
35 43 171
35 44 267
35 48 147
35 52 112
35 53 76
35 59 41
35 65 188
35 66 52
35 67 44
35 71 112
35 72 214
35 73 228
35 83 171
35 84 131
35 85 218
35 87 106
35 93 238
35 99 304
35 100 279
35 106 215
35 114 170
35 115 103
35 127 171
35 129 49
35 142 183
35 143 2
35 145 312
35 150 264
35 157 90
35 162 12
35 164 180
35 167 245
35 169 269
35 174 301
35 190 66
35 196 162
36 38 270
36 41 186
36 42 80
36 45 102
36 51 307
36 56 229
36 59 183
36 63 117
36 71 286
36 82 5
36 98 280
36 99 58
36 104 263
36 106 99
36 109 14
36 110 212
36 122 125
36 125 175
36 135 11
36 137 39
36 140 113
36 151 13
36 155 222
36 158 210
36 168 158
36 174 75
36 196 89
37 38 249
37 43 65
37 44 103
37 47 241
37 55 90
37 57 299
37 59 240
37 73 234
37 80 278
37 84 118
37 91 18
37 94 256
37 97 187
37 99 109
37 106 161
37 112 53
37 113 247
37 114 2
37 116 12
37 121 267
37 125 279
37 126 242
37 135 301
37 156 86
37 159 166
37 162 85
37 166 231
37 170 51
37 171 250
37 173 230
37 174 205
37 178 170
37 181 36
37 182 43
37 187 189
37 193 70
37 196 183
37 200 155
38 42 282
38 44 103
38 65 48
38 66 177
38 69 29
38 76 317
38 86 19
38 101 245
38 107 187
38 110 246
38 112 297
38 117 183
38 118 47
38 121 203
38 152 262
38 155 101
38 157 174
38 160 66
38 164 139
38 178 44
38 181 105
38 191 187
38 197 252
39 42 215
39 43 247
39 53 133
39 54 29
39 64 143
39 65 105
39 69 22
39 70 3
39 71 45
39 73 280
39 77 191
39 78 199
39 79 256
39 85 46
39 86 39
39 96 296
39 99 292
39 103 79
39 106 230
39 110 222
39 117 237
39 118 231
39 121 74
39 123 7
39 125 60
39 127 143
39 137 96
39 149 22
39 150 7
39 167 312
39 169 30
39 176 100
39 179 115
39 182 265
39 185 313
39 186 4
39 187 129
39 188 58
39 191 11
39 199 57
40 42 174
40 55 273
40 57 166
40 60 147
40 64 157
40 66 146
40 68 221
40 71 264
40 73 113
40 89 51
40 94 236
40 100 263
40 106 204
40 107 5
40 114 157
40 125 208
40 126 191
40 127 89
40 137 49
40 155 224
40 158 180
40 162 222
40 173 193
40 174 296
40 189 244
40 193 109
40 199 213
41 42 104
41 48 36
41 60 108
41 62 275
41 72 52
41 73 115
41 81 117
41 82 49
41 85 299
41 97 115
41 99 267
41 100 63
41 110 294
41 125 214
41 126 124
41 132 87
41 140 66
41 141 141
41 145 98
41 151 303
41 153 266
41 154 113
41 156 115
41 158 148
41 170 239
41 173 85
41 184 312
41 186 54
41 200 236
42 50 191
42 53 239
42 54 243
42 65 78
42 66 286
42 69 99
42 75 165
42 78 1
42 82 83
42 89 70
42 92 226
42 93 260
42 101 30
42 107 185
42 111 79
42 112 100
42 114 53
42 117 74
42 125 168
42 126 30
42 129 294
42 131 133
42 140 184
42 145 57
42 153 112
42 158 284
42 166 85
42 167 106
42 175 169
42 179 258
42 181 279
42 195 223
42 198 294
42 199 316
43 55 145
43 68 320
43 69 106
43 70 234
43 74 262
43 83 118
43 99 7
43 101 135
43 104 283
43 146 145
43 170 147
43 186 68
43 190 207
43 192 60
43 194 50
43 196 82
43 197 287
43 198 99
44 49 262
44 55 169
44 57 269
44 64 196
44 66 205
44 71 74
44 72 15
44 73 278
44 76 214
44 79 44
44 81 60
44 82 20
44 90 95
44 93 283
44 96 173
44 99 166
44 109 2
44 111 111
44 113 255
44 130 282
44 131 167
44 132 128
44 133 215
44 136 100
44 137 223
44 149 9
44 151 316
44 152 57
44 154 11
44 158 255
44 159 86
44 165 139
44 171 20
44 175 227
44 182 216
44 188 109
44 189 95
44 191 197
45 50 80
45 53 267
45 61 141
45 68 12
45 69 130
45 73 179
45 74 57
45 75 281
45 87 74
45 94 273
45 104 111
45 117 91
45 125 197
45 127 97
45 131 258
45 134 179
45 135 304
45 142 216
45 153 301
45 158 318
45 165 255
45 166 58
45 170 185
45 178 9
45 182 149
45 192 251
45 200 20
46 51 24
46 52 240
46 55 197
46 57 242
46 63 293
46 64 183
46 69 103
46 70 281
46 75 205
46 76 230
46 81 201
46 84 174
46 96 208
46 99 34
46 101 228
46 112 53
46 114 206
46 118 32
46 133 86
46 134 168
46 146 181
46 152 57
46 157 255
46 172 74
46 177 231
46 192 128
46 196 200
47 57 45
47 63 236
47 76 225
47 77 91
47 78 26
47 81 59
47 88 198
47 96 178
47 98 69
47 99 64
47 102 186
47 103 271
47 109 236
47 111 227
47 113 230
47 118 78
47 119 50
47 121 60
47 124 95
47 125 101
47 129 137
47 130 136
47 137 58
47 140 90
47 143 109
47 156 86
47 161 289
47 163 184
47 164 271
47 166 158
47 172 4
47 178 180
47 180 53
47 182 299
47 184 3
47 186 162
47 189 224
47 190 4
47 195 261
47 196 56
47 199 310
48 57 50
48 62 151
48 93 236
48 94 296
48 95 161
48 96 115
48 99 7
48 107 168
48 115 84
48 117 96
48 122 214
48 129 113
48 133 229
48 148 158
48 151 273
48 154 285
48 161 15
48 167 94
48 172 178
48 173 73
48 185 102
48 186 305
48 192 319
48 194 312
48 196 235
49 50 3
49 51 245
49 53 120
49 55 245
49 58 220
49 62 77
49 74 213
49 78 110
49 81 31
49 86 52
49 87 292
49 90 64
49 94 63
49 95 291
49 99 189
49 100 244
49 107 29
49 110 155
49 117 259
49 119 303
49 127 84
49 135 221
49 136 230
49 144 257
49 147 273
49 148 308
49 150 23
49 153 12
49 154 124
49 156 225
49 161 41
49 162 212
49 164 162
49 169 297
49 181 163
49 196 230
49 197 14
49 199 276
50 59 231
50 61 110
50 63 177
50 65 167
50 77 218
50 79 181
50 82 77
50 86 120
50 87 127
50 92 306
50 93 46
50 100 278
50 136 144
50 138 50
50 150 202
50 172 186
50 173 119
50 181 232
50 188 263
50 189 64
50 192 30
50 196 170
51 54 292
51 58 201
51 64 117
51 65 26
51 68 80
51 72 190
51 73 22
51 80 231
51 83 148
51 85 314
51 88 86
51 90 61
51 92 85
51 93 302
51 94 148
51 95 143
51 103 7
51 111 227
51 112 115
51 116 290
51 118 315
51 120 195
51 122 154
51 123 311
51 125 225
51 135 231
51 140 309
51 143 194
51 147 37
51 148 87
51 150 142
51 153 228
51 155 103
51 157 77
51 173 138
51 175 27
51 180 304
51 185 93
51 186 135
51 189 220
51 190 133
51 195 43
51 196 7
51 197 176
51 200 15
52 65 301
52 66 185
52 80 305
52 87 222
52 89 117
52 103 82
52 116 35
52 117 1
52 119 255
52 130 6
52 131 274
52 151 7
52 161 53
52 163 72
52 166 109
52 168 268
52 176 134
52 183 124
53 68 243
53 69 249
53 76 287
53 78 101
53 86 199
53 89 82
53 90 79
53 91 210
53 92 311
53 93 43
53 94 64
53 101 219
53 103 107
53 109 65
53 110 117
53 130 236
53 131 273
53 136 242
53 138 76
53 142 184
53 149 213
53 159 54
53 161 252
53 169 230
53 176 181
53 177 244
53 179 315
53 182 34
53 183 289
53 191 238
53 197 314
53 199 209
54 56 292
54 57 247
54 60 78
54 72 93
54 80 108
54 86 302
54 87 261
54 99 79
54 100 86
54 102 236
54 106 204
54 113 114
54 115 236
54 118 10
54 119 235
54 131 87
54 134 109
54 141 71
54 148 247
54 152 245
54 153 7
54 154 23
54 157 279
54 160 190
54 161 212
54 167 109
54 168 170
54 170 191
54 173 273
54 180 80
54 182 140
54 189 109
54 194 189
54 195 81
54 197 209
54 198 134
55 57 60
55 78 230
55 80 163
55 83 62
55 88 39
55 102 29
55 104 272
55 105 137
55 106 194
55 107 320
55 109 74
55 110 315
55 113 62
55 125 248
55 132 221
55 134 285
55 135 320
55 138 31
55 139 28
55 145 270
55 148 38
55 152 262
55 157 93
55 158 159
55 166 240
55 175 313
55 179 159
55 190 144
55 191 320
55 192 125
56 67 138
56 71 250
56 74 169
56 89 212
56 97 171
56 100 197
56 103 28
56 113 310
56 116 81
56 118 38
56 123 298
56 132 110
56 151 77
56 162 58
56 165 177
56 166 47
56 170 289
56 171 8
56 179 6
56 180 10
56 181 230
56 182 197
56 188 15
56 198 114
57 67 77
57 75 153
57 78 91
57 87 226
57 89 21
57 92 194
57 100 244
57 102 228
57 134 76
57 141 310
57 147 270
57 154 262
57 157 26
57 164 92
57 165 14
57 175 77
57 176 134
57 181 282
58 61 297
58 70 195
58 74 245
58 89 293
58 93 148
58 94 290
58 100 252
58 107 241
58 119 153
58 122 94
58 125 95
58 127 73
58 128 249
58 134 240
58 135 128
58 138 244
58 143 100
58 145 261
58 147 22
58 164 291
58 172 271
58 177 12
58 181 317
58 182 272
58 194 141
59 66 18
59 69 175
59 72 96
59 75 154
59 93 132
59 97 70
59 98 124
59 100 248
59 104 227
59 112 117
59 118 176
59 126 161
59 133 62
59 143 133
59 151 11
59 157 167
59 161 223
59 169 58
59 173 304
59 183 47
59 186 219
59 188 75
59 189 30
60 61 153
60 64 161
60 79 98
60 81 226
60 89 63
60 98 224
60 106 80
60 111 169
60 115 254
60 143 44
60 156 56
60 158 129
60 159 251
60 165 179
60 166 298
60 168 240
60 176 83
60 181 193
60 192 313
60 194 270
60 195 129
60 200 103
61 64 13
61 69 132
61 70 287
61 71 134
61 73 185
61 74 99
61 75 197
61 76 50
61 90 141
61 93 134
61 94 243
61 98 228
61 104 131
61 108 195
61 112 148
61 114 246
61 116 192
61 117 293
61 120 24
61 129 13
61 136 216
61 149 86
61 154 255
61 164 58
61 166 210
61 175 158
61 181 92
61 186 18
61 191 46
61 193 158
61 197 72
61 200 87
62 67 207
62 74 223
62 75 301
62 78 261
62 82 92
62 84 56
62 87 178
62 88 242
62 91 65
62 101 140
62 106 115
62 108 314
62 111 59
62 113 85
62 115 287
62 122 296
62 131 261
62 141 91
62 143 317
62 146 222
62 147 79
62 167 192
62 168 143
62 170 279
62 183 39
62 184 59
62 195 79
62 200 13
63 65 31
63 74 156
63 82 228
63 85 125
63 96 189
63 99 178
63 109 265
63 121 172
63 122 171
63 125 104
63 128 254
63 130 5
63 135 266
63 139 9
63 142 192
63 147 116
63 158 20
63 159 74
63 162 136
63 163 68
63 173 291
63 176 150
63 180 259
63 181 227
63 188 242
63 189 59
63 196 281
64 69 197
64 72 219
64 73 246
64 74 77
64 75 81
64 82 106
64 86 210
64 88 219
64 99 83
64 106 170
64 108 185
64 109 256
64 117 44
64 118 86
64 125 267
64 129 51
64 136 111
64 137 270
64 140 98
64 141 320
64 142 57
64 143 171
64 148 245
64 150 74
64 154 5
64 156 242
64 157 24
64 171 248
64 177 4
64 180 80
64 187 186
64 197 282
65 69 174
65 70 138
65 73 156
65 78 202
65 83 178
65 94 279
65 114 198
65 124 90
65 128 66
65 131 206
65 137 79
65 138 114
65 144 86
65 151 181
65 158 224
65 162 287
65 167 298
65 182 300
65 183 313
65 187 249
65 189 211
65 190 308
65 191 59
65 196 61
65 197 313
65 199 292
66 67 231
66 69 255
66 72 296
66 82 49
66 90 308
66 100 215
66 103 76
66 104 248
66 108 209
66 119 43
66 125 250
66 140 223
66 143 141
66 146 313
66 147 107
66 151 202
66 158 274
66 163 311
66 165 53
66 179 171
66 183 120
66 184 26
66 186 116
66 190 314
67 69 229
67 77 62
67 78 49
67 90 7
67 94 102
67 95 10
67 109 264
67 118 124
67 119 86
67 125 221
67 128 46
67 131 136
67 132 197
67 133 6
67 134 283
67 135 163
67 136 82
67 149 167
67 155 68
67 159 320
67 168 217
67 177 241
67 181 85
67 182 3
67 184 58
67 185 16
67 186 69
67 197 265
68 75 308
68 77 124
68 84 82
68 93 92
68 99 54
68 102 256
68 105 217
68 109 187
68 113 187
68 118 70
68 119 192
68 153 172
68 154 30
68 156 231
68 157 320
68 165 157
68 169 111
68 177 240
68 182 30
68 188 159
68 189 7
68 190 35
68 198 76
69 71 74
69 75 265
69 78 79
69 82 129
69 88 279
69 90 246
69 92 198
69 113 199
69 120 135
69 128 80
69 148 290
69 150 238
69 151 23
69 153 58
69 161 32
69 162 212
69 163 216
69 165 211
69 167 105
69 169 131
69 173 252
69 198 122
70 77 318
70 79 234
70 83 182
70 93 270
70 94 161
70 108 277
70 115 118
70 131 199
70 138 207
70 139 43
70 142 195
70 144 88
70 158 42
70 171 165
70 172 98
70 173 17
70 174 122
70 180 287
70 183 135
70 184 164
70 189 1
70 194 168
70 195 209
70 200 229
71 73 22
71 76 30
71 83 90
71 85 127
71 96 5
71 102 279
71 104 311
71 107 89
71 122 142
71 128 155
71 130 47
71 136 204
71 146 158
71 147 182
71 151 185
71 154 285
71 176 237
71 180 262
71 186 73
71 187 237
71 199 130
72 73 60
72 76 27
72 78 275
72 81 209
72 104 315
72 106 50
72 108 272
72 111 85
72 114 214
72 115 109
72 116 167
72 121 292
72 122 235
72 123 220
72 124 286
72 129 35
72 135 196
72 137 144
72 147 249
72 150 142
72 153 307
72 160 57
72 173 250
72 174 196
72 176 260
72 179 182
72 186 67
72 189 160
72 194 137
72 196 25
72 199 251
73 74 93
73 78 99
73 84 3
73 86 241
73 88 46
73 104 228
73 110 306
73 112 290
73 117 164
73 119 78
73 128 59
73 138 272
73 139 172
73 141 49
73 157 27
73 159 173
73 163 188
73 166 252
73 178 206
73 179 259
73 182 32
73 183 261
73 184 115
73 186 301
73 187 27
73 198 175
73 200 33
74 81 235
74 82 180
74 88 229
74 90 253
74 91 300
74 92 152
74 94 134
74 102 72
74 110 140
74 112 198
74 115 299
74 129 207
74 131 308
74 132 85
74 134 168
74 136 139
74 140 299
74 143 316
74 150 278
74 152 21
74 157 104
74 160 189
74 170 129
74 172 74
74 174 212
74 176 294
74 179 33
74 183 119
74 186 311
74 188 269
74 189 5
74 190 268
74 196 293
75 77 292
75 82 56
75 89 121
75 94 189
75 110 203
75 118 256
75 130 289
75 133 291
75 136 59
75 137 228
75 138 100
75 139 176
75 140 94
75 142 234
75 146 161
75 147 285
75 148 208
75 151 304
75 157 87
75 160 288
75 161 124
75 166 230
75 167 107
75 179 67
75 181 65
75 182 145
75 187 288
75 194 44
75 196 243
76 78 207
76 84 173
76 88 158
76 90 295
76 99 237
76 100 94
76 103 266
76 109 315
76 118 16
76 119 68
76 123 49
76 137 272
76 142 7
76 152 25
76 153 109
76 161 14
76 162 79
76 163 314
76 168 312
76 174 48
76 176 66
76 183 127
76 185 8
76 192 168
77 84 315
77 99 174
77 106 190
77 107 159
77 108 131
77 111 110
77 112 310
77 113 244
77 121 289
77 122 41
77 130 309
77 133 2
77 139 161
77 141 151
77 146 305
77 154 86
77 155 302
77 162 302
77 182 290
77 192 40
77 195 35
77 200 264
78 81 276
78 84 218
78 85 170
78 89 47
78 96 132
78 98 84
78 101 306
78 103 7
78 106 114
78 115 178
78 119 46
78 123 82
78 133 206
78 137 274
78 151 167
78 152 40
78 159 135
78 165 249
78 166 162
78 171 74
78 172 31
78 174 264
78 182 51
78 183 157
78 185 60
78 188 22
78 191 249
79 80 308
79 81 162
79 88 56
79 92 299
79 99 258
79 101 108
79 106 172
79 122 86
79 124 205
79 126 143
79 127 100
79 139 247
79 143 134
79 167 203
79 169 251
79 174 237
79 177 199
79 181 201
79 189 252
79 192 116
80 84 157
80 85 319
80 88 113
80 93 186
80 103 160
80 119 34
80 127 111
80 136 287
80 138 162
80 146 151
80 153 192
80 168 149
80 178 179
80 181 159
80 185 3
81 87 152
81 90 236
81 91 49
81 98 125
81 104 235
81 110 112
81 111 154
81 117 105
81 119 26
81 127 91
81 143 83
81 145 259
81 160 283
81 164 241
81 165 24
81 167 153
81 170 207
81 173 277
81 178 289
81 189 298
81 193 201
82 83 55
82 85 144
82 95 10
82 99 104
82 106 165
82 110 244
82 112 195
82 115 155
82 130 310
82 134 134
82 138 293
82 143 319
82 146 45
82 147 51
82 148 54
82 157 278
82 161 234
82 163 114
82 179 210
82 180 295
82 181 310
82 183 3
82 188 51
82 199 87
82 200 294
83 88 17
83 93 139
83 99 142
83 108 43
83 112 307
83 133 126
83 135 129
83 141 123
83 151 320
83 154 262
83 158 28
83 162 277
83 174 262
83 178 276
83 183 259
83 192 84
83 195 143
83 197 200
84 85 269
84 90 275
84 96 227
84 102 129
84 107 20
84 110 287
84 119 261
84 121 229
84 123 102
84 126 68
84 130 53
84 131 238
84 132 178
84 137 115
84 145 249
84 148 299
84 156 264
84 161 309
84 162 243
84 168 266
84 170 5
84 171 209
84 174 319
84 177 160
84 180 138
85 110 264
85 115 60
85 116 200
85 125 124
85 127 296
85 129 163
85 130 261
85 131 120
85 137 201
85 141 203
85 147 263
85 148 20
85 156 29
85 160 69
85 164 113
85 167 29
85 169 222
85 171 196
85 181 134
85 184 307
86 87 98
86 95 286
86 100 150
86 107 210
86 108 305
86 114 268
86 119 311
86 121 100
86 123 80
86 133 20
86 134 141
86 137 307
86 152 65
86 156 301
86 158 13
86 168 170
86 187 297
86 189 205
86 191 280
86 192 178
86 194 127
86 195 255
86 196 103
86 200 319
87 90 297
87 93 14
87 94 105
87 101 159
87 102 193
87 104 138
87 113 11
87 119 94
87 120 61
87 123 72
87 125 61
87 126 195
87 127 207
87 129 178
87 134 171
87 135 165
87 138 234
87 140 277
87 148 95
87 149 271
87 150 296
87 156 135
87 164 172
87 165 117
87 182 231
87 186 11
87 187 45
87 190 79
87 195 143
87 198 170
87 199 133
88 92 251
88 93 150
88 94 161
88 95 80
88 96 253
88 102 37
88 105 208
88 106 202
88 110 275
88 111 181
88 112 96
88 117 134
88 118 302
88 130 100
88 132 186
88 151 105
88 155 21
88 161 306
88 168 108
88 171 258
88 181 158
88 185 303
88 187 8
88 189 97
88 192 257
88 193 113
88 197 5
88 200 109
89 93 103
89 97 71
89 100 124
89 102 81
89 103 124
89 113 267
89 115 266
89 117 317
89 120 97
89 123 11
89 125 69
89 128 213
89 135 100
89 147 208
89 148 163
89 154 16
89 155 212
89 159 45
89 162 44
89 165 74
89 177 190
89 192 131
90 115 292
90 126 26
90 130 252
90 133 74
90 137 95
90 140 47
90 142 307
90 144 274
90 148 269
90 151 156
90 162 209
90 165 162
90 171 255
90 179 238
90 181 172
90 185 284
90 196 245
90 198 124
91 92 43
91 100 59
91 101 69
91 102 112
91 107 66
91 110 85
91 114 20
91 131 242
91 134 121
91 140 145
91 141 70
91 146 311
91 147 235
91 156 164
91 158 181
91 162 295
91 164 122
91 178 164
91 182 22
91 184 158
91 187 312
91 188 27
92 97 213
92 99 300
92 100 57
92 110 297
92 112 98
92 118 20
92 119 219
92 130 55
92 133 174
92 134 297
92 136 26
92 143 212
92 148 292
92 153 122
92 156 246
92 159 169
92 160 49
92 161 146
92 165 171
92 168 301
92 170 208
92 179 85
92 184 28
92 188 316
92 192 36
92 195 130
92 198 157
92 200 151
93 98 138
93 100 184
93 101 64
93 112 161
93 118 51
93 130 320
93 144 63
93 147 92
93 157 24
93 165 57
93 166 219
93 167 219
93 168 153
93 182 17
93 183 282
93 184 119
93 185 155
93 190 223
94 95 171
94 98 81
94 99 185
94 103 26
94 112 104
94 117 294
94 122 251
94 142 249
94 143 193
94 146 255
94 155 26
94 164 93
94 169 4
94 176 123
94 177 176
94 178 92
94 186 82
94 187 227
94 192 3
94 195 195
94 196 51
94 200 13
95 99 152
95 115 11
95 122 272
95 132 174
95 139 176
95 142 76
95 144 209
95 172 64
95 175 65
95 178 204
95 183 99
95 185 295
95 189 92
95 190 138
95 192 10
95 196 241
96 100 36
96 119 225
96 120 88
96 126 239
96 128 75
96 130 133
96 135 155
96 137 177
96 145 77
96 149 319
96 153 133
96 154 230
96 160 3
96 164 81
96 165 282
96 173 258
96 177 43
96 187 233
96 190 83
96 192 318
96 197 253
97 99 76
97 105 284
97 109 131
97 117 237
97 123 238
97 127 43
97 128 46
97 135 224
97 147 37
97 149 93
97 152 163
97 153 251
97 155 272
97 159 265
97 166 226
97 168 155
97 171 177
97 189 60
97 190 263
97 196 100
97 197 249
97 200 181
98 100 85
98 105 280
98 112 168
98 115 299
98 121 104
98 125 235
98 130 269
98 133 65
98 143 44
98 147 43
98 151 124
98 152 11
98 154 282
98 163 218
98 168 97
98 188 180
98 190 44
98 196 63
98 197 238
98 200 236
99 100 130
99 105 310
99 109 87
99 119 94
99 122 280
99 127 307
99 141 164
99 147 177
99 157 23
99 158 149
99 167 4
99 168 260
99 169 231
99 171 291
99 175 97
99 179 148
99 181 268
99 182 85
99 185 292
99 189 243
99 197 169
100 101 186
100 102 303
100 106 259
100 107 45
100 116 262
100 122 275
100 125 141
100 134 231
100 138 60
100 139 139
100 156 243
100 165 51
100 166 23
100 175 230
100 176 253
100 177 204
100 178 169
100 180 226
100 186 252
100 187 189
100 196 97
100 197 158
100 200 171
101 109 289
101 116 177
101 120 83
101 124 210
101 128 30
101 133 251
101 137 188
101 139 35
101 141 41
101 149 279
101 159 281
101 164 249
101 167 314
101 168 244
101 180 285
101 181 280
101 184 259
101 189 155
101 198 57
102 106 4
102 118 137
102 122 22
102 127 263
102 129 4
102 131 271
102 145 46
102 146 4
102 152 290
102 154 248
102 164 304
102 165 30
102 175 281
102 177 68
102 188 96
102 192 99
103 120 36
103 122 46
103 125 247
103 152 30
103 154 278
103 160 184
103 162 243
103 163 178
103 167 65
103 171 266
103 174 270
103 178 40
103 179 166
103 183 81
103 190 299
104 108 300
104 113 234
104 119 120
104 131 135
104 132 57
104 135 115
104 137 149
104 140 83
104 141 224
104 143 272
104 166 163
104 169 57
104 170 297
104 171 86
104 175 300
104 179 53
104 189 6
105 109 248
105 110 80
105 112 302
105 113 179
105 124 296
105 128 32
105 137 302
105 142 53
105 152 120
105 166 300
105 169 27
105 173 183
105 178 63
105 192 251
105 196 42
106 108 217
106 120 299
106 129 222
106 138 79
106 140 225
106 151 164
106 154 54
106 162 62
106 163 273
106 167 25
106 168 216
106 171 159
106 179 243
106 186 183
106 195 255
106 196 261
106 198 2
107 117 199
107 124 192
107 137 262
107 140 212
107 149 191
107 157 320
107 158 247
107 159 75
107 167 34
107 169 258
107 171 262
107 176 38
107 183 168
107 194 25
107 198 10
107 199 60
107 200 12
108 115 49
108 116 26
108 123 154
108 124 253
108 127 89
108 131 317
108 138 130
108 142 90
108 145 290
108 152 82
108 166 202
108 180 3
108 181 243
108 185 154
108 192 262
108 197 258
109 114 292
109 115 272
109 125 198
109 126 201
109 133 31
109 143 67
109 144 269
109 159 134
109 167 51
109 174 244
109 176 8
109 189 289
109 190 13
109 191 148
110 116 106
110 121 206
110 123 82
110 130 114
110 131 264
110 132 199
110 133 297
110 136 102
110 138 221
110 141 230
110 143 209
110 146 269
110 148 2
110 150 29
110 157 80
110 158 264
110 161 264
110 163 127
110 168 181
110 169 291
110 174 235
110 179 57
110 187 137
110 192 24
110 193 45
110 197 271
110 199 240
111 115 171
111 116 264
111 122 267
111 125 170
111 126 178
111 129 108
111 131 203
111 136 73
111 141 182
111 153 3
111 156 259
111 157 286
111 160 238
111 162 292
111 184 128
111 187 259
111 188 213
111 191 309
111 193 167
111 198 159
111 200 26
112 114 316
112 119 127
112 120 246
112 122 69
112 123 3
112 136 44
112 140 128
112 143 210
112 146 110
112 153 101
112 163 216
112 167 188
112 177 192
112 181 72
112 189 296
112 191 56
112 198 131
112 199 308
113 115 170
113 121 9
113 126 87
113 129 204
113 132 109
113 133 21
113 141 78
113 142 231
113 147 188
113 150 137
113 151 215
113 155 105
113 159 246
113 161 123
113 162 189
113 163 18
113 164 293
113 167 105
113 184 10
113 193 87
114 118 236
114 122 63
114 124 66
114 129 195
114 130 39
114 141 107
114 143 200
114 148 204
114 155 83
114 157 309
114 161 61
114 162 233
114 163 91
114 164 231
114 166 151
114 169 63
114 173 189
114 177 139
114 182 313
114 186 5
114 194 206
114 195 295
115 120 274
115 122 279
115 131 72
115 152 88
115 153 3
115 156 57
115 161 9
115 162 94
115 163 73
115 167 154
115 170 146
115 176 118
115 184 278
115 186 74
115 197 269
116 121 96
116 135 151
116 149 241
116 155 254
116 166 233
116 169 9
116 176 78
116 177 262
116 178 271
116 182 85
116 189 90
116 194 147
116 195 292
116 197 37
116 199 306
117 127 17
117 128 301
117 129 15
117 130 230
117 134 266
117 135 286
117 136 290
117 164 154
117 165 135
117 172 42
117 177 98
117 180 287
117 183 220
117 184 116
117 189 49
117 194 236
117 195 88
117 197 272
117 199 305
118 119 37
118 139 288
118 145 120
118 149 201
118 160 169
118 177 139
118 178 30
118 183 238
118 190 243
118 191 123
118 193 297
119 125 141
119 130 34
119 134 295
119 135 107
119 142 238
119 148 89
119 149 2
119 150 71
119 151 294
119 156 222
119 159 98
119 173 1
119 178 146
119 186 100
119 199 302
119 200 155
120 133 46
120 135 245
120 137 189
120 147 167
120 148 254
120 150 52
120 152 125
120 166 251
120 167 112
120 169 103
120 170 291
120 186 265
120 187 220
120 199 215
121 122 128
121 128 316
121 146 251
121 157 144
121 160 282
121 161 220
121 170 290
121 171 290
121 173 105
121 175 291
121 182 198
121 183 184
121 190 285
121 193 139
121 200 8
122 126 137
122 127 29
122 128 17
122 131 110
122 132 119
122 133 189
122 136 241
122 137 15
122 155 55
122 159 254
122 162 160
122 163 286
122 167 28
122 170 90
122 172 215
122 178 1
122 185 172
122 188 12
122 192 243
122 196 135
123 130 310
123 135 192
123 143 47
123 147 144
123 149 147
123 154 309
123 161 223
123 162 93
123 166 166
123 173 44
123 178 166
123 189 56
123 194 309
123 197 130
124 129 160
124 138 64
124 143 70
124 146 19
124 153 210
124 154 214
124 167 222
124 169 229
124 171 84
124 175 143
124 176 108
124 182 287
124 183 181
124 188 25
124 189 33
124 192 290
124 193 121
125 126 27
125 140 178
125 146 103
125 150 158
125 160 36
125 161 10
125 162 6
125 163 74
125 184 174
125 188 98
125 191 217
125 196 234
125 200 207
126 129 100
126 137 45
126 139 291
126 140 153
126 141 72
126 149 281
126 153 256
126 154 206
126 160 88
126 162 57
126 167 45
126 168 143
126 169 8
126 170 117
126 172 268
126 176 129
126 183 222
126 185 217
126 190 98
126 194 286
126 195 262
126 196 257
126 197 155
126 200 166
127 130 254
127 135 10
127 147 313
127 156 81
127 159 260
127 162 104
127 166 273
127 168 36
127 173 241
127 197 50
127 199 203
128 133 100
128 139 294
128 148 67
128 149 138
128 153 204
128 160 130
128 185 165
128 186 246
128 192 9
128 195 37
128 197 304
128 199 235
129 143 93
129 145 261
129 150 195
129 154 23
129 155 111
129 157 271
129 164 275
129 165 261
129 168 242
129 169 188
129 172 274
129 187 75
129 190 64
130 143 177
130 144 115
130 147 123
130 150 236
130 166 76
130 179 10
130 181 32
130 194 17
130 200 39
131 139 29
131 147 232
131 149 126
131 154 137
131 155 229
131 156 69
131 160 20
131 169 161
131 172 260
131 175 92
131 181 278
131 188 156
131 189 93
131 190 145
131 194 17
132 133 97
132 140 13
132 142 30
132 144 27
132 146 149
132 152 279
132 158 229
132 160 204
132 163 257
132 166 178
132 172 223
132 175 258
132 181 13
132 185 186
132 190 145
132 191 65
132 193 292
132 196 106
132 197 208
132 200 258
133 135 128
133 136 55
133 142 190
133 147 115
133 149 35
133 150 295
133 152 73
133 157 213
133 158 303
133 160 207
133 163 289
133 168 4
133 170 112
133 172 150
133 178 65
133 182 248
133 193 89
133 194 119
133 200 309
134 137 52
134 144 166
134 145 35
134 147 4
134 149 68
134 150 287
134 158 103
134 159 86
134 161 10
134 165 27
134 167 247
134 170 123
134 171 270
134 174 300
134 179 241
134 185 23
134 190 164
134 192 89
134 196 54
134 198 288
135 136 95
135 144 35
135 149 110
135 152 176
135 162 212
135 164 3
135 168 45
135 169 105
135 176 109
135 186 32
135 191 195
135 193 238
135 195 15
135 199 98
136 148 178
136 155 230
136 157 277
136 162 221
136 164 16
136 166 305
136 167 209
136 170 143
136 173 18
136 178 266
136 180 139
136 185 52
136 188 254
136 190 11
136 199 17
137 138 281
137 140 135
137 146 129
137 150 141
137 156 247
137 164 246
137 169 149
137 176 34
137 177 210
137 179 17
137 188 89
137 189 271
137 191 255
137 192 145
137 195 219
138 161 85
138 168 135
138 187 295
139 146 221
139 150 282
139 157 5
139 161 110
139 169 159
139 172 145
139 173 294
139 176 161
139 177 71
139 180 164
139 191 149
139 194 48
139 196 22
140 151 261
140 153 100
140 154 55
140 160 134
140 169 114
140 170 250
140 171 159
140 178 87
140 197 271
141 156 88
141 158 301
141 159 214
141 160 221
141 167 78
141 168 90
141 169 228
141 173 307
141 175 298
141 185 163
141 188 205
141 189 69
141 195 45
141 198 167
142 148 200
142 150 169
142 161 148
142 170 14
142 174 68
142 176 245
142 178 31
142 179 152
142 187 80
142 189 296
142 195 163
142 197 190
142 199 49
143 160 306
143 163 259
143 171 69
143 179 139
143 182 182
143 189 278
143 193 183
143 198 270
143 200 25
144 146 211
144 156 109
144 161 212
144 162 185
144 164 238
144 165 249
144 166 223
144 168 165
144 174 142
144 183 46
144 185 291
144 189 198
145 148 191
145 153 292
145 159 11
145 161 174
145 164 131
145 167 163
145 170 81
145 175 157
145 180 124
145 185 285
145 188 41
145 194 164
145 200 218
146 147 236
146 150 72
146 152 246
146 153 146
146 160 236
146 165 171
146 169 273
146 176 292
146 177 196
146 180 203
146 181 250
146 193 297
147 152 88
147 159 97
147 161 138
147 166 51
147 169 21
147 174 170
147 181 260
147 186 49
147 190 177
147 191 16
147 194 20
147 198 313
148 151 194
148 153 123
148 155 300
148 157 225
148 162 28
148 185 133
148 186 9
148 188 191
148 192 309
149 153 49
149 158 71
149 159 8
149 160 62
149 165 303
149 166 82
149 169 32
149 170 177
149 175 302
149 177 293
149 179 244
149 180 236
149 183 20
149 185 134
149 193 183
149 194 310
149 195 263
149 200 224
150 151 34
150 154 64
150 159 296
150 160 53
150 163 210
150 164 26
150 169 82
150 200 248
151 155 16
151 161 201
151 179 242
151 180 162
151 196 33
152 157 95
152 164 256
152 169 262
152 170 66
152 176 49
152 184 239
152 190 54
152 192 182
152 194 70
153 157 11
153 173 232
153 174 68
153 178 196
153 179 314
153 181 108
153 184 204
153 185 226
153 197 314
153 200 320
154 163 194
154 165 97
154 167 295
154 170 51
154 172 214
154 175 112
154 176 136
154 185 12
154 186 19
154 188 22
154 190 116
154 192 291
154 193 98
154 198 42
155 164 2
155 165 5
155 170 318
155 171 287
155 176 147
155 177 275
155 181 308
155 183 173
155 184 65
155 186 84
155 189 102
155 196 34
156 180 34
156 183 98
156 190 16
156 194 223
157 160 64
157 164 31
157 169 170
157 175 289
157 180 15
157 181 270
157 184 275
157 186 211
157 190 210
157 192 47
157 193 207
158 162 288
158 170 128
158 180 25
158 185 98
158 188 123
159 170 210
159 178 75
159 181 4
159 182 86
159 183 101
160 164 77
160 166 312
160 174 20
160 181 40
160 185 145
160 194 39
160 200 227
161 166 263
161 179 193
161 184 161
161 185 264
161 187 149
161 188 311
161 193 184
161 196 50
161 198 270
162 164 260
162 165 162
162 169 125
162 171 290
162 184 226
162 192 44
162 194 52
162 199 18
163 164 311
163 167 292
163 170 254
163 177 316
163 178 246
163 180 77
163 181 317
163 185 250
163 186 167
163 192 225
163 193 119
164 166 15
164 174 265
164 177 111
164 181 74
164 182 297
164 192 68
165 166 138
165 170 69
165 184 22
165 194 15
165 196 307
166 169 213
166 179 59
166 183 26
166 196 271
166 200 3
167 171 57
167 173 115
167 176 80
167 178 208
167 179 99
167 180 111
167 182 88
167 187 187
167 190 304
167 191 143
167 198 289
168 177 162
168 180 273
168 181 148
168 183 225
168 188 177
168 189 13
168 192 82
168 198 200
168 200 288
169 180 246
169 185 52
169 187 218
169 192 7
169 195 288
169 196 234
169 197 310
170 178 292
170 198 281
170 199 270
170 200 319
171 176 89
171 180 232
172 174 64
172 182 66
172 185 17
172 186 85
172 187 218
172 192 93
173 176 75
173 177 167
173 180 81
173 182 223
173 183 98
173 186 155
173 189 56
173 190 127
173 191 271
173 194 232
173 195 110
174 178 198
174 180 129
174 181 189
174 182 114
174 185 222
174 187 298
174 190 48
174 191 266
174 193 54
175 187 66
175 193 88
176 179 70
176 181 29
176 191 216
176 192 197
176 195 157
176 197 241
177 182 162
177 183 144
177 185 117
177 195 184
177 197 310
178 180 22
178 181 313
178 189 205
178 199 173
179 180 212
179 184 103
179 185 207
179 190 192
179 195 155
179 197 176
179 200 111
180 187 311
180 190 5
180 196 231
180 199 67
181 186 223
181 194 208
182 184 317
182 185 58
182 189 157
182 197 181
183 185 308
183 186 264
183 187 88
183 188 218
183 191 174
183 192 198
183 199 160
183 200 211
184 191 290
184 199 114
185 188 132
185 199 4
186 192 316
186 195 119
186 198 210
188 199 69
189 192 258
189 198 36
191 196 35
191 197 44
192 197 79
192 198 200
194 199 67
