100 262
1 5 33
1 6 22
1 25 30
1 68 9
1 88 6
2 27 37
2 36 5
2 41 31
2 46 4
2 65 14
2 77 1
2 82 31
2 93 10
3 5 7
3 24 28
3 43 25
3 75 22
4 36 8
4 42 33
4 54 16
4 76 27
4 79 8
4 81 24
4 94 29
4 96 4
5 9 37
5 16 31
5 25 23
5 33 4
6 17 3
6 32 3
6 35 39
6 49 30
6 66 4
6 69 19
6 98 12
7 22 8
7 38 7
7 67 9
7 74 18
8 19 30
8 28 27
8 31 22
8 48 20
8 53 9
8 95 9
9 11 2
9 31 40
9 55 2
9 84 34
10 58 15
10 61 5
10 98 2
11 25 40
11 26 10
11 70 11
11 74 39
11 80 14
11 98 19
12 25 25
12 31 1
12 35 13
12 71 29
12 95 23
12 96 22
13 21 18
13 42 22
13 47 26
13 50 15
14 52 10
14 54 40
14 67 35
14 76 39
14 83 32
14 89 29
15 28 25
15 39 18
15 46 1
15 59 8
15 65 2
16 25 33
16 65 16
16 96 39
17 36 17
17 60 21
17 86 32
18 24 40
18 28 35
18 61 38
18 65 28
18 93 35
18 99 25
19 62 22
19 75 30
19 77 32
19 90 22
19 91 3
19 93 38
20 26 32
20 37 31
20 84 36
20 93 36
20 96 34
21 23 4
22 36 5
22 45 14
22 52 23
22 62 18
22 88 10
23 88 39
24 29 27
24 46 13
24 47 31
24 59 27
24 63 3
24 84 14
24 92 5
25 34 35
25 52 25
25 71 15
25 97 40
26 53 4
26 76 37
27 38 13
28 48 12
28 50 12
28 62 38
28 82 16
28 92 29
29 36 20
29 65 27
29 91 13
29 92 32
30 47 4
30 48 17
30 50 38
30 62 18
30 75 32
31 33 31
31 47 31
31 54 16
31 80 38
32 46 39
32 79 20
32 92 3
32 99 37
33 42 24
33 71 14
33 75 6
33 95 34
34 58 22
34 80 36
34 86 20
34 91 28
34 96 18
35 70 35
35 76 6
35 79 35
36 56 8
37 41 33
37 43 38
37 57 19
37 84 36
38 64 40
38 96 17
38 99 28
39 47 16
39 65 19
39 68 21
39 69 38
40 54 13
40 57 24
40 58 23
40 81 37
40 84 20
40 95 17
41 48 14
41 66 29
41 72 5
41 78 7
41 99 31
42 58 16
42 77 24
42 94 17
43 64 2
44 49 37
44 58 14
44 77 15
44 91 6
45 51 29
45 57 32
45 85 12
46 69 30
46 76 1
46 90 40
47 75 24
47 84 3
48 64 18
48 90 4
49 93 37
51 71 28
52 54 14
52 59 14
52 64 14
52 88 22
53 100 36
54 99 33
55 58 9
55 81 18
55 88 13
56 57 20
56 73 31
56 74 10
56 79 30
56 97 31
56 100 7
57 66 36
58 71 5
59 66 35
59 74 21
60 82 4
60 89 17
62 90 38
62 99 1
63 99 15
64 65 22
64 70 31
64 77 2
64 88 8
64 94 40
65 73 38
65 86 34
66 68 8
67 89 35
69 89 2
72 82 17
73 75 26
73 76 31
73 95 27
74 78 13
74 80 1
76 84 25
77 79 9
77 86 38
77 94 2
77 97 14
78 94 3
79 98 39
80 81 10
80 88 14
80 91 16
80 96 8
81 86 10
82 98 19
83 89 7
84 88 29
84 89 39
84 96 8
84 100 31
88 90 25
90 92 34
94 96 40
