400 7926
1 2 2
1 5 8
1 8 8
1 11 9
1 25 6
1 41 2
1 51 3
1 57 1
1 70 9
1 74 10
1 107 5
1 119 8
1 122 1
1 161 3
1 167 5
1 174 7
1 196 6
1 200 2
1 203 2
1 211 1
1 213 7
1 226 4
1 236 2
1 244 3
1 257 3
1 284 8
1 286 1
1 288 7
1 300 10
1 301 3
1 302 3
1 306 1
1 311 4
1 317 1
1 324 5
1 334 3
1 339 4
1 344 6
1 358 7
1 360 5
1 366 4
2 13 6
2 22 4
2 23 10
2 49 9
2 50 2
2 53 3
2 55 1
2 63 2
2 66 1
2 70 1
2 82 5
2 87 10
2 98 5
2 118 1
2 152 1
2 154 9
2 167 10
2 177 1
2 182 9
2 205 10
2 210 1
2 213 6
2 226 2
2 230 3
2 234 9
2 238 6
2 250 6
2 274 10
2 275 1
2 282 8
2 297 3
2 301 9
2 311 1
2 321 10
2 343 2
2 345 2
2 351 9
2 375 9
2 380 10
2 391 3
2 392 3
2 395 1
3 17 5
3 36 10
3 45 8
3 58 2
3 62 7
3 66 1
3 77 3
3 95 9
3 103 10
3 117 3
3 123 5
3 129 8
3 135 8
3 158 5
3 177 2
3 181 2
3 196 8
3 216 1
3 227 7
3 242 6
3 254 6
3 257 9
3 264 7
3 270 4
3 284 8
3 287 7
3 308 10
3 347 4
3 350 2
3 357 6
3 365 5
3 371 1
3 377 1
3 379 1
4 15 9
4 24 1
4 35 7
4 39 10
4 48 2
4 53 4
4 75 4
4 100 4
4 106 1
4 113 3
4 114 10
4 117 1
4 119 10
4 151 8
4 177 1
4 193 9
4 194 9
4 197 3
4 198 1
4 204 9
4 245 7
4 249 1
4 264 8
4 267 10
4 275 1
4 283 10
4 294 7
4 296 9
4 298 3
4 313 3
4 321 3
4 331 6
4 334 7
4 336 7
4 345 4
4 352 7
4 355 2
4 361 9
4 374 7
4 375 10
4 382 8
5 9 5
5 21 9
5 42 5
5 63 7
5 70 1
5 80 5
5 83 4
5 87 7
5 88 9
5 99 9
5 110 3
5 145 9
5 149 8
5 151 5
5 153 2
5 154 5
5 159 9
5 162 2
5 166 8
5 176 5
5 179 2
5 211 8
5 213 6
5 214 3
5 215 2
5 232 10
5 233 10
5 234 4
5 255 6
5 261 8
5 262 1
5 263 4
5 265 1
5 274 6
5 281 1
5 282 10
5 284 6
5 288 4
5 293 1
5 298 3
5 305 9
5 306 6
5 317 1
5 319 1
5 320 2
5 326 8
5 344 4
5 359 8
5 361 5
5 373 5
5 376 7
5 377 2
5 378 5
5 379 3
5 384 3
5 392 5
6 7 6
6 10 1
6 11 9
6 15 2
6 20 5
6 29 1
6 51 1
6 56 10
6 70 4
6 72 3
6 73 4
6 76 9
6 96 1
6 100 6
6 102 3
6 112 10
6 147 2
6 152 5
6 153 4
6 174 3
6 201 6
6 205 7
6 206 1
6 221 4
6 250 1
6 258 9
6 281 1
6 307 4
6 333 6
6 342 3
6 358 8
6 360 5
6 364 5
6 370 3
6 382 2
6 385 2
7 11 5
7 12 1
7 14 7
7 24 2
7 28 10
7 38 5
7 49 9
7 70 9
7 74 3
7 125 2
7 127 4
7 132 2
7 135 2
7 137 8
7 139 8
7 152 4
7 165 8
7 170 9
7 185 1
7 192 4
7 202 1
7 204 6
7 212 3
7 229 3
7 250 10
7 255 10
7 269 10
7 270 4
7 296 1
7 298 2
7 308 7
7 310 7
7 320 9
7 330 7
7 331 9
7 337 7
7 345 9
7 350 10
7 356 7
7 361 8
7 367 3
7 373 3
7 374 9
7 376 9
7 377 10
7 391 10
7 399 4
8 21 9
8 22 1
8 26 10
8 27 10
8 46 1
8 64 8
8 66 5
8 70 1
8 74 1
8 83 4
8 94 6
8 97 7
8 99 10
8 114 8
8 129 6
8 141 2
8 144 7
8 148 5
8 177 7
8 185 1
8 193 4
8 241 9
8 242 7
8 247 4
8 288 8
8 290 3
8 291 3
8 306 9
8 323 1
8 331 1
8 344 10
8 365 1
8 381 7
8 383 9
8 397 4
9 12 8
9 26 3
9 32 5
9 49 3
9 53 10
9 56 6
9 60 10
9 74 3
9 81 8
9 103 6
9 118 9
9 129 4
9 133 6
9 137 7
9 140 9
9 155 7
9 156 4
9 167 1
9 179 5
9 182 8
9 189 2
9 225 2
9 238 5
9 245 2
9 252 8
9 266 7
9 281 5
9 300 8
9 306 9
9 307 8
9 318 2
9 322 7
9 326 8
9 331 2
9 343 4
9 346 8
9 369 6
9 377 3
9 391 3
9 392 6
10 23 1
10 32 2
10 42 6
10 63 10
10 95 4
10 109 5
10 110 5
10 124 6
10 130 7
10 151 6
10 175 5
10 181 1
10 202 6
10 220 1
10 237 9
10 242 7
10 246 10
10 268 4
10 271 6
10 273 5
10 276 6
10 281 5
10 290 6
10 302 6
10 308 5
10 320 6
10 322 9
10 365 9
10 367 8
11 18 7
11 19 2
11 21 2
11 26 10
11 27 7
11 53 9
11 61 1
11 62 1
11 73 4
11 78 8
11 93 7
11 130 1
11 137 1
11 140 5
11 151 8
11 159 6
11 164 7
11 165 6
11 174 9
11 183 8
11 187 2
11 198 2
11 199 1
11 211 3
11 216 6
11 227 5
11 230 9
11 232 1
11 234 3
11 261 4
11 267 2
11 292 4
11 295 6
11 300 2
11 306 8
11 333 8
11 334 5
11 371 6
11 375 1
11 380 6
11 393 6
11 395 3
11 396 9
12 18 9
12 27 2
12 29 1
12 31 10
12 36 9
12 45 10
12 54 4
12 65 4
12 85 3
12 87 5
12 98 3
12 109 4
12 112 9
12 123 8
12 142 1
12 154 4
12 171 1
12 174 3
12 176 4
12 180 1
12 189 8
12 240 10
12 248 8
12 258 10
12 263 1
12 270 5
12 281 9
12 293 10
12 300 1
12 302 3
12 305 6
12 309 1
12 313 7
12 330 9
12 337 1
12 343 5
12 344 3
12 352 4
12 354 1
12 357 7
12 362 8
12 382 2
12 389 10
12 392 1
12 397 10
13 19 9
13 22 6
13 25 7
13 26 5
13 31 2
13 34 1
13 37 5
13 70 7
13 85 2
13 108 3
13 132 1
13 144 10
13 150 6
13 155 3
13 157 9
13 160 5
13 169 8
13 176 6
13 193 7
13 195 8
13 214 4
13 219 4
13 224 8
13 237 7
13 256 8
13 266 4
13 270 4
13 276 4
13 285 7
13 288 7
13 301 1
13 309 2
13 319 7
13 321 4
13 332 6
13 364 4
13 377 7
13 383 5
13 390 2
13 394 6
13 395 3
14 34 2
14 47 2
14 69 9
14 77 4
14 81 2
14 86 3
14 110 6
14 119 2
14 128 6
14 162 1
14 167 1
14 175 8
14 183 9
14 184 10
14 189 1
14 190 8
14 199 9
14 201 9
14 216 1
14 250 4
14 297 9
14 313 1
14 327 1
14 339 10
14 352 4
14 354 6
14 359 10
14 360 1
14 374 7
14 375 6
14 399 7
15 22 8
15 31 1
15 36 6
15 55 1
15 72 4
15 79 2
15 82 8
15 105 2
15 108 9
15 111 5
15 133 1
15 155 8
15 165 6
15 173 7
15 189 5
15 193 9
15 202 10
15 215 9
15 220 7
15 231 2
15 232 7
15 236 7
15 237 5
15 270 3
15 292 2
15 295 4
15 296 10
15 298 6
15 322 10
15 334 4
15 336 1
15 342 1
15 353 7
15 354 5
16 18 1
16 22 7
16 38 8
16 39 10
16 54 3
16 62 9
16 70 6
16 72 10
16 74 9
16 75 10
16 77 2
16 81 2
16 84 10
16 88 3
16 98 5
16 103 4
16 118 2
16 127 8
16 128 4
16 129 9
16 155 9
16 163 9
16 194 10
16 198 10
16 202 10
16 205 9
16 207 7
16 208 1
16 226 7
16 254 6
16 266 1
16 280 3
16 283 6
16 296 2
16 303 5
16 308 4
16 322 9
16 324 6
16 330 5
16 335 1
16 340 4
16 344 4
16 350 1
16 361 9
16 362 9
16 368 4
16 371 3
16 379 1
16 389 9
16 393 10
17 22 9
17 35 5
17 50 9
17 68 8
17 88 6
17 91 2
17 139 4
17 143 6
17 154 6
17 155 8
17 168 4
17 169 4
17 172 7
17 187 2
17 211 2
17 216 1
17 247 2
17 252 4
17 257 4
17 258 2
17 289 7
17 293 5
17 296 9
17 309 5
17 327 6
17 330 2
17 337 10
17 345 7
17 358 9
17 361 4
17 363 2
17 373 4
17 392 3
17 400 7
18 36 2
18 54 7
18 61 9
18 84 3
18 88 8
18 93 3
18 96 3
18 133 4
18 152 6
18 159 10
18 182 6
18 188 8
18 192 2
18 204 9
18 220 10
18 225 6
18 227 9
18 229 10
18 234 5
18 237 3
18 254 6
18 278 10
18 285 4
18 294 8
18 302 2
18 304 8
18 309 10
18 320 5
18 321 9
18 323 4
18 334 5
18 343 3
18 345 8
18 356 9
18 359 1
18 375 5
18 385 2
18 387 2
18 394 7
19 23 4
19 36 8
19 44 8
19 49 10
19 55 3
19 71 6
19 74 1
19 108 1
19 110 6
19 138 3
19 149 8
19 150 4
19 153 5
19 159 9
19 177 3
19 178 6
19 190 10
19 195 10
19 205 5
19 209 7
19 221 4
19 224 1
19 229 3
19 235 7
19 273 5
19 276 7
19 297 1
19 298 1
19 330 1
19 343 5
19 359 6
19 360 9
19 384 6
19 390 3
19 399 3
20 24 9
20 31 5
20 32 10
20 43 4
20 52 8
20 75 8
20 80 10
20 93 1
20 104 4
20 108 1
20 136 8
20 138 3
20 168 8
20 178 5
20 200 5
20 225 1
20 227 2
20 255 6
20 263 5
20 287 6
20 309 3
20 313 3
20 346 2
20 350 6
20 362 1
20 386 5
21 29 4
21 68 8
21 70 6
21 73 1
21 77 2
21 80 4
21 92 7
21 98 6
21 111 9
21 121 1
21 132 9
21 136 3
21 146 7
21 147 6
21 150 2
21 171 7
21 173 7
21 179 1
21 194 7
21 200 2
21 206 8
21 219 10
21 220 9
21 224 6
21 240 1
21 257 9
21 301 2
21 316 3
21 320 6
21 323 1
21 335 2
21 338 4
21 349 9
21 356 8
21 359 4
21 386 5
22 43 5
22 62 9
22 80 8
22 108 10
22 113 9
22 117 6
22 137 3
22 138 5
22 147 10
22 150 6
22 173 2
22 179 4
22 204 10
22 218 4
22 235 4
22 243 5
22 247 8
22 256 4
22 266 7
22 268 3
22 269 4
22 271 8
22 272 6
22 282 1
22 289 8
22 305 3
22 307 4
22 335 9
22 337 1
22 343 8
22 367 7
22 379 10
22 388 7
22 397 7
23 31 8
23 36 9
23 48 3
23 59 3
23 62 3
23 70 7
23 78 5
23 84 3
23 86 10
23 90 6
23 113 8
23 117 7
23 119 7
23 134 1
23 138 6
23 140 9
23 141 9
23 143 1
23 149 9
23 150 3
23 158 6
23 181 9
23 197 6
23 204 1
23 218 1
23 222 1
23 224 1
23 228 8
23 229 1
23 235 1
23 247 5
23 262 8
23 276 3
23 293 8
23 311 10
23 316 6
23 318 3
23 326 3
23 330 2
23 334 2
23 340 10
23 351 4
23 359 10
24 28 8
24 45 1
24 48 4
24 58 7
24 62 6
24 76 1
24 77 2
24 78 7
24 103 7
24 112 4
24 117 5
24 128 4
24 131 1
24 147 2
24 148 9
24 150 8
24 164 2
24 174 5
24 180 6
24 189 4
24 192 3
24 195 8
24 204 10
24 218 3
24 223 2
24 267 8
24 280 9
24 282 2
24 284 1
24 288 3
24 293 8
24 299 6
24 309 6
24 322 2
24 333 7
24 335 9
24 340 7
24 341 6
24 353 8
24 357 4
24 361 6
24 362 3
24 392 10
25 33 10
25 37 9
25 55 4
25 56 4
25 80 9
25 90 4
25 99 1
25 118 10
25 123 9
25 133 6
25 135 2
25 162 9
25 179 5
25 200 3
25 212 8
25 214 4
25 231 10
25 232 4
25 250 7
25 254 1
25 258 2
25 260 1
25 274 8
25 282 8
25 293 10
25 297 10
25 318 9
25 326 3
25 330 1
25 333 3
25 338 9
25 346 6
25 349 2
25 351 6
25 365 10
25 366 7
25 374 4
26 28 5
26 37 3
26 49 3
26 66 6
26 72 9
26 96 8
26 118 7
26 133 7
26 148 1
26 156 1
26 182 3
26 188 2
26 204 9
26 214 10
26 254 5
26 263 4
26 268 5
26 271 3
26 287 7
26 295 1
26 305 4
26 313 9
26 333 4
26 335 5
26 339 9
26 340 10
26 345 3
26 353 3
26 360 8
26 365 8
26 380 8
26 384 2
26 388 4
27 30 4
27 36 8
27 38 2
27 39 1
27 55 5
27 65 1
27 71 1
27 92 8
27 98 1
27 111 5
27 113 7
27 122 1
27 126 6
27 133 9
27 138 1
27 153 7
27 158 6
27 163 10
27 166 10
27 176 7
27 190 8
27 207 7
27 211 5
27 217 4
27 231 5
27 244 4
27 245 6
27 251 7
27 262 4
27 263 4
27 270 6
27 279 8
27 295 1
27 327 3
27 340 1
27 366 10
27 375 4
27 378 8
27 399 4
28 29 6
28 31 6
28 41 6
28 51 4
28 52 8
28 53 1
28 65 1
28 68 5
28 95 6
28 96 9
28 101 4
28 120 6
28 130 8
28 141 7
28 147 6
28 148 9
28 155 6
28 160 8
28 174 7
28 187 9
28 196 4
28 197 6
28 199 7
28 210 10
28 221 6
28 222 5
28 223 9
28 225 3
28 229 2
28 230 8
28 237 6
28 239 9
28 267 2
28 270 9
28 288 6
28 290 9
28 308 6
28 319 9
28 320 2
28 322 9
28 325 1
28 328 10
28 332 1
28 335 10
28 338 10
28 342 2
28 344 10
28 347 8
28 350 6
28 353 1
28 379 6
28 392 4
28 396 8
29 39 8
29 43 5
29 54 4
29 55 3
29 64 8
29 72 3
29 84 7
29 94 7
29 109 8
29 112 8
29 145 1
29 154 6
29 176 10
29 181 7
29 193 5
29 197 10
29 199 9
29 208 10
29 219 5
29 226 9
29 256 3
29 263 8
29 270 2
29 291 2
29 305 1
29 317 7
29 339 6
29 348 10
29 358 7
29 369 5
29 371 4
29 382 9
29 385 8
30 38 6
30 39 8
30 55 3
30 67 6
30 79 6
30 80 3
30 95 5
30 101 6
30 102 9
30 103 4
30 126 5
30 129 10
30 152 4
30 153 7
30 155 2
30 159 3
30 165 9
30 176 8
30 193 4
30 199 9
30 217 5
30 233 2
30 237 6
30 239 10
30 246 8
30 248 8
30 265 5
30 268 6
30 282 9
30 283 9
30 288 1
30 290 2
30 300 9
30 320 5
30 328 5
30 337 10
30 338 10
30 385 4
30 394 1
31 33 5
31 54 1
31 60 5
31 77 1
31 82 9
31 86 9
31 98 4
31 112 7
31 127 7
31 135 5
31 150 9
31 154 3
31 163 5
31 170 6
31 180 5
31 185 4
31 186 1
31 197 4
31 207 2
31 214 8
31 223 7
31 230 10
31 233 6
31 235 1
31 240 1
31 248 2
31 256 3
31 299 7
31 310 8
31 314 2
31 391 2
31 392 9
32 73 4
32 87 4
32 91 1
32 104 10
32 107 5
32 111 5
32 112 8
32 122 3
32 126 5
32 129 6
32 141 3
32 146 9
32 147 3
32 159 8
32 162 7
32 173 2
32 180 3
32 203 10
32 211 4
32 242 6
32 252 3
32 263 10
32 271 9
32 295 10
32 331 10
32 334 6
32 341 10
32 343 10
32 345 8
32 351 10
32 354 8
32 357 3
32 365 1
32 373 2
32 374 7
32 380 8
32 381 3
32 389 9
32 394 7
32 398 7
32 400 4
33 43 5
33 47 7
33 55 3
33 64 5
33 65 5
33 68 1
33 72 10
33 88 10
33 132 4
33 145 6
33 146 9
33 157 2
33 162 10
33 169 10
33 175 3
33 211 10
33 215 8
33 221 6
33 225 7
33 230 9
33 234 5
33 235 6
33 267 7
33 273 4
33 297 5
33 299 8
33 301 1
33 326 6
33 341 7
33 358 7
33 368 1
33 397 10
34 40 2
34 45 8
34 61 4
34 62 1
34 66 8
34 76 1
34 91 6
34 110 3
34 112 10
34 121 10
34 124 5
34 129 8
34 136 9
34 155 1
34 163 7
34 166 8
34 173 6
34 191 10
34 194 5
34 254 5
34 258 2
34 260 8
34 275 9
34 281 7
34 283 4
34 284 5
34 286 5
34 291 2
34 296 5
34 303 2
34 343 3
34 352 4
34 358 2
34 361 7
34 363 8
34 367 9
34 373 6
34 381 8
34 388 4
35 42 9
35 51 4
35 79 8
35 89 5
35 105 9
35 123 8
35 127 10
35 131 10
35 139 8
35 144 10
35 146 10
35 147 10
35 149 3
35 153 10
35 157 4
35 158 10
35 163 7
35 167 7
35 189 4
35 205 2
35 221 1
35 261 7
35 265 3
35 266 10
35 267 8
35 273 7
35 296 9
35 297 10
35 333 6
35 337 4
35 348 10
35 354 8
35 359 2
35 361 10
35 379 10
35 384 7
35 387 10
36 42 2
36 44 4
36 46 7
36 68 1
36 80 2
36 115 7
36 120 8
36 135 9
36 154 4
36 155 9
36 178 1
36 205 10
36 215 10
36 224 1
36 243 4
36 282 8
36 289 9
36 304 7
36 310 4
36 326 4
36 330 6
36 331 8
36 360 8
36 373 5
36 392 8
36 395 8
37 40 10
37 48 7
37 60 1
37 61 5
37 66 1
37 83 8
37 90 9
37 101 9
37 111 8
37 119 8
37 124 10
37 131 10
37 139 3
37 143 7
37 148 10
37 163 6
37 169 9
37 173 6
37 175 3
37 215 9
37 219 6
37 224 4
37 236 3
37 262 6
37 265 2
37 274 7
37 280 10
37 288 5
37 289 2
37 290 6
37 310 9
37 316 7
37 321 3
37 331 2
37 332 9
37 334 2
37 336 3
37 338 6
37 346 5
37 354 3
37 364 7
37 378 8
37 390 1
37 394 1
38 45 2
38 47 1
38 50 2
38 96 1
38 99 8
38 105 8
38 120 2
38 130 5
38 139 7
38 161 7
38 163 6
38 166 6
38 176 8
38 177 4
38 180 10
38 183 2
38 184 3
38 195 10
38 211 7
38 215 8
38 264 4
38 269 6
38 273 8
38 280 10
38 288 1
38 315 2
38 320 4
38 340 4
38 347 5
38 355 7
38 363 8
38 374 1
38 389 10
38 392 3
38 395 6
38 400 6
39 41 10
39 42 7
39 45 2
39 55 4
39 59 5
39 64 9
39 91 9
39 109 2
39 126 9
39 139 4
39 151 8
39 182 2
39 189 7
39 191 8
39 196 1
39 201 3
39 222 1
39 231 1
39 232 7
39 242 6
39 244 4
39 251 3
39 261 10
39 262 1
39 263 4
39 273 2
39 281 9
39 296 6
39 320 6
39 321 8
39 330 8
39 356 5
39 370 10
39 372 4
39 373 8
39 376 8
39 386 5
40 57 10
40 72 1
40 84 5
40 90 7
40 92 2
40 99 6
40 111 6
40 129 10
40 131 3
40 136 6
40 142 3
40 156 6
40 162 9
40 189 9
40 204 7
40 213 5
40 237 5
40 243 3
40 254 5
40 256 10
40 258 9
40 262 3
40 275 7
40 277 1
40 281 9
40 305 10
40 316 7
40 333 10
40 348 1
40 395 2
41 47 3
41 65 5
41 68 9
41 71 4
41 74 2
41 81 10
41 87 10
41 101 3
41 125 9
41 128 2
41 130 10
41 137 5
41 148 5
41 152 9
41 156 8
41 157 5
41 178 8
41 180 2
41 182 8
41 188 1
41 199 5
41 202 9
41 214 10
41 221 6
41 234 2
41 235 9
41 237 5
41 244 4
41 261 2
41 262 6
41 266 2
41 271 2
41 280 2
41 288 7
41 294 9
41 308 3
41 314 6
41 315 8
41 316 8
41 327 9
41 353 1
41 382 2
41 396 8
42 57 3
42 74 4
42 76 8
42 79 1
42 83 2
42 92 3
42 105 4
42 122 1
42 123 9
42 139 1
42 142 2
42 145 10
42 175 2
42 184 8
42 205 10
42 207 4
42 213 5
42 222 5
42 252 6
42 255 4
42 258 7
42 259 10
42 270 6
42 278 9
42 282 5
42 290 9
42 292 9
42 293 3
42 305 6
42 316 3
42 330 5
42 332 5
42 355 6
42 356 7
42 359 1
42 361 10
42 362 3
42 378 9
42 379 9
42 384 5
42 396 2
42 397 10
43 44 5
43 61 8
43 67 3
43 71 4
43 88 5
43 97 8
43 115 10
43 123 3
43 130 6
43 134 9
43 143 4
43 189 1
43 191 7
43 212 4
43 220 2
43 227 8
43 256 4
43 261 4
43 279 10
43 287 3
43 289 7
43 300 8
43 305 5
43 309 9
43 317 9
43 319 1
43 320 8
43 330 1
43 342 7
43 347 4
43 359 10
43 361 7
43 380 4
43 393 9
44 50 1
44 87 7
44 95 5
44 97 4
44 101 5
44 104 7
44 112 9
44 121 10
44 124 5
44 131 5
44 141 7
44 142 3
44 174 3
44 178 8
44 197 2
44 200 2
44 221 7
44 227 2
44 237 7
44 246 1
44 247 9
44 274 3
44 301 5
44 302 9
44 305 6
44 323 10
44 353 7
44 363 6
44 378 8
45 50 9
45 52 2
45 62 9
45 77 1
45 79 7
45 82 2
45 92 8
45 93 1
45 104 3
45 119 5
45 127 4
45 143 9
45 145 6
45 147 5
45 201 10
45 204 7
45 211 4
45 216 1
45 233 4
45 242 10
45 244 8
45 268 7
45 269 2
45 273 10
45 277 7
45 283 5
45 284 2
45 290 10
45 291 10
45 293 2
45 309 6
45 386 9
45 391 10
45 395 5
46 52 8
46 56 8
46 70 10
46 71 5
46 73 4
46 78 8
46 79 6
46 81 5
46 82 6
46 91 4
46 123 6
46 134 1
46 139 10
46 145 10
46 154 9
46 160 9
46 177 5
46 183 1
46 189 5
46 203 6
46 212 4
46 226 6
46 228 5
46 231 7
46 233 8
46 250 4
46 265 4
46 267 1
46 283 7
46 289 9
46 294 1
46 296 6
46 298 9
46 300 10
46 326 8
46 329 5
46 346 5
46 375 7
46 391 10
46 394 10
46 400 1
47 50 10
47 55 10
47 57 4
47 58 2
47 67 3
47 80 3
47 93 8
47 101 3
47 107 5
47 115 10
47 116 5
47 117 8
47 153 2
47 170 7
47 175 7
47 184 4
47 190 7
47 193 10
47 199 5
47 210 1
47 216 5
47 225 7
47 242 3
47 251 9
47 259 8
47 276 2
47 279 7
47 297 4
47 318 9
47 325 2
47 332 3
47 342 1
47 349 9
47 358 6
47 375 1
47 400 4
48 82 8
48 84 9
48 91 3
48 92 6
48 99 7
48 101 4
48 103 6
48 106 4
48 113 2
48 117 1
48 157 8
48 171 2
48 177 10
48 195 4
48 201 9
48 222 4
48 224 4
48 226 4
48 245 1
48 257 10
48 270 1
48 275 2
48 277 7
48 279 8
48 284 4
48 290 7
48 296 8
48 297 2
48 300 5
48 303 6
48 304 10
48 314 8
48 341 1
48 354 9
48 357 1
48 373 5
49 51 6
49 59 5
49 65 6
49 69 2
49 72 1
49 80 4
49 92 7
49 103 2
49 118 10
49 159 7
49 160 10
49 170 2
49 172 2
49 198 4
49 201 7
49 219 9
49 230 4
49 240 6
49 249 6
49 250 4
49 262 7
49 274 4
49 282 4
49 285 10
49 291 2
49 294 10
49 310 2
49 322 6
49 328 3
49 332 10
49 342 1
49 348 9
49 356 4
49 386 2
50 54 1
50 64 7
50 72 4
50 85 9
50 94 4
50 97 10
50 100 5
50 103 10
50 108 7
50 112 4
50 125 1
50 130 3
50 152 8
50 158 1
50 175 1
50 176 6
50 182 3
50 184 2
50 195 8
50 202 6
50 216 4
50 221 10
50 227 10
50 243 5
50 257 5
50 270 3
50 274 8
50 285 9
50 308 6
50 330 4
50 341 5
50 343 5
50 354 9
50 386 1
50 390 6
50 391 3
50 394 5
50 397 7
51 53 9
51 54 7
51 57 8
51 71 7
51 72 7
51 83 1
51 101 5
51 108 2
51 110 3
51 137 8
51 154 4
51 165 9
51 166 2
51 170 9
51 199 8
51 210 6
51 232 10
51 248 7
51 262 6
51 276 4
51 297 2
51 303 3
51 305 8
51 313 6
51 320 3
51 344 4
51 361 10
51 368 10
51 369 5
51 389 9
52 71 8
52 73 7
52 85 1
52 104 2
52 113 3
52 134 8
52 137 1
52 150 9
52 157 10
52 164 3
52 171 5
52 176 8
52 203 4
52 227 1
52 270 3
52 279 2
52 310 4
52 316 7
52 340 3
52 344 8
52 345 7
52 354 3
52 358 4
52 364 1
52 368 4
52 371 4
53 67 10
53 73 10
53 81 2
53 100 8
53 125 8
53 127 7
53 139 5
53 143 9
53 150 4
53 156 1
53 163 4
53 182 1
53 196 1
53 197 3
53 201 4
53 207 6
53 209 4
53 221 6
53 223 8
53 238 9
53 239 5
53 241 6
53 254 3
53 255 3
53 261 1
53 262 7
53 264 7
53 284 2
53 298 3
53 313 1
53 326 9
53 347 5
53 348 5
53 354 1
53 355 5
53 370 10
53 378 2
53 383 5
53 389 8
53 391 2
54 59 5
54 66 2
54 71 8
54 76 3
54 84 6
54 95 7
54 99 6
54 102 10
54 106 8
54 107 10
54 113 10
54 116 10
54 117 9
54 119 4
54 124 2
54 142 6
54 152 9
54 153 10
54 173 1
54 175 6
54 177 3
54 182 5
54 189 2
54 195 9
54 223 3
54 237 5
54 254 5
54 257 2
54 263 8
54 283 9
54 296 7
54 300 1
54 310 7
54 315 8
54 327 4
54 330 8
54 332 9
54 335 9
54 347 6
54 374 9
54 380 3
54 391 6
55 60 6
55 77 10
55 100 9
55 164 1
55 174 6
55 182 8
55 185 7
55 220 2
55 227 5
55 235 4
55 237 6
55 256 6
55 257 6
55 263 10
55 272 9
55 274 1
55 280 4
55 291 8
55 323 4
55 327 5
55 338 3
55 355 8
55 364 7
55 379 4
55 391 4
56 70 10
56 94 4
56 96 8
56 97 2
56 106 7
56 112 2
56 120 8
56 141 5
56 142 9
56 147 10
56 150 6
56 151 5
56 154 7
56 164 5
56 187 9
56 198 3
56 211 8
56 221 8
56 222 7
56 226 5
56 233 9
56 252 2
56 255 7
56 264 8
56 267 6
56 292 2
56 293 7
56 321 4
56 326 9
56 329 1
56 337 3
56 341 2
56 354 8
56 359 9
56 361 10
56 380 10
56 396 3
56 398 5
57 72 7
57 78 3
57 83 6
57 93 2
57 95 8
57 115 1
57 126 1
57 131 7
57 142 4
57 147 6
57 151 7
57 158 3
57 165 8
57 166 1
57 183 7
57 186 10
57 221 4
57 237 7
57 247 1
57 251 5
57 258 10
57 282 8
57 290 10
57 300 8
57 308 6
57 319 9
57 339 5
57 340 9
57 342 1
57 359 7
57 369 6
57 380 6
57 381 6
57 393 8
57 396 1
58 63 10
58 144 7
58 161 1
58 166 1
58 203 8
58 204 1
58 208 6
58 233 5
58 234 8
58 249 4
58 254 3
58 259 8
58 270 1
58 284 4
58 287 1
58 296 5
58 314 5
58 317 6
58 341 2
58 345 10
58 368 3
58 371 8
58 372 3
58 393 9
58 395 4
59 63 7
59 66 4
59 68 2
59 93 5
59 120 10
59 131 5
59 136 9
59 143 1
59 151 10
59 167 4
59 173 4
59 177 8
59 180 2
59 190 7
59 199 6
59 212 1
59 214 4
59 237 3
59 240 7
59 252 8
59 254 9
59 263 5
59 279 4
59 286 4
59 303 8
59 321 6
59 329 2
59 342 3
59 352 5
59 368 10
59 376 4
59 393 6
59 397 2
60 62 8
60 96 9
60 100 9
60 165 5
60 167 2
60 170 3
60 177 3
60 179 9
60 180 2
60 200 6
60 208 1
60 222 6
60 226 6
60 248 1
60 269 3
60 305 1
60 308 4
60 310 8
60 313 2
60 314 1
60 330 5
60 340 7
60 351 4
60 353 4
60 354 9
60 357 8
60 360 3
60 363 4
60 369 10
60 377 8
60 390 5
61 64 1
61 71 3
61 72 4
61 88 10
61 91 5
61 95 3
61 102 2
61 103 5
61 107 10
61 110 10
61 125 1
61 127 10
61 143 6
61 145 10
61 157 4
61 165 7
61 167 5
61 184 4
61 185 6
61 189 6
61 204 5
61 209 4
61 214 10
61 223 4
61 235 5
61 238 6
61 245 2
61 295 2
61 297 2
61 306 3
61 307 7
61 322 4
61 334 9
61 340 4
61 343 6
61 370 7
61 372 7
61 387 3
61 388 4
61 390 8
62 65 3
62 66 10
62 71 6
62 103 5
62 110 4
62 116 4
62 129 5
62 134 5
62 142 9
62 145 2
62 146 3
62 184 9
62 191 1
62 194 10
62 200 6
62 215 5
62 218 7
62 234 7
62 235 5
62 248 8
62 253 2
62 281 4
62 290 10
62 320 3
62 321 2
62 332 4
62 336 5
62 338 2
62 350 6
62 371 5
62 376 8
62 377 9
62 382 10
62 383 7
62 398 5
63 69 8
63 74 4
63 98 7
63 109 6
63 118 2
63 119 3
63 122 10
63 126 4
63 137 3
63 143 7
63 149 8
63 150 4
63 153 6
63 154 4
63 163 4
63 168 7
63 200 8
63 207 10
63 219 2
63 225 7
63 242 3
63 254 5
63 270 7
63 324 6
63 358 10
63 379 4
63 391 4
64 82 7
64 93 8
64 103 2
64 104 6
64 105 1
64 113 2
64 119 3
64 139 1
64 147 10
64 159 6
64 162 5
64 164 7
64 178 2
64 202 6
64 203 2
64 206 8
64 221 10
64 222 5
64 223 10
64 229 4
64 239 8
64 241 9
64 242 3
64 245 2
64 248 10
64 256 5
64 286 7
64 292 7
64 299 9
64 305 4
64 308 3
64 322 9
64 329 6
64 334 8
64 344 1
64 348 8
64 351 2
64 368 2
64 372 5
64 375 1
64 379 9
64 382 1
64 388 5
64 389 1
64 392 3
65 85 6
65 90 9
65 91 6
65 92 1
65 124 3
65 132 5
65 136 9
65 142 9
65 146 7
65 155 3
65 160 8
65 161 9
65 198 5
65 203 2
65 220 4
65 249 5
65 254 6
65 264 7
65 272 4
65 278 8
65 283 2
65 309 3
65 310 4
65 334 7
65 345 1
65 360 8
65 373 8
65 377 3
66 69 10
66 72 10
66 73 5
66 74 8
66 76 4
66 79 8
66 83 2
66 90 6
66 98 6
66 105 5
66 112 2
66 119 1
66 125 5
66 131 1
66 132 3
66 139 6
66 152 2
66 156 7
66 164 1
66 171 2
66 173 8
66 181 6
66 185 3
66 187 7
66 189 7
66 193 2
66 195 3
66 208 9
66 218 5
66 230 10
66 244 10
66 250 9
66 269 1
66 270 4
66 287 3
66 295 4
66 300 1
66 314 4
66 325 6
66 350 6
66 357 10
66 361 5
66 365 9
66 368 3
66 378 3
66 380 4
66 388 5
66 393 6
67 79 7
67 80 1
67 88 9
67 109 3
67 118 5
67 140 6
67 150 3
67 155 10
67 159 7
67 165 1
67 173 2
67 180 2
67 181 8
67 194 3
67 215 4
67 220 3
67 234 3
67 235 1
67 237 3
67 238 6
67 244 5
67 245 1
67 246 2
67 257 5
67 265 3
67 270 5
67 274 3
67 281 4
67 283 5
67 285 3
67 297 8
67 299 6
67 317 8
67 329 2
67 330 2
67 333 3
67 348 9
67 355 5
67 359 1
67 387 1
67 388 6
67 391 4
68 71 5
68 79 10
68 87 3
68 95 3
68 101 4
68 109 8
68 114 1
68 121 8
68 123 2
68 136 5
68 146 3
68 155 2
68 159 1
68 165 3
68 169 6
68 196 3
68 217 3
68 219 2
68 229 6
68 243 7
68 246 7
68 250 3
68 253 10
68 266 8
68 275 4
68 278 7
68 292 5
68 298 8
68 305 1
68 315 6
68 319 8
68 329 1
68 356 1
68 375 9
68 380 10
68 382 1
68 394 3
68 395 2
68 396 4
69 87 5
69 88 1
69 97 1
69 98 3
69 116 6
69 140 7
69 149 6
69 153 8
69 158 9
69 170 1
69 180 8
69 195 1
69 196 2
69 197 3
69 203 5
69 208 8
69 209 4
69 230 10
69 264 8
69 273 2
69 284 4
69 291 4
69 293 7
69 311 9
69 326 9
69 331 1
69 335 4
69 339 4
69 367 8
69 370 7
69 372 3
69 381 9
69 390 5
69 392 4
70 72 8
70 74 1
70 76 2
70 79 3
70 92 8
70 99 10
70 104 7
70 122 6
70 147 5
70 148 6
70 164 1
70 165 7
70 170 5
70 188 5
70 206 2
70 208 3
70 210 8
70 219 3
70 229 8
70 254 7
70 260 9
70 263 10
70 268 8
70 272 4
70 286 3
70 293 3
70 294 10
70 297 8
70 312 1
70 323 9
70 330 9
70 356 10
70 389 6
70 400 1
71 74 7
71 80 6
71 91 9
71 93 4
71 96 9
71 98 4
71 107 2
71 115 5
71 119 1
71 124 7
71 128 9
71 131 7
71 133 9
71 143 6
71 144 7
71 156 3
71 180 3
71 223 1
71 230 3
71 235 3
71 240 6
71 247 7
71 253 4
71 256 3
71 260 7
71 273 10
71 275 8
71 279 10
71 280 8
71 307 8
71 309 9
71 312 9
71 313 7
71 356 10
71 365 6
71 374 4
71 378 2
71 391 1
72 75 5
72 79 3
72 87 8
72 90 1
72 93 7
72 126 5
72 128 8
72 134 3
72 140 1
72 178 7
72 204 4
72 218 2
72 220 5
72 225 2
72 234 8
72 249 5
72 261 9
72 264 6
72 265 1
72 272 5
72 292 2
72 298 7
72 306 3
72 308 6
72 312 8
72 337 4
72 350 1
72 359 5
72 370 10
73 76 4
73 78 3
73 82 8
73 89 5
73 90 2
73 93 4
73 97 2
73 102 3
73 108 10
73 117 1
73 130 3
73 132 8
73 162 4
73 181 2
73 207 10
73 218 1
73 219 1
73 246 10
73 259 5
73 260 1
73 265 9
73 270 9
73 272 2
73 274 8
73 319 1
73 332 2
73 350 3
73 353 8
73 354 6
73 357 5
73 365 5
73 382 2
73 387 4
73 395 7
74 80 5
74 86 5
74 113 2
74 118 4
74 119 2
74 133 6
74 146 6
74 176 2
74 184 7
74 196 10
74 218 4
74 222 9
74 225 10
74 230 1
74 242 3
74 246 1
74 251 8
74 274 6
74 275 7
74 295 1
74 301 5
74 304 4
74 316 3
74 324 6
74 332 9
74 333 4
74 336 1
74 345 9
74 365 10
74 367 7
74 371 7
74 380 10
74 389 10
74 398 6
75 78 8
75 87 5
75 90 8
75 93 7
75 95 4
75 133 10
75 164 9
75 172 7
75 190 4
75 198 6
75 202 8
75 210 2
75 214 6
75 216 4
75 228 6
75 230 1
75 233 9
75 254 8
75 258 5
75 266 10
75 288 9
75 297 3
75 306 4
75 311 2
75 315 5
75 316 4
75 317 6
75 343 6
75 371 3
75 373 5
75 384 1
76 79 5
76 102 6
76 112 9
76 120 8
76 132 2
76 143 5
76 162 9
76 192 9
76 216 10
76 217 3
76 223 9
76 227 8
76 258 6
76 270 6
76 271 1
76 275 9
76 282 8
76 288 2
76 293 6
76 299 7
76 306 2
76 317 9
76 320 1
76 321 7
76 324 3
76 354 5
76 359 3
76 387 5
76 389 10
76 399 4
77 81 4
77 89 1
77 96 3
77 99 2
77 112 9
77 113 4
77 122 3
77 126 10
77 141 10
77 148 10
77 150 4
77 153 1
77 168 8
77 170 3
77 182 1
77 193 6
77 204 9
77 210 8
77 216 6
77 239 6
77 241 7
77 247 1
77 252 1
77 259 6
77 263 7
77 269 10
77 271 3
77 283 2
77 285 6
77 304 1
77 311 9
77 315 2
77 329 5
77 337 8
77 340 10
77 350 7
77 359 9
77 363 9
77 366 2
77 389 1
77 393 2
77 398 5
77 399 1
77 400 1
78 85 3
78 91 7
78 111 10
78 117 3
78 123 7
78 137 5
78 139 4
78 142 1
78 144 2
78 150 8
78 153 7
78 170 4
78 180 9
78 194 5
78 200 2
78 217 8
78 247 1
78 262 5
78 278 9
78 290 5
78 295 9
78 312 6
78 317 6
78 323 8
78 325 10
78 329 1
78 332 10
78 336 5
78 344 4
78 348 10
78 357 3
78 379 2
78 386 5
78 391 8
78 395 4
79 80 8
79 93 4
79 98 4
79 111 2
79 129 6
79 131 7
79 132 4
79 133 4
79 138 5
79 147 10
79 155 10
79 161 1
79 174 1
79 185 1
79 188 9
79 237 6
79 248 2
79 255 6
79 257 3
79 309 4
79 312 1
79 317 6
79 323 10
79 342 4
79 359 6
79 362 5
79 366 10
79 381 4
79 383 10
79 391 3
80 85 4
80 134 4
80 151 2
80 152 7
80 159 10
80 177 1
80 183 4
80 191 8
80 201 5
80 208 10
80 209 9
80 218 7
80 222 1
80 230 9
80 235 3
80 243 1
80 262 2
80 264 8
80 279 2
80 291 5
80 293 7
80 305 10
80 318 6
80 322 2
80 323 2
80 342 6
80 354 2
80 358 7
80 362 2
81 108 9
81 114 10
81 119 7
81 136 7
81 146 3
81 147 4
81 162 4
81 164 5
81 199 10
81 207 1
81 212 2
81 234 2
81 262 10
81 265 9
81 270 9
81 276 2
81 311 4
81 326 2
81 330 9
81 373 7
81 396 7
82 84 3
82 85 8
82 91 7
82 92 2
82 94 9
82 103 6
82 107 9
82 108 7
82 118 8
82 137 6
82 165 10
82 167 2
82 177 5
82 227 6
82 230 9
82 236 10
82 239 10
82 244 4
82 246 7
82 249 10
82 250 7
82 263 1
82 280 6
82 281 2
82 282 2
82 284 8
82 289 3
82 294 5
82 297 8
82 303 7
82 308 1
82 318 6
82 323 1
82 328 8
82 329 6
82 368 8
82 369 5
82 376 7
82 379 4
82 389 1
82 394 8
83 102 2
83 111 6
83 115 10
83 146 8
83 151 7
83 155 3
83 188 9
83 199 9
83 217 9
83 221 3
83 239 9
83 243 7
83 246 3
83 251 4
83 252 2
83 255 3
83 261 6
83 263 8
83 285 1
83 300 8
83 303 5
83 327 9
83 348 10
83 349 9
83 351 3
83 377 3
83 381 8
83 400 2
84 116 9
84 135 6
84 143 5
84 159 9
84 165 9
84 177 9
84 205 9
84 208 3
84 227 4
84 229 4
84 234 6
84 238 5
84 245 2
84 247 2
84 260 7
84 263 10
84 268 6
84 279 10
84 294 8
84 304 7
84 311 7
84 322 6
84 327 5
84 387 5
84 395 10
85 86 2
85 108 7
85 140 1
85 149 9
85 155 9
85 166 2
85 169 9
85 181 1
85 185 6
85 187 6
85 200 10
85 217 9
85 225 5
85 235 6
85 252 3
85 258 3
85 261 1
85 264 2
85 281 7
85 298 9
85 299 2
85 305 7
85 311 10
85 339 4
85 343 5
85 346 3
85 359 2
85 360 4
85 379 4
85 384 8
86 91 3
86 92 7
86 98 4
86 117 1
86 128 2
86 131 3
86 142 10
86 180 8
86 193 6
86 205 8
86 208 5
86 219 4
86 222 5
86 233 2
86 258 2
86 282 4
86 289 1
86 327 5
86 331 10
86 335 8
86 337 1
86 342 5
86 353 8
86 356 4
86 366 6
86 387 6
86 389 8
87 112 6
87 149 1
87 152 6
87 195 4
87 204 2
87 214 6
87 222 6
87 229 10
87 241 1
87 243 1
87 252 2
87 266 7
87 267 2
87 281 6
87 284 5
87 301 10
87 303 5
87 309 5
87 320 9
87 321 3
87 324 9
87 330 7
87 337 2
87 352 8
87 356 5
88 95 9
88 97 8
88 116 8
88 117 4
88 124 6
88 125 7
88 126 2
88 138 5
88 145 10
88 147 9
88 167 8
88 180 10
88 182 7
88 188 8
88 225 7
88 242 7
88 249 7
88 261 6
88 270 9
88 271 4
88 280 4
88 291 5
88 306 3
88 326 8
88 329 8
88 343 6
88 346 2
88 365 9
88 374 2
88 375 2
88 380 8
88 392 10
89 127 10
89 133 2
89 137 9
89 140 6
89 159 7
89 195 1
89 212 5
89 213 9
89 231 5
89 278 2
89 309 8
89 310 8
89 314 9
89 325 10
89 336 10
89 347 4
89 350 6
89 354 9
89 355 2
89 358 3
89 365 5
89 382 10
89 396 5
90 106 5
90 114 10
90 126 10
90 127 9
90 128 10
90 130 1
90 138 5
90 144 5
90 146 1
90 150 7
90 152 4
90 159 8
90 170 5
90 171 9
90 178 7
90 196 8
90 215 2
90 221 7
90 225 3
90 240 8
90 252 9
90 258 4
90 287 5
90 311 7
90 316 9
90 322 9
90 325 5
90 333 10
90 340 5
90 342 7
90 361 6
90 369 5
90 388 4
90 391 1
90 394 2
90 400 6
91 97 7
91 102 3
91 114 5
91 127 4
91 143 10
91 162 9
91 167 7
91 172 6
91 176 7
91 179 5
91 203 5
91 206 2
91 212 8
91 213 5
91 228 8
91 248 6
91 255 4
91 275 2
91 277 6
91 281 2
91 318 7
91 322 6
91 324 7
91 326 4
91 327 9
91 335 4
91 374 8
91 400 1
92 99 4
92 141 2
92 142 5
92 161 5
92 164 1
92 172 1
92 206 2
92 212 3
92 219 5
92 226 1
92 248 4
92 251 10
92 252 4
92 271 3
92 286 1
92 297 6
92 303 10
92 311 6
92 317 3
92 322 7
92 339 2
92 342 2
92 353 9
92 364 8
92 369 9
92 371 6
92 386 9
93 99 6
93 105 5
93 109 8
93 129 3
93 177 6
93 210 7
93 234 1
93 264 6
93 273 8
93 279 7
93 292 2
93 301 1
93 310 2
93 322 2
93 341 5
93 365 7
93 372 2
93 388 5
93 393 8
93 394 10
93 395 8
94 111 1
94 116 7
94 121 6
94 129 4
94 132 4
94 137 2
94 141 3
94 147 3
94 155 4
94 163 10
94 215 6
94 224 1
94 272 8
94 288 1
94 292 10
94 308 6
94 314 3
94 325 3
94 341 8
94 378 3
94 385 6
95 98 4
95 110 6
95 122 2
95 124 5
95 127 1
95 130 4
95 133 3
95 157 9
95 164 4
95 204 2
95 206 4
95 210 5
95 217 5
95 220 6
95 236 3
95 245 1
95 265 8
95 278 7
95 287 2
95 295 7
95 300 1
95 314 6
95 316 10
95 317 7
95 327 3
95 337 1
95 341 6
95 347 10
95 350 5
95 361 4
95 370 1
96 97 9
96 112 1
96 124 6
96 125 9
96 130 7
96 152 10
96 168 6
96 190 6
96 213 5
96 214 5
96 236 10
96 241 4
96 322 4
96 338 8
96 342 5
96 346 9
96 357 3
96 358 6
96 379 9
96 386 9
96 391 9
96 400 6
97 101 7
97 103 6
97 136 10
97 159 8
97 182 5
97 188 3
97 189 3
97 192 4
97 197 1
97 207 6
97 211 10
97 225 9
97 232 9
97 248 8
97 260 2
97 274 9
97 275 2
97 279 10
97 294 4
97 323 1
97 343 1
97 361 1
97 373 3
97 376 9
97 383 3
98 102 3
98 139 8
98 147 9
98 150 9
98 177 5
98 188 7
98 209 1
98 228 2
98 233 3
98 246 10
98 256 3
98 269 3
98 270 9
98 275 3
98 279 3
98 291 5
98 297 6
98 317 2
98 350 4
98 352 5
98 353 10
98 370 1
98 376 3
98 381 8
98 387 10
98 393 8
99 113 3
99 131 2
99 143 6
99 144 8
99 147 8
99 152 5
99 155 8
99 160 10
99 172 8
99 195 9
99 224 4
99 271 1
99 279 4
99 294 10
99 307 9
99 320 1
99 322 8
99 333 1
99 337 5
99 338 8
99 345 2
99 348 2
99 349 3
99 353 9
99 362 6
99 372 2
99 374 2
99 389 2
99 394 2
100 108 2
100 124 6
100 131 2
100 196 6
100 205 6
100 216 4
100 230 7
100 234 3
100 251 1
100 261 1
100 265 3
100 279 6
100 332 3
100 338 4
100 340 3
100 356 5
100 373 7
100 396 5
101 102 9
101 107 7
101 115 2
101 120 10
101 124 6
101 130 8
101 132 9
101 143 4
101 149 8
101 158 2
101 161 3
101 178 5
101 189 5
101 200 3
101 204 1
101 215 4
101 227 9
101 234 7
101 271 5
101 276 9
101 278 10
101 279 5
101 287 2
101 291 10
101 292 4
101 297 4
101 310 10
101 360 4
101 374 8
101 385 1
101 386 7
102 123 5
102 168 5
102 176 9
102 182 3
102 189 1
102 190 7
102 197 5
102 206 1
102 212 6
102 216 6
102 226 4
102 241 2
102 245 5
102 257 4
102 268 9
102 272 1
102 273 8
102 276 4
102 281 4
102 290 1
102 298 5
102 301 3
102 316 2
102 319 1
102 322 2
102 331 6
102 341 8
102 342 5
102 343 9
102 349 6
102 351 1
102 363 6
102 365 3
102 374 4
102 375 4
102 377 2
102 394 8
103 119 9
103 146 4
103 148 4
103 149 6
103 188 3
103 193 10
103 203 3
103 209 3
103 229 6
103 231 9
103 236 1
103 268 3
103 290 5
103 307 8
103 308 9
103 327 7
103 330 2
103 338 5
103 345 6
103 369 9
103 380 1
103 386 3
103 387 8
103 398 3
104 106 5
104 119 2
104 125 10
104 128 2
104 139 10
104 146 2
104 181 1
104 200 3
104 207 1
104 213 6
104 225 4
104 229 8
104 257 10
104 269 7
104 274 4
104 280 2
104 288 1
104 289 3
104 302 7
104 303 1
104 305 5
104 308 3
104 313 3
104 317 6
104 338 10
104 344 6
104 363 9
104 393 10
104 396 7
105 122 1
105 124 6
105 128 7
105 135 6
105 148 8
105 151 9
105 154 8
105 163 8
105 167 1
105 176 6
105 182 7
105 185 9
105 189 3
105 200 4
105 202 8
105 210 2
105 220 10
105 222 10
105 223 10
105 224 3
105 227 4
105 229 3
105 237 6
105 242 1
105 256 3
105 268 4
105 272 7
105 302 10
105 304 2
105 306 8
105 313 7
105 320 6
105 333 2
105 342 5
106 117 7
106 119 10
106 124 7
106 135 4
106 146 4
106 147 6
106 151 1
106 155 1
106 172 8
106 185 2
106 186 9
106 197 4
106 198 5
106 207 6
106 227 10
106 239 5
106 243 2
106 253 5
106 258 8
106 260 1
106 291 9
106 313 5
106 316 5
106 331 9
106 340 10
106 347 10
106 350 7
106 377 1
106 390 2
106 391 4
107 108 4
107 120 10
107 122 10
107 161 10
107 178 8
107 188 3
107 193 8
107 194 7
107 200 6
107 204 6
107 210 6
107 216 1
107 218 2
107 227 3
107 254 7
107 266 6
107 269 2
107 280 9
107 289 4
107 304 8
107 306 5
107 310 3
107 318 6
107 321 5
107 333 10
107 335 8
107 337 2
107 338 7
107 353 8
107 372 7
107 391 9
108 118 9
108 126 5
108 129 9
108 142 7
108 148 7
108 156 6
108 159 8
108 175 9
108 176 5
108 182 9
108 188 8
108 191 1
108 194 9
108 221 8
108 222 6
108 235 8
108 252 6
108 255 7
108 258 10
108 307 2
108 319 4
108 344 6
108 353 5
108 356 8
108 363 4
108 378 3
108 386 1
108 389 4
108 396 3
109 114 6
109 116 10
109 118 4
109 125 2
109 150 6
109 157 2
109 184 6
109 192 6
109 209 3
109 229 10
109 231 2
109 234 2
109 235 3
109 252 5
109 273 6
109 275 1
109 278 2
109 284 9
109 286 1
109 288 5
109 294 10
109 298 5
109 306 5
109 313 8
109 316 3
109 328 6
109 337 8
109 350 5
109 356 4
109 358 2
109 370 10
109 379 4
109 386 3
109 394 6
110 140 10
110 146 5
110 152 7
110 160 8
110 163 7
110 169 5
110 187 2
110 189 9
110 197 9
110 214 10
110 225 3
110 261 5
110 279 1
110 290 6
110 291 1
110 297 6
110 307 5
110 314 6
110 361 10
110 362 9
110 367 7
110 370 3
110 380 1
110 395 10
110 399 6
111 114 3
111 116 7
111 117 10
111 118 3
111 125 3
111 138 4
111 154 3
111 221 3
111 242 5
111 270 10
111 272 8
111 279 4
111 280 8
111 284 1
111 292 10
111 294 4
111 297 9
111 305 1
111 307 4
111 317 10
111 351 5
111 358 1
111 361 3
111 364 6
111 380 7
111 383 5
111 389 2
112 132 6
112 135 10
112 142 4
112 154 9
112 158 10
112 173 10
112 176 2
112 178 3
112 184 7
112 188 4
112 189 6
112 193 5
112 197 6
112 208 9
112 215 3
112 223 9
112 225 4
112 256 10
112 259 9
112 267 5
112 274 2
112 280 2
112 281 1
112 284 4
112 290 2
112 293 3
112 314 4
112 317 9
112 349 7
112 351 2
112 367 5
112 369 3
112 371 9
112 381 5
112 389 5
113 119 8
113 128 8
113 182 10
113 183 5
113 184 8
113 231 9
113 247 7
113 258 4
113 279 4
113 336 9
113 343 1
113 345 4
113 373 10
113 384 10
113 390 5
114 126 5
114 141 9
114 146 10
114 151 4
114 156 4
114 178 8
114 179 8
114 189 9
114 199 1
114 200 5
114 209 10
114 211 2
114 213 2
114 217 1
114 223 9
114 226 7
114 227 4
114 240 5
114 297 2
114 328 1
114 338 2
114 370 7
114 377 4
114 386 1
114 391 10
114 394 2
115 128 8
115 147 3
115 153 4
115 161 1
115 166 6
115 171 3
115 194 9
115 212 3
115 229 7
115 242 6
115 249 8
115 266 6
115 268 3
115 277 10
115 285 3
115 289 10
115 290 6
115 294 4
115 306 4
115 327 9
115 332 10
115 348 10
115 374 4
115 400 6
116 120 2
116 128 8
116 129 3
116 144 2
116 152 10
116 155 10
116 158 7
116 160 10
116 162 7
116 167 1
116 176 9
116 203 2
116 204 10
116 239 5
116 241 1
116 242 4
116 251 3
116 257 6
116 306 9
116 310 3
116 319 4
116 366 4
116 373 4
116 375 4
117 129 5
117 139 10
117 149 1
117 150 7
117 152 3
117 153 6
117 162 7
117 163 3
117 164 8
117 167 7
117 178 2
117 195 10
117 212 1
117 247 2
117 249 10
117 250 3
117 269 10
117 273 8
117 278 7
117 283 2
117 284 4
117 287 9
117 297 8
117 301 6
117 309 5
117 322 6
117 323 1
117 331 4
117 333 4
117 349 7
117 353 9
117 374 8
117 385 7
117 393 1
117 395 2
117 400 10
118 123 9
118 127 3
118 134 8
118 154 10
118 163 3
118 170 3
118 190 10
118 229 4
118 243 9
118 257 1
118 260 2
118 278 3
118 285 1
118 286 6
118 289 3
118 298 2
118 304 6
118 310 8
118 319 7
118 341 10
118 384 5
118 389 10
119 121 6
119 139 5
119 142 4
119 144 3
119 145 5
119 161 8
119 164 1
119 168 3
119 179 5
119 245 4
119 253 10
119 263 1
119 268 6
119 274 5
119 296 4
119 313 9
119 318 3
119 326 10
119 335 2
119 336 1
119 337 7
119 362 7
119 364 7
119 389 7
119 396 2
119 397 4
120 123 10
120 129 4
120 137 3
120 143 9
120 145 6
120 173 8
120 174 1
120 187 2
120 191 3
120 192 9
120 193 7
120 194 6
120 202 4
120 209 1
120 231 9
120 236 3
120 240 8
120 246 10
120 250 3
120 251 9
120 252 3
120 259 1
120 266 4
120 284 7
120 287 1
120 331 4
120 333 8
120 342 3
120 344 4
120 346 8
120 356 9
120 358 5
120 369 3
120 370 6
120 383 8
120 393 7
121 131 10
121 150 7
121 163 8
121 174 7
121 186 2
121 187 3
121 190 7
121 191 9
121 197 7
121 215 5
121 220 6
121 243 6
121 262 1
121 265 1
121 291 9
121 310 10
121 315 6
121 327 8
121 340 10
121 341 3
121 350 9
121 355 9
121 360 10
121 382 1
121 389 10
121 400 6
122 134 4
122 136 4
122 137 3
122 142 1
122 144 5
122 157 5
122 167 4
122 175 4
122 177 5
122 192 1
122 197 3
122 200 8
122 205 3
122 212 5
122 242 5
122 248 3
122 249 5
122 265 4
122 270 9
122 273 8
122 282 4
122 306 6
122 341 8
122 353 9
122 377 10
122 391 6
123 141 8
123 142 5
123 162 7
123 166 1
123 170 8
123 172 5
123 177 3
123 182 6
123 187 8
123 208 1
123 227 1
123 235 6
123 244 10
123 251 10
123 268 10
123 270 8
123 285 1
123 287 5
123 300 3
123 309 6
123 323 4
123 341 8
123 342 9
123 353 8
123 356 3
123 360 5
123 363 2
123 373 4
123 374 2
123 387 6
124 141 3
124 155 6
124 165 3
124 195 5
124 222 3
124 238 6
124 250 1
124 251 2
124 260 2
124 274 2
124 284 6
124 289 8
124 298 3
124 312 5
124 348 4
124 353 3
124 358 1
124 372 10
124 383 6
124 386 4
125 133 7
125 138 5
125 142 6
125 159 7
125 172 10
125 176 3
125 180 8
125 183 8
125 187 6
125 193 1
125 212 6
125 215 9
125 244 7
125 254 8
125 256 6
125 278 1
125 294 7
125 306 4
125 315 4
125 333 4
125 343 10
125 348 3
125 356 7
125 359 5
125 378 2
125 398 8
126 127 5
126 132 10
126 138 4
126 142 2
126 187 7
126 195 8
126 196 3
126 214 9
126 226 5
126 259 10
126 263 4
126 268 7
126 305 5
126 309 6
126 315 4
126 316 7
126 323 7
126 334 5
126 336 3
126 344 10
126 347 3
126 369 9
126 370 2
126 382 5
127 128 6
127 134 8
127 139 4
127 146 10
127 150 9
127 154 4
127 170 9
127 200 3
127 215 3
127 226 8
127 253 7
127 255 4
127 265 9
127 268 5
127 272 6
127 283 3
127 290 3
127 291 6
127 293 8
127 295 7
127 298 3
127 301 2
127 302 2
127 306 5
127 314 2
127 319 9
127 323 2
127 352 2
127 362 9
127 364 10
127 367 3
127 376 7
127 382 1
127 383 10
127 385 1
127 387 10
127 394 1
128 133 9
128 144 3
128 159 7
128 160 2
128 182 3
128 194 9
128 216 4
128 222 9
128 228 4
128 237 8
128 246 1
128 250 5
128 256 8
128 261 4
128 264 10
128 283 5
128 285 5
128 290 7
128 294 6
128 309 2
128 310 9
128 314 2
128 316 1
128 369 9
128 381 6
128 390 7
129 152 7
129 153 5
129 160 5
129 182 5
129 185 9
129 200 3
129 208 6
129 212 1
129 217 8
129 234 7
129 249 2
129 250 3
129 252 4
129 258 1
129 261 2
129 307 4
129 309 3
129 323 1
129 339 7
129 342 4
129 363 7
129 372 8
129 384 4
129 392 9
129 396 3
130 133 7
130 140 1
130 167 8
130 181 7
130 186 10
130 208 10
130 209 2
130 218 6
130 225 9
130 226 9
130 244 3
130 261 10
130 267 3
130 286 4
130 293 7
130 303 9
130 307 9
130 315 4
130 332 5
130 334 9
130 343 2
130 357 5
130 371 4
130 372 6
130 386 5
131 134 10
131 190 2
131 193 4
131 197 6
131 206 9
131 208 1
131 209 10
131 222 10
131 236 4
131 242 6
131 245 3
131 258 9
131 262 2
131 271 7
131 303 4
131 308 5
131 311 7
131 319 1
131 320 5
131 339 5
131 341 2
131 342 4
131 348 9
131 352 4
131 353 4
131 374 1
131 375 9
131 380 10
131 387 6
132 142 2
132 144 5
132 147 6
132 150 3
132 170 4
132 172 2
132 181 6
132 197 8
132 199 9
132 223 3
132 231 7
132 238 4
132 246 9
132 264 3
132 280 10
132 281 2
132 289 8
132 299 1
132 329 9
132 353 10
132 355 8
132 358 7
132 359 5
132 361 3
132 362 3
132 365 10
132 375 1
132 377 10
132 385 9
132 400 10
133 162 7
133 164 1
133 182 9
133 187 5
133 197 4
133 203 1
133 213 7
133 215 9
133 226 10
133 228 6
133 233 2
133 244 2
133 258 3
133 267 1
133 277 7
133 309 7
133 317 6
133 325 7
133 329 6
133 348 1
133 359 7
133 365 9
133 371 3
133 374 7
133 378 5
133 380 10
134 136 7
134 141 4
134 143 8
134 149 2
134 153 2
134 159 1
134 160 4
134 163 1
134 171 8
134 176 5
134 178 6
134 197 2
134 209 5
134 222 4
134 223 7
134 237 4
134 252 5
134 254 6
134 263 2
134 277 9
134 282 1
134 292 7
134 300 1
134 301 5
134 315 7
134 332 10
134 333 1
134 343 8
134 369 1
134 380 1
134 393 3
135 150 3
135 159 7
135 175 4
135 181 3
135 192 2
135 196 9
135 215 1
135 222 2
135 235 7
135 243 1
135 247 6
135 257 5
135 263 9
135 265 2
135 272 4
135 277 4
135 279 10
135 296 1
135 300 9
135 306 2
135 319 2
135 345 5
135 352 2
135 375 4
135 376 1
136 142 5
136 147 6
136 150 2
136 161 5
136 185 7
136 192 8
136 196 9
136 211 6
136 240 2
136 256 5
136 264 1
136 285 1
136 306 3
136 319 7
136 320 3
136 333 7
136 336 9
136 338 7
136 339 3
136 340 5
136 342 8
136 348 5
136 367 9
136 372 1
136 375 3
136 377 10
136 388 10
136 399 6
137 143 10
137 157 8
137 193 4
137 202 4
137 207 10
137 212 6
137 236 4
137 249 2
137 250 6
137 259 8
137 265 4
137 277 10
137 286 10
137 289 6
137 295 4
137 297 8
137 305 1
137 323 8
137 325 5
137 338 6
137 346 3
137 347 7
137 356 10
137 361 4
137 372 4
137 374 3
137 379 9
138 153 1
138 155 2
138 157 8
138 158 6
138 168 3
138 171 2
138 181 6
138 189 1
138 199 3
138 213 5
138 214 10
138 230 4
138 235 1
138 236 9
138 238 3
138 240 2
138 242 3
138 256 4
138 257 7
138 288 5
138 289 4
138 330 5
138 337 4
138 349 7
138 356 4
138 369 6
138 371 8
138 382 3
138 386 2
138 390 2
138 393 10
139 153 4
139 181 9
139 184 7
139 205 3
139 229 3
139 240 4
139 259 6
139 269 8
139 306 4
139 308 10
139 335 10
139 344 5
139 373 2
139 379 5
139 386 9
139 389 8
139 390 3
140 145 6
140 147 9
140 150 8
140 154 9
140 159 2
140 176 9
140 177 7
140 196 4
140 209 10
140 241 7
140 243 3
140 247 1
140 254 5
140 265 10
140 272 3
140 276 10
140 282 9
140 299 1
140 308 3
140 315 1
140 326 6
140 333 2
140 334 5
140 336 7
140 358 3
140 370 1
140 380 8
140 388 10
140 397 6
141 161 10
141 164 2
141 168 1
141 176 7
141 177 1
141 181 5
141 188 3
141 196 3
141 206 2
141 214 7
141 222 4
141 242 6
141 244 10
141 267 5
141 295 4
141 297 4
141 299 7
141 311 7
141 329 4
141 366 7
141 374 7
141 376 8
141 400 2
142 154 3
142 157 8
142 165 6
142 189 6
142 292 5
142 298 3
142 313 4
142 314 7
142 319 10
142 329 4
142 337 3
142 346 8
142 347 8
142 361 7
142 396 1
143 152 10
143 155 5
143 189 3
143 192 4
143 193 10
143 208 6
143 224 3
143 244 8
143 245 5
143 249 8
143 253 2
143 272 5
143 280 4
143 284 9
143 304 1
143 312 10
143 330 9
143 332 6
143 342 9
143 343 5
143 349 7
143 361 4
143 365 6
143 376 10
143 380 8
143 381 3
143 386 9
143 393 3
143 394 5
143 395 6
144 161 1
144 170 2
144 179 8
144 193 4
144 202 3
144 209 7
144 228 3
144 232 9
144 251 10
144 257 3
144 261 2
144 267 10
144 272 4
144 274 10
144 275 6
144 306 9
144 309 9
144 313 1
144 328 7
144 338 10
144 342 7
144 348 6
144 360 7
144 369 3
144 374 8
144 383 6
145 155 7
145 156 7
145 160 3
145 171 3
145 178 5
145 184 6
145 191 7
145 194 4
145 198 9
145 216 3
145 225 1
145 235 8
145 236 3
145 251 3
145 264 1
145 282 7
145 303 4
145 306 1
145 321 2
145 340 7
145 367 7
145 368 3
145 373 8
145 397 5
146 153 7
146 158 5
146 161 5
146 166 7
146 171 3
146 184 7
146 186 8
146 189 8
146 201 2
146 215 5
146 222 1
146 229 5
146 258 5
146 280 3
146 284 7
146 295 10
146 296 8
146 298 8
146 302 4
146 303 9
146 308 1
146 309 10
146 315 4
146 344 1
146 347 1
146 349 4
146 378 1
147 168 8
147 171 2
147 174 8
147 204 8
147 206 4
147 216 10
147 219 4
147 237 10
147 239 5
147 242 9
147 245 7
147 248 2
147 251 5
147 252 10
147 256 2
147 258 5
147 267 3
147 269 10
147 273 1
147 278 8
147 289 7
147 296 10
147 297 9
147 317 6
147 327 10
147 331 3
147 349 1
147 365 1
147 398 10
148 161 6
148 167 8
148 168 6
148 192 8
148 222 2
148 242 6
148 248 2
148 258 2
148 266 7
148 273 2
148 299 7
148 310 6
148 318 1
148 325 3
148 339 4
148 385 1
149 153 8
149 167 6
149 171 4
149 174 5
149 177 5
149 191 4
149 197 4
149 205 6
149 208 7
149 211 6
149 228 3
149 229 6
149 237 9
149 245 10
149 273 6
149 276 2
149 281 1
149 288 3
149 289 8
149 298 9
149 304 5
149 311 1
149 339 3
149 356 7
149 358 1
149 361 2
149 376 9
149 377 6
149 378 3
149 391 4
149 396 7
150 162 3
150 163 9
150 181 9
150 184 7
150 192 2
150 194 1
150 207 3
150 224 10
150 242 10
150 257 10
150 260 10
150 261 6
150 266 8
150 277 1
150 282 4
150 293 10
150 318 6
150 320 1
150 339 7
150 344 1
150 346 4
150 355 5
150 367 6
150 368 5
150 369 4
150 370 3
150 371 7
150 378 3
150 391 2
151 160 2
151 194 10
151 198 1
151 203 6
151 208 8
151 225 4
151 270 4
151 272 5
151 277 10
151 279 7
151 282 9
151 285 9
151 301 7
151 304 6
151 318 1
151 324 5
151 329 8
151 343 1
151 354 8
151 361 5
151 374 3
151 378 9
151 380 8
151 385 3
151 387 10
151 393 2
152 159 4
152 167 4
152 172 4
152 174 9
152 188 9
152 191 9
152 197 6
152 202 9
152 212 8
152 213 5
152 241 6
152 255 10
152 257 8
152 277 10
152 321 4
152 337 10
152 339 8
152 355 1
152 363 6
152 394 10
152 395 4
153 170 9
153 178 7
153 182 9
153 185 8
153 187 10
153 189 8
153 197 2
153 223 10
153 244 2
153 247 4
153 251 8
153 257 10
153 266 1
153 276 7
153 285 1
153 286 7
153 312 2
153 325 8
153 333 2
153 380 8
153 384 7
154 156 5
154 160 10
154 172 5
154 193 2
154 198 1
154 203 4
154 218 9
154 231 10
154 287 8
154 291 4
154 296 10
154 298 7
154 301 4
154 315 3
154 317 6
154 331 1
154 353 1
154 365 7
154 376 10
154 385 4
154 400 7
155 162 3
155 164 3
155 169 2
155 177 5
155 178 3
155 190 5
155 197 3
155 214 9
155 217 3
155 235 4
155 251 1
155 280 1
155 295 1
155 296 4
155 299 8
155 315 3
155 325 10
155 358 7
155 368 1
155 393 9
156 177 2
156 183 9
156 191 3
156 223 8
156 224 5
156 280 7
156 285 9
156 292 2
156 297 1
156 298 1
156 304 10
156 338 10
156 353 10
156 358 2
156 370 8
156 373 7
156 379 4
156 386 10
156 392 5
156 395 9
157 182 4
157 203 9
157 209 7
157 217 1
157 230 5
157 236 8
157 238 7
157 240 10
157 253 2
157 256 10
157 275 7
157 290 5
157 302 4
157 314 7
157 317 5
157 326 3
157 329 9
157 332 5
157 367 8
157 372 8
157 382 10
157 385 7
157 389 10
157 398 6
158 162 5
158 179 10
158 180 5
158 194 8
158 196 6
158 199 1
158 201 5
158 242 1
158 245 1
158 247 2
158 249 5
158 268 9
158 287 6
158 290 2
158 294 3
158 295 6
158 296 2
158 300 3
158 339 9
158 344 10
158 355 1
158 357 4
158 370 9
158 374 9
158 387 10
159 162 1
159 164 9
159 185 2
159 186 9
159 190 3
159 191 6
159 200 4
159 219 7
159 232 8
159 238 4
159 248 2
159 280 9
159 306 8
159 318 8
159 326 10
159 345 6
159 348 8
159 356 10
159 359 8
159 360 4
159 365 6
159 376 7
159 377 2
159 400 3
160 167 2
160 171 1
160 192 10
160 203 8
160 222 9
160 223 3
160 252 5
160 270 3
160 276 2
160 286 3
160 288 1
160 289 6
160 294 8
160 295 1
160 302 9
160 320 10
160 321 3
160 331 4
160 337 6
160 342 5
160 353 5
160 356 2
161 170 8
161 187 3
161 188 2
161 195 1
161 200 1
161 213 4
161 220 9
161 258 8
161 278 7
161 289 8
161 299 8
161 308 10
161 310 9
161 327 5
161 328 3
161 329 9
161 330 6
161 337 7
161 353 1
161 362 5
161 363 10
161 369 6
161 371 6
161 377 1
161 379 7
161 380 10
161 383 9
161 399 5
161 400 10
162 163 2
162 169 1
162 170 9
162 173 8
162 175 9
162 177 10
162 190 8
162 191 1
162 213 6
162 225 10
162 228 7
162 232 10
162 235 5
162 237 2
162 245 7
162 250 8
162 254 2
162 257 2
162 269 4
162 281 10
162 283 9
162 311 6
162 327 3
162 351 7
162 361 7
162 366 9
163 187 3
163 190 10
163 192 8
163 208 7
163 209 4
163 219 8
163 234 1
163 240 4
163 263 3
163 276 8
163 299 2
163 307 10
163 309 5
163 327 7
163 344 9
163 376 7
163 378 4
163 393 4
164 165 3
164 183 1
164 190 1
164 206 9
164 210 5
164 212 1
164 216 8
164 218 2
164 229 1
164 250 3
164 257 4
164 259 6
164 266 7
164 273 4
164 279 1
164 282 7
164 296 9
164 301 7
164 329 3
164 331 5
164 333 1
164 340 10
164 347 9
164 389 10
165 167 10
165 183 5
165 211 8
165 212 1
165 226 1
165 283 6
165 289 8
165 311 9
165 316 6
165 329 6
165 343 7
165 365 4
165 366 2
165 382 9
165 390 2
166 171 2
166 175 9
166 179 10
166 193 8
166 206 3
166 218 9
166 230 1
166 233 1
166 237 4
166 258 2
166 275 1
166 277 10
166 280 8
166 286 4
166 297 4
166 306 9
166 307 5
166 319 10
166 330 3
166 336 8
166 341 6
166 348 1
166 371 5
166 384 8
166 385 8
166 389 9
166 393 4
167 168 4
167 185 9
167 195 1
167 207 7
167 222 3
167 239 1
167 277 7
167 299 8
167 302 10
167 306 9
167 314 9
167 318 10
167 336 6
167 342 5
167 388 8
167 399 2
167 400 4
168 170 10
168 182 4
168 186 2
168 207 10
168 211 6
168 248 9
168 253 3
168 264 5
168 278 10
168 280 9
168 292 9
168 304 4
168 316 4
168 322 8
168 344 2
168 351 4
168 358 8
168 362 4
168 366 5
168 382 7
168 385 2
168 388 6
169 172 5
169 175 3
169 179 5
169 183 7
169 186 10
169 192 10
169 209 2
169 232 6
169 246 6
169 248 8
169 249 8
169 295 5
169 308 5
169 316 3
169 331 2
169 340 7
169 350 5
169 351 5
169 355 9
169 366 8
169 368 3
169 376 8
169 378 10
169 400 3
170 172 8
170 187 1
170 226 6
170 233 4
170 245 1
170 247 6
170 273 6
170 289 1
170 297 7
170 303 3
170 312 10
170 319 5
170 321 9
170 322 9
170 348 8
170 351 4
170 356 2
170 362 1
170 363 10
170 372 2
170 375 3
170 382 8
170 385 8
170 394 9
170 398 10
171 188 8
171 189 7
171 192 1
171 208 2
171 210 5
171 227 1
171 229 6
171 233 5
171 236 9
171 251 10
171 266 7
171 281 10
171 291 9
171 300 8
171 302 5
171 314 4
171 320 5
171 321 8
171 323 3
171 325 3
171 333 9
171 335 1
171 348 10
171 350 4
171 369 2
171 373 10
171 384 5
172 205 10
172 216 4
172 252 5
172 261 2
172 297 8
172 307 6
172 325 3
172 329 5
172 330 4
172 351 4
172 364 1
172 376 6
172 383 3
172 384 8
173 178 3
173 204 9
173 210 6
173 225 3
173 246 3
173 255 7
173 258 3
173 268 7
173 275 2
173 279 8
173 297 4
173 304 7
173 317 1
173 319 4
173 335 2
173 373 9
173 375 8
173 383 1
173 394 8
173 396 10
174 193 2
174 196 7
174 205 2
174 220 7
174 223 7
174 228 3
174 244 7
174 247 2
174 275 1
174 277 2
174 280 9
174 303 2
174 306 7
174 311 6
174 312 5
174 318 7
174 329 7
174 330 3
174 333 6
174 355 10
174 358 4
174 365 7
174 366 9
174 371 5
174 389 7
174 393 3
174 396 4
175 178 6
175 187 5
175 208 4
175 237 4
175 243 4
175 245 4
175 254 10
175 256 7
175 262 10
175 265 1
175 269 1
175 273 4
175 278 4
175 289 1
175 296 6
175 299 7
175 310 1
175 333 5
175 338 9
175 341 4
175 372 8
175 377 7
175 386 4
176 178 1
176 181 1
176 194 8
176 196 9
176 197 10
176 200 9
176 201 3
176 204 6
176 226 2
176 228 1
176 233 8
176 234 5
176 235 5
176 238 9
176 251 8
176 255 7
176 274 3
176 280 3
176 285 8
176 294 8
176 303 4
176 309 10
176 312 9
176 315 4
176 317 6
176 321 7
176 328 1
176 336 8
176 355 6
176 358 3
176 369 5
176 370 4
176 381 3
176 382 9
176 390 9
176 393 6
176 394 3
176 395 7
176 399 9
177 180 3
177 202 9
177 204 4
177 208 8
177 229 10
177 235 10
177 268 6
177 270 2
177 282 9
177 284 9
177 292 8
177 293 2
177 296 1
177 299 9
177 310 4
177 312 2
177 315 8
177 319 6
177 330 2
177 334 10
177 355 2
177 398 5
178 196 5
178 203 6
178 224 5
178 227 6
178 238 8
178 240 6
178 242 8
178 243 6
178 280 5
178 297 1
178 300 5
178 302 2
178 303 10
178 305 8
178 308 6
178 312 1
178 319 1
178 329 5
178 336 5
178 344 3
178 354 1
178 368 1
178 374 5
178 379 5
178 385 7
178 387 5
178 398 1
179 200 10
179 244 4
179 263 3
179 266 5
179 277 4
179 284 9
179 295 8
179 298 1
179 308 3
179 313 10
179 316 10
179 339 10
179 341 10
179 366 7
179 377 2
180 181 6
180 182 5
180 184 8
180 189 9
180 199 2
180 207 2
180 209 8
180 230 5
180 242 8
180 264 2
180 278 1
180 279 3
180 295 7
180 300 7
180 303 1
180 313 3
180 319 5
180 333 5
180 355 7
180 364 3
180 367 10
180 388 9
180 395 2
181 203 7
181 214 3
181 227 3
181 230 10
181 231 7
181 235 4
181 250 6
181 251 10
181 254 4
181 264 3
181 291 5
181 295 10
181 319 1
181 339 4
181 340 2
181 342 7
181 360 1
181 373 4
182 193 2
182 196 8
182 201 2
182 213 1
182 225 10
182 238 3
182 241 10
182 251 9
182 280 10
182 284 8
182 298 4
182 305 1
182 309 1
182 323 10
182 343 5
182 367 5
182 372 3
182 375 7
182 383 10
182 389 6
183 200 3
183 246 1
183 250 4
183 251 1
183 252 7
183 253 1
183 269 3
183 274 10
183 283 2
183 298 5
183 300 10
183 303 8
183 304 4
183 315 8
183 322 3
183 342 2
183 344 9
183 356 8
183 363 2
183 365 5
183 366 3
183 387 7
183 390 4
184 190 5
184 200 2
184 208 1
184 210 1
184 211 3
184 226 5
184 246 4
184 264 8
184 266 6
184 270 4
184 278 1
184 284 6
184 295 1
184 298 6
184 303 4
184 329 7
184 375 10
184 384 9
185 191 7
185 197 1
185 210 6
185 219 9
185 230 9
185 255 9
185 261 9
185 264 10
185 269 8
185 270 1
185 275 1
185 293 10
185 308 4
185 309 2
185 326 10
185 386 7
186 203 3
186 210 4
186 212 8
186 220 4
186 221 4
186 230 2
186 236 3
186 260 3
186 265 4
186 269 9
186 273 7
186 279 7
186 329 5
186 336 1
186 351 7
186 353 3
186 359 10
186 377 9
186 380 5
186 386 3
186 387 10
186 392 3
187 188 2
187 203 3
187 204 10
187 217 7
187 229 3
187 231 7
187 234 2
187 242 9
187 243 8
187 252 4
187 256 3
187 266 7
187 267 8
187 271 5
187 281 9
187 304 8
187 306 5
187 308 3
187 310 5
187 332 4
187 336 6
187 338 4
187 359 5
187 363 8
187 368 3
187 386 4
187 391 5
187 398 3
188 195 6
188 205 9
188 212 7
188 235 6
188 243 10
188 247 7
188 252 1
188 253 10
188 265 8
188 275 1
188 282 2
188 288 4
188 290 7
188 294 9
188 311 3
188 317 8
188 335 1
188 338 2
188 341 3
188 347 7
188 352 10
188 353 1
188 355 9
188 362 2
188 366 10
188 373 8
188 384 6
188 398 1
189 207 3
189 215 8
189 223 10
189 266 1
189 271 10
189 273 8
189 276 6
189 314 4
189 323 5
189 325 8
189 332 9
189 350 10
189 351 10
189 363 7
189 374 8
189 380 3
189 391 4
189 393 5
189 394 10
190 209 7
190 224 3
190 240 4
190 252 4
190 259 10
190 264 1
190 265 4
190 266 5
190 274 7
190 303 1
190 307 1
190 312 4
190 329 9
190 343 4
190 351 8
190 368 10
190 373 4
190 382 9
190 389 2
191 195 6
191 204 2
191 206 3
191 218 10
191 219 9
191 229 3
191 234 5
191 239 1
191 242 1
191 262 6
191 282 1
191 299 7
191 300 3
191 324 9
191 329 1
191 335 3
191 363 10
191 372 4
191 398 5
191 399 9
192 193 2
192 197 9
192 204 7
192 209 9
192 210 7
192 216 1
192 219 4
192 243 2
192 248 6
192 269 6
192 276 9
192 280 9
192 281 9
192 285 5
192 291 6
192 308 8
192 309 6
192 324 1
192 328 7
192 347 1
192 366 3
192 391 8
193 203 6
193 224 2
193 226 6
193 237 4
193 246 4
193 249 7
193 268 8
193 270 3
193 287 2
193 317 3
193 320 6
193 351 8
193 366 2
193 369 1
193 373 5
194 201 4
194 221 3
194 235 7
194 243 1
194 250 10
194 256 9
194 259 1
194 271 10
194 282 8
194 294 5
194 295 10
194 317 5
194 323 6
194 329 8
194 330 9
194 368 5
194 369 6
194 372 2
195 205 8
195 217 7
195 240 9
195 243 4
195 256 10
195 266 2
195 275 1
195 277 4
195 279 5
195 282 3
195 327 3
195 330 5
195 352 8
195 353 9
195 360 7
195 381 8
195 384 4
195 399 2
195 400 4
196 197 3
196 201 10
196 204 3
196 205 2
196 208 6
196 219 9
196 239 10
196 241 8
196 271 6
196 277 10
196 280 7
196 295 1
196 303 2
196 304 2
196 306 7
196 316 6
196 322 10
196 323 9
196 326 2
196 327 4
196 329 1
196 335 6
196 349 3
196 356 7
196 360 2
196 363 8
196 366 4
196 372 1
196 381 10
196 394 7
197 199 7
197 205 3
197 222 6
197 223 6
197 225 9
197 256 7
197 264 5
197 268 7
197 271 2
197 278 6
197 292 3
197 300 2
197 302 2
197 315 3
197 320 4
197 333 10
197 341 4
197 342 9
197 353 10
197 359 3
197 362 9
197 393 4
198 213 4
198 217 2
198 219 2
198 239 6
198 242 4
198 244 9
198 249 4
198 254 4
198 256 3
198 259 3
198 273 5
198 285 8
198 293 8
198 294 3
198 303 2
198 308 6
198 365 2
198 374 8
198 382 7
199 203 4
199 217 9
199 222 4
199 228 9
199 239 10
199 249 9
199 302 6
199 305 1
199 321 2
199 338 6
199 339 9
199 344 1
199 348 8
199 349 5
199 363 6
199 379 8
199 394 7
200 214 10
200 216 6
200 219 5
200 220 10
200 221 5
200 224 9
200 251 1
200 263 3
200 264 1
200 266 2
200 272 7
200 275 9
200 276 1
200 283 8
200 302 4
200 303 8
200 331 9
200 332 5
200 349 3
200 362 1
200 375 4
200 379 7
200 381 6
200 383 2
200 396 3
200 397 10
201 207 3
201 231 7
201 248 10
201 267 9
201 268 6
201 273 9
201 277 2
201 295 3
201 301 4
201 313 1
201 324 6
201 342 10
201 354 2
201 361 8
201 367 1
201 383 1
201 397 1
202 207 9
202 211 1
202 228 5
202 240 9
202 266 8
202 267 7
202 279 5
202 286 4
202 291 7
202 293 5
202 302 1
202 303 3
202 312 2
202 325 2
202 337 6
202 364 6
202 367 5
202 377 6
203 215 3
203 225 2
203 240 8
203 241 6
203 243 6
203 274 9
203 288 1
203 291 3
203 297 6
203 311 5
203 317 6
203 322 2
203 327 3
203 334 6
203 343 4
203 347 1
203 357 9
203 380 9
203 381 6
203 385 6
203 386 3
204 211 8
204 220 9
204 229 10
204 230 8
204 242 1
204 253 10
204 270 8
204 282 3
204 293 10
204 313 7
204 323 2
204 357 9
204 370 10
204 376 5
204 385 4
204 386 8
205 219 9
205 224 10
205 233 3
205 263 5
205 265 5
205 273 5
205 276 4
205 278 2
205 281 3
205 283 8
205 291 8
205 294 6
205 297 5
205 323 3
205 327 6
205 328 2
205 337 7
205 344 6
205 351 8
205 356 1
205 370 8
205 374 7
205 381 3
205 391 5
206 234 2
206 241 1
206 243 7
206 255 4
206 268 6
206 289 2
206 292 5
206 296 10
206 313 9
206 317 4
206 318 4
206 324 1
206 325 1
206 344 5
206 350 7
206 367 8
206 370 3
206 375 8
206 398 10
207 228 8
207 229 9
207 230 8
207 280 9
207 302 5
207 309 8
207 330 3
207 340 2
207 347 4
207 365 7
207 377 5
207 394 10
207 395 3
208 212 2
208 219 8
208 225 5
208 244 10
208 247 3
208 265 3
208 271 9
208 273 6
208 298 3
208 306 1
208 310 2
208 311 1
208 338 1
208 339 7
208 344 5
208 351 8
208 365 8
208 372 7
208 383 9
208 386 9
208 387 6
208 389 10
209 228 2
209 235 8
209 245 1
209 251 10
209 255 4
209 270 2
209 283 8
209 298 3
209 305 10
209 327 10
209 328 1
209 334 9
209 343 2
209 344 2
209 349 8
209 358 1
209 359 8
209 363 9
209 377 1
209 380 8
209 387 5
209 397 2
210 221 1
210 222 9
210 229 6
210 251 5
210 260 6
210 283 8
210 305 6
210 309 8
210 341 5
210 346 4
210 357 2
210 372 7
210 373 1
210 388 5
210 395 1
211 240 7
211 242 10
211 244 3
211 248 1
211 263 5
211 268 5
211 272 3
211 288 1
211 290 3
211 311 8
211 321 8
211 326 2
211 347 7
211 374 2
211 377 7
211 381 5
211 387 10
211 390 3
212 213 8
212 219 5
212 226 5
212 243 9
212 247 9
212 268 9
212 305 2
212 317 6
212 318 9
212 334 7
212 345 8
212 363 4
212 375 9
212 382 6
212 398 3
213 219 6
213 254 8
213 256 7
213 260 8
213 286 3
213 303 10
213 318 1
213 321 4
213 338 10
213 346 8
213 350 8
213 362 5
213 364 3
213 366 1
213 372 9
213 376 8
213 379 4
213 387 9
213 390 1
213 398 2
214 216 8
214 226 8
214 228 3
214 230 10
214 252 7
214 255 2
214 266 3
214 283 4
214 288 5
214 296 4
214 314 1
214 330 3
214 331 5
214 353 9
214 376 4
214 378 5
214 380 7
214 383 7
214 396 6
214 399 3
215 220 10
215 225 7
215 232 3
215 248 10
215 249 10
215 251 6
215 259 5
215 265 4
215 282 9
215 309 2
215 317 2
215 322 5
215 335 8
215 336 1
215 337 7
215 341 6
215 356 7
215 357 3
215 358 2
215 362 3
215 372 5
215 379 1
215 383 3
215 398 7
216 232 1
216 253 4
216 264 3
216 265 5
216 271 6
216 290 6
216 297 5
216 309 5
216 327 6
216 336 2
216 341 5
216 349 4
216 352 2
217 235 7
217 243 1
217 245 1
217 262 6
217 272 4
217 284 3
217 292 1
217 295 10
217 296 5
217 300 10
217 303 1
217 304 6
217 313 8
217 314 4
217 326 9
217 335 5
217 337 2
217 356 3
217 359 8
217 364 5
217 391 7
218 222 9
218 242 6
218 253 7
218 265 6
218 278 10
218 290 9
218 294 8
218 315 5
218 316 2
218 320 1
218 321 10
218 327 7
218 332 5
218 340 7
218 366 3
218 370 10
218 372 4
218 375 2
218 376 3
218 383 1
218 392 4
218 394 6
219 231 9
219 242 7
219 245 3
219 249 2
219 256 6
219 298 5
219 301 10
219 328 3
219 330 10
219 332 3
219 337 10
219 342 2
219 354 5
219 358 5
219 362 5
219 363 7
219 374 8
219 382 7
219 389 2
219 395 8
220 223 3
220 230 4
220 242 7
220 253 7
220 256 8
220 269 1
220 275 3
220 281 8
220 298 3
220 302 9
220 328 3
220 341 8
220 345 2
220 360 7
220 369 10
220 384 7
220 390 9
220 393 6
220 397 7
221 237 7
221 248 8
221 261 9
221 262 8
221 266 7
221 274 3
221 278 5
221 284 9
221 288 1
221 294 9
221 302 4
221 350 6
221 354 5
221 366 2
221 378 2
222 223 3
222 231 8
222 236 6
222 254 6
222 268 5
222 280 4
222 290 9
222 317 1
222 322 6
222 324 1
222 331 7
222 333 8
222 341 7
222 353 10
222 364 2
222 388 9
222 396 2
223 226 8
223 228 7
223 266 5
223 271 5
223 276 2
223 279 5
223 281 10
223 307 10
223 316 1
223 336 10
223 345 4
223 346 3
223 363 2
223 368 6
223 377 10
223 379 7
223 385 7
223 389 1
223 392 4
224 242 7
224 243 8
224 248 3
224 249 3
224 263 5
224 277 3
224 293 5
224 300 4
224 312 4
224 321 10
224 326 10
224 328 9
224 358 7
224 362 8
224 367 2
224 368 2
224 369 6
224 370 8
224 374 2
224 388 2
224 395 3
224 399 10
225 241 9
225 247 4
225 249 7
225 256 7
225 262 6
225 272 8
225 281 9
225 295 1
225 299 1
225 304 1
225 308 9
225 316 4
225 326 3
225 352 1
225 355 7
225 360 1
225 372 10
225 376 10
225 381 7
225 387 5
225 390 5
225 391 10
225 394 10
225 397 2
226 243 4
226 256 8
226 274 1
226 291 5
226 299 6
226 300 1
226 328 7
226 339 4
226 346 8
226 362 10
226 371 7
226 378 4
226 381 6
226 383 10
227 232 8
227 241 5
227 243 2
227 244 8
227 251 4
227 263 9
227 279 9
227 298 1
227 308 1
227 312 8
227 320 1
227 325 6
227 333 10
227 386 4
227 388 3
228 252 2
228 256 8
228 261 4
228 284 8
228 287 7
228 288 2
228 303 1
228 310 6
228 311 1
228 324 1
228 332 8
228 334 6
228 335 7
228 357 2
228 363 9
228 364 8
228 366 4
228 384 10
228 391 7
228 392 2
229 231 4
229 234 7
229 242 9
229 249 7
229 250 5
229 255 7
229 258 9
229 262 8
229 279 5
229 281 3
229 292 10
229 293 6
229 297 1
229 307 6
229 308 7
229 310 10
229 314 7
229 318 5
229 320 8
229 322 3
229 330 7
229 347 4
229 353 3
229 360 8
229 365 9
229 366 4
229 371 8
229 376 5
229 378 10
229 380 8
229 386 7
230 242 4
230 244 7
230 251 9
230 255 4
230 267 5
230 269 3
230 276 6
230 286 10
230 287 5
230 299 3
230 302 9
230 303 7
230 315 9
230 330 9
230 336 7
230 339 2
230 346 6
230 348 2
230 356 3
230 364 7
230 394 7
231 233 5
231 240 7
231 243 8
231 265 3
231 279 2
231 283 2
231 284 8
231 296 3
231 313 8
231 328 9
231 329 9
231 334 2
231 344 9
231 365 6
231 369 5
231 371 10
232 252 10
232 268 2
232 279 3
232 285 4
232 291 10
232 300 7
232 302 4
232 314 2
232 318 9
232 324 3
232 327 5
232 344 7
232 346 6
232 349 9
232 352 1
232 364 2
232 374 10
232 375 1
232 394 9
232 397 7
233 240 2
233 252 2
233 254 4
233 259 8
233 269 8
233 270 2
233 279 6
233 299 4
233 328 8
233 333 4
233 344 5
233 345 5
233 366 3
233 390 4
234 242 6
234 246 10
234 260 8
234 270 2
234 285 7
234 307 9
234 313 3
234 332 6
234 341 4
234 399 2
235 259 9
235 263 8
235 269 1
235 276 2
235 281 5
235 284 9
235 301 9
235 346 5
235 348 5
235 349 10
235 350 10
235 370 9
235 387 10
235 399 8
236 239 3
236 252 9
236 278 1
236 298 6
236 309 6
236 314 3
236 334 2
236 337 4
236 338 3
236 353 7
236 361 9
236 386 6
237 261 5
237 276 5
237 279 1
237 291 9
237 298 7
237 300 1
237 303 2
237 312 4
237 319 1
237 322 6
237 325 1
237 344 6
237 374 3
237 381 6
237 383 7
237 392 4
238 241 1
238 243 3
238 247 6
238 253 2
238 262 7
238 278 5
238 281 5
238 282 3
238 296 6
238 301 5
238 306 1
238 308 7
238 309 7
238 334 2
238 345 4
238 360 2
238 361 2
238 374 2
238 384 5
238 393 4
239 240 10
239 243 1
239 251 4
239 284 3
239 302 8
239 303 2
239 334 5
239 337 5
239 351 8
239 371 6
239 382 5
240 271 6
240 313 10
240 329 5
240 338 7
240 350 1
240 354 5
240 357 1
240 368 7
240 372 10
240 378 4
240 379 3
241 248 1
241 254 7
241 256 7
241 264 8
241 269 5
241 273 8
241 279 7
241 282 5
241 283 4
241 293 5
241 306 2
241 310 5
241 319 6
241 323 6
241 332 9
241 338 1
241 346 4
241 365 8
241 379 9
242 253 4
242 255 10
242 257 5
242 272 1
242 274 9
242 275 2
242 282 5
242 284 10
242 304 6
242 312 4
242 335 5
242 356 9
242 357 3
242 369 6
242 378 10
242 395 10
243 248 6
243 256 8
243 262 10
243 292 1
243 294 1
243 297 9
243 308 8
243 313 4
243 314 5
243 337 6
243 342 10
243 367 10
243 378 8
243 380 3
243 381 10
243 389 4
244 250 7
244 253 1
244 256 7
244 268 6
244 272 1
244 283 4
244 294 6
244 302 8
244 303 7
244 312 4
244 313 1
244 317 3
244 323 4
244 326 8
244 332 4
244 338 7
244 339 7
244 340 3
244 365 2
244 366 10
244 369 9
244 391 9
244 397 1
245 257 1
245 266 1
245 305 6
245 323 10
245 336 6
245 348 4
245 386 1
245 397 3
246 252 6
246 256 5
246 262 2
246 274 7
246 282 6
246 283 4
246 291 7
246 293 2
246 294 1
246 297 9
246 315 10
246 352 2
246 396 7
247 254 7
247 278 8
247 290 9
247 304 1
247 306 7
247 329 8
247 331 2
247 336 7
247 341 8
247 347 1
247 352 8
247 361 6
247 376 2
247 399 10
248 249 9
248 273 2
248 275 5
248 276 7
248 281 10
248 282 1
248 294 9
248 308 2
248 314 8
248 315 8
248 320 9
248 322 2
248 324 2
248 326 3
248 329 9
248 345 3
248 354 7
248 358 7
248 365 1
248 369 6
248 383 9
248 384 5
248 388 9
248 396 5
249 264 9
249 265 4
249 266 2
249 305 3
249 314 10
249 329 1
249 355 7
249 367 2
249 375 1
249 395 3
250 259 4
250 272 4
250 279 2
250 286 6
250 303 5
250 313 10
250 316 8
250 333 5
250 349 2
250 357 7
250 365 10
250 367 6
250 387 1
251 260 4
251 263 10
251 272 7
251 318 1
251 335 10
251 343 4
251 346 9
251 356 8
251 363 6
251 364 10
251 366 8
251 373 7
251 377 9
251 380 5
251 386 10
251 388 8
251 393 10
252 263 2
252 271 6
252 277 3
252 282 1
252 314 8
252 322 2
252 325 9
252 342 9
252 344 3
252 345 2
252 356 9
252 357 5
252 359 1
252 363 4
252 372 3
252 383 3
252 388 7
252 396 2
253 255 5
253 259 1
253 261 2
253 265 4
253 270 9
253 272 10
253 282 6
253 297 9
253 302 5
253 313 10
253 315 9
253 318 1
253 324 1
253 351 10
253 354 1
253 361 2
253 363 1
253 365 8
253 369 2
253 376 10
253 381 2
253 383 5
253 390 8
253 393 7
254 256 7
254 272 1
254 273 2
254 297 9
254 328 7
254 331 10
254 347 6
254 360 4
254 384 1
254 388 9
254 389 3
255 266 3
255 275 8
255 289 9
255 308 2
255 314 3
255 317 9
255 330 2
255 349 8
255 350 5
255 358 9
255 359 8
255 376 10
255 380 1
256 274 3
256 283 2
256 289 5
256 297 5
256 308 3
256 314 3
256 354 10
256 357 5
256 359 5
256 363 9
256 398 4
257 275 6
257 290 6
257 295 10
257 302 5
257 306 1
257 309 1
257 314 9
257 320 4
257 334 8
257 336 9
257 338 6
257 359 10
257 373 7
257 380 2
257 381 1
257 392 10
257 394 6
258 259 4
258 273 5
258 275 7
258 283 8
258 294 3
258 296 7
258 309 7
258 313 9
258 324 4
258 337 3
258 349 5
258 376 3
259 261 4
259 279 5
259 319 10
259 331 8
259 332 8
259 345 10
259 369 5
259 377 4
259 390 9
259 394 7
259 396 2
259 398 5
260 264 2
260 265 4
260 266 1
260 270 4
260 281 6
260 298 7
260 303 8
260 311 9
260 322 7
260 334 10
260 335 5
260 354 5
260 366 4
260 367 7
260 383 8
260 388 1
260 390 4
260 393 6
261 270 1
261 273 10
261 279 1
261 280 10
261 299 6
261 305 8
261 307 2
261 316 5
261 338 4
261 344 2
261 350 2
261 351 8
261 369 10
261 372 9
261 385 5
261 388 8
261 392 6
261 397 1
261 399 2
262 275 3
262 276 7
262 279 8
262 282 3
262 293 4
262 308 6
262 311 2
262 312 6
262 328 3
262 341 3
262 357 6
262 360 1
262 366 6
262 379 4
262 383 6
262 393 7
263 273 7
263 274 5
263 278 2
263 289 7
263 297 2
263 318 4
263 322 1
263 332 4
263 334 1
263 348 7
263 354 1
263 362 10
263 370 9
263 371 1
263 377 10
263 390 1
263 395 7
264 270 3
264 274 6
264 299 3
264 300 8
264 306 8
264 320 6
264 332 5
264 340 4
264 352 9
264 362 7
264 363 10
264 372 4
264 374 4
264 390 8
264 398 8
265 278 10
265 281 8
265 284 1
265 297 3
265 308 7
265 353 2
265 365 3
265 367 6
266 274 4
266 276 2
266 310 5
266 312 4
266 315 2
266 329 3
266 364 6
266 379 2
266 385 10
266 386 8
266 391 3
266 393 2
266 400 1
267 276 8
267 289 8
267 292 5
267 296 9
267 302 6
267 305 8
267 313 2
267 322 8
267 332 4
267 338 7
267 340 10
267 349 7
267 360 5
267 361 10
267 364 3
267 382 8
267 387 1
267 388 2
268 269 9
268 281 5
268 289 5
268 291 1
268 296 9
268 318 4
268 335 2
268 354 7
268 364 10
268 376 8
268 395 4
269 270 10
269 271 9
269 276 2
269 277 6
269 284 4
269 295 9
269 305 3
269 308 1
269 310 1
269 321 10
269 324 2
269 327 9
269 331 1
269 344 9
269 348 8
269 350 3
269 354 8
269 358 1
269 359 6
269 365 2
269 375 5
269 380 8
269 391 8
269 398 5
270 272 8
270 282 4
270 285 8
270 294 8
270 307 8
270 316 7
270 321 9
270 326 6
270 361 4
270 363 8
270 374 8
270 383 10
271 274 10
271 283 3
271 291 7
271 300 5
271 318 4
271 331 10
271 334 1
271 336 3
271 374 3
271 375 9
271 395 10
272 278 6
272 279 7
272 326 7
272 329 5
272 354 7
272 371 10
273 317 4
273 322 8
273 325 8
273 347 9
273 381 10
273 388 7
273 395 3
273 400 9
274 276 3
274 283 9
274 300 5
274 305 5
274 310 8
274 315 7
274 333 5
274 337 9
274 345 2
274 351 10
274 367 7
274 380 7
274 390 3
274 400 9
275 284 3
275 285 6
275 288 4
275 299 7
275 308 10
275 310 2
275 313 5
275 324 2
275 330 6
275 332 1
275 340 6
275 353 8
275 354 1
275 365 7
275 372 2
275 375 2
275 377 1
275 381 1
275 384 5
275 392 10
276 278 8
276 283 6
276 294 2
276 298 10
276 308 3
276 314 3
276 321 1
276 350 7
276 366 3
276 367 4
276 374 6
277 278 3
277 282 5
277 300 1
277 304 7
277 305 2
277 316 9
277 319 8
277 327 3
277 354 1
277 363 1
277 368 1
277 384 4
278 287 8
278 289 4
278 290 6
278 304 8
278 305 10
278 314 2
278 327 1
278 345 6
278 361 1
278 371 6
279 282 3
279 297 7
279 308 1
279 319 5
279 325 8
279 330 2
279 345 2
279 348 10
279 365 6
279 400 8
280 283 8
280 285 1
280 290 8
280 302 9
280 320 3
280 323 10
280 340 9
280 367 4
280 371 1
280 376 2
280 379 4
280 397 7
281 287 6
281 295 2
281 302 6
281 304 7
281 308 8
281 325 2
281 329 5
281 331 8
281 334 6
281 340 7
281 348 3
281 362 9
281 363 3
281 369 8
281 371 8
281 373 6
281 387 10
281 390 4
281 398 1
282 293 1
282 323 6
282 340 8
282 349 8
282 364 1
282 377 5
282 380 9
283 285 3
283 313 9
283 337 5
283 340 3
283 341 8
283 342 4
283 349 4
283 352 7
283 365 3
283 367 2
283 368 3
283 395 8
284 285 5
284 292 4
284 293 3
284 307 10
284 330 9
284 338 8
284 363 2
284 366 6
284 369 1
284 371 4
284 380 4
284 387 2
285 288 8
285 296 7
285 316 2
285 331 10
285 340 4
285 342 7
285 357 1
285 362 8
285 376 1
285 378 6
285 396 5
286 313 7
286 317 8
286 325 10
286 332 9
286 334 4
286 343 2
286 356 6
286 389 9
286 397 2
286 399 5
287 293 9
287 314 10
287 333 3
287 344 3
287 351 3
287 354 5
287 359 1
287 361 7
287 380 7
287 392 9
287 399 8
287 400 3
288 291 3
288 294 5
288 301 8
288 307 9
288 318 6
288 321 2
288 330 5
288 332 3
288 336 2
288 344 4
288 351 5
288 352 9
288 357 4
288 358 8
288 367 7
288 372 4
288 374 4
288 395 4
289 300 6
289 302 4
289 314 2
289 319 9
289 329 6
289 332 2
289 336 2
289 346 10
289 368 1
290 326 3
290 327 7
290 332 8
290 337 8
290 342 10
290 344 9
290 355 3
290 376 7
291 292 10
291 304 2
291 311 3
291 333 5
291 338 7
291 339 2
291 342 10
291 347 9
291 371 4
291 372 6
291 380 2
291 389 4
292 313 3
292 318 7
292 325 4
292 326 9
292 328 3
292 332 5
292 333 9
292 340 9
292 357 6
292 373 3
292 389 2
292 399 3
293 298 6
293 309 2
293 322 6
293 327 2
293 330 9
293 350 2
293 375 7
293 376 2
293 383 10
294 296 3
294 302 7
294 319 5
294 320 8
294 334 3
294 347 4
294 367 9
294 371 8
294 387 6
294 389 3
295 301 10
295 316 2
295 325 6
295 335 5
295 338 10
295 343 8
295 348 6
295 351 2
295 369 2
295 374 6
295 383 10
295 392 1
295 399 4
296 300 4
296 310 5
296 318 6
296 321 2
296 329 9
296 330 1
296 340 1
296 343 1
296 354 1
296 363 1
296 378 6
296 380 9
296 382 2
296 383 6
296 399 7
297 317 3
297 335 1
297 342 10
297 343 7
297 375 9
297 377 8
297 379 9
297 380 4
297 398 2
298 312 10
298 317 5
298 332 10
298 342 10
298 361 5
298 365 2
298 385 8
298 399 2
299 323 7
299 332 1
299 334 1
299 351 2
299 374 1
299 378 4
299 380 4
299 392 2
300 307 10
300 325 5
300 333 4
300 334 9
300 337 8
300 361 10
300 392 5
300 393 9
301 309 4
301 313 4
301 331 5
301 332 8
301 341 9
301 346 2
301 349 9
301 369 8
301 381 9
301 382 5
301 383 7
301 392 1
302 303 5
302 308 4
302 309 10
302 311 8
302 320 2
302 321 1
302 325 1
302 326 10
302 342 9
302 352 9
302 370 2
302 377 7
302 393 8
302 396 6
303 321 8
303 353 10
303 357 10
303 358 9
303 386 5
304 306 8
304 320 9
304 336 9
304 343 8
304 344 3
304 349 3
304 356 1
304 374 1
305 307 6
305 322 9
305 340 4
305 342 6
305 348 2
305 382 9
305 389 9
305 398 3
306 318 5
306 328 6
306 333 10
306 341 10
306 345 5
306 371 6
306 386 10
307 322 2
307 357 6
307 364 7
307 376 9
307 382 1
307 394 4
307 397 1
308 310 4
308 315 5
308 332 8
308 383 6
308 384 3
308 386 5
308 392 9
308 397 1
308 398 5
309 314 9
309 315 6
309 318 3
309 337 5
309 340 8
309 349 5
309 350 2
309 367 5
309 371 5
309 385 7
309 398 1
309 400 3
310 316 9
310 335 4
310 347 10
310 348 5
310 351 9
310 354 3
310 372 1
310 373 9
311 323 6
311 328 1
311 333 5
311 356 1
311 360 8
311 376 10
311 386 6
312 325 8
312 326 1
312 331 5
312 336 2
312 337 1
312 370 6
312 383 5
312 389 9
312 396 1
313 315 6
313 328 10
313 350 6
313 354 2
313 397 8
314 319 8
314 323 10
314 330 1
314 332 5
314 344 4
314 346 3
314 349 6
314 354 7
314 355 7
314 366 4
314 396 10
315 320 2
315 329 6
315 332 2
315 336 3
315 348 3
315 353 2
315 371 8
315 376 3
315 393 2
316 321 9
316 325 9
316 337 1
316 340 6
316 341 8
316 349 10
316 354 4
316 355 4
316 356 3
316 360 6
316 381 9
316 384 7
317 348 2
317 351 1
317 370 5
317 376 8
317 386 6
318 336 8
318 349 8
318 363 1
318 369 8
318 373 7
318 381 10
318 388 7
319 324 3
319 326 10
319 339 8
319 347 4
319 350 3
319 355 10
319 357 1
319 358 2
319 359 2
319 369 10
319 380 7
319 386 1
319 394 5
320 340 6
320 362 5
320 390 3
321 325 4
321 354 10
321 370 1
321 393 6
322 325 1
322 338 7
322 354 9
322 357 9
322 365 6
322 368 4
322 380 5
322 384 6
323 325 6
323 326 6
323 348 1
323 350 7
323 367 3
323 375 4
323 378 5
323 384 7
324 343 10
324 345 9
324 368 9
324 373 3
324 396 1
325 335 10
325 337 9
325 358 2
325 360 1
325 381 2
325 386 7
325 398 7
326 327 4
326 353 6
326 365 4
326 367 8
326 369 4
326 374 3
327 349 6
327 351 9
327 367 8
327 371 4
327 372 8
327 386 2
327 393 4
327 394 5
327 399 10
328 329 6
328 345 9
328 365 5
328 371 7
328 383 6
328 388 10
328 391 4
329 337 5
329 354 6
329 395 9
329 397 7
330 337 5
330 345 2
330 350 9
330 354 9
330 359 1
330 364 1
330 373 3
330 388 3
330 397 10
331 332 8
331 337 8
331 344 7
331 351 6
331 364 6
331 387 2
331 392 2
331 394 6
332 335 7
332 337 1
332 354 4
332 362 3
332 363 5
332 381 6
332 396 6
332 398 8
332 399 8
333 335 8
333 338 8
333 347 1
333 353 9
333 370 7
333 371 9
334 345 2
334 346 4
334 361 1
334 367 3
334 377 2
334 394 3
335 336 9
335 345 5
335 348 7
335 351 10
335 355 3
335 359 1
335 367 10
335 372 3
335 376 4
335 379 10
335 382 3
336 369 6
336 370 3
336 384 4
336 391 7
336 395 5
337 372 1
338 346 2
338 349 3
338 351 9
338 366 10
338 374 9
338 375 2
339 350 7
339 352 3
339 355 5
339 377 1
339 386 7
339 394 4
339 397 10
339 399 9
340 358 7
340 362 8
340 378 5
340 396 2
341 345 8
341 351 5
341 355 2
341 361 9
341 363 10
341 366 1
341 370 4
341 376 2
341 382 1
341 384 6
341 387 1
341 398 9
342 343 7
342 365 3
342 373 5
342 389 6
342 393 5
342 395 6
343 351 1
343 364 4
343 365 6
343 386 2
344 352 1
344 359 4
344 377 2
344 379 5
344 386 2
344 387 5
344 388 9
344 394 9
344 396 1
344 398 6
345 359 9
345 372 7
346 383 7
347 348 1
347 353 7
347 360 2
347 367 2
347 379 2
348 371 6
348 374 3
348 393 6
349 367 1
349 374 9
349 400 1
350 386 8
350 398 6
351 361 6
351 365 5
351 367 2
351 371 4
351 372 9
351 380 6
351 385 9
351 393 3
352 354 3
352 355 5
352 357 9
352 360 1
352 382 3
353 354 8
353 370 1
353 377 10
353 387 9
353 396 9
354 376 9
354 391 2
354 399 4
355 357 5
355 363 10
355 369 2
355 376 7
355 384 4
355 390 8
356 357 6
356 363 5
356 364 10
356 368 3
356 376 3
356 385 9
356 387 9
356 397 5
356 398 9
357 369 9
357 377 9
357 379 2
357 382 9
357 385 9
357 386 8
358 362 5
358 371 7
358 373 7
358 375 9
358 394 4
358 399 8
358 400 8
359 360 5
359 364 8
359 373 3
359 380 3
359 389 6
359 393 9
359 399 1
360 365 8
360 373 10
360 380 3
360 389 6
361 388 4
362 370 1
362 380 8
363 372 3
363 373 10
363 398 9
364 369 8
364 379 5
365 380 7
365 386 3
366 381 5
366 394 6
367 374 9
367 378 3
367 380 1
367 388 10
367 392 6
368 372 6
368 391 1
368 400 3
369 385 2
370 379 1
370 381 3
370 383 10
370 390 8
370 396 1
370 398 8
371 380 7
371 385 9
371 390 5
371 395 8
371 399 6
373 392 2
373 394 2
373 395 3
374 378 6
374 379 4
374 385 7
374 392 5
374 399 4
375 379 7
375 395 8
375 400 3
376 385 3
377 384 8
377 393 6
377 400 2
378 382 5
378 383 10
378 386 3
379 389 2
379 393 2
381 393 5
381 397 2
383 399 1
384 397 3
385 389 2
385 390 7
385 394 6
385 400 10
386 393 9
386 399 8
386 400 1
387 394 5
388 393 7
389 397 2
391 398 7
394 397 10
395 398 7
396 397 3
