400 3957
1 4 3
1 11 5
1 23 1
1 52 1
1 71 1
1 78 1
1 83 2
1 92 1
1 96 5
1 133 2
1 138 3
1 145 1
1 152 2
1 198 2
1 199 2
1 230 4
1 237 2
1 245 3
1 280 4
1 394 4
2 7 3
2 9 5
2 86 3
2 87 3
2 257 1
2 309 4
2 312 1
2 316 3
2 348 3
2 369 2
2 384 3
2 391 2
2 396 3
3 20 5
3 21 5
3 79 5
3 106 4
3 115 5
3 125 5
3 141 3
3 156 5
3 165 3
3 181 3
3 183 5
3 187 2
3 224 1
3 276 2
3 280 3
3 310 4
3 318 2
3 332 5
3 380 3
3 384 5
3 399 2
4 18 2
4 139 5
4 158 2
4 180 2
4 203 1
4 213 5
4 227 4
4 228 4
4 231 3
4 252 2
4 326 1
5 11 1
5 39 2
5 45 5
5 47 2
5 63 3
5 67 5
5 69 1
5 93 2
5 106 2
5 124 5
5 141 5
5 163 2
5 189 3
5 190 2
5 210 4
5 221 2
5 231 3
5 233 4
5 244 5
5 253 4
5 256 4
5 264 5
5 273 3
5 285 1
5 311 1
5 321 1
5 324 2
5 327 2
5 363 3
5 372 5
5 383 1
5 395 2
6 21 1
6 22 3
6 57 2
6 118 2
6 135 5
6 214 4
6 230 4
6 252 3
6 261 1
6 293 2
6 306 1
6 350 2
6 363 5
6 382 5
6 389 1
7 19 2
7 34 3
7 40 5
7 51 4
7 56 1
7 82 5
7 142 4
7 153 5
7 182 4
7 233 2
7 260 4
7 300 4
7 306 1
7 311 3
7 381 4
7 392 5
8 15 2
8 19 4
8 45 4
8 69 3
8 108 1
8 111 3
8 113 3
8 122 1
8 160 5
8 185 3
8 192 1
8 223 4
8 253 3
8 257 3
8 287 4
8 329 3
8 332 5
8 340 1
8 363 2
8 368 4
8 375 4
9 19 1
9 54 3
9 71 4
9 89 4
9 90 5
9 99 4
9 139 4
9 141 5
9 176 2
9 191 5
9 202 4
9 308 3
10 13 5
10 23 4
10 28 2
10 31 4
10 44 2
10 54 1
10 56 1
10 74 5
10 82 5
10 133 5
10 143 4
10 215 3
10 222 1
10 247 1
10 283 2
10 288 5
10 310 4
10 315 2
10 367 4
11 40 3
11 46 5
11 49 4
11 56 4
11 58 1
11 81 4
11 158 1
11 204 4
11 221 5
11 223 3
11 243 4
11 300 4
11 331 3
11 337 1
11 350 3
11 356 1
11 371 1
11 387 5
12 20 3
12 27 3
12 34 1
12 42 2
12 88 3
12 100 5
12 178 4
12 179 2
12 190 2
12 205 3
12 207 2
12 226 5
12 236 4
12 240 2
12 328 5
12 340 4
12 349 4
12 370 1
12 378 3
12 389 2
13 36 2
13 114 4
13 131 2
13 163 2
13 225 5
13 282 3
13 292 4
13 297 1
13 306 3
13 334 4
13 337 3
13 370 1
14 33 3
14 56 1
14 60 4
14 68 2
14 72 2
14 77 2
14 90 3
14 94 3
14 95 3
14 118 2
14 125 4
14 237 3
14 242 5
14 243 4
14 248 1
14 250 3
14 252 1
14 270 1
14 271 5
14 299 5
14 322 4
14 327 1
14 335 2
14 367 2
15 16 5
15 37 5
15 61 1
15 76 4
15 77 4
15 99 3
15 100 5
15 124 3
15 219 1
15 246 5
15 271 2
15 299 2
15 300 4
15 328 4
15 356 3
15 372 3
15 399 3
16 19 4
16 22 1
16 56 2
16 79 3
16 111 3
16 113 3
16 118 4
16 133 4
16 135 4
16 153 5
16 160 5
16 166 5
16 183 1
16 185 1
16 218 2
16 276 1
16 279 5
16 291 4
16 302 1
16 357 4
16 373 4
16 376 5
16 391 2
16 398 5
17 37 2
17 71 4
17 82 3
17 113 3
17 174 5
17 199 2
17 220 4
17 247 1
17 254 4
17 270 1
17 275 1
17 280 3
17 292 3
17 311 5
17 321 1
17 334 3
17 340 5
17 342 5
17 353 3
17 358 1
18 29 5
18 120 3
18 165 2
18 178 2
18 182 3
18 265 1
18 267 3
18 271 1
18 276 1
18 285 2
18 286 5
18 289 4
18 294 4
18 308 4
18 334 4
18 342 5
18 362 5
19 25 1
19 46 4
19 47 3
19 52 3
19 69 5
19 82 4
19 100 4
19 118 5
19 120 4
19 162 1
19 168 4
19 189 1
19 193 3
19 201 3
19 291 3
19 310 4
19 317 1
19 330 3
19 335 4
19 336 4
19 368 2
19 390 5
19 394 4
19 397 5
20 31 5
20 54 4
20 56 2
20 86 4
20 108 4
20 145 5
20 155 1
20 162 1
20 166 4
20 185 5
20 205 5
20 219 2
20 221 5
20 224 3
20 236 1
20 241 3
20 254 1
20 265 4
20 272 1
20 274 2
20 294 2
20 361 4
20 365 4
20 395 4
21 22 3
21 26 5
21 31 2
21 43 1
21 114 1
21 135 4
21 147 2
21 151 3
21 187 4
21 203 1
21 210 1
21 217 1
21 221 5
21 289 3
21 290 2
21 301 5
21 303 1
21 323 1
21 356 4
21 394 2
22 25 3
22 37 5
22 43 1
22 49 3
22 63 4
22 75 1
22 95 4
22 112 2
22 129 1
22 145 1
22 157 1
22 204 1
22 229 2
22 232 2
22 239 1
22 243 4
22 257 5
22 276 4
22 277 5
22 287 4
22 310 1
22 344 4
22 352 1
22 370 3
22 379 1
22 388 1
23 40 3
23 60 4
23 86 4
23 110 3
23 119 1
23 132 5
23 140 1
23 186 2
23 187 3
23 203 2
23 204 4
23 257 4
23 276 2
23 285 4
23 304 5
23 308 4
23 350 5
24 47 3
24 70 1
24 80 1
24 113 5
24 156 2
24 169 3
24 189 1
24 208 3
24 219 3
24 258 4
24 268 5
24 306 2
24 343 5
24 380 1
24 393 3
25 34 2
25 42 4
25 47 3
25 65 5
25 71 5
25 72 4
25 104 3
25 119 3
25 163 3
25 174 4
25 200 3
25 205 1
25 208 4
25 216 2
25 270 4
25 276 4
25 299 4
25 318 2
25 321 2
25 345 4
25 365 3
26 29 4
26 55 4
26 80 4
26 90 3
26 168 3
26 181 2
26 195 3
26 196 3
26 198 5
26 200 1
26 206 5
26 215 3
26 216 2
26 232 4
26 236 5
26 273 1
26 279 3
26 300 2
26 339 2
26 366 2
26 375 4
26 387 3
27 76 3
27 169 3
27 245 5
27 250 5
27 259 5
27 355 2
28 29 4
28 32 3
28 69 5
28 82 1
28 99 2
28 116 5
28 117 2
28 132 2
28 144 3
28 191 2
28 227 3
28 229 2
28 231 5
28 274 1
28 289 3
28 321 4
28 358 4
28 364 3
28 366 3
28 368 3
29 35 2
29 65 2
29 99 2
29 136 2
29 167 3
29 202 2
29 204 5
29 205 2
29 238 2
29 294 1
29 304 2
29 312 2
29 335 1
29 347 2
29 367 3
29 381 2
29 391 3
29 392 1
29 396 1
30 42 5
30 71 5
30 82 3
30 92 2
30 105 1
30 152 4
30 156 1
30 179 2
30 218 1
30 224 3
30 257 3
30 262 4
30 264 3
30 266 2
30 276 4
30 295 1
30 311 1
30 323 4
30 326 4
30 334 3
30 340 2
30 348 1
30 373 1
30 394 2
31 32 5
31 72 4
31 77 2
31 92 4
31 165 4
31 180 4
31 183 2
31 193 1
31 239 5
31 279 2
31 292 3
31 293 5
31 310 5
31 313 5
31 335 5
31 350 2
31 373 4
31 374 3
31 381 5
31 382 2
31 386 1
31 394 2
31 395 3
32 46 2
32 49 5
32 90 2
32 98 3
32 117 1
32 119 1
32 135 1
32 255 3
32 264 3
32 283 2
32 288 2
32 327 2
32 331 3
32 348 5
32 373 2
32 395 2
33 34 4
33 36 4
33 41 5
33 106 2
33 116 5
33 122 4
33 126 3
33 145 5
33 161 2
33 180 5
33 190 5
33 224 1
33 259 2
33 266 2
33 289 2
33 295 4
33 303 1
33 311 5
33 324 3
33 360 5
34 93 4
34 104 4
34 116 5
34 121 2
34 139 5
34 183 1
34 184 1
34 217 1
34 233 4
34 234 4
34 238 3
34 245 2
34 273 4
34 291 1
34 329 1
34 341 5
34 368 3
34 370 4
35 97 4
35 110 2
35 132 2
35 187 4
35 222 3
35 226 2
35 241 3
35 245 2
35 248 5
35 257 4
35 271 4
35 275 5
35 280 4
35 298 3
35 336 1
35 369 5
35 379 5
35 385 3
36 97 4
36 99 1
36 102 2
36 107 1
36 112 4
36 119 5
36 127 2
36 154 3
36 171 4
36 177 1
36 189 1
36 223 5
36 251 1
36 268 5
36 277 2
36 292 3
36 314 3
36 322 3
36 353 5
36 381 3
36 383 2
37 78 1
37 114 4
37 119 4
37 131 5
37 151 3
37 167 1
37 179 4
37 191 4
37 194 2
37 201 2
37 257 1
37 262 3
37 265 1
37 324 4
37 335 4
37 336 1
37 351 1
37 381 3
37 392 5
37 394 4
38 67 2
38 83 5
38 98 2
38 99 1
38 106 2
38 126 2
38 135 5
38 145 2
38 148 1
38 185 1
38 205 1
38 239 3
38 245 2
38 255 5
38 257 5
38 259 2
38 261 5
38 265 3
38 283 4
38 285 3
38 291 4
38 293 1
38 315 1
38 332 5
38 354 1
38 363 4
39 48 1
39 64 4
39 75 1
39 120 5
39 135 4
39 168 1
39 223 1
39 226 4
39 229 5
39 236 3
39 248 3
39 265 3
39 274 1
39 283 2
39 288 4
39 302 3
39 308 4
39 316 1
39 322 2
39 338 4
39 345 2
39 348 4
39 357 5
39 379 1
40 72 2
40 90 3
40 93 1
40 106 2
40 112 1
40 118 2
40 140 4
40 159 1
40 163 2
40 165 1
40 177 5
40 189 3
40 192 2
40 205 2
40 207 5
40 233 1
40 353 5
40 378 4
40 384 2
40 386 4
40 390 3
41 42 1
41 47 5
41 48 1
41 65 1
41 73 3
41 85 4
41 131 2
41 155 1
41 156 4
41 198 3
41 205 3
41 237 5
41 253 1
41 259 2
41 277 2
41 287 1
41 304 5
41 346 4
41 349 1
41 367 4
41 383 3
41 394 4
41 399 5
42 43 5
42 66 4
42 101 2
42 102 4
42 132 5
42 144 1
42 166 2
42 177 3
42 250 5
42 256 4
42 272 3
42 277 2
42 311 3
42 323 2
42 326 1
42 357 4
42 358 5
42 367 3
42 388 4
43 49 1
43 61 3
43 65 4
43 72 2
43 80 1
43 135 3
43 186 4
43 198 2
43 206 5
43 296 2
43 322 1
43 333 1
43 381 2
44 45 4
44 65 3
44 75 1
44 76 1
44 104 3
44 123 2
44 142 1
44 172 3
44 190 3
44 255 1
44 258 4
44 267 5
44 333 5
44 381 3
44 385 4
45 50 1
45 58 5
45 59 1
45 70 2
45 92 3
45 96 5
45 98 2
45 103 1
45 108 5
45 126 2
45 166 3
45 274 3
45 279 3
45 305 5
45 327 5
45 334 3
45 335 5
45 372 1
45 396 2
46 55 5
46 83 5
46 91 3
46 122 4
46 131 4
46 168 4
46 175 5
46 212 4
46 228 3
46 271 2
46 272 4
46 300 2
46 321 2
46 325 1
46 340 5
46 346 5
46 368 4
46 372 3
46 383 5
47 80 4
47 94 5
47 95 4
47 112 3
47 121 1
47 134 2
47 140 2
47 147 4
47 156 4
47 193 3
47 304 2
47 314 2
47 318 5
47 341 5
47 358 4
47 360 4
47 362 3
47 365 5
47 398 2
48 51 1
48 129 2
48 164 2
48 172 3
48 174 1
48 180 2
48 181 2
48 213 4
48 239 5
48 257 1
48 302 2
48 315 4
48 320 4
48 326 5
48 349 1
48 370 4
48 378 1
48 395 3
49 53 4
49 58 2
49 66 1
49 68 1
49 94 4
49 99 4
49 113 5
49 145 5
49 153 1
49 193 2
49 210 5
49 240 3
49 252 4
49 284 3
49 322 2
49 331 2
49 337 2
49 346 2
49 347 5
49 374 5
49 375 5
49 386 4
49 387 2
49 391 4
50 97 1
50 104 1
50 114 5
50 133 5
50 134 2
50 168 4
50 206 4
50 242 2
50 250 3
50 256 5
50 262 3
50 270 3
50 272 4
50 315 1
50 355 2
50 384 5
51 82 4
51 102 2
51 112 4
51 170 2
51 216 4
51 225 5
51 241 1
51 265 4
51 272 5
51 304 1
51 312 2
51 341 2
52 69 3
52 74 2
52 83 3
52 106 2
52 129 4
52 152 5
52 167 1
52 220 1
52 239 2
52 257 3
52 278 1
52 285 3
52 320 4
52 328 5
52 333 2
52 338 4
52 342 4
52 345 5
52 350 1
52 355 4
52 364 3
52 366 2
52 369 4
53 60 3
53 71 3
53 205 5
53 207 4
53 260 3
53 310 4
53 320 1
53 328 4
53 340 1
53 359 3
53 384 3
54 57 2
54 76 2
54 95 3
54 126 2
54 149 3
54 207 1
54 233 2
54 239 1
54 315 2
54 319 5
54 353 4
54 358 4
54 391 3
54 399 4
55 59 4
55 72 4
55 79 1
55 124 1
55 127 3
55 149 5
55 161 1
55 170 1
55 195 2
55 247 2
55 305 1
55 324 4
55 335 2
55 341 3
55 349 1
55 357 1
55 362 2
55 367 3
55 382 5
56 65 5
56 68 5
56 100 5
56 104 3
56 105 3
56 114 3
56 143 5
56 152 2
56 182 2
56 186 1
56 193 3
56 196 1
56 208 5
56 284 4
56 289 1
56 291 4
56 334 5
56 359 2
56 398 4
57 58 1
57 76 2
57 123 3
57 145 1
57 179 4
57 205 2
57 225 2
57 315 3
57 350 1
57 355 1
57 356 3
57 365 3
57 387 4
57 388 3
57 395 2
58 66 2
58 68 2
58 77 1
58 120 4
58 132 2
58 137 2
58 146 1
58 156 3
58 166 3
58 187 1
58 188 1
58 199 4
58 224 2
58 234 1
58 251 5
58 296 3
58 319 4
58 355 2
58 359 3
58 366 1
59 77 2
59 91 2
59 96 5
59 120 3
59 142 4
59 161 3
59 188 3
59 218 5
59 227 4
59 230 4
59 316 1
59 338 2
59 372 1
59 391 4
60 64 4
60 67 1
60 102 5
60 126 5
60 149 5
60 154 2
60 175 2
60 184 1
60 191 2
60 206 2
60 215 4
60 244 2
60 317 5
60 329 4
60 363 3
60 372 5
60 388 5
60 390 1
61 71 4
61 75 2
61 116 5
61 125 5
61 177 2
61 192 4
61 196 5
61 198 3
61 208 4
61 223 2
61 231 2
61 266 2
61 295 4
61 304 4
61 305 1
61 306 3
61 317 4
61 326 2
61 369 5
61 373 1
61 379 5
61 394 3
62 81 2
62 93 4
62 97 5
62 114 3
62 135 1
62 148 4
62 156 4
62 175 3
62 178 1
62 215 5
62 245 5
62 252 1
62 269 1
62 303 3
62 332 4
62 354 4
62 383 5
62 386 5
62 389 5
62 390 3
63 68 3
63 70 3
63 98 4
63 174 5
63 180 1
63 189 3
63 192 4
63 196 1
63 207 1
63 252 1
63 273 2
63 338 1
63 339 5
63 348 3
63 349 1
63 374 3
63 397 5
63 398 2
64 155 4
64 163 2
64 180 1
64 221 1
64 250 1
64 278 1
64 286 5
64 293 1
64 300 1
64 366 3
64 372 4
64 391 2
65 78 1
65 82 2
65 92 4
65 105 4
65 110 2
65 121 3
65 141 4
65 171 2
65 175 5
65 177 4
65 206 1
65 207 5
65 233 2
65 254 3
65 267 2
65 295 3
65 306 1
65 313 3
65 317 5
65 320 3
65 367 4
65 370 3
65 371 1
66 68 4
66 70 3
66 171 4
66 175 4
66 180 1
66 190 2
66 193 4
66 323 2
66 371 3
66 397 2
67 72 2
67 81 4
67 139 5
67 149 4
67 152 2
67 208 3
67 245 3
67 258 4
67 260 2
67 312 5
67 328 2
67 352 4
67 361 1
67 368 2
68 71 4
68 123 4
68 127 1
68 152 3
68 155 3
68 156 5
68 159 3
68 199 3
68 211 3
68 228 4
68 251 3
68 326 1
68 328 2
68 377 5
68 387 5
69 83 3
69 106 3
69 146 3
69 204 3
69 209 1
69 232 4
69 248 1
69 256 2
69 263 5
69 266 2
69 280 3
69 332 5
69 339 5
69 343 3
69 366 3
69 388 4
70 75 2
70 122 2
70 127 3
70 130 5
70 145 3
70 157 4
70 182 3
70 188 1
70 238 3
70 263 3
70 275 2
70 348 1
70 353 5
71 72 1
71 115 4
71 117 1
71 136 1
71 152 5
71 171 1
71 218 4
71 220 2
71 237 1
71 265 3
71 266 2
71 277 3
71 278 5
71 283 2
71 305 2
71 308 1
71 317 5
71 346 2
71 369 1
71 392 3
72 73 5
72 115 4
72 117 2
72 120 5
72 183 5
72 198 1
72 204 2
72 218 1
72 220 3
72 258 3
72 262 5
72 278 1
72 281 3
72 311 5
72 314 2
72 348 5
72 354 2
72 360 5
73 122 3
73 141 5
73 162 2
73 168 3
73 173 1
73 179 4
73 193 3
73 216 2
73 226 4
73 229 2
73 234 2
73 291 5
73 312 1
73 315 2
73 319 1
73 376 1
73 396 2
74 85 4
74 112 5
74 146 4
74 164 5
74 165 2
74 184 2
74 186 2
74 197 5
74 207 1
74 235 3
74 277 4
74 325 1
75 81 5
75 127 2
75 131 2
75 187 5
75 193 3
75 221 5
75 238 2
75 242 4
75 263 4
75 276 4
75 338 4
75 368 4
75 378 2
76 99 5
76 103 2
76 128 2
76 144 2
76 148 4
76 152 5
76 159 5
76 175 2
76 198 4
76 216 1
76 219 5
76 241 3
76 246 5
76 247 3
76 249 2
76 268 1
76 284 5
76 293 3
76 321 2
76 358 1
76 377 1
76 390 1
77 91 2
77 114 2
77 131 3
77 154 3
77 175 1
77 197 3
77 221 5
77 245 2
77 247 4
77 253 4
77 301 3
77 315 1
77 333 1
77 337 5
77 376 2
78 83 1
78 87 4
78 106 3
78 163 3
78 201 5
78 251 5
78 256 4
78 264 5
78 305 4
78 361 3
78 371 5
78 386 2
79 101 1
79 145 2
79 155 5
79 191 4
79 216 4
79 217 2
79 221 3
79 224 2
79 247 1
79 267 5
79 277 3
79 304 1
79 397 5
80 112 1
80 129 3
80 151 5
80 206 1
80 213 1
80 275 1
80 278 1
80 282 2
80 327 5
80 334 5
80 356 1
80 359 4
80 361 3
80 378 5
81 107 4
81 108 3
81 118 1
81 138 1
81 202 1
81 214 2
81 274 1
81 323 4
81 345 3
81 346 2
81 372 5
81 391 4
81 396 4
82 90 5
82 124 1
82 125 4
82 135 1
82 152 3
82 178 1
82 221 1
82 240 2
82 242 3
82 256 4
82 273 3
82 313 3
82 356 1
82 394 4
83 90 1
83 130 1
83 135 5
83 140 3
83 178 3
83 186 3
83 197 3
83 216 2
83 233 5
83 258 3
83 275 2
83 284 5
83 349 5
83 365 5
83 367 3
83 399 4
84 111 3
84 182 3
84 184 3
84 204 1
84 233 2
84 255 3
84 273 2
84 279 2
84 284 3
84 295 4
84 303 2
84 320 1
84 333 1
84 362 1
84 363 2
84 388 2
85 113 4
85 135 4
85 193 5
85 208 4
85 247 3
85 270 1
85 310 2
85 326 4
85 336 5
85 368 4
85 382 4
85 383 1
86 106 3
86 109 1
86 136 5
86 223 5
86 249 3
86 255 2
86 273 5
86 277 2
86 280 3
86 299 4
86 316 5
86 319 2
86 320 5
86 326 5
86 368 3
86 397 2
87 91 4
87 170 2
87 172 1
87 177 4
87 187 1
87 204 1
87 228 3
87 238 2
87 241 2
87 242 5
87 251 2
87 257 2
87 269 1
87 277 2
87 297 4
87 342 4
87 370 4
87 394 2
88 129 2
88 175 3
88 179 2
88 233 1
88 238 2
88 271 3
88 287 2
88 295 1
88 296 4
88 320 3
88 330 4
88 338 4
88 354 1
88 377 4
88 385 3
89 94 4
89 117 3
89 151 2
89 154 5
89 164 2
89 224 3
89 228 1
89 243 5
89 261 1
89 315 2
89 317 1
89 332 5
89 340 1
89 353 1
90 104 4
90 156 5
90 162 1
90 164 5
90 184 5
90 216 4
90 217 4
90 222 5
90 226 5
90 266 3
90 286 2
90 287 5
90 289 2
90 314 1
90 370 4
90 372 4
91 96 3
91 110 1
91 121 5
91 123 3
91 128 4
91 132 1
91 135 2
91 179 4
91 203 5
91 216 5
91 218 1
91 239 3
91 298 1
91 357 4
91 364 4
91 383 2
92 128 2
92 165 1
92 204 4
92 215 5
92 228 2
92 286 1
92 307 5
92 310 3
92 316 2
92 321 2
92 336 4
92 337 4
92 361 1
92 374 5
92 389 3
93 100 4
93 112 4
93 139 4
93 156 3
93 209 4
93 224 2
93 276 3
93 315 2
94 100 5
94 111 1
94 112 5
94 129 5
94 172 1
94 267 1
94 292 4
94 318 4
94 321 5
94 340 2
94 345 1
94 349 2
94 386 1
94 387 4
95 121 4
95 123 1
95 147 1
95 183 1
95 190 5
95 211 2
95 236 2
95 242 2
95 252 3
95 279 4
95 304 4
95 305 3
95 314 1
95 340 4
95 371 1
95 377 3
95 384 4
95 387 3
96 106 4
96 110 4
96 135 3
96 136 2
96 152 1
96 167 3
96 233 4
96 296 2
96 302 2
96 319 4
96 325 5
96 336 4
96 337 3
96 340 5
96 343 3
96 347 2
96 377 1
97 100 4
97 102 2
97 113 4
97 128 2
97 202 5
97 203 3
97 227 3
97 232 5
97 236 2
97 241 5
97 253 4
97 271 3
97 298 5
97 313 2
97 331 1
97 366 4
97 373 2
97 386 1
98 103 3
98 139 2
98 157 2
98 159 3
98 197 3
98 201 3
98 214 5
98 227 2
98 230 5
98 239 5
98 259 1
98 266 4
98 273 1
98 286 1
98 331 5
98 373 3
99 103 3
99 151 4
99 189 5
99 193 5
99 222 5
99 322 2
99 325 5
99 326 4
99 336 5
99 351 1
99 366 3
99 368 5
100 111 3
100 145 4
100 148 3
100 151 2
100 185 1
100 216 3
100 237 5
100 323 3
100 326 5
100 331 5
100 360 3
101 239 1
101 275 1
101 277 5
101 390 1
101 398 1
102 117 5
102 174 5
102 181 1
102 213 2
102 275 5
102 310 2
102 317 2
102 368 2
102 390 1
103 138 5
103 142 3
103 150 5
103 189 5
103 223 5
103 245 1
103 247 4
103 260 2
103 279 2
103 342 5
103 355 4
103 373 5
103 376 1
103 387 1
104 116 4
104 128 5
104 134 3
104 171 4
104 178 4
104 228 1
104 290 1
104 320 5
104 324 2
104 341 3
104 358 3
104 367 1
104 381 4
105 190 4
105 191 3
105 242 5
105 257 5
105 263 4
105 265 5
105 273 4
105 278 5
105 282 1
105 299 5
105 328 4
105 351 3
105 368 4
105 387 1
105 396 1
106 134 3
106 145 1
106 148 4
106 198 5
106 231 5
106 276 5
106 301 4
106 345 5
106 351 3
106 353 4
106 355 2
106 360 2
106 386 2
107 109 3
107 112 4
107 126 1
107 157 3
107 163 3
107 166 5
107 194 3
107 218 3
107 263 3
107 278 3
107 299 3
107 325 3
107 330 2
107 338 3
107 340 4
107 347 5
107 373 4
108 109 3
108 115 1
108 142 2
108 156 5
108 175 3
108 198 5
108 222 3
108 238 2
108 248 2
108 272 3
108 275 4
108 288 2
108 305 5
108 382 2
108 389 3
109 112 5
109 137 3
109 216 2
109 264 4
109 282 5
109 286 2
109 288 5
109 302 3
109 312 2
109 319 4
109 371 4
109 376 2
110 127 2
110 129 3
110 149 5
110 164 2
110 170 3
110 194 4
110 252 5
110 337 3
110 370 3
111 142 4
111 150 2
111 151 2
111 170 2
111 212 4
111 217 2
111 221 5
111 226 2
111 253 4
111 260 5
111 279 1
111 295 1
111 379 2
111 395 3
111 396 4
112 132 1
112 145 1
112 153 3
112 191 5
112 289 4
112 354 1
113 156 4
113 159 1
113 303 2
113 314 2
113 341 4
113 347 2
113 380 1
114 136 4
114 139 3
114 208 3
114 278 1
114 293 4
114 304 1
114 392 3
114 393 3
115 233 4
115 285 5
115 292 1
115 305 3
115 348 1
115 357 2
115 366 1
115 367 3
115 380 2
116 164 2
116 198 3
116 213 2
116 230 3
116 231 1
116 275 3
116 285 2
116 376 2
116 379 4
116 390 5
117 121 1
117 130 2
117 169 3
117 193 4
117 199 2
117 210 4
117 239 5
117 240 2
117 242 5
117 259 3
117 261 1
117 263 4
117 264 1
117 289 4
117 295 3
117 337 4
117 382 3
117 396 2
118 120 4
118 165 2
118 218 1
118 229 2
118 233 3
118 238 2
118 281 4
118 332 3
118 344 2
118 391 4
118 394 3
119 146 5
119 149 2
119 151 4
119 185 5
119 190 2
119 197 2
119 206 4
119 243 1
119 262 4
119 267 1
119 312 1
119 319 5
119 361 2
119 372 3
120 139 1
120 143 3
120 164 3
120 178 4
120 195 1
120 201 4
120 288 1
120 292 2
120 318 3
120 327 5
120 370 4
120 386 5
121 128 3
121 139 3
121 162 3
121 227 4
121 234 3
121 282 4
121 296 5
121 297 4
121 300 2
121 301 5
121 313 2
121 318 1
121 321 2
121 322 3
121 339 1
121 354 5
121 360 1
121 379 2
122 155 3
122 170 4
122 188 4
122 198 4
122 224 3
122 237 3
122 246 5
122 253 4
122 269 3
122 270 2
122 309 4
122 311 4
122 312 3
122 313 2
122 314 3
122 325 4
122 327 1
122 330 3
122 331 4
122 365 2
123 128 4
123 151 3
123 168 1
123 177 1
123 188 1
123 194 2
123 202 1
123 209 3
123 258 5
123 302 3
123 315 5
123 323 2
123 324 3
123 346 2
123 369 5
123 376 2
123 379 3
123 383 5
123 384 4
123 391 1
123 395 1
124 141 2
124 179 5
124 205 1
124 215 4
124 231 1
124 237 5
124 238 5
124 273 4
124 276 2
124 284 5
124 294 3
124 310 1
124 318 1
124 324 1
124 335 3
125 136 3
125 137 3
125 153 3
125 155 3
125 158 5
125 193 5
125 238 5
125 251 4
125 294 1
125 331 1
125 364 2
125 383 4
125 385 1
126 127 3
126 147 1
126 148 2
126 197 2
126 198 5
126 244 1
126 261 2
126 289 5
126 305 4
126 332 3
126 352 3
126 361 5
126 373 1
126 392 2
127 165 2
127 172 4
127 178 3
127 291 1
127 305 3
127 310 5
127 324 3
127 354 4
128 143 4
128 166 4
128 184 4
128 215 5
128 216 3
128 236 3
128 249 2
128 261 4
128 270 2
128 279 1
128 293 4
128 299 1
128 328 2
128 365 1
128 371 4
128 383 4
129 145 5
129 151 3
129 209 5
129 278 2
129 327 1
129 330 5
129 387 3
130 148 2
130 154 3
130 160 2
130 166 2
130 239 5
130 241 3
130 261 4
130 274 4
130 292 3
130 306 4
130 328 2
130 332 4
130 337 5
130 373 4
130 395 3
131 134 1
131 176 5
131 196 3
131 202 1
131 221 1
131 261 3
131 266 2
131 268 1
131 281 2
131 314 3
131 342 5
131 358 2
131 365 2
131 388 5
132 140 5
132 156 2
132 160 3
132 176 5
132 199 2
132 224 2
132 250 4
132 267 3
132 311 5
132 317 4
132 324 2
132 334 5
132 345 2
132 364 1
132 398 5
133 156 3
133 161 2
133 177 2
133 186 5
133 192 1
133 236 1
133 271 1
133 272 1
133 291 1
133 302 5
133 306 1
133 338 4
133 383 3
134 163 2
134 170 2
134 171 4
134 210 4
134 214 3
134 222 1
134 281 3
134 290 1
134 291 2
134 298 3
134 300 4
134 302 5
134 309 1
134 339 1
134 365 5
134 369 5
134 397 4
135 184 2
135 190 2
135 210 5
135 229 4
135 251 4
135 259 2
135 286 3
135 303 1
135 307 5
135 325 2
135 346 2
135 394 4
136 148 2
136 160 4
136 191 4
136 238 3
136 250 1
136 321 4
136 333 4
136 340 3
136 368 2
137 176 5
137 183 5
137 194 2
137 251 2
137 270 3
137 320 3
137 324 1
137 399 2
138 182 2
138 208 1
138 214 3
138 257 4
138 270 5
138 294 4
138 323 3
138 325 5
138 326 4
139 142 3
139 173 5
139 206 2
139 230 2
139 239 4
139 259 2
139 303 5
139 311 4
139 314 1
139 377 3
139 383 5
139 396 1
140 154 2
140 161 1
140 163 5
140 172 2
140 175 2
140 179 5
140 210 3
140 228 2
140 231 4
140 257 2
140 261 4
140 279 2
140 290 1
140 322 3
140 371 2
140 390 2
140 391 2
140 400 1
141 148 1
141 198 2
141 267 2
141 279 2
141 293 2
141 378 5
141 385 3
141 387 5
142 184 3
142 189 1
142 197 1
142 198 3
142 210 1
142 234 4
142 259 2
142 265 2
142 284 3
142 299 5
142 313 3
142 326 2
142 352 1
142 359 3
143 144 1
143 151 2
143 156 2
143 172 3
143 187 2
143 194 3
143 221 2
143 237 5
143 267 1
143 289 2
143 293 3
143 296 1
143 350 3
143 366 1
143 369 5
143 382 3
144 200 1
144 213 4
144 221 3
144 238 3
144 252 2
144 255 4
144 270 1
144 278 2
144 279 4
144 319 3
144 321 5
144 322 1
144 326 1
144 338 2
144 339 1
144 354 3
144 356 5
144 358 4
145 171 1
145 202 1
145 209 1
145 214 1
145 228 2
145 229 2
145 271 4
145 292 4
145 303 2
145 369 2
145 389 1
145 392 3
145 393 4
145 394 5
146 150 4
146 188 5
146 210 2
146 262 4
146 268 2
146 272 2
146 274 4
146 289 5
146 304 2
146 346 4
146 351 2
146 392 4
147 189 3
147 222 2
147 223 1
147 230 4
147 241 4
147 245 2
147 248 4
147 251 5
147 293 1
147 300 3
147 307 3
147 309 4
147 371 1
148 156 3
148 214 5
148 232 5
148 253 3
148 277 5
148 290 5
148 310 4
148 323 5
148 346 1
148 352 5
148 363 1
148 395 5
149 150 5
149 161 3
149 163 4
149 197 1
149 198 5
149 218 3
149 235 3
149 254 2
149 272 5
149 292 3
149 293 1
149 296 1
149 299 1
149 304 4
149 311 4
149 317 3
149 333 5
149 340 2
149 363 5
149 381 3
149 391 2
149 392 2
150 155 2
150 162 3
150 222 5
150 233 1
150 236 2
150 246 2
150 250 4
150 284 4
150 286 1
150 294 3
150 300 4
150 309 1
150 337 5
150 357 3
151 157 1
151 183 1
151 197 5
151 201 1
151 206 3
151 223 4
151 227 3
151 228 2
151 243 2
151 250 4
151 252 2
151 290 3
151 310 4
151 350 2
151 372 1
151 373 5
151 397 5
152 153 5
152 177 1
152 218 4
152 242 3
152 258 1
152 314 1
152 318 4
152 322 3
152 341 1
152 361 3
152 387 2
153 173 5
153 180 4
153 200 1
153 234 5
153 247 1
153 249 4
153 252 5
153 257 2
153 272 2
153 278 5
153 354 2
153 367 2
153 395 1
154 170 5
154 213 1
154 220 4
154 255 1
154 285 3
154 312 3
154 326 3
154 340 1
154 362 4
154 375 5
154 381 5
155 171 5
155 186 1
155 206 1
155 207 5
155 247 4
155 262 4
155 291 3
155 317 2
155 324 3
155 343 4
155 376 5
155 387 2
156 157 3
156 167 1
156 182 5
156 194 5
156 211 3
156 216 3
156 218 3
156 220 5
156 221 4
156 231 1
156 232 4
156 282 4
156 307 5
156 315 3
156 373 3
156 377 4
156 383 5
156 384 2
156 392 3
157 188 2
157 240 5
157 252 5
157 256 1
157 276 3
157 303 4
157 366 1
157 369 3
158 293 1
158 302 1
158 314 2
158 323 3
158 331 1
158 356 1
158 360 4
158 373 2
158 376 2
158 380 4
158 384 3
158 387 4
159 204 1
159 228 2
159 268 2
159 329 2
159 379 5
160 167 5
160 170 2
160 176 1
160 203 1
160 248 5
160 254 5
160 336 5
160 364 1
160 370 2
160 379 3
160 383 5
160 387 5
161 162 5
161 181 2
161 201 5
161 209 1
161 236 1
161 237 4
161 250 1
161 292 4
161 295 3
161 321 2
161 343 1
161 346 5
161 349 2
161 351 2
161 353 2
161 391 2
162 184 3
162 195 3
162 221 4
162 238 1
162 280 5
162 300 5
162 331 4
162 335 5
162 346 3
162 384 2
163 184 2
163 190 2
163 193 1
163 215 3
163 238 1
163 375 5
163 394 2
163 400 5
164 175 4
164 185 3
164 196 4
164 198 5
164 207 1
164 266 1
164 273 2
164 332 3
164 358 4
165 197 3
165 199 4
165 216 2
165 245 4
165 261 2
165 300 2
165 345 3
165 347 5
165 349 2
165 369 4
166 181 1
166 188 5
166 202 4
166 270 1
166 305 4
166 367 4
166 394 1
167 174 4
167 206 4
167 216 3
167 239 5
167 253 2
167 277 2
167 289 2
167 298 1
167 304 5
167 329 3
167 338 1
167 372 1
167 398 4
168 169 1
168 177 5
168 181 2
168 192 1
168 198 1
168 207 5
168 211 1
168 230 2
168 239 1
168 244 2
168 262 4
168 276 3
168 287 2
168 290 5
168 296 1
168 350 3
169 187 2
169 209 4
169 215 4
169 216 1
169 291 1
169 311 3
169 315 4
169 322 2
170 202 3
170 220 3
170 223 3
170 237 3
170 258 1
170 273 3
170 292 4
170 295 1
170 300 3
170 303 1
170 354 2
170 376 2
170 387 3
170 393 5
171 209 4
171 212 3
171 216 1
171 253 1
171 274 4
171 304 4
171 336 1
171 338 5
171 354 1
171 366 1
171 371 5
171 386 2
171 390 5
171 393 1
171 400 2
172 200 4
172 213 5
172 239 3
172 245 4
172 247 4
172 251 1
172 268 3
172 290 2
172 292 5
172 357 5
172 363 5
172 366 4
172 370 2
172 390 4
172 396 2
173 180 2
173 224 2
173 257 4
173 258 2
173 259 2
173 281 2
173 317 4
173 329 4
173 355 1
173 392 1
173 395 3
174 204 3
174 205 2
174 253 5
174 344 1
174 358 3
175 186 2
175 216 5
175 231 3
175 261 3
175 265 5
175 266 5
175 272 2
175 302 3
175 321 2
175 335 1
175 336 5
175 338 4
175 366 3
175 372 1
175 376 1
175 384 2
176 228 5
176 299 3
176 305 3
176 318 4
176 322 4
176 335 2
176 337 5
176 342 2
176 355 2
176 384 5
177 178 1
177 185 4
177 189 1
177 190 2
177 196 5
177 283 1
177 304 3
177 342 5
177 343 5
177 357 5
177 361 4
177 374 1
177 385 2
177 391 2
177 398 5
178 211 4
178 215 2
178 217 2
178 232 2
178 245 1
178 261 4
178 266 4
178 276 4
178 296 3
178 299 2
178 312 4
178 322 2
178 324 1
178 343 4
178 392 4
178 397 1
179 192 4
179 216 2
179 325 3
179 333 5
179 371 1
179 376 3
179 381 2
179 386 5
179 390 2
179 398 5
180 189 1
180 191 1
180 192 3
180 215 5
180 253 1
180 264 5
180 273 2
180 275 4
180 306 4
180 314 3
180 345 4
180 368 1
180 387 5
180 392 1
181 188 1
181 199 2
181 208 3
181 216 2
181 223 5
181 229 5
181 264 1
181 273 2
181 297 2
181 300 4
181 317 1
181 324 3
181 349 1
181 387 4
181 399 1
182 203 4
182 209 5
182 217 2
182 222 5
182 241 1
182 249 3
182 251 3
182 271 3
182 276 1
182 279 4
182 290 3
182 310 1
182 324 3
182 355 1
182 363 3
182 369 4
182 373 3
182 398 1
183 190 2
183 195 3
183 233 3
183 255 3
183 267 2
183 290 4
183 342 2
184 234 4
184 268 4
184 310 2
184 318 1
184 334 4
184 369 3
185 190 3
185 202 5
185 220 4
185 282 4
185 294 1
185 305 1
185 339 3
185 365 5
185 400 4
186 229 4
186 234 3
186 287 5
186 294 3
186 309 2
186 314 1
186 335 2
186 339 4
186 372 4
186 387 1
186 398 5
187 197 4
187 201 5
187 206 4
187 253 2
187 255 4
187 257 1
187 272 3
187 301 3
187 330 3
187 369 2
187 380 1
187 398 4
188 189 3
188 217 5
188 236 5
188 256 1
188 283 4
188 300 1
188 343 1
188 367 1
188 384 2
188 387 4
189 247 4
189 294 1
189 303 1
189 323 1
189 334 3
189 348 4
189 349 5
189 352 4
189 366 1
190 196 3
190 209 5
190 219 2
190 223 4
190 234 2
190 253 5
190 286 3
190 293 5
190 309 4
190 321 4
190 335 1
190 357 5
190 363 2
190 385 2
191 214 1
191 240 1
191 299 1
191 314 3
191 326 2
191 356 4
191 390 2
192 212 3
192 216 5
192 221 5
192 231 3
192 266 4
192 296 4
192 360 3
192 361 2
192 386 3
192 394 5
193 201 4
193 202 5
193 241 5
193 255 4
193 264 2
193 272 1
193 279 1
193 296 3
193 332 3
193 339 3
194 196 4
194 225 5
194 238 5
194 258 4
194 266 2
194 282 2
194 308 4
194 318 2
194 336 3
194 337 4
194 339 3
194 340 4
194 361 1
194 377 2
194 378 4
194 391 3
194 396 4
195 206 1
195 267 3
195 282 5
195 368 4
195 369 5
195 373 3
195 390 2
196 258 4
196 277 1
196 287 3
196 292 3
196 314 1
196 322 1
196 335 5
196 343 3
196 396 4
197 208 5
197 213 2
197 228 1
197 233 5
197 258 5
197 260 2
197 266 3
197 274 2
197 297 1
197 344 5
197 346 2
197 400 3
198 225 1
198 251 2
198 257 3
198 276 3
198 288 1
198 362 4
198 377 2
199 215 2
199 266 4
199 282 3
199 296 1
199 303 3
199 329 1
199 332 4
199 338 4
199 378 4
199 393 3
199 395 2
200 216 4
200 221 4
200 252 1
200 279 4
200 325 3
200 353 1
201 219 1
201 231 3
201 253 1
201 292 4
201 313 2
201 320 1
201 326 1
201 349 2
201 352 2
201 359 3
202 204 2
202 210 3
202 212 1
202 245 2
202 258 5
202 259 5
202 271 1
202 289 4
202 353 2
202 363 4
203 208 1
203 211 5
203 212 1
203 292 4
203 308 4
203 347 3
203 357 3
203 374 4
203 396 4
204 228 5
204 232 2
204 240 1
204 255 1
204 303 3
204 356 3
204 390 1
205 219 2
205 242 5
205 272 2
205 301 1
205 340 1
205 369 5
205 373 2
205 375 4
205 379 4
206 207 3
206 235 1
206 238 2
206 247 5
206 313 1
206 340 1
206 357 4
206 382 5
206 392 4
206 400 2
207 253 3
207 276 5
207 329 1
207 344 4
207 349 1
207 380 5
208 245 1
208 252 1
208 260 2
208 291 1
208 302 4
208 322 5
208 324 3
208 339 3
208 373 5
208 374 1
208 380 2
209 221 1
209 231 3
209 239 4
209 242 3
209 244 5
209 248 3
209 257 2
209 259 1
209 300 1
209 303 3
209 331 4
209 397 1
210 223 1
210 225 1
210 234 3
210 265 4
210 270 4
210 281 5
210 335 1
210 338 3
210 391 4
211 219 3
211 229 5
211 258 5
211 287 3
211 316 4
211 328 2
211 332 3
211 365 3
212 243 2
212 244 3
212 276 4
212 294 4
212 323 5
212 358 4
212 361 5
212 370 4
212 372 1
213 263 2
213 283 5
213 285 2
213 292 4
213 305 2
213 331 5
213 363 5
213 386 4
214 237 1
214 240 1
214 244 3
214 272 2
214 309 4
214 314 3
214 356 4
214 358 3
214 366 3
215 237 2
215 268 2
215 269 5
215 276 1
215 299 2
215 308 5
215 314 5
215 334 5
215 338 4
215 369 4
215 389 2
215 391 3
215 395 2
216 219 3
216 228 2
216 272 2
216 285 3
216 294 2
216 306 5
216 317 2
216 328 1
216 375 4
217 219 4
217 230 2
217 240 2
217 259 4
217 337 1
217 363 5
218 237 4
218 245 5
218 261 2
218 283 2
218 309 3
218 319 2
218 380 5
218 388 1
218 389 3
219 238 2
219 275 1
219 279 2
219 292 2
219 309 3
219 315 5
219 320 2
219 381 1
219 396 1
220 241 3
220 258 1
220 286 1
220 295 5
220 313 4
220 318 4
220 321 5
220 331 3
220 341 2
220 355 5
220 367 2
220 378 2
221 236 1
221 244 2
221 283 3
221 314 4
221 317 3
221 328 2
221 329 5
221 343 3
221 344 4
221 375 4
221 384 1
222 225 1
222 247 1
222 262 3
222 274 3
222 290 2
222 313 2
222 324 4
222 334 2
222 346 2
222 348 1
222 352 1
222 394 2
223 226 2
223 258 2
223 263 2
223 314 5
223 320 2
223 358 4
223 359 1
223 360 1
223 372 4
223 395 4
224 225 5
224 247 3
224 253 1
224 309 2
224 360 2
224 367 1
224 373 4
225 256 4
225 257 2
225 299 5
225 308 5
225 311 4
225 343 2
225 375 4
225 378 4
225 386 5
226 262 1
226 278 2
226 327 1
226 336 4
226 355 3
226 358 1
226 380 5
226 389 3
226 392 3
226 399 2
227 248 2
227 273 4
227 344 1
227 347 2
227 395 5
228 247 4
228 248 4
228 273 1
228 322 5
228 325 2
228 333 5
229 244 2
229 250 1
229 292 4
229 303 4
229 323 4
229 347 1
229 396 5
230 272 5
230 300 1
230 303 4
230 304 1
230 322 2
230 337 2
230 357 2
231 248 1
231 258 4
231 288 5
231 289 1
231 299 1
231 309 5
231 337 5
231 379 4
231 388 2
231 397 1
232 252 1
232 254 5
232 262 3
232 303 2
232 316 5
232 347 2
232 373 2
232 375 2
233 253 2
233 294 1
233 303 4
233 304 2
233 327 4
233 336 2
233 341 4
233 364 1
233 368 1
233 373 3
233 390 5
234 269 4
234 271 1
234 305 2
234 321 3
234 343 1
234 353 3
234 380 5
235 267 4
235 270 1
235 284 5
235 298 5
235 360 3
236 237 2
236 250 1
236 256 1
236 257 5
236 272 1
236 311 5
236 370 3
236 397 5
237 242 1
237 251 2
237 258 1
237 286 3
237 315 4
237 343 2
237 373 3
238 247 3
238 252 3
238 276 1
238 296 1
238 305 3
238 312 4
238 319 1
238 343 5
239 254 3
239 262 5
239 281 1
239 315 2
239 321 2
239 325 5
239 333 2
240 283 2
240 304 1
240 306 1
240 353 4
240 356 2
240 371 1
241 242 3
241 261 2
241 301 4
241 327 1
241 333 3
241 336 2
241 363 1
241 382 4
241 397 4
242 282 2
242 307 5
242 311 5
242 339 4
242 342 1
242 360 4
242 366 2
243 248 1
243 250 3
243 257 2
243 265 1
243 284 5
243 289 5
243 313 5
244 289 1
244 294 3
244 295 1
244 333 4
244 339 3
244 353 2
244 365 3
244 378 2
244 383 4
244 384 2
244 392 2
244 394 2
245 250 5
245 251 1
245 307 4
245 309 4
245 331 5
245 338 5
245 340 3
245 351 3
245 352 5
245 358 5
245 364 5
245 374 2
245 391 5
245 396 2
246 253 4
246 266 4
246 312 5
246 347 2
246 360 5
246 371 5
247 291 3
247 299 1
247 302 4
247 319 5
247 325 4
247 350 1
247 355 3
247 358 5
247 362 1
247 366 3
247 367 3
247 371 1
247 372 3
247 378 1
247 392 1
248 254 1
248 273 3
248 296 5
248 336 2
248 343 5
248 357 4
248 394 3
248 396 4
249 258 5
249 345 1
249 347 5
250 268 2
250 289 1
250 294 5
250 307 5
250 322 3
250 326 1
250 329 4
250 335 5
250 340 4
250 364 2
250 377 1
250 383 3
250 392 2
251 269 3
251 300 1
251 326 5
251 344 5
251 396 2
252 279 5
252 284 5
252 322 2
252 324 3
252 328 4
252 344 5
252 351 5
252 366 1
253 260 3
253 305 2
253 366 1
253 368 5
253 370 1
253 371 3
253 372 3
253 373 2
253 381 1
254 284 1
254 304 5
254 372 1
254 381 2
254 397 1
255 272 5
255 298 3
255 310 3
255 313 2
255 373 4
255 377 5
255 379 4
255 381 2
255 394 5
256 271 4
256 279 4
256 285 4
256 291 2
256 306 4
256 310 2
256 327 1
256 338 1
256 341 1
256 346 2
256 347 1
256 361 4
256 367 3
257 268 5
257 299 3
257 301 4
257 308 1
257 316 2
257 317 1
257 332 3
257 334 2
257 375 1
257 398 2
257 400 5
258 264 1
258 266 2
258 283 1
258 295 3
258 313 1
258 327 3
258 333 5
258 336 3
258 366 1
258 385 4
259 272 1
259 285 1
259 287 1
259 302 4
259 305 2
259 321 5
259 325 5
259 344 4
259 352 1
259 367 3
259 391 4
260 264 3
260 266 2
260 286 4
260 299 4
260 301 3
260 333 4
260 363 2
260 372 3
260 378 2
260 385 2
260 395 3
261 266 4
261 276 2
261 284 2
261 292 4
261 321 3
261 329 1
261 346 3
261 347 2
261 361 2
261 371 3
261 389 2
261 394 3
261 397 1
262 278 1
262 291 4
262 296 3
262 316 2
262 321 2
262 332 3
262 360 2
262 371 4
262 383 5
263 310 3
263 311 3
263 344 4
263 346 1
263 358 2
264 354 4
264 374 3
264 378 3
264 380 1
264 381 3
265 270 3
265 310 2
265 348 2
265 374 2
265 385 2
265 399 4
266 276 3
266 289 3
266 313 2
266 329 3
266 334 1
266 337 2
266 350 2
267 350 5
267 374 1
268 273 5
268 274 3
268 317 5
268 323 2
268 346 5
268 353 1
268 367 2
268 373 3
269 275 4
269 278 2
269 338 4
269 364 2
269 370 4
270 315 2
270 352 3
270 361 3
271 290 4
271 310 5
271 330 1
271 348 2
271 375 2
271 377 5
271 397 1
272 323 2
272 340 3
273 280 4
273 300 4
273 302 4
273 375 3
273 376 2
274 278 5
274 280 4
274 284 2
274 389 4
275 282 5
275 301 2
275 303 3
275 328 4
275 335 2
275 346 5
275 369 2
275 374 4
275 395 5
275 400 1
276 330 4
276 332 4
276 341 4
276 366 5
276 378 5
276 392 5
277 281 1
277 306 4
277 337 1
277 339 1
277 369 5
277 394 4
278 279 1
278 285 5
278 321 5
278 326 3
278 343 3
278 359 3
278 376 4
279 296 2
279 353 5
279 359 3
279 371 1
279 385 2
279 395 4
280 369 4
280 371 3
281 286 3
281 334 5
281 352 2
281 355 1
281 359 5
282 298 4
282 318 4
282 333 4
282 338 3
282 346 4
282 353 1
282 380 3
283 322 2
283 353 3
283 380 4
283 386 3
283 393 4
284 294 3
284 297 3
284 298 4
284 310 4
284 354 5
284 363 5
284 376 5
284 386 4
284 391 3
284 397 2
285 303 2
285 321 5
285 348 5
285 365 3
285 369 3
286 307 4
286 326 3
286 345 2
286 373 1
286 379 1
286 388 2
287 288 2
287 297 1
287 301 3
287 316 1
287 321 2
287 338 2
287 352 1
287 379 2
287 388 5
287 390 2
288 298 4
288 300 4
288 305 2
288 338 5
288 353 1
288 391 3
289 323 1
289 333 1
289 342 1
289 346 5
289 374 5
290 296 5
290 311 1
290 352 2
290 356 4
290 380 4
290 381 3
290 399 5
290 400 1
291 304 3
291 316 1
291 335 5
291 339 5
291 354 5
291 366 1
292 317 1
292 351 3
292 361 5
292 372 2
292 373 2
292 400 5
293 296 1
293 301 3
293 341 3
293 349 2
293 360 4
293 363 4
293 382 5
294 314 1
294 321 3
294 328 5
294 351 2
294 358 1
294 379 5
295 296 4
295 297 2
295 321 3
295 384 2
296 326 1
296 331 2
296 352 2
296 367 4
296 371 3
296 392 5
297 299 4
297 354 2
297 380 5
298 346 5
298 377 3
298 382 3
298 397 4
299 302 2
299 341 1
300 343 1
300 347 3
300 380 5
300 381 4
300 391 2
301 327 1
301 350 5
301 356 1
301 375 5
301 388 4
301 391 4
301 397 4
302 365 2
302 367 2
302 375 1
302 385 1
303 330 2
303 383 5
304 305 4
304 309 5
304 389 2
305 348 5
305 357 2
305 359 3
305 371 2
305 395 5
306 314 2
306 334 5
306 335 5
306 337 4
306 344 4
307 318 1
307 321 5
307 346 5
307 361 2
307 388 5
307 399 2
308 349 2
308 354 3
309 327 2
309 362 4
309 370 4
309 393 5
310 316 5
310 323 1
310 330 5
310 336 3
310 346 3
310 357 2
311 319 4
311 320 5
311 344 1
311 371 2
311 383 1
312 319 5
312 348 1
312 354 4
312 368 5
312 373 5
313 321 1
313 328 1
313 334 5
313 339 3
313 350 5
313 380 4
313 391 2
314 320 4
314 326 4
314 344 1
315 348 2
315 385 2
315 395 4
316 334 5
316 337 1
316 372 5
317 326 2
317 377 3
318 356 2
318 372 4
318 379 2
319 324 3
319 344 1
319 345 4
319 369 3
319 375 3
319 378 3
320 322 3
321 334 2
321 346 2
321 353 3
321 370 5
321 378 1
321 396 2
322 337 5
322 342 2
322 356 3
322 376 4
322 391 3
323 365 5
323 390 3
324 336 1
324 372 2
324 387 4
325 355 2
325 365 3
325 373 1
325 394 2
326 331 1
326 339 2
326 353 4
326 355 3
327 373 5
327 390 5
328 355 5
328 364 5
328 371 4
328 382 3
328 385 1
328 389 4
328 391 3
329 374 1
329 387 3
329 391 1
329 399 5
330 350 4
330 385 4
330 390 2
332 340 3
332 373 2
332 374 1
333 339 2
333 344 3
333 345 5
334 363 3
334 370 3
334 397 5
335 350 4
335 358 1
335 391 1
335 396 3
336 341 2
336 353 2
336 383 2
336 394 5
336 400 3
338 349 5
338 352 5
338 393 3
339 353 4
339 380 5
340 347 5
340 365 4
340 368 3
340 383 4
340 386 5
341 365 1
342 347 5
342 354 3
342 357 2
342 393 5
342 395 2
343 351 2
343 352 2
343 355 5
343 372 5
343 381 3
344 352 1
344 364 1
344 368 3
344 370 2
345 355 3
346 348 2
346 366 1
346 373 2
346 374 4
347 372 5
348 362 2
348 364 2
348 379 3
348 387 1
348 388 1
349 375 5
349 377 4
349 378 2
349 380 3
350 387 5
350 394 1
350 400 2
351 355 3
351 367 3
351 375 2
351 376 4
352 355 3
352 395 4
352 399 5
353 383 1
353 384 2
354 384 1
355 380 1
356 379 2
356 381 3
357 380 3
358 374 1
358 377 3
358 380 2
358 382 4
359 362 2
360 393 2
360 396 5
361 385 3
361 387 3
361 388 2
361 395 4
363 372 5
363 377 2
364 371 3
364 388 2
366 380 5
367 376 1
369 370 1
370 388 4
371 382 1
371 388 3
372 380 1
372 385 2
373 375 4
373 381 3
374 376 3
376 381 4
378 400 3
379 396 2
380 393 5
382 385 2
382 388 5
382 392 2
383 394 2
383 398 4
388 390 5
388 394 2
390 397 2
393 400 4
