200 3957
1 12 7
1 39 32
1 46 35
1 58 36
1 62 24
1 63 34
1 64 12
1 75 12
1 82 28
1 86 34
1 87 15
1 90 18
1 102 12
1 103 19
1 105 31
1 113 21
1 117 39
1 123 9
1 125 38
1 126 10
1 127 14
1 132 11
1 140 19
1 149 8
1 154 26
1 155 35
1 159 21
1 165 36
1 167 4
1 169 20
1 180 37
1 181 4
1 187 9
1 190 39
1 192 37
1 200 19
2 5 1
2 12 40
2 16 20
2 18 18
2 24 31
2 27 2
2 49 1
2 64 30
2 67 14
2 71 29
2 79 3
2 80 19
2 81 38
2 84 26
2 92 7
2 94 1
2 95 16
2 101 2
2 108 39
2 125 20
2 126 18
2 128 35
2 129 14
2 133 39
2 135 13
2 141 23
2 148 6
2 154 22
2 171 21
2 175 6
2 180 13
2 182 18
2 187 32
2 189 37
2 190 9
3 6 26
3 11 36
3 15 31
3 22 35
3 35 14
3 41 2
3 46 19
3 51 2
3 57 21
3 67 17
3 73 9
3 82 12
3 102 16
3 103 28
3 107 39
3 111 1
3 114 40
3 123 23
3 126 35
3 128 17
3 130 37
3 131 36
3 137 39
3 138 40
3 151 32
3 153 1
3 156 20
3 157 5
3 160 5
3 162 39
3 164 33
3 167 1
3 176 34
3 188 6
3 192 9
4 9 10
4 14 36
4 17 28
4 19 3
4 30 31
4 32 28
4 39 4
4 40 10
4 43 27
4 57 24
4 58 2
4 61 10
4 64 39
4 71 9
4 72 28
4 73 23
4 77 31
4 82 16
4 84 2
4 85 2
4 91 28
4 103 16
4 108 20
4 110 39
4 112 28
4 114 18
4 119 16
4 122 19
4 127 3
4 137 35
4 145 4
4 147 9
4 152 39
4 155 16
4 162 29
4 163 6
4 170 39
4 173 8
4 176 29
4 179 11
4 195 19
4 199 27
5 8 20
5 20 15
5 26 30
5 43 26
5 52 25
5 54 4
5 56 33
5 57 2
5 58 9
5 61 2
5 74 11
5 83 32
5 89 24
5 94 6
5 109 3
5 111 7
5 114 21
5 118 35
5 124 13
5 131 23
5 134 25
5 137 13
5 154 1
5 156 19
5 157 24
5 162 1
5 168 27
5 178 10
5 191 7
6 8 4
6 12 11
6 16 28
6 23 24
6 26 22
6 49 18
6 52 20
6 54 26
6 58 30
6 66 25
6 70 13
6 72 23
6 81 23
6 90 30
6 97 38
6 109 19
6 116 3
6 117 24
6 119 3
6 128 17
6 132 19
6 141 33
6 143 6
6 155 25
6 159 6
6 160 16
6 173 33
6 189 17
6 191 7
6 195 12
6 196 21
7 8 23
7 10 21
7 12 22
7 16 25
7 20 21
7 34 35
7 54 26
7 56 33
7 59 39
7 62 38
7 66 37
7 71 18
7 78 31
7 88 18
7 106 40
7 110 17
7 117 26
7 119 33
7 123 2
7 124 2
7 125 7
7 131 38
7 132 11
7 148 35
7 150 33
7 153 39
7 158 14
7 161 12
7 175 40
7 177 12
7 179 23
7 189 31
7 193 32
7 196 15
8 9 3
8 15 2
8 22 8
8 27 19
8 29 39
8 37 18
8 46 15
8 47 14
8 51 14
8 56 22
8 58 2
8 59 28
8 73 39
8 86 20
8 91 3
8 94 34
8 107 19
8 108 32
8 110 1
8 113 23
8 121 8
8 128 13
8 135 19
8 142 4
8 148 16
8 150 21
8 165 4
8 169 14
8 173 38
8 175 6
8 181 12
8 185 14
8 193 37
8 196 33
8 197 18
8 198 40
9 13 4
9 24 39
9 28 33
9 33 16
9 35 34
9 40 23
9 41 14
9 59 22
9 60 6
9 61 7
9 63 4
9 71 7
9 73 5
9 81 40
9 83 3
9 88 21
9 90 37
9 92 32
9 99 29
9 107 25
9 108 27
9 110 19
9 112 12
9 116 29
9 117 20
9 118 1
9 120 7
9 121 8
9 123 39
9 125 13
9 127 30
9 143 5
9 147 29
9 149 36
9 154 14
9 161 12
9 162 11
9 165 18
9 168 30
9 169 22
9 178 4
9 182 4
9 184 36
9 187 40
9 198 16
10 13 31
10 15 33
10 30 21
10 37 40
10 43 26
10 45 10
10 55 27
10 59 25
10 60 33
10 72 35
10 73 17
10 83 4
10 84 40
10 91 36
10 95 31
10 97 11
10 100 33
10 106 27
10 107 32
10 108 3
10 111 1
10 136 28
10 145 19
10 147 28
10 150 7
10 158 16
10 170 23
10 172 36
10 173 22
10 175 2
10 182 36
10 183 20
10 188 38
10 191 20
11 13 22
11 16 36
11 19 18
11 25 6
11 38 3
11 42 22
11 44 4
11 53 16
11 56 20
11 57 37
11 64 8
11 68 10
11 70 38
11 71 29
11 75 5
11 87 36
11 90 11
11 99 30
11 104 34
11 107 1
11 117 26
11 127 1
11 130 13
11 137 27
11 140 9
11 143 10
11 146 31
11 157 3
11 158 12
11 159 4
11 164 29
11 170 7
11 173 13
11 175 25
11 176 23
11 178 39
11 181 36
11 182 32
11 185 36
11 188 2
11 191 37
11 194 10
11 199 9
12 18 14
12 26 11
12 33 20
12 46 29
12 60 3
12 63 30
12 74 14
12 79 22
12 86 22
12 87 6
12 97 25
12 99 39
12 102 28
12 106 37
12 108 35
12 119 18
12 121 27
12 123 19
12 124 13
12 125 1
12 126 21
12 128 24
12 129 32
12 132 39
12 140 26
12 146 22
12 150 13
12 152 9
12 154 25
12 157 35
12 159 32
12 160 38
12 161 23
12 162 10
12 168 26
12 174 2
12 182 36
12 183 27
12 185 15
12 186 1
12 191 8
12 194 21
13 26 13
13 28 23
13 29 2
13 34 16
13 38 23
13 42 3
13 43 6
13 52 31
13 57 11
13 63 17
13 64 40
13 65 12
13 66 21
13 73 19
13 74 14
13 75 37
13 79 26
13 90 29
13 98 3
13 100 24
13 110 25
13 111 20
13 116 24
13 130 2
13 143 4
13 150 33
13 151 3
13 152 37
13 154 17
13 164 17
13 174 7
13 175 11
13 176 16
13 180 16
13 181 17
13 185 12
13 189 40
13 190 27
13 192 1
13 195 32
14 21 3
14 26 34
14 30 28
14 33 23
14 35 5
14 39 3
14 45 34
14 46 3
14 50 33
14 56 10
14 58 9
14 60 24
14 64 38
14 65 19
14 66 36
14 69 12
14 79 30
14 86 23
14 87 29
14 88 17
14 89 39
14 90 12
14 91 13
14 127 2
14 133 30
14 134 38
14 146 38
14 155 14
14 162 25
14 165 34
14 185 2
14 191 32
15 20 32
15 21 4
15 28 21
15 32 14
15 37 8
15 45 23
15 51 15
15 52 15
15 61 30
15 73 10
15 82 6
15 83 7
15 92 13
15 95 29
15 96 20
15 99 7
15 100 5
15 109 10
15 113 19
15 118 14
15 122 19
15 131 37
15 137 39
15 143 25
15 152 30
15 157 8
15 160 17
15 165 6
15 177 9
15 179 15
15 180 21
16 20 25
16 23 3
16 25 1
16 37 4
16 40 17
16 54 37
16 62 3
16 64 38
16 70 1
16 72 4
16 73 9
16 74 13
16 78 32
16 81 19
16 89 27
16 91 6
16 92 19
16 96 11
16 98 26
16 100 2
16 103 36
16 105 13
16 109 35
16 113 23
16 116 11
16 135 16
16 136 38
16 138 40
16 139 2
16 142 16
16 154 22
16 156 35
16 158 18
16 159 26
16 170 35
16 174 7
16 175 35
16 180 8
16 191 17
16 193 36
16 196 34
16 197 32
17 30 15
17 38 28
17 46 15
17 47 33
17 48 35
17 49 13
17 51 6
17 61 16
17 79 11
17 82 18
17 95 29
17 99 23
17 100 7
17 103 24
17 108 33
17 111 35
17 112 25
17 115 36
17 116 37
17 117 35
17 129 40
17 135 33
17 137 15
17 145 34
17 148 15
17 154 33
17 158 10
17 161 32
17 169 10
17 172 17
17 176 6
17 181 10
17 190 5
17 191 11
17 192 35
18 19 18
18 26 7
18 27 30
18 38 15
18 39 13
18 47 30
18 53 36
18 55 33
18 60 27
18 67 8
18 68 31
18 80 2
18 84 7
18 90 20
18 93 24
18 109 5
18 111 22
18 114 4
18 121 14
18 128 8
18 130 33
18 133 2
18 138 16
18 141 32
18 149 20
18 159 9
18 165 28
18 171 40
18 172 15
18 175 38
18 176 13
18 179 16
18 192 3
18 199 26
19 29 40
19 33 6
19 34 30
19 40 20
19 45 8
19 46 13
19 53 24
19 55 34
19 68 15
19 71 3
19 74 1
19 80 19
19 82 26
19 96 10
19 99 30
19 107 37
19 112 23
19 114 29
19 120 1
19 133 31
19 146 29
19 148 16
19 155 11
19 158 20
19 167 3
19 170 26
19 174 14
19 196 22
20 26 25
20 33 5
20 34 34
20 43 13
20 45 13
20 52 29
20 61 30
20 77 2
20 84 10
20 88 9
20 89 29
20 91 39
20 94 37
20 95 26
20 97 24
20 104 36
20 106 8
20 115 17
20 126 30
20 127 39
20 131 21
20 136 13
20 146 18
20 150 2
20 151 11
20 163 16
20 172 16
20 178 11
20 182 30
20 183 15
20 191 32
21 29 17
21 36 37
21 38 24
21 46 14
21 49 34
21 71 12
21 77 31
21 78 31
21 84 32
21 86 17
21 87 39
21 92 2
21 100 13
21 101 22
21 102 38
21 107 10
21 108 20
21 109 30
21 111 40
21 118 29
21 125 4
21 126 36
21 142 24
21 144 1
21 162 19
21 178 14
21 185 12
21 190 18
21 193 11
22 38 26
22 40 22
22 45 21
22 50 26
22 59 22
22 63 10
22 65 19
22 67 5
22 72 35
22 76 26
22 86 19
22 87 22
22 92 2
22 102 35
22 106 21
22 108 16
22 109 12
22 111 7
22 112 9
22 123 36
22 124 25
22 125 6
22 132 1
22 139 39
22 149 33
22 157 13
22 163 21
22 164 34
22 166 39
22 169 7
22 175 29
23 24 5
23 29 28
23 32 2
23 38 11
23 48 12
23 51 36
23 59 1
23 60 39
23 62 25
23 63 32
23 66 20
23 86 3
23 87 22
23 91 2
23 93 1
23 94 39
23 105 19
23 107 3
23 110 39
23 112 17
23 127 28
23 132 39
23 134 18
23 135 17
23 138 40
23 147 12
23 160 7
23 161 20
23 174 32
23 179 16
23 188 14
23 194 1
23 195 24
23 197 1
24 25 12
24 27 2
24 29 39
24 31 32
24 38 9
24 41 1
24 43 3
24 45 10
24 46 22
24 57 34
24 62 26
24 66 15
24 72 13
24 73 15
24 78 39
24 86 8
24 89 31
24 90 14
24 92 40
24 104 34
24 111 7
24 115 29
24 121 26
24 124 30
24 128 15
24 132 29
24 135 4
24 138 38
24 143 9
24 153 4
24 156 14
24 158 13
24 171 3
24 180 10
24 186 31
24 195 2
25 31 6
25 37 24
25 42 15
25 43 23
25 50 13
25 51 39
25 52 16
25 53 20
25 54 39
25 55 7
25 58 28
25 64 30
25 65 3
25 67 20
25 72 24
25 75 38
25 83 9
25 84 25
25 92 37
25 96 6
25 102 16
25 103 36
25 107 38
25 114 23
25 119 2
25 120 34
25 126 5
25 135 35
25 140 4
25 142 9
25 143 21
25 147 36
25 151 23
25 154 29
25 157 24
25 161 35
25 166 31
25 168 14
25 170 20
25 171 32
25 174 13
25 180 12
25 181 21
25 183 27
25 188 11
25 195 28
25 197 24
25 200 14
26 28 24
26 32 37
26 33 23
26 40 18
26 42 10
26 43 34
26 52 32
26 54 9
26 56 1
26 61 13
26 62 3
26 63 1
26 69 35
26 84 24
26 85 33
26 86 5
26 107 31
26 112 39
26 120 15
26 122 22
26 123 11
26 124 17
26 131 2
26 138 30
26 143 27
26 150 34
26 163 40
26 170 23
26 173 13
26 175 1
26 184 40
26 186 14
26 190 20
26 199 1
27 32 6
27 36 6
27 38 34
27 39 17
27 42 13
27 44 16
27 49 35
27 51 28
27 63 28
27 69 21
27 70 38
27 71 34
27 74 10
27 77 14
27 84 14
27 86 40
27 99 7
27 102 26
27 104 26
27 108 34
27 110 34
27 118 2
27 126 1
27 129 13
27 132 4
27 138 20
27 143 27
27 152 40
27 163 34
27 172 17
27 177 5
27 178 33
27 179 21
27 182 5
27 183 21
27 186 25
27 187 3
27 189 13
27 191 23
27 200 13
28 29 5
28 31 23
28 33 38
28 38 32
28 42 34
28 49 25
28 50 3
28 52 40
28 65 5
28 67 14
28 74 25
28 75 3
28 77 36
28 78 8
28 80 2
28 81 32
28 96 7
28 97 36
28 99 22
28 102 18
28 109 32
28 113 18
28 114 7
28 121 17
28 122 1
28 123 12
28 124 31
28 126 36
28 127 31
28 128 40
28 129 25
28 135 33
28 146 9
28 165 32
28 176 21
28 177 35
28 191 21
29 39 39
29 40 20
29 50 7
29 53 18
29 57 16
29 63 31
29 70 8
29 73 16
29 77 30
29 96 3
29 108 35
29 113 10
29 117 28
29 131 27
29 137 15
29 142 2
29 153 16
29 160 21
29 164 26
29 169 5
29 170 10
29 184 7
29 187 24
29 189 6
29 192 14
29 196 8
29 198 31
30 31 30
30 34 34
30 40 13
30 41 25
30 50 12
30 51 20
30 56 20
30 58 16
30 59 40
30 73 32
30 77 30
30 91 17
30 93 10
30 100 12
30 102 20
30 103 5
30 108 18
30 111 24
30 114 19
30 116 1
30 118 15
30 122 40
30 123 10
30 125 33
30 126 15
30 131 22
30 150 38
30 152 40
30 155 16
30 156 25
30 159 39
30 164 4
30 165 10
30 171 31
30 173 8
30 174 8
30 175 18
30 178 32
30 182 26
30 183 17
30 199 16
30 200 1
31 50 14
31 54 38
31 63 40
31 64 3
31 69 17
31 83 26
31 89 9
31 92 21
31 95 1
31 102 39
31 107 40
31 109 11
31 110 18
31 114 3
31 118 19
31 121 12
31 125 4
31 131 18
31 135 33
31 137 4
31 140 37
31 149 35
31 151 35
31 155 35
31 162 36
31 163 38
31 173 8
31 181 6
31 183 34
31 185 6
31 190 5
31 192 36
31 193 31
31 200 2
32 38 26
32 39 8
32 51 34
32 56 23
32 61 30
32 66 23
32 71 7
32 72 7
32 74 35
32 75 15
32 76 21
32 77 1
32 84 31
32 91 7
32 97 26
32 101 23
32 104 6
32 109 19
32 113 15
32 119 37
32 124 9
32 127 24
32 128 30
32 130 5
32 134 33
32 151 39
32 153 18
32 158 3
32 163 22
32 166 32
32 169 36
32 174 15
32 177 11
32 178 29
32 187 13
33 35 18
33 36 11
33 37 13
33 40 38
33 42 8
33 45 22
33 47 3
33 48 14
33 50 15
33 52 32
33 53 36
33 55 23
33 58 37
33 63 35
33 64 40
33 65 4
33 71 7
33 72 23
33 84 26
33 89 5
33 92 26
33 95 12
33 112 16
33 113 30
33 126 38
33 133 25
33 146 24
33 150 3
33 153 34
33 168 16
33 169 26
33 181 12
33 183 16
33 188 34
33 192 9
34 44 39
34 47 26
34 49 20
34 61 15
34 62 5
34 67 33
34 71 29
34 74 36
34 78 37
34 83 2
34 89 26
34 91 4
34 95 12
34 98 27
34 118 2
34 119 3
34 134 11
34 137 28
34 147 16
34 152 10
34 157 30
34 160 23
34 163 6
34 166 35
34 168 35
34 172 17
34 173 23
34 179 27
34 185 26
34 186 7
34 188 34
34 197 22
35 43 26
35 47 22
35 57 12
35 58 15
35 64 18
35 66 34
35 67 38
35 69 39
35 77 5
35 79 27
35 82 40
35 83 20
35 90 37
35 97 11
35 108 31
35 112 7
35 118 1
35 120 29
35 129 25
35 140 20
35 143 29
35 145 21
35 149 2
35 160 6
35 161 5
35 162 3
35 165 5
35 166 8
35 174 22
35 175 36
35 179 10
35 181 25
35 183 25
35 185 5
35 189 15
35 192 6
35 195 17
36 45 31
36 51 3
36 53 10
36 57 2
36 60 1
36 65 21
36 67 19
36 71 26
36 73 24
36 75 2
36 77 38
36 78 34
36 81 34
36 86 31
36 93 11
36 94 21
36 96 30
36 98 25
36 110 32
36 113 30
36 116 37
36 125 31
36 130 35
36 135 28
36 140 8
36 149 40
36 152 25
36 155 31
36 156 12
36 163 35
36 170 7
36 179 2
36 186 28
36 188 4
36 189 37
37 39 37
37 55 13
37 56 9
37 57 26
37 64 22
37 66 24
37 70 26
37 71 5
37 73 4
37 75 8
37 82 10
37 84 7
37 93 3
37 94 24
37 101 23
37 103 3
37 110 5
37 116 6
37 117 7
37 119 12
37 120 27
37 126 17
37 129 7
37 136 19
37 144 37
37 148 33
37 156 35
37 161 16
37 164 23
37 168 23
37 170 15
37 174 40
37 179 19
37 182 10
37 183 21
37 185 40
37 186 33
37 192 23
37 196 24
37 197 40
38 40 18
38 41 2
38 48 26
38 54 28
38 58 10
38 71 21
38 73 5
38 76 39
38 77 11
38 87 28
38 94 26
38 97 39
38 102 26
38 105 34
38 116 8
38 121 25
38 126 29
38 127 26
38 136 32
38 138 37
38 140 31
38 144 29
38 149 10
38 151 39
38 176 16
38 177 39
38 187 4
38 188 39
38 194 20
39 46 11
39 47 8
39 48 39
39 51 1
39 57 35
39 60 30
39 61 26
39 66 14
39 72 40
39 76 23
39 84 4
39 85 12
39 86 23
39 90 8
39 102 11
39 105 27
39 112 32
39 114 24
39 117 3
39 129 25
39 137 12
39 138 24
39 140 13
39 145 17
39 156 36
39 161 20
39 167 10
39 168 35
39 172 22
39 175 20
39 178 18
39 182 7
39 184 15
39 187 34
39 190 23
39 191 23
39 196 8
39 199 38
39 200 7
40 43 2
40 44 25
40 60 32
40 62 23
40 64 40
40 67 21
40 68 33
40 79 6
40 82 15
40 86 15
40 95 27
40 97 4
40 98 36
40 106 6
40 110 7
40 112 23
40 113 5
40 114 18
40 120 11
40 129 38
40 135 8
40 139 19
40 152 13
40 153 33
40 154 32
40 161 14
40 167 39
40 179 5
40 189 8
40 195 21
40 199 15
41 49 1
41 50 7
41 54 11
41 59 7
41 62 6
41 69 22
41 72 22
41 74 11
41 75 17
41 79 15
41 83 33
41 84 20
41 85 14
41 89 9
41 92 7
41 94 2
41 97 23
41 98 9
41 101 37
41 105 25
41 107 2
41 108 21
41 113 34
41 122 2
41 123 27
41 126 10
41 128 3
41 129 4
41 133 16
41 134 3
41 140 38
41 146 14
41 149 14
41 151 21
41 160 24
41 162 11
41 168 19
41 200 8
42 44 19
42 57 9
42 68 32
42 76 16
42 81 34
42 89 8
42 96 31
42 109 40
42 112 19
42 117 37
42 118 28
42 119 13
42 123 19
42 126 19
42 128 40
42 131 20
42 134 3
42 136 30
42 138 36
42 142 10
42 146 36
42 150 1
42 153 5
42 154 26
42 159 10
42 167 21
42 171 40
42 180 14
42 187 11
42 190 30
42 191 20
43 49 1
43 56 37
43 57 20
43 81 18
43 90 8
43 102 24
43 112 31
43 116 20
43 118 14
43 120 14
43 121 37
43 122 14
43 126 32
43 134 10
43 142 38
43 147 38
43 149 4
43 153 33
43 156 27
43 157 11
43 160 24
43 164 6
43 176 22
43 184 5
43 196 22
44 45 26
44 47 22
44 62 3
44 63 16
44 77 25
44 80 17
44 83 5
44 89 1
44 94 16
44 97 26
44 103 36
44 104 39
44 109 14
44 124 10
44 132 11
44 138 27
44 140 15
44 142 9
44 145 14
44 148 29
44 154 26
44 155 5
44 157 24
44 159 36
44 166 15
44 173 5
44 174 1
44 175 19
44 180 23
44 185 3
44 187 34
44 189 5
44 192 3
44 198 22
44 200 13
45 52 4
45 59 16
45 65 21
45 79 4
45 83 39
45 84 35
45 88 12
45 90 35
45 91 14
45 92 29
45 99 38
45 107 32
45 113 24
45 116 37
45 126 39
45 129 7
45 130 34
45 136 7
45 146 37
45 147 26
45 148 25
45 151 36
45 154 32
45 161 13
45 163 15
45 173 31
45 175 17
45 185 39
45 186 35
45 187 35
45 188 13
45 189 34
45 191 4
45 192 28
45 194 38
46 48 35
46 56 25
46 60 26
46 67 13
46 69 23
46 71 37
46 72 34
46 76 29
46 79 30
46 86 7
46 91 35
46 102 12
46 111 7
46 114 21
46 120 22
46 130 12
46 135 1
46 136 19
46 140 22
46 148 8
46 150 7
46 151 12
46 158 20
46 159 26
46 177 26
46 180 13
46 184 18
46 186 30
46 189 11
46 191 9
46 195 3
47 51 39
47 53 3
47 57 32
47 62 14
47 73 19
47 79 28
47 80 21
47 87 14
47 92 21
47 96 35
47 98 22
47 103 8
47 126 16
47 137 20
47 143 34
47 154 24
47 156 20
47 161 24
47 165 31
47 168 14
47 173 2
47 181 17
47 191 11
47 195 34
48 49 19
48 52 6
48 66 20
48 67 12
48 69 7
48 72 31
48 75 17
48 77 10
48 82 35
48 93 28
48 99 36
48 106 28
48 112 29
48 114 12
48 121 1
48 124 38
48 125 18
48 129 22
48 132 12
48 141 14
48 144 2
48 146 4
48 152 6
48 158 30
48 159 33
48 160 12
48 170 34
48 171 27
48 180 28
48 185 38
48 189 1
48 190 38
48 200 16
49 59 6
49 68 36
49 69 20
49 78 36
49 82 12
49 90 11
49 91 4
49 99 29
49 101 31
49 121 13
49 125 9
49 129 36
49 134 36
49 136 18
49 153 19
49 156 14
49 157 39
49 167 40
49 169 37
49 170 7
49 173 31
49 175 3
49 195 12
49 197 7
49 199 21
50 56 25
50 70 13
50 74 9
50 75 17
50 77 38
50 84 1
50 89 31
50 95 28
50 96 17
50 97 25
50 98 15
50 100 18
50 125 20
50 126 19
50 131 23
50 135 9
50 140 5
50 153 18
50 162 6
50 170 30
50 171 6
50 183 28
50 186 5
50 190 18
50 193 38
51 52 24
51 64 5
51 76 37
51 77 25
51 79 40
51 85 23
51 89 14
51 101 31
51 104 28
51 110 37
51 111 29
51 112 31
51 115 25
51 118 12
51 119 39
51 120 17
51 121 3
51 122 3
51 130 29
51 135 6
51 141 38
51 148 31
51 151 23
51 158 35
51 161 12
51 163 7
51 164 2
51 171 35
51 172 40
51 175 3
51 177 40
51 179 2
51 190 40
51 191 20
51 195 35
51 197 4
52 58 4
52 60 14
52 61 32
52 65 2
52 74 2
52 81 22
52 88 27
52 99 16
52 107 22
52 112 29
52 115 27
52 124 29
52 127 5
52 129 26
52 132 25
52 135 35
52 142 34
52 145 21
52 148 29
52 150 14
52 152 33
52 167 17
52 168 37
52 171 28
52 172 21
52 173 10
52 177 10
52 184 33
52 187 23
52 189 19
52 191 32
52 200 39
53 58 22
53 59 29
53 60 25
53 61 13
53 86 16
53 91 34
53 97 16
53 98 38
53 99 4
53 101 28
53 102 5
53 105 34
53 111 33
53 124 31
53 125 19
53 131 11
53 137 9
53 138 5
53 141 34
53 142 9
53 143 4
53 151 30
53 153 28
53 166 14
53 169 15
53 172 2
53 173 2
53 185 23
53 195 20
54 61 9
54 62 19
54 64 20
54 72 40
54 74 37
54 77 37
54 83 20
54 84 19
54 86 18
54 93 38
54 99 31
54 113 20
54 129 17
54 133 30
54 135 36
54 141 22
54 142 1
54 154 10
54 155 38
54 165 32
54 172 17
54 176 39
54 177 17
54 178 11
54 179 28
54 184 20
54 190 32
54 192 23
55 64 9
55 78 2
55 82 27
55 85 14
55 91 39
55 94 8
55 98 31
55 102 14
55 103 26
55 104 24
55 108 21
55 120 27
55 124 3
55 134 19
55 137 17
55 142 25
55 149 19
55 151 35
55 153 9
55 156 25
55 158 25
55 159 31
55 160 1
55 166 11
55 168 31
55 170 3
55 172 38
55 180 15
55 184 37
55 192 13
55 193 11
55 195 8
55 197 21
55 200 12
56 61 18
56 67 36
56 68 34
56 73 32
56 86 6
56 88 6
56 91 5
56 95 18
56 97 33
56 100 27
56 108 40
56 110 34
56 113 16
56 117 13
56 120 40
56 137 7
56 146 35
56 150 35
56 152 25
56 153 26
56 160 37
56 171 8
56 176 7
56 193 29
56 197 14
56 199 14
57 67 36
57 69 28
57 71 24
57 82 36
57 83 9
57 85 9
57 88 37
57 91 33
57 93 11
57 94 9
57 96 36
57 99 34
57 113 19
57 116 35
57 130 22
57 132 14
57 135 39
57 144 19
57 149 38
57 155 19
57 167 11
57 175 3
57 178 23
57 180 26
57 183 17
57 184 15
57 186 29
57 187 4
57 191 3
57 193 29
57 196 30
57 199 12
58 59 16
58 64 40
58 68 22
58 70 24
58 72 33
58 81 10
58 89 5
58 91 14
58 95 1
58 96 27
58 101 36
58 102 13
58 103 26
58 107 18
58 115 23
58 119 20
58 122 16
58 125 18
58 137 24
58 141 3
58 143 1
58 147 7
58 149 21
58 155 31
58 159 34
58 164 13
58 166 13
58 167 1
58 170 19
58 171 35
58 172 18
59 63 39
59 66 37
59 67 5
59 70 20
59 71 40
59 83 38
59 88 24
59 91 40
59 98 15
59 108 6
59 109 7
59 116 6
59 117 19
59 119 35
59 127 10
59 128 11
59 134 13
59 144 8
59 146 3
59 154 12
59 163 40
59 164 11
59 174 5
59 182 24
59 185 15
59 199 15
59 200 7
60 66 30
60 75 18
60 87 11
60 98 7
60 113 6
60 114 29
60 117 35
60 125 38
60 129 19
60 130 4
60 134 26
60 137 6
60 138 33
60 140 7
60 141 39
60 144 1
60 147 8
60 152 11
60 157 33
60 159 19
60 165 33
60 168 12
60 175 13
60 183 32
60 190 13
61 67 19
61 69 22
61 71 22
61 91 29
61 106 37
61 107 14
61 109 9
61 110 28
61 115 23
61 129 1
61 130 7
61 131 23
61 137 36
61 140 37
61 142 10
61 145 22
61 154 37
61 155 17
61 172 25
61 179 35
61 189 18
61 190 16
61 191 17
61 192 23
61 193 36
61 200 21
62 72 21
62 79 5
62 87 29
62 91 27
62 92 12
62 98 10
62 101 30
62 104 27
62 109 33
62 110 37
62 112 35
62 115 11
62 122 25
62 125 38
62 127 36
62 130 24
62 142 20
62 161 21
62 169 15
62 176 19
62 185 21
62 188 37
62 191 36
62 194 22
63 67 24
63 68 30
63 69 40
63 80 33
63 81 1
63 89 26
63 95 18
63 101 25
63 110 23
63 111 1
63 114 21
63 115 8
63 121 13
63 128 1
63 129 31
63 134 6
63 140 21
63 146 11
63 148 31
63 150 15
63 151 38
63 154 22
63 157 2
63 164 5
63 165 20
63 174 19
63 192 25
64 66 32
64 78 11
64 80 38
64 87 39
64 89 2
64 99 24
64 101 5
64 104 2
64 107 31
64 111 35
64 123 25
64 132 29
64 133 20
64 138 37
64 140 11
64 142 14
64 150 38
64 152 23
64 153 20
64 155 16
64 166 37
64 173 6
64 176 40
64 186 13
64 195 25
64 199 29
65 70 37
65 76 1
65 94 30
65 95 1
65 104 8
65 112 10
65 121 34
65 123 28
65 124 1
65 125 25
65 128 22
65 134 13
65 136 34
65 142 12
65 146 20
65 147 15
65 150 35
65 154 25
65 165 3
65 170 15
65 171 36
65 186 16
65 188 10
65 191 14
65 197 16
65 200 11
66 72 2
66 74 10
66 78 3
66 80 18
66 82 10
66 83 24
66 86 24
66 93 28
66 99 38
66 113 17
66 119 9
66 121 29
66 128 39
66 132 35
66 137 33
66 139 34
66 146 25
66 148 22
66 150 4
66 151 36
66 152 11
66 154 12
66 157 24
66 158 14
66 167 20
66 170 4
66 173 3
66 174 19
66 183 27
66 187 2
66 197 2
66 199 25
67 72 14
67 76 33
67 77 39
67 82 33
67 83 22
67 87 30
67 90 17
67 91 5
67 95 12
67 97 38
67 108 18
67 123 1
67 127 17
67 129 17
67 133 29
67 134 20
67 137 36
67 140 17
67 141 20
67 143 25
67 154 34
67 156 7
67 159 18
67 164 3
67 168 21
67 169 33
67 172 29
67 176 19
67 177 13
67 178 3
67 179 2
67 185 34
67 187 23
67 190 7
67 191 7
68 77 30
68 79 7
68 80 24
68 89 37
68 90 40
68 98 13
68 104 1
68 121 18
68 126 5
68 131 24
68 132 9
68 136 32
68 145 17
68 156 40
68 159 9
68 163 6
68 169 26
68 177 25
68 180 11
68 185 12
68 195 7
68 196 34
69 75 4
69 78 10
69 86 27
69 87 34
69 111 20
69 121 22
69 125 26
69 127 8
69 133 21
69 136 2
69 138 36
69 139 15
69 145 1
69 146 26
69 148 26
69 156 14
69 173 20
69 176 29
69 177 33
69 179 11
69 180 22
69 183 18
69 186 17
69 191 19
69 199 36
69 200 31
70 83 19
70 93 12
70 95 19
70 108 22
70 110 28
70 111 38
70 121 10
70 129 17
70 133 11
70 145 1
70 148 27
70 161 32
70 165 35
70 171 7
70 173 9
70 192 22
70 198 36
70 199 30
71 84 34
71 90 20
71 93 11
71 94 26
71 104 11
71 106 36
71 110 22
71 114 33
71 115 37
71 117 35
71 138 3
71 139 7
71 152 28
71 154 4
71 156 39
71 160 11
71 174 6
71 179 3
71 185 32
72 79 13
72 84 25
72 87 33
72 95 39
72 108 9
72 112 19
72 126 6
72 130 10
72 131 30
72 138 35
72 145 2
72 157 34
72 165 21
72 168 8
72 170 9
72 173 38
72 185 31
72 188 39
72 191 34
72 195 30
72 200 21
73 87 18
73 90 6
73 94 32
73 105 12
73 112 26
73 119 24
73 120 4
73 132 35
73 134 13
73 148 31
73 151 13
73 152 5
73 159 1
73 168 8
73 171 32
73 174 11
73 178 13
73 184 15
73 186 7
73 192 3
74 87 19
74 88 4
74 89 6
74 91 16
74 92 24
74 93 38
74 95 9
74 100 18
74 108 23
74 109 33
74 110 5
74 113 25
74 118 29
74 119 22
74 126 8
74 130 34
74 138 5
74 143 18
74 152 4
74 159 24
74 162 22
74 168 25
74 169 38
74 173 5
74 177 1
74 180 27
74 188 14
74 190 24
74 191 38
74 192 40
74 193 14
74 194 36
74 195 17
74 196 15
74 198 3
74 200 40
75 78 25
75 80 5
75 93 17
75 100 24
75 115 36
75 118 38
75 123 25
75 125 38
75 130 36
75 132 38
75 138 31
75 142 24
75 143 10
75 153 25
75 155 6
75 159 13
75 161 8
75 169 23
75 173 12
75 176 18
75 183 19
75 184 37
75 185 20
75 188 34
75 191 13
75 192 12
75 194 17
75 196 9
75 198 2
76 77 5
76 78 35
76 80 6
76 81 33
76 92 32
76 96 2
76 98 39
76 99 19
76 101 5
76 104 15
76 106 1
76 107 25
76 109 3
76 110 8
76 114 39
76 124 40
76 129 12
76 133 22
76 138 26
76 140 14
76 146 20
76 155 10
76 159 15
76 166 8
76 169 6
76 174 33
76 180 27
76 188 13
76 190 9
76 191 28
76 192 12
77 89 32
77 93 2
77 98 32
77 100 33
77 104 30
77 113 9
77 120 17
77 125 35
77 139 6
77 145 14
77 149 29
77 153 35
77 159 7
77 167 34
77 179 18
77 186 27
77 187 37
77 188 31
77 192 40
77 193 26
77 194 38
78 85 4
78 91 18
78 93 12
78 110 29
78 111 36
78 113 10
78 118 38
78 125 32
78 134 7
78 136 39
78 141 15
78 147 12
78 153 3
78 156 10
78 169 34
78 170 1
78 175 10
78 177 11
78 178 32
78 182 15
78 191 10
78 194 11
78 199 32
79 83 29
79 86 37
79 87 25
79 91 25
79 97 12
79 100 24
79 101 38
79 105 38
79 109 8
79 113 36
79 116 18
79 117 20
79 118 23
79 120 24
79 125 21
79 129 26
79 130 22
79 136 38
79 137 25
79 140 27
79 149 33
79 153 37
79 155 29
79 156 28
79 158 1
79 173 13
79 181 32
79 182 39
79 185 35
79 189 4
79 196 12
79 197 29
80 82 32
80 83 13
80 85 16
80 87 9
80 91 25
80 93 23
80 98 11
80 106 30
80 108 37
80 112 12
80 113 12
80 114 9
80 117 14
80 127 8
80 131 22
80 134 1
80 142 33
80 149 20
80 153 32
80 155 18
80 165 13
80 166 23
80 167 15
80 171 20
80 173 37
80 181 16
80 184 29
80 185 17
80 188 37
80 189 5
80 190 33
80 192 34
81 83 37
81 85 36
81 93 25
81 98 35
81 99 33
81 101 27
81 115 6
81 131 28
81 137 10
81 154 3
81 165 17
81 168 11
81 175 3
81 177 4
81 179 17
81 194 32
81 195 36
82 83 5
82 92 13
82 95 39
82 96 37
82 108 34
82 113 9
82 120 8
82 124 31
82 136 26
82 138 35
82 147 26
82 154 38
82 160 6
82 161 25
82 184 14
82 190 28
82 200 12
83 88 3
83 98 32
83 99 34
83 100 21
83 103 20
83 106 30
83 108 40
83 113 5
83 114 28
83 120 6
83 123 12
83 126 24
83 140 11
83 141 26
83 145 36
83 147 16
83 149 11
83 152 19
83 158 25
83 166 16
83 167 23
83 177 26
83 179 18
83 181 40
83 183 35
83 188 33
83 195 11
83 196 13
83 197 2
83 199 24
84 86 8
84 88 22
84 91 28
84 98 40
84 101 21
84 109 40
84 113 9
84 121 34
84 131 11
84 135 35
84 140 33
84 146 37
84 152 10
84 155 36
84 167 22
84 191 13
84 195 7
84 199 4
84 200 31
85 90 3
85 91 11
85 92 8
85 94 28
85 103 17
85 111 5
85 112 32
85 120 32
85 131 20
85 136 4
85 142 8
85 173 22
85 175 30
85 178 12
85 179 22
85 182 16
85 190 28
85 197 15
85 199 12
86 102 10
86 103 16
86 108 14
86 109 16
86 110 22
86 112 18
86 123 8
86 124 25
86 142 39
86 145 12
86 151 23
86 156 11
86 159 31
86 168 27
86 193 37
86 199 36
87 89 6
87 96 24
87 99 28
87 101 10
87 105 19
87 110 21
87 121 24
87 125 31
87 131 13
87 132 6
87 135 2
87 139 28
87 141 20
87 149 27
87 163 14
87 165 18
87 170 23
87 174 28
87 177 11
87 181 31
87 182 35
87 186 14
87 187 26
87 190 7
87 192 29
87 198 24
88 90 20
88 97 8
88 98 34
88 101 34
88 105 13
88 109 26
88 111 7
88 115 24
88 121 25
88 125 18
88 132 28
88 140 27
88 141 11
88 145 22
88 149 32
88 153 13
88 155 18
88 156 2
88 157 11
88 163 35
88 166 11
88 167 9
88 174 17
88 176 28
88 183 33
88 191 27
88 193 34
88 200 20
89 91 37
89 92 23
89 93 28
89 100 4
89 103 33
89 108 4
89 118 16
89 121 34
89 126 22
89 127 25
89 137 12
89 141 12
89 142 23
89 151 36
89 163 38
89 169 14
89 175 7
89 178 1
89 181 30
89 188 18
89 192 35
89 194 21
89 197 35
90 97 7
90 105 1
90 106 12
90 119 6
90 123 20
90 124 22
90 125 2
90 138 40
90 145 13
90 147 16
90 155 2
90 161 23
90 170 12
90 179 2
90 180 32
90 184 10
90 191 25
90 192 31
91 104 34
91 106 18
91 116 13
91 122 1
91 134 27
91 135 11
91 137 28
91 138 2
91 146 40
91 160 24
91 167 24
91 169 1
91 177 18
91 180 35
91 183 35
91 191 16
91 196 13
91 200 16
92 93 12
92 97 27
92 110 37
92 111 33
92 115 18
92 117 37
92 118 40
92 122 21
92 125 25
92 130 19
92 136 6
92 140 4
92 143 2
92 146 28
92 147 3
92 152 17
92 169 33
92 174 25
92 175 18
92 177 14
92 188 15
92 194 30
92 195 10
92 199 33
93 94 34
93 103 4
93 119 7
93 132 5
93 134 11
93 137 1
93 140 28
93 152 26
93 153 38
93 162 15
93 167 7
93 197 32
93 198 21
94 96 20
94 99 38
94 104 4
94 105 14
94 107 12
94 129 3
94 137 8
94 148 3
94 151 39
94 152 2
94 154 5
94 156 36
94 157 31
94 162 33
94 169 20
94 179 5
94 182 8
94 186 38
94 188 16
94 190 31
94 191 9
94 195 12
94 197 37
95 103 19
95 110 24
95 115 16
95 119 14
95 125 35
95 128 27
95 129 6
95 141 4
95 143 26
95 148 35
95 154 22
95 158 37
95 170 20
95 171 40
95 176 15
95 178 5
95 180 11
95 184 32
95 185 33
95 189 25
95 191 21
95 193 14
95 195 25
95 196 21
95 200 26
96 102 7
96 109 15
96 116 28
96 117 8
96 124 23
96 127 30
96 130 21
96 143 22
96 149 30
96 151 39
96 159 33
96 171 31
96 176 30
96 179 26
96 180 16
96 191 16
96 198 35
97 101 29
97 108 17
97 114 24
97 120 39
97 121 15
97 129 38
97 130 32
97 131 10
97 140 11
97 145 2
97 146 30
97 147 34
97 159 24
97 162 21
97 163 5
97 181 10
97 183 24
97 184 28
97 185 23
97 189 28
97 195 1
98 106 35
98 111 16
98 115 36
98 119 40
98 121 22
98 125 26
98 135 13
98 138 13
98 141 5
98 144 21
98 148 6
98 150 4
98 159 36
98 160 36
98 163 10
98 167 40
98 168 40
98 172 17
98 173 27
98 176 4
98 183 1
98 186 31
98 195 27
98 196 27
98 198 29
98 199 16
98 200 22
99 100 5
99 101 33
99 109 19
99 111 24
99 116 23
99 119 21
99 123 27
99 134 33
99 141 28
99 149 9
99 160 24
99 161 19
99 162 5
99 167 17
99 175 11
99 187 11
100 108 35
100 117 27
100 125 26
100 135 3
100 141 14
100 142 9
100 146 28
100 148 17
100 158 20
100 163 23
100 166 14
100 172 25
100 173 12
100 175 21
100 184 3
100 186 1
100 187 32
101 107 21
101 111 8
101 114 28
101 120 14
101 122 27
101 131 24
101 132 10
101 138 6
101 143 30
101 144 5
101 159 13
101 161 2
101 164 15
101 172 7
101 184 11
101 197 3
101 198 31
101 199 3
102 107 24
102 108 38
102 112 23
102 113 18
102 115 28
102 116 35
102 121 28
102 125 26
102 133 20
102 134 22
102 135 9
102 137 2
102 139 16
102 146 28
102 147 4
102 154 19
102 162 39
102 164 31
102 167 26
102 169 12
102 170 22
102 180 10
102 187 15
102 189 5
102 191 12
102 193 34
102 197 8
103 105 22
103 106 34
103 110 34
103 111 14
103 112 34
103 118 10
103 132 33
103 135 23
103 136 12
103 139 29
103 144 32
103 145 8
103 150 24
103 156 6
103 164 12
103 178 11
103 190 14
103 191 14
103 192 20
104 110 12
104 118 32
104 121 27
104 122 21
104 135 34
104 138 18
104 139 31
104 148 11
104 153 39
104 160 2
104 166 22
104 168 33
104 170 11
104 177 34
104 183 2
104 199 39
105 109 17
105 111 38
105 112 21
105 115 28
105 120 31
105 123 21
105 126 23
105 131 5
105 136 32
105 138 5
105 139 9
105 144 9
105 150 3
105 154 33
105 160 37
105 167 10
105 170 35
105 173 25
105 183 21
105 188 10
105 200 5
106 122 3
106 123 33
106 129 30
106 133 35
106 136 36
106 140 2
106 144 20
106 145 20
106 146 32
106 152 32
106 160 19
106 163 15
106 167 20
106 169 9
106 178 2
106 180 28
106 188 11
106 195 9
107 108 17
107 110 31
107 113 12
107 116 3
107 118 7
107 128 30
107 133 12
107 137 15
107 138 31
107 140 38
107 148 9
107 154 18
107 155 15
107 158 39
107 160 23
107 164 33
107 170 6
107 188 3
108 116 20
108 121 21
108 124 7
108 146 7
108 152 4
108 156 9
108 157 28
108 161 18
108 162 37
108 163 28
108 165 24
108 168 24
108 171 19
108 172 10
108 175 33
108 183 28
108 198 36
109 121 15
109 123 19
109 131 36
109 132 7
109 136 20
109 138 16
109 155 26
109 157 10
109 159 17
109 161 40
109 162 39
109 169 24
109 171 34
109 172 8
109 175 29
109 192 32
109 193 33
109 196 15
109 198 39
110 115 10
110 119 21
110 121 34
110 128 1
110 132 17
110 142 2
110 143 5
110 146 30
110 153 33
110 154 2
110 156 2
110 159 11
110 160 2
110 161 30
110 166 4
110 180 11
110 184 39
110 185 11
110 188 28
110 189 27
110 193 36
110 194 5
110 198 24
111 112 40
111 119 23
111 135 30
111 136 5
111 138 21
111 144 28
111 148 25
111 154 31
111 156 32
111 165 12
111 168 32
111 181 34
111 190 32
111 191 26
111 194 16
112 113 39
112 115 36
112 119 5
112 120 21
112 125 7
112 140 10
112 147 35
112 153 40
112 155 25
112 159 39
112 160 28
112 162 15
112 165 8
112 169 27
112 180 15
112 181 29
112 183 10
112 186 22
112 194 10
112 196 35
113 129 31
113 138 8
113 140 25
113 144 21
113 145 37
113 147 35
113 151 11
113 166 35
113 174 39
113 190 4
113 199 30
114 126 2
114 140 30
114 143 24
114 160 21
114 167 28
114 170 18
114 173 14
114 176 34
114 177 40
114 181 7
114 183 35
114 185 30
114 187 20
114 188 32
114 192 36
114 196 32
114 199 8
115 117 10
115 123 4
115 124 1
115 125 5
115 141 33
115 155 1
115 163 37
115 165 5
115 168 6
115 173 38
115 177 24
115 180 11
115 184 1
115 195 15
115 198 25
116 123 5
116 124 28
116 130 9
116 135 17
116 137 2
116 141 25
116 144 2
116 157 24
116 167 18
116 179 5
116 184 1
116 186 21
116 188 6
116 189 36
116 190 27
116 192 20
116 197 40
117 118 33
117 121 33
117 122 30
117 129 30
117 130 33
117 136 13
117 155 21
117 164 10
117 166 2
117 167 22
117 168 12
117 173 2
117 176 10
117 177 3
117 183 10
117 190 26
117 194 36
118 119 2
118 121 22
118 125 12
118 128 11
118 136 4
118 137 4
118 138 16
118 142 10
118 146 36
118 150 1
118 156 1
118 161 13
118 167 29
118 168 11
118 174 1
118 178 2
118 181 19
118 191 13
118 192 6
118 197 31
119 125 36
119 130 39
119 132 11
119 136 33
119 137 11
119 144 2
119 150 34
119 153 39
119 155 40
119 162 37
119 164 32
119 174 33
119 187 21
119 193 10
120 123 10
120 125 39
120 127 26
120 129 22
120 142 17
120 146 26
120 147 16
120 149 10
120 174 17
120 183 13
120 193 39
120 199 26
121 122 35
121 123 20
121 125 7
121 127 37
121 137 27
121 141 25
121 142 12
121 148 4
121 151 3
121 163 24
121 166 33
121 172 16
121 181 39
121 187 32
121 190 2
122 127 38
122 129 20
122 130 9
122 137 34
122 138 13
122 141 32
122 143 10
122 145 8
122 153 34
122 162 35
122 163 23
122 164 18
122 170 17
122 176 5
122 190 32
123 127 35
123 128 31
123 133 3
123 138 7
123 140 21
123 142 7
123 143 28
123 151 37
123 154 38
123 157 11
123 165 3
123 172 16
123 177 40
123 180 38
123 181 2
123 192 4
123 193 11
123 194 8
123 197 32
124 127 21
124 129 9
124 135 19
124 138 1
124 141 10
124 142 11
124 144 2
124 146 34
124 147 18
124 151 28
124 152 35
124 158 35
124 165 14
124 166 9
124 168 22
124 176 40
124 189 12
124 200 32
125 126 6
125 129 17
125 135 24
125 137 4
125 143 15
125 155 32
125 164 14
125 165 21
125 172 28
125 177 38
125 184 39
125 187 15
125 189 21
126 132 26
126 136 20
126 143 12
126 156 2
126 179 22
126 182 3
126 186 37
126 192 31
126 195 22
127 128 10
127 133 34
127 138 5
127 142 28
127 154 31
127 156 31
127 158 33
127 159 4
127 162 24
127 166 39
127 172 26
127 180 25
127 193 39
127 196 17
127 198 19
128 136 5
128 137 36
128 139 25
128 150 2
128 153 24
128 162 18
128 174 24
128 184 12
128 186 13
128 188 15
128 194 24
128 197 3
129 144 15
129 150 9
129 156 17
129 161 33
129 164 27
129 170 28
129 174 6
129 176 10
129 178 21
129 182 17
129 184 7
129 185 6
129 188 25
129 193 32
129 198 39
130 134 38
130 136 11
130 139 35
130 140 25
130 141 6
130 153 30
130 155 39
130 164 40
130 168 14
130 175 3
130 176 26
130 185 36
130 188 14
131 133 12
131 137 30
131 139 5
131 141 11
131 143 25
131 152 22
131 153 25
131 155 39
131 164 38
131 171 27
131 172 19
131 173 32
131 175 10
131 180 9
131 187 8
131 188 19
131 189 39
131 197 11
132 141 13
132 143 3
132 148 21
132 156 6
132 161 7
132 165 31
132 171 37
132 176 10
132 184 39
132 185 4
132 192 18
132 198 11
133 136 36
133 142 35
133 148 13
133 163 15
133 168 5
133 172 5
133 173 2
133 181 15
133 182 39
133 183 23
133 184 15
133 188 29
133 194 9
134 137 26
134 140 1
134 163 17
134 172 4
134 174 12
134 186 22
134 188 12
134 195 1
134 199 23
135 138 7
135 139 23
135 154 6
135 160 8
135 162 34
135 167 33
135 172 4
135 173 36
135 175 37
135 177 13
135 194 38
135 198 34
136 137 34
136 140 11
136 143 29
136 144 29
136 151 38
136 154 32
136 157 12
136 160 19
136 166 35
136 172 31
136 179 30
136 180 23
136 194 31
137 146 10
137 153 23
137 154 9
137 159 7
137 162 20
137 163 17
137 166 10
137 183 10
137 185 21
137 199 9
137 200 8
138 144 15
138 146 6
138 158 32
138 161 29
138 165 3
138 167 7
138 168 3
138 169 21
138 170 13
138 172 36
138 176 8
138 177 29
138 180 5
138 182 24
138 185 6
138 186 24
138 196 39
139 150 16
139 153 19
139 154 8
139 158 15
139 159 34
139 167 36
139 168 16
139 177 33
139 189 38
139 192 1
139 194 23
139 196 2
139 197 26
140 142 13
140 143 27
140 145 37
140 147 13
140 148 3
140 154 21
140 160 25
140 165 15
140 167 9
140 172 3
140 181 28
140 183 29
140 186 9
140 188 2
141 144 39
141 146 30
141 148 6
141 152 23
141 155 15
141 156 4
141 160 29
141 166 28
141 173 1
141 174 14
141 183 35
141 185 10
141 187 23
141 191 14
142 144 22
142 145 6
142 149 40
142 150 27
142 158 24
142 166 13
142 172 24
142 175 4
142 181 28
142 189 8
142 191 36
143 148 12
143 153 31
143 154 7
143 191 6
143 193 39
143 196 11
144 154 17
144 157 18
144 166 9
144 172 25
144 175 30
144 178 36
144 196 15
144 198 10
144 200 15
145 147 14
145 150 26
145 157 20
145 166 4
145 173 28
145 181 29
145 182 23
145 184 9
145 187 36
146 148 32
146 150 39
146 166 38
146 168 37
146 169 16
146 170 22
146 171 22
146 174 16
146 186 33
146 191 7
146 196 16
146 199 25
147 153 37
147 157 33
147 159 31
147 165 38
147 166 28
147 173 21
147 175 1
147 183 39
147 186 4
147 189 29
147 194 14
148 153 4
148 154 33
148 160 10
148 176 11
148 180 7
148 193 17
148 194 11
148 196 31
148 197 23
148 198 35
149 159 1
149 168 38
149 186 12
149 193 17
150 151 34
150 159 8
150 165 23
150 168 38
150 170 25
150 176 5
150 181 1
150 182 8
150 187 21
150 192 7
150 193 34
150 194 8
151 155 19
151 156 36
151 164 4
151 168 34
151 171 11
151 172 22
151 178 17
151 190 24
151 192 4
151 193 11
152 169 30
152 172 32
152 178 22
152 179 38
152 184 39
152 189 37
152 197 18
153 156 32
153 157 40
153 160 17
153 163 12
153 164 26
153 170 36
153 178 1
153 188 39
153 189 15
153 195 1
153 199 1
154 155 1
154 157 26
154 158 23
154 160 35
154 174 15
154 175 13
154 178 36
154 187 18
154 190 15
154 197 37
154 198 22
155 159 20
155 162 40
155 165 34
155 173 11
155 174 15
155 176 30
155 179 2
155 184 1
155 191 11
155 198 33
155 199 24
155 200 6
156 158 9
156 159 37
156 164 18
156 165 5
156 174 23
156 175 19
156 180 31
156 184 30
157 159 32
157 160 27
157 161 18
157 170 18
157 174 28
157 177 34
157 181 37
157 187 25
157 189 25
157 191 10
157 199 17
157 200 39
158 160 32
158 164 37
158 165 18
158 167 6
158 170 12
158 174 13
158 177 19
158 178 40
158 181 24
158 191 35
158 199 38
158 200 17
159 168 29
159 169 26
159 192 25
159 197 18
159 198 29
159 200 19
160 163 12
160 166 25
160 169 7
160 172 19
160 174 3
160 175 23
160 178 27
160 179 37
160 189 7
160 192 17
160 197 26
160 199 25
161 167 36
161 168 5
161 170 4
161 179 21
161 180 14
161 193 36
161 194 11
161 196 25
161 198 31
162 163 21
162 172 37
162 179 40
162 186 34
162 187 30
162 191 11
162 193 16
162 197 24
162 200 6
163 173 19
163 174 36
163 178 39
163 179 40
163 180 35
163 182 21
163 184 12
163 185 31
163 189 4
163 193 15
163 197 15
163 198 4
164 166 15
164 169 30
164 171 15
164 172 33
164 188 5
164 195 18
165 168 12
165 173 24
165 174 15
165 179 9
165 184 13
165 188 14
165 190 19
166 167 5
166 181 34
166 189 33
166 194 26
166 197 19
166 198 8
167 170 3
167 175 8
167 176 15
167 179 20
167 180 21
167 182 25
167 183 3
167 191 21
167 197 29
167 199 17
168 177 9
168 178 7
168 181 7
168 183 32
168 192 22
168 197 22
169 171 4
169 182 21
169 186 32
169 196 19
169 197 24
169 198 8
170 173 32
170 176 18
170 181 19
170 187 36
170 189 7
170 191 17
170 197 23
170 200 1
171 174 38
171 185 6
171 191 25
171 192 32
171 197 31
171 200 22
172 181 16
172 182 24
172 199 5
173 176 40
173 183 25
173 189 28
173 190 12
173 191 12
173 193 17
173 196 27
174 183 20
174 185 22
174 186 16
174 189 17
174 193 3
174 197 21
174 199 12
174 200 29
175 178 19
175 180 14
175 185 39
175 190 39
175 196 21
176 177 27
176 178 36
176 179 38
176 182 31
176 185 23
176 189 10
176 190 3
176 193 38
177 178 34
177 181 11
177 184 2
177 185 31
177 186 25
177 187 5
177 192 8
178 180 18
178 185 11
178 198 16
179 184 1
179 197 23
181 183 26
181 184 8
181 193 33
181 195 35
181 199 31
182 183 23
182 187 8
182 188 6
182 195 10
182 196 27
183 185 23
183 186 19
183 190 30
183 197 40
183 198 15
183 199 18
185 192 16
185 193 12
185 198 40
186 196 39
187 193 5
188 190 13
188 197 38
189 193 32
189 197 6
190 195 22
190 198 22
193 198 33
194 195 6
194 196 35
194 197 38
194 198 2
194 200 40
195 199 5
197 198 23
197 200 33
198 199 9
199 200 23
