100 1988
1 2 9
1 3 9
1 4 4
1 12 9
1 13 3
1 14 19
1 15 13
1 24 6
1 27 7
1 30 17
1 31 3
1 33 2
1 35 8
1 37 20
1 43 9
1 44 18
1 47 10
1 50 8
1 52 7
1 53 2
1 55 2
1 56 2
1 58 17
1 59 16
1 60 6
1 63 2
1 64 4
1 66 7
1 68 1
1 70 13
1 71 8
1 74 19
1 75 2
1 79 13
1 82 16
1 85 14
1 94 16
2 3 6
2 4 5
2 5 2
2 7 8
2 8 4
2 9 13
2 12 3
2 13 5
2 17 7
2 20 17
2 23 11
2 28 15
2 30 8
2 35 3
2 36 8
2 38 10
2 39 5
2 40 16
2 41 16
2 42 9
2 43 2
2 45 20
2 46 19
2 51 11
2 55 13
2 56 17
2 59 14
2 63 7
2 66 15
2 68 20
2 69 16
2 71 4
2 74 8
2 76 14
2 78 8
2 86 19
2 87 3
2 88 6
2 89 4
2 91 16
2 93 17
2 95 8
2 97 12
2 99 13
3 6 7
3 7 5
3 9 1
3 13 11
3 15 14
3 16 6
3 23 8
3 25 3
3 26 4
3 28 9
3 30 9
3 31 8
3 32 3
3 35 8
3 36 14
3 39 13
3 43 11
3 44 7
3 54 5
3 60 10
3 62 8
3 63 4
3 65 6
3 67 10
3 68 10
3 71 9
3 73 6
3 74 2
3 77 10
3 78 9
3 80 20
3 86 1
3 89 11
3 91 12
3 93 3
4 8 10
4 9 14
4 10 3
4 11 16
4 14 13
4 20 14
4 21 13
4 26 3
4 28 5
4 29 15
4 31 20
4 37 8
4 40 3
4 41 1
4 42 6
4 47 16
4 50 6
4 51 5
4 55 3
4 56 6
4 57 13
4 58 9
4 60 12
4 67 19
4 68 19
4 69 7
4 70 9
4 73 18
4 74 1
4 75 13
4 78 11
4 80 18
4 82 11
4 83 2
4 85 4
4 87 10
4 88 2
4 89 13
4 93 19
4 95 11
4 99 6
5 6 1
5 7 11
5 9 15
5 12 20
5 14 1
5 17 9
5 22 20
5 25 9
5 31 15
5 34 16
5 37 12
5 38 19
5 39 1
5 41 8
5 44 1
5 47 18
5 50 13
5 51 17
5 54 1
5 58 16
5 59 5
5 62 11
5 63 9
5 67 12
5 69 15
5 70 3
5 72 16
5 75 11
5 80 12
5 82 10
5 85 17
5 86 13
5 88 6
5 90 13
5 94 20
5 96 1
5 98 2
6 11 4
6 12 7
6 13 11
6 15 9
6 19 8
6 20 20
6 22 2
6 25 9
6 28 20
6 30 5
6 34 1
6 36 15
6 38 6
6 40 18
6 41 7
6 42 7
6 45 2
6 47 15
6 48 4
6 50 13
6 61 2
6 63 16
6 64 7
6 65 16
6 66 6
6 69 20
6 70 12
6 71 3
6 77 16
6 80 8
6 82 7
6 83 2
6 84 18
6 85 10
6 86 2
6 87 15
6 88 7
6 89 13
6 92 15
6 93 13
6 96 4
6 97 3
6 98 14
6 99 19
7 8 8
7 10 3
7 13 8
7 16 20
7 20 11
7 21 4
7 22 2
7 28 11
7 30 1
7 34 10
7 40 12
7 42 6
7 46 8
7 50 2
7 51 6
7 52 9
7 55 15
7 56 10
7 59 13
7 60 7
7 61 3
7 66 7
7 67 12
7 71 7
7 72 1
7 73 11
7 74 14
7 78 6
7 81 1
7 83 19
7 85 9
7 86 11
7 88 9
7 93 10
7 94 19
7 96 1
7 97 18
7 98 6
7 99 15
7 100 12
8 10 3
8 12 13
8 13 4
8 15 1
8 16 16
8 17 11
8 18 4
8 19 15
8 24 6
8 29 8
8 31 12
8 32 20
8 33 12
8 34 19
8 37 8
8 41 19
8 43 2
8 47 9
8 49 3
8 52 14
8 53 11
8 56 14
8 58 12
8 59 2
8 62 15
8 66 15
8 67 20
8 73 10
8 74 1
8 81 20
8 85 8
8 86 19
8 87 4
8 92 8
8 95 11
8 96 2
8 97 7
8 98 8
9 11 10
9 13 4
9 19 9
9 20 1
9 21 4
9 26 11
9 30 20
9 32 6
9 35 4
9 37 7
9 38 11
9 40 6
9 42 3
9 45 13
9 48 13
9 51 18
9 57 1
9 59 18
9 60 17
9 62 13
9 65 4
9 66 19
9 74 11
9 75 7
9 76 7
9 77 2
9 84 14
9 89 9
9 91 12
9 92 15
9 93 6
9 97 5
9 98 19
9 99 11
10 19 9
10 20 2
10 22 17
10 26 19
10 29 19
10 32 5
10 33 15
10 40 15
10 42 8
10 43 3
10 44 13
10 45 11
10 48 16
10 53 6
10 55 17
10 56 3
10 57 17
10 58 9
10 59 11
10 61 7
10 62 9
10 67 7
10 71 15
10 77 1
10 80 16
10 81 20
10 86 5
10 87 3
10 93 3
10 96 2
11 23 7
11 25 12
11 26 20
11 28 14
11 32 9
11 36 17
11 37 4
11 38 4
11 44 13
11 45 14
11 47 16
11 49 2
11 50 18
11 51 7
11 55 18
11 65 5
11 67 2
11 75 14
11 76 4
11 78 17
11 81 7
11 82 18
11 86 11
11 87 1
11 88 15
11 90 14
11 91 17
11 94 13
11 95 19
11 97 6
11 99 18
12 15 17
12 18 11
12 21 12
12 23 19
12 34 8
12 35 17
12 37 18
12 38 19
12 39 19
12 43 9
12 45 7
12 48 2
12 49 13
12 50 3
12 51 13
12 54 10
12 55 4
12 56 19
12 58 8
12 63 8
12 64 5
12 65 2
12 67 7
12 71 4
12 72 17
12 73 7
12 76 17
12 78 5
12 81 12
12 83 1
12 98 1
13 15 17
13 16 13
13 19 3
13 20 11
13 21 3
13 23 11
13 24 18
13 27 16
13 30 14
13 31 19
13 32 8
13 35 10
13 38 17
13 39 13
13 44 20
13 49 15
13 54 13
13 55 20
13 56 9
13 63 11
13 69 15
13 70 4
13 74 9
13 75 13
13 76 11
13 77 5
13 89 7
13 90 15
13 93 14
13 96 16
13 97 2
13 99 8
14 16 2
14 19 7
14 20 12
14 23 6
14 24 3
14 25 17
14 27 7
14 28 1
14 30 12
14 34 9
14 37 13
14 39 15
14 42 20
14 49 16
14 54 14
14 55 16
14 58 2
14 63 15
14 66 5
14 67 7
14 68 7
14 70 4
14 71 13
14 77 9
14 78 15
14 85 8
14 88 15
14 95 13
14 98 4
15 17 14
15 18 19
15 19 10
15 20 4
15 22 6
15 24 12
15 28 5
15 29 13
15 30 10
15 34 11
15 36 9
15 38 9
15 43 8
15 44 4
15 45 10
15 49 8
15 54 6
15 58 9
15 62 10
15 63 5
15 65 11
15 69 2
15 70 9
15 72 20
15 75 19
15 76 1
15 79 3
15 80 12
15 83 8
15 84 20
15 86 15
15 91 10
15 95 9
15 96 5
15 98 15
15 99 4
16 19 11
16 20 15
16 21 18
16 27 17
16 32 1
16 33 9
16 37 16
16 38 20
16 39 12
16 40 3
16 43 3
16 44 4
16 48 10
16 49 3
16 51 14
16 59 2
16 60 7
16 61 9
16 62 16
16 67 16
16 68 19
16 70 7
16 71 1
16 74 8
16 77 5
16 80 16
16 81 5
16 82 9
16 83 14
16 85 13
16 86 3
16 88 18
16 89 4
16 92 20
16 94 19
16 96 7
16 97 20
16 100 13
17 20 2
17 21 12
17 22 5
17 24 9
17 25 19
17 27 18
17 29 9
17 30 11
17 34 18
17 35 2
17 43 20
17 44 3
17 46 19
17 47 15
17 52 15
17 53 5
17 54 17
17 59 2
17 60 3
17 61 19
17 64 8
17 65 9
17 66 9
17 67 17
17 68 14
17 70 6
17 73 1
17 75 5
17 82 14
17 83 15
17 92 15
17 93 1
17 96 20
17 97 9
17 100 1
18 20 4
18 24 2
18 26 19
18 27 14
18 28 12
18 30 16
18 31 7
18 32 4
18 35 17
18 36 2
18 37 3
18 44 1
18 45 1
18 49 10
18 52 15
18 58 3
18 59 17
18 60 3
18 62 11
18 63 2
18 64 5
18 67 12
18 68 2
18 75 7
18 76 9
18 78 4
18 80 19
18 82 9
18 83 18
18 88 8
18 89 11
18 90 8
18 92 1
18 93 3
18 94 20
18 98 8
18 100 2
19 21 14
19 23 15
19 31 9
19 32 19
19 33 15
19 34 14
19 35 3
19 36 15
19 41 17
19 47 6
19 49 11
19 51 3
19 54 12
19 58 17
19 62 17
19 66 20
19 67 17
19 70 8
19 78 4
19 79 15
19 81 18
19 82 19
19 83 15
19 84 9
19 86 17
19 93 13
19 95 14
19 97 2
19 100 3
20 21 8
20 22 5
20 25 20
20 26 12
20 28 1
20 29 12
20 38 13
20 39 7
20 40 18
20 43 14
20 46 20
20 49 10
20 50 1
20 52 4
20 54 16
20 56 8
20 57 10
20 58 12
20 60 14
20 61 12
20 62 9
20 65 8
20 66 14
20 67 14
20 69 13
20 74 14
20 77 19
20 79 11
20 85 12
20 87 14
20 90 7
20 91 15
20 92 16
20 93 1
21 23 7
21 24 4
21 26 19
21 28 2
21 32 9
21 33 2
21 34 17
21 36 20
21 38 12
21 39 2
21 42 7
21 43 4
21 44 13
21 46 5
21 48 17
21 54 6
21 58 14
21 61 14
21 65 16
21 66 1
21 72 14
21 73 1
21 78 6
21 79 4
21 82 9
21 86 7
21 87 6
21 88 6
21 91 20
21 94 1
21 95 17
21 96 1
21 98 5
21 99 8
21 100 19
22 23 10
22 26 4
22 27 17
22 30 19
22 32 15
22 33 11
22 36 1
22 39 12
22 40 9
22 43 9
22 44 10
22 45 4
22 48 6
22 49 8
22 53 15
22 54 13
22 55 14
22 57 1
22 61 3
22 62 1
22 65 1
22 68 1
22 69 4
22 71 14
22 76 18
22 79 8
22 80 17
22 81 7
22 82 13
22 88 13
22 89 20
22 90 11
22 91 4
22 93 13
22 94 11
22 95 19
22 97 14
22 98 20
22 100 5
23 25 5
23 31 1
23 32 8
23 33 14
23 35 3
23 36 5
23 44 20
23 46 12
23 49 5
23 50 19
23 54 2
23 57 19
23 60 5
23 61 16
23 72 11
23 74 13
23 76 20
23 79 4
23 81 15
23 84 17
23 85 6
23 86 19
23 89 11
23 90 4
23 93 11
23 94 2
23 97 16
24 26 3
24 27 12
24 28 20
24 30 16
24 33 1
24 36 3
24 37 4
24 46 19
24 51 9
24 58 20
24 59 11
24 60 10
24 61 13
24 62 16
24 63 5
24 65 14
24 69 17
24 73 1
24 76 7
24 83 6
24 84 18
24 88 16
24 89 8
24 91 17
24 92 5
24 93 18
24 95 6
24 96 12
24 97 14
24 98 6
24 99 13
24 100 10
25 26 19
25 30 14
25 32 14
25 34 14
25 37 3
25 38 5
25 41 19
25 42 20
25 44 3
25 45 19
25 49 19
25 53 13
25 60 2
25 61 15
25 62 10
25 63 6
25 65 10
25 70 20
25 71 2
25 76 14
25 77 20
25 79 17
25 80 13
25 82 19
25 84 13
25 86 4
25 99 10
25 100 20
26 28 7
26 31 18
26 32 16
26 35 9
26 37 6
26 38 12
26 43 20
26 46 5
26 47 14
26 52 20
26 54 14
26 60 1
26 64 4
26 66 11
26 73 11
26 75 6
26 79 14
26 80 19
26 81 14
26 82 8
26 84 14
26 86 2
26 88 9
26 96 13
26 98 10
27 28 15
27 31 12
27 32 1
27 33 5
27 35 17
27 37 5
27 39 11
27 43 1
27 44 11
27 45 3
27 46 19
27 47 6
27 49 13
27 51 8
27 52 7
27 53 3
27 62 20
27 63 2
27 64 9
27 68 8
27 70 8
27 71 16
27 72 9
27 74 5
27 79 18
27 80 8
27 81 20
27 82 9
27 83 7
27 84 20
27 85 10
27 86 8
27 89 16
27 93 8
27 94 6
27 97 6
27 98 16
27 99 11
27 100 5
28 31 20
28 36 5
28 37 13
28 39 16
28 42 9
28 43 9
28 44 7
28 46 4
28 50 18
28 51 3
28 56 14
28 57 2
28 59 10
28 60 9
28 62 10
28 63 12
28 64 1
28 66 7
28 68 8
28 70 2
28 76 16
28 83 19
28 84 17
28 89 1
28 90 17
28 91 13
28 95 19
28 96 15
28 100 14
29 30 15
29 34 3
29 35 19
29 41 9
29 44 19
29 47 18
29 48 7
29 51 9
29 54 2
29 56 9
29 59 4
29 64 13
29 65 1
29 75 15
29 76 19
29 77 4
29 78 8
29 79 2
29 86 12
29 90 20
29 91 6
29 92 15
29 96 7
29 97 5
29 98 8
29 99 16
30 34 6
30 35 4
30 37 20
30 38 13
30 40 16
30 46 7
30 47 11
30 51 2
30 54 10
30 55 14
30 59 19
30 61 4
30 64 10
30 66 4
30 67 11
30 69 3
30 71 11
30 72 15
30 74 17
30 75 12
30 82 3
30 87 13
30 88 15
30 90 15
30 91 14
30 92 16
30 94 20
30 98 5
31 32 18
31 33 20
31 36 13
31 40 11
31 41 7
31 43 17
31 46 6
31 47 5
31 48 9
31 50 11
31 52 9
31 53 14
31 55 18
31 58 2
31 62 2
31 63 8
31 64 7
31 66 20
31 75 13
31 76 14
31 83 4
31 85 3
31 86 20
31 92 5
31 93 13
31 95 20
31 97 1
31 99 10
32 33 2
32 34 8
32 35 17
32 39 1
32 43 20
32 48 16
32 54 17
32 57 19
32 59 5
32 61 8
32 63 13
32 65 11
32 68 20
32 69 5
32 72 12
32 75 19
32 76 9
32 77 11
32 78 16
32 79 18
32 81 8
32 82 4
32 84 17
32 86 3
32 88 19
32 96 11
32 99 8
32 100 2
33 36 13
33 38 10
33 41 10
33 42 9
33 45 15
33 46 16
33 47 15
33 50 20
33 52 1
33 59 3
33 60 18
33 63 10
33 64 19
33 65 16
33 66 18
33 70 14
33 73 11
33 76 1
33 77 2
33 79 3
33 80 18
33 87 7
33 89 13
33 90 4
33 91 3
33 95 4
33 97 1
33 100 19
34 36 5
34 37 9
34 38 1
34 41 12
34 42 8
34 44 13
34 47 8
34 50 15
34 51 6
34 55 17
34 58 8
34 61 11
34 64 14
34 65 20
34 66 6
34 70 17
34 71 16
34 72 20
34 79 4
34 81 1
34 82 8
34 89 1
34 90 18
34 91 19
34 94 15
34 98 9
34 100 16
35 37 6
35 42 11
35 48 19
35 50 4
35 52 10
35 55 20
35 60 8
35 62 19
35 63 16
35 66 7
35 68 7
35 69 19
35 70 17
35 73 11
35 75 1
35 76 9
35 77 14
35 79 19
35 82 19
35 84 17
35 87 6
35 90 5
35 91 16
35 92 2
35 94 8
35 96 5
35 98 9
36 38 18
36 39 20
36 41 1
36 43 6
36 49 11
36 51 20
36 55 9
36 57 11
36 59 11
36 61 10
36 62 5
36 71 18
36 72 17
36 75 9
36 78 16
36 81 3
36 82 1
36 88 1
36 90 14
36 91 3
36 96 18
36 97 20
36 100 10
37 40 3
37 42 14
37 46 8
37 49 20
37 52 18
37 54 12
37 57 10
37 60 10
37 61 4
37 62 1
37 63 2
37 66 15
37 68 19
37 71 12
37 72 19
37 77 13
37 78 5
37 79 16
37 82 16
37 87 1
37 89 11
37 91 19
37 96 8
37 100 3
38 42 14
38 47 8
38 50 2
38 51 4
38 53 16
38 54 10
38 55 2
38 56 20
38 57 20
38 58 20
38 60 13
38 62 17
38 64 13
38 65 2
38 66 13
38 68 18
38 75 17
38 79 14
38 81 12
38 84 1
38 85 19
38 86 13
38 88 12
38 90 4
38 92 8
38 95 1
38 96 17
38 98 5
39 41 19
39 48 6
39 49 16
39 51 2
39 54 16
39 59 19
39 64 19
39 67 14
39 70 5
39 73 16
39 74 17
39 78 16
39 81 2
39 83 18
39 84 12
39 92 15
39 96 5
39 99 2
40 41 9
40 48 20
40 51 19
40 53 16
40 55 15
40 56 16
40 61 15
40 63 12
40 64 10
40 65 11
40 70 7
40 72 1
40 75 19
40 76 7
40 78 5
40 79 1
40 81 6
40 85 17
40 86 10
40 92 17
40 99 7
41 45 9
41 48 12
41 49 19
41 50 15
41 59 5
41 62 20
41 63 4
41 64 3
41 66 14
41 67 15
41 69 14
41 71 4
41 72 4
41 73 3
41 74 2
41 75 4
41 78 17
41 82 11
41 83 1
41 84 13
41 91 10
41 94 12
41 95 17
41 97 2
42 43 19
42 44 7
42 47 6
42 50 12
42 54 12
42 56 11
42 57 6
42 59 10
42 60 3
42 68 14
42 73 12
42 74 3
42 75 8
42 77 18
42 78 17
42 79 4
42 80 12
42 81 7
42 89 6
42 94 3
43 45 2
43 48 7
43 50 17
43 54 10
43 55 16
43 56 11
43 61 18
43 63 19
43 64 13
43 66 1
43 68 6
43 71 3
43 72 2
43 75 3
43 78 15
43 79 6
43 80 7
43 83 5
43 85 9
43 87 6
43 91 2
43 92 16
43 93 7
43 95 16
43 97 14
43 99 19
43 100 12
44 45 16
44 54 2
44 55 2
44 59 6
44 61 5
44 62 11
44 64 4
44 66 11
44 69 7
44 70 1
44 80 3
44 90 15
44 94 7
44 96 3
44 97 11
44 99 10
44 100 3
45 51 7
45 52 7
45 55 1
45 56 17
45 59 2
45 62 1
45 64 10
45 66 3
45 68 19
45 72 10
45 74 16
45 76 14
45 77 20
45 78 6
45 79 4
45 82 1
45 92 1
45 93 5
45 96 13
45 97 7
45 98 16
45 99 13
46 50 18
46 51 16
46 54 5
46 58 16
46 60 2
46 61 2
46 64 13
46 65 3
46 68 5
46 69 17
46 71 17
46 73 2
46 75 7
46 76 2
46 77 3
46 78 4
46 79 2
46 83 10
46 84 4
46 86 19
46 87 8
46 88 12
46 91 5
46 92 14
46 93 17
46 100 15
47 49 18
47 53 13
47 56 12
47 58 2
47 60 12
47 63 2
47 66 20
47 67 6
47 73 19
47 76 3
47 77 2
47 79 9
47 80 8
47 82 16
47 83 5
47 84 16
47 85 19
47 86 4
47 87 9
47 90 10
47 91 10
47 96 18
47 98 3
48 49 17
48 50 9
48 60 14
48 65 1
48 67 20
48 68 1
48 70 6
48 71 20
48 75 10
48 77 6
48 78 5
48 79 18
48 85 19
48 88 11
48 89 18
48 90 16
48 97 1
48 98 1
49 51 12
49 53 3
49 54 7
49 56 4
49 57 11
49 59 2
49 63 15
49 69 13
49 71 10
49 75 3
49 78 18
49 79 18
49 80 10
49 81 20
49 82 14
49 83 9
49 87 7
49 92 17
49 96 5
49 98 5
49 99 14
50 51 20
50 52 2
50 54 2
50 55 11
50 56 13
50 59 12
50 62 18
50 63 12
50 65 1
50 66 2
50 78 2
50 83 7
50 84 1
50 85 6
50 91 20
50 92 20
50 95 16
50 96 12
50 97 16
50 98 18
51 52 13
51 54 10
51 56 17
51 57 2
51 59 19
51 64 17
51 65 11
51 68 20
51 74 14
51 76 4
51 81 20
51 82 14
51 84 6
51 86 10
51 87 16
51 90 12
51 92 18
51 94 9
51 95 9
51 97 18
52 55 7
52 57 11
52 63 8
52 64 8
52 65 18
52 67 7
52 71 9
52 72 13
52 73 12
52 76 18
52 79 18
52 80 11
52 82 17
52 84 15
52 95 13
52 98 8
53 54 16
53 55 4
53 57 4
53 61 1
53 66 17
53 69 2
53 74 1
53 76 6
53 78 7
53 83 18
53 84 20
53 86 5
53 88 7
53 89 17
53 91 4
53 92 20
53 95 6
53 97 20
54 56 16
54 61 2
54 62 6
54 69 14
54 76 4
54 77 5
54 79 4
54 82 20
54 85 19
54 86 16
54 87 20
54 90 20
54 91 11
54 93 10
54 95 10
54 97 7
54 100 20
55 57 19
55 58 14
55 64 19
55 66 9
55 72 9
55 75 4
55 78 8
55 79 11
55 83 18
55 84 19
55 88 16
55 91 2
55 94 2
55 96 15
56 57 15
56 58 16
56 61 9
56 64 15
56 67 20
56 72 3
56 77 12
56 78 8
56 82 13
56 83 19
56 85 1
56 86 2
56 87 6
56 89 12
56 90 5
56 95 5
56 100 19
57 59 16
57 61 5
57 62 16
57 65 5
57 71 14
57 72 2
57 74 9
57 76 9
57 78 6
57 80 9
57 83 16
57 85 20
57 86 5
57 87 7
57 95 2
57 99 11
57 100 20
58 62 19
58 65 6
58 68 12
58 72 10
58 74 20
58 79 2
58 82 12
58 83 9
58 86 12
58 87 18
58 88 4
58 91 5
58 93 7
58 94 3
58 96 10
58 100 9
59 60 2
59 63 4
59 65 11
59 66 10
59 71 9
59 73 17
59 74 14
59 76 2
59 79 8
59 82 7
59 83 3
59 84 9
59 88 15
59 95 15
59 97 7
59 98 20
59 99 7
60 67 13
60 68 8
60 69 11
60 70 17
60 73 14
60 74 14
60 75 1
60 78 12
60 81 9
60 84 13
60 86 5
60 87 12
60 88 15
60 94 11
60 95 4
60 97 18
60 98 2
60 99 20
61 63 6
61 64 1
61 66 16
61 67 17
61 69 11
61 70 7
61 73 7
61 75 9
61 76 15
61 78 15
61 80 9
61 82 10
61 86 7
61 88 15
61 89 15
61 90 6
61 95 1
61 96 9
61 98 15
62 63 2
62 65 10
62 68 8
62 69 19
62 72 5
62 77 17
62 79 15
62 80 1
62 81 20
62 84 4
62 86 19
62 88 3
62 90 9
62 93 13
62 94 19
62 95 11
62 96 3
62 98 15
63 68 12
63 74 9
63 75 12
63 78 20
63 79 1
63 80 20
63 81 16
63 83 19
63 87 10
63 88 11
63 89 1
63 91 16
63 94 5
63 97 14
63 98 17
64 68 2
64 70 12
64 72 15
64 73 19
64 76 13
64 81 3
64 87 9
64 89 12
64 91 6
64 97 5
64 98 14
64 100 2
65 67 3
65 68 11
65 70 14
65 72 11
65 73 11
65 76 5
65 77 14
65 80 18
65 85 14
65 88 16
65 89 17
65 95 2
65 97 18
65 98 4
65 99 1
65 100 10
66 69 12
66 70 17
66 75 1
66 77 9
66 78 11
66 84 5
66 85 19
66 87 3
66 92 8
66 97 4
66 98 20
67 68 6
67 72 2
67 74 16
67 75 6
67 78 11
67 79 11
67 80 1
67 81 9
67 82 1
67 85 12
67 86 8
67 87 19
67 88 7
67 91 11
67 93 16
67 96 11
67 97 2
67 99 2
68 69 5
68 70 12
68 73 7
68 75 10
68 76 12
68 80 11
68 84 20
68 87 14
68 88 5
68 89 17
68 90 4
68 91 8
68 93 14
68 97 2
69 71 6
69 72 11
69 73 18
69 74 12
69 84 5
69 85 1
69 86 20
69 89 3
69 90 11
69 94 8
69 97 16
69 98 13
70 71 18
70 73 17
70 75 11
70 76 1
70 79 5
70 81 2
70 84 8
70 86 9
70 87 8
70 88 13
70 89 2
70 92 7
70 93 18
71 72 11
71 74 18
71 75 20
71 77 20
71 79 19
71 83 7
71 84 12
71 87 19
71 92 3
71 95 15
71 96 17
71 100 15
72 73 17
72 78 11
72 79 9
72 85 1
72 86 14
72 87 12
72 88 11
72 90 20
72 94 14
72 95 16
72 96 4
72 97 7
72 99 20
73 80 5
73 82 9
73 83 15
73 88 5
73 90 13
73 94 11
73 95 5
73 97 3
74 76 10
74 77 14
74 79 9
74 80 13
74 81 2
74 83 11
74 84 11
74 86 3
74 89 1
74 90 1
74 92 10
74 96 2
74 97 14
74 98 12
74 99 3
75 85 3
75 88 5
75 92 3
75 94 10
75 100 9
76 80 17
76 82 12
76 85 17
76 86 7
76 88 19
76 90 11
76 91 18
76 93 1
76 95 5
76 99 18
76 100 20
77 78 1
77 79 19
77 81 1
77 82 9
77 87 10
77 89 5
77 92 13
77 95 4
77 98 14
77 99 2
77 100 9
78 79 15
78 81 13
78 82 20
78 93 18
78 100 5
79 81 7
79 86 1
79 87 15
79 89 13
79 90 11
79 91 16
79 93 14
79 94 15
79 95 1
79 96 17
79 98 19
79 99 7
80 82 18
80 89 1
80 90 5
80 93 4
80 94 9
80 96 16
80 97 17
80 100 3
81 82 2
81 84 19
81 85 18
81 87 13
81 89 10
81 90 20
81 98 10
81 99 14
82 83 6
82 85 10
82 87 18
82 89 3
82 91 7
82 92 11
82 93 15
82 94 11
82 97 6
82 99 13
83 92 16
83 94 18
83 95 17
83 98 18
83 99 19
84 85 15
84 89 17
84 93 3
84 94 7
84 98 16
85 87 2
85 90 9
85 91 20
85 94 6
85 95 20
85 96 13
85 100 16
86 88 2
86 92 11
86 96 13
86 99 1
87 88 12
87 89 6
87 90 14
87 91 5
87 93 15
87 96 6
87 97 20
87 98 9
87 100 11
88 91 6
88 93 11
88 96 11
89 92 6
89 93 20
89 96 7
89 98 11
89 100 16
90 91 5
90 94 3
90 95 13
90 99 7
90 100 19
91 93 14
91 94 18
91 97 9
91 100 14
92 95 5
92 96 2
92 97 20
92 99 18
93 94 13
93 98 7
94 95 17
94 97 12
94 98 9
94 100 1
95 96 6
95 98 18
96 100 2
97 99 11
98 99 7
