200 7980
1 2 4
1 8 16
1 10 18
1 12 18
1 14 12
1 17 17
1 21 6
1 24 6
1 28 14
1 32 17
1 36 8
1 39 9
1 46 6
1 50 10
1 51 16
1 55 11
1 58 20
1 59 5
1 61 19
1 62 5
1 63 7
1 64 6
1 70 10
1 73 4
1 75 13
1 77 18
1 80 11
1 82 18
1 83 2
1 86 10
1 87 19
1 88 2
1 89 5
1 90 20
1 91 19
1 93 10
1 100 1
1 101 20
1 102 10
1 103 9
1 105 16
1 107 1
1 109 1
1 113 15
1 116 7
1 117 15
1 123 2
1 125 10
1 126 19
1 127 13
1 132 4
1 133 1
1 134 8
1 140 1
1 141 20
1 145 10
1 149 9
1 150 18
1 151 7
1 153 20
1 154 7
1 155 12
1 158 3
1 159 11
1 160 11
1 165 3
1 166 7
1 167 9
1 169 16
1 170 19
1 172 5
1 176 13
1 177 18
1 178 16
1 180 18
1 181 7
1 182 1
1 184 10
1 187 1
1 189 11
1 190 9
1 192 5
1 196 6
1 199 8
1 200 14
2 5 20
2 6 1
2 12 20
2 16 12
2 17 18
2 18 9
2 21 19
2 24 18
2 25 20
2 27 20
2 30 16
2 35 1
2 39 10
2 41 3
2 42 3
2 43 20
2 45 17
2 49 1
2 50 17
2 52 3
2 61 5
2 64 5
2 66 18
2 67 14
2 69 2
2 71 16
2 77 14
2 79 2
2 80 5
2 81 14
2 84 12
2 92 1
2 93 5
2 94 20
2 95 5
2 98 14
2 101 12
2 102 16
2 106 8
2 108 1
2 114 1
2 117 14
2 120 8
2 125 10
2 126 20
2 128 14
2 129 9
2 130 8
2 132 10
2 133 2
2 134 18
2 135 2
2 140 5
2 141 20
2 145 8
2 147 15
2 148 3
2 151 20
2 154 4
2 159 15
2 163 6
2 164 10
2 171 14
2 175 10
2 176 8
2 178 15
2 180 13
2 182 13
2 187 2
2 189 17
2 190 1
2 193 5
2 195 1
3 5 6
3 6 16
3 10 12
3 11 3
3 14 2
3 15 4
3 19 11
3 21 18
3 22 7
3 28 12
3 32 13
3 33 7
3 35 1
3 38 10
3 41 12
3 45 1
3 46 14
3 47 5
3 48 4
3 49 2
3 50 6
3 51 14
3 53 12
3 56 11
3 57 9
3 61 10
3 66 13
3 67 15
3 68 13
3 71 7
3 72 12
3 73 12
3 74 15
3 77 19
3 82 10
3 88 2
3 91 12
3 96 2
3 97 9
3 98 10
3 102 17
3 103 3
3 107 13
3 108 3
3 110 8
3 111 17
3 114 9
3 116 4
3 119 6
3 123 11
3 125 12
3 126 11
3 128 11
3 130 13
3 131 11
3 136 18
3 137 13
3 138 17
3 142 20
3 145 19
3 151 19
3 153 9
3 155 16
3 156 9
3 157 20
3 160 9
3 162 13
3 164 17
3 166 1
3 167 1
3 170 4
3 173 19
3 176 6
3 185 18
3 188 17
3 192 20
3 195 7
3 197 6
3 198 20
3 199 6
4 9 12
4 10 16
4 11 16
4 14 8
4 15 2
4 17 1
4 19 4
4 24 10
4 25 20
4 27 9
4 30 8
4 32 7
4 33 7
4 37 11
4 38 1
4 39 14
4 40 20
4 41 10
4 43 2
4 44 17
4 54 10
4 56 16
4 57 1
4 58 12
4 60 4
4 61 7
4 62 10
4 64 2
4 66 8
4 71 11
4 72 2
4 73 7
4 76 19
4 77 3
4 82 6
4 84 7
4 85 19
4 87 17
4 90 9
4 91 20
4 92 2
4 93 20
4 94 17
4 100 8
4 103 17
4 106 12
4 108 7
4 110 11
4 111 3
4 112 4
4 114 2
4 119 4
4 122 3
4 127 20
4 132 2
4 133 11
4 137 19
4 138 16
4 142 15
4 145 13
4 147 14
4 150 10
4 152 6
4 153 15
4 154 10
4 155 1
4 157 4
4 162 4
4 163 20
4 166 7
4 170 15
4 173 3
4 176 15
4 177 18
4 179 7
4 181 6
4 182 6
4 190 9
4 195 15
4 196 11
4 199 2
5 7 2
5 8 18
5 12 20
5 16 8
5 20 16
5 22 17
5 26 11
5 32 20
5 33 13
5 43 5
5 44 14
5 45 13
5 51 17
5 52 18
5 53 9
5 54 2
5 55 20
5 56 18
5 57 16
5 58 6
5 61 17
5 64 14
5 65 16
5 66 2
5 70 1
5 71 14
5 74 10
5 78 14
5 79 4
5 80 8
5 82 12
5 83 18
5 85 11
5 89 1
5 94 18
5 95 10
5 101 19
5 105 10
5 106 11
5 109 18
5 111 9
5 114 3
5 117 2
5 118 11
5 123 2
5 124 8
5 130 10
5 131 19
5 133 4
5 134 5
5 135 19
5 137 15
5 144 3
5 145 18
5 151 6
5 153 15
5 154 17
5 156 1
5 157 13
5 159 1
5 162 7
5 165 14
5 168 5
5 170 5
5 175 16
5 178 2
5 182 6
5 185 2
5 190 15
5 191 4
5 196 7
5 198 13
5 199 12
6 8 20
6 9 18
6 11 16
6 12 18
6 13 1
6 15 19
6 16 5
6 17 5
6 19 7
6 20 6
6 21 10
6 23 15
6 25 2
6 26 15
6 27 7
6 30 11
6 33 11
6 36 3
6 38 13
6 40 20
6 44 14
6 49 19
6 52 18
6 53 9
6 54 14
6 55 10
6 58 7
6 63 1
6 64 11
6 66 12
6 70 16
6 72 20
6 77 13
6 78 11
6 81 7
6 82 5
6 90 13
6 95 18
6 97 16
6 98 19
6 100 12
6 102 5
6 105 13
6 107 1
6 109 18
6 111 14
6 112 8
6 116 1
6 117 4
6 118 11
6 119 7
6 120 12
6 126 1
6 128 8
6 131 12
6 132 2
6 136 3
6 138 16
6 139 6
6 140 9
6 141 20
6 143 6
6 145 11
6 146 10
6 150 7
6 151 19
6 152 13
6 155 15
6 156 2
6 157 12
6 159 13
6 160 10
6 162 12
6 164 1
6 167 2
6 171 17
6 173 2
6 182 19
6 183 9
6 189 9
6 191 4
6 195 6
6 196 8
6 198 8
6 200 9
7 8 6
7 10 20
7 12 14
7 13 1
7 16 16
7 20 2
7 23 17
7 25 14
7 28 12
7 32 3
7 34 2
7 39 17
7 41 2
7 48 17
7 52 5
7 54 5
7 56 12
7 59 19
7 62 10
7 66 18
7 71 6
7 77 15
7 78 12
7 79 15
7 83 9
7 86 20
7 88 6
7 90 7
7 94 1
7 95 15
7 99 19
7 106 19
7 110 7
7 113 13
7 114 17
7 117 1
7 119 16
7 121 16
7 123 2
7 124 11
7 125 7
7 131 4
7 132 12
7 134 8
7 135 8
7 136 15
7 139 5
7 147 3
7 148 4
7 150 7
7 153 15
7 158 10
7 161 4
7 167 3
7 168 5
7 169 10
7 174 7
7 175 10
7 176 19
7 177 20
7 179 13
7 184 15
7 189 4
7 190 9
7 191 3
7 193 5
7 195 8
7 196 11
8 9 13
8 15 2
8 17 1
8 22 2
8 27 9
8 29 19
8 37 2
8 39 19
8 41 1
8 46 2
8 47 5
8 50 7
8 51 16
8 56 10
8 58 14
8 59 3
8 64 10
8 72 6
8 73 13
8 74 1
8 79 18
8 86 7
8 91 18
8 93 12
8 94 6
8 96 8
8 101 19
8 104 20
8 106 1
8 107 8
8 108 11
8 110 18
8 113 9
8 121 13
8 122 18
8 123 4
8 126 18
8 127 4
8 128 9
8 129 18
8 134 17
8 135 16
8 136 8
8 140 14
8 142 8
8 144 17
8 147 18
8 148 7
8 150 3
8 151 8
8 154 6
8 164 9
8 165 15
8 166 12
8 167 4
8 169 12
8 170 17
8 173 18
8 175 13
8 176 18
8 177 19
8 181 18
8 185 20
8 193 17
8 196 8
8 197 17
8 198 8
9 13 17
9 18 5
9 21 16
9 24 5
9 25 9
9 27 3
9 28 5
9 33 3
9 35 6
9 40 18
9 41 9
9 44 4
9 45 15
9 48 8
9 51 7
9 52 15
9 53 18
9 54 17
9 55 14
9 57 4
9 59 16
9 60 1
9 61 4
9 63 10
9 69 12
9 70 3
9 71 11
9 73 2
9 76 7
9 78 4
9 80 17
9 81 1
9 83 8
9 88 16
9 90 10
9 92 5
9 97 14
9 98 20
9 99 8
9 101 19
9 104 7
9 105 8
9 107 2
9 108 13
9 110 20
9 112 3
9 113 15
9 115 10
9 116 4
9 117 7
9 118 12
9 120 17
9 121 8
9 123 2
9 125 1
9 126 10
9 127 13
9 128 5
9 132 15
9 139 19
9 141 12
9 142 15
9 143 1
9 145 16
9 147 15
9 149 8
9 150 6
9 153 10
9 154 2
9 157 13
9 159 7
9 160 11
9 161 13
9 162 3
9 165 17
9 167 7
9 168 7
9 169 15
9 178 15
9 180 1
9 181 5
9 182 5
9 184 15
9 186 20
9 187 19
9 194 13
9 196 12
9 198 18
10 13 4
10 14 9
10 15 15
10 16 20
10 18 11
10 21 7
10 27 9
10 30 1
10 33 6
10 37 8
10 43 8
10 44 6
10 45 15
10 46 8
10 47 16
10 51 9
10 55 19
10 57 12
10 59 7
10 60 17
10 61 6
10 65 16
10 72 16
10 73 16
10 77 9
10 83 20
10 84 1
10 89 7
10 91 11
10 92 19
10 95 5
10 97 10
10 99 15
10 100 20
10 105 15
10 106 2
10 107 18
10 108 12
10 111 1
10 116 10
10 117 7
10 121 6
10 122 9
10 130 6
10 131 13
10 136 11
10 137 11
10 141 13
10 145 11
10 146 5
10 147 10
10 148 3
10 150 18
10 153 13
10 154 10
10 158 11
10 165 1
10 169 18
10 170 11
10 172 8
10 173 6
10 174 4
10 175 5
10 182 18
10 183 13
10 188 3
10 191 1
10 193 20
10 197 17
11 13 7
11 16 11
11 17 17
11 19 20
11 20 4
11 25 15
11 26 3
11 28 14
11 32 1
11 34 6
11 35 6
11 38 18
11 39 1
11 42 20
11 44 13
11 46 16
11 47 10
11 48 2
11 50 11
11 53 1
11 56 1
11 57 20
11 64 10
11 68 2
11 70 20
11 71 9
11 73 14
11 75 20
11 77 9
11 84 9
11 87 20
11 90 6
11 92 4
11 98 10
11 99 16
11 104 8
11 105 7
11 107 1
11 117 12
11 118 1
11 119 6
11 121 1
11 123 20
11 127 16
11 128 5
11 130 1
11 137 2
11 139 5
11 140 11
11 143 17
11 145 13
11 146 8
11 150 7
11 155 8
11 156 20
11 157 4
11 158 16
11 159 7
11 161 20
11 164 17
11 165 4
11 170 15
11 173 13
11 174 15
11 175 8
11 176 15
11 177 2
11 178 19
11 181 5
11 182 2
11 184 7
11 185 7
11 187 2
11 188 5
11 191 16
11 194 1
11 198 3
11 199 12
11 200 8
12 14 12
12 16 7
12 18 20
12 20 8
12 26 10
12 33 20
12 37 4
12 39 14
12 42 15
12 43 2
12 46 10
12 51 12
12 55 19
12 57 5
12 58 13
12 60 19
12 63 3
12 69 8
12 71 18
12 72 19
12 73 12
12 74 1
12 75 17
12 76 3
12 78 18
12 79 2
12 80 5
12 82 11
12 83 18
12 86 12
12 87 15
12 96 12
12 97 18
12 99 16
12 102 7
12 106 10
12 107 16
12 108 7
12 116 6
12 117 11
12 119 14
12 121 6
12 123 14
12 124 12
12 125 7
12 126 12
12 127 19
12 128 12
12 129 9
12 130 5
12 132 17
12 140 16
12 141 5
12 144 1
12 145 7
12 146 2
12 150 1
12 152 18
12 153 12
12 154 17
12 155 3
12 156 16
12 157 20
12 159 8
12 160 11
12 161 6
12 162 9
12 168 1
12 169 15
12 173 14
12 174 17
12 179 20
12 180 12
12 182 7
12 183 1
12 185 20
12 186 7
12 187 10
12 191 1
12 192 3
12 194 3
12 196 17
13 18 9
13 21 7
13 23 8
13 24 18
13 26 14
13 28 14
13 29 11
13 34 19
13 35 17
13 38 5
13 42 7
13 43 7
13 44 20
13 45 4
13 46 13
13 49 13
13 52 17
13 57 17
13 63 1
13 64 1
13 65 7
13 66 2
13 70 10
13 71 14
13 72 20
13 73 17
13 74 9
13 75 3
13 78 17
13 79 11
13 81 3
13 89 11
13 90 13
13 94 2
13 96 7
13 98 12
13 100 7
13 105 3
13 107 12
13 110 19
13 111 16
13 112 17
13 114 13
13 116 2
13 122 20
13 126 3
13 127 7
13 130 13
13 133 2
13 134 18
13 136 4
13 137 1
13 143 16
13 149 4
13 150 18
13 151 11
13 152 9
13 154 16
13 157 9
13 164 4
13 165 9
13 168 1
13 171 6
13 173 16
13 174 18
13 175 16
13 176 20
13 177 13
13 180 17
13 181 5
13 185 16
13 186 11
13 188 18
13 189 11
13 190 20
13 191 10
13 192 4
13 194 9
13 195 8
13 196 16
13 197 4
14 19 8
14 20 15
14 21 2
14 22 18
14 23 5
14 26 14
14 29 14
14 30 8
14 32 1
14 33 8
14 35 11
14 39 13
14 41 3
14 45 5
14 46 4
14 47 12
14 50 3
14 52 7
14 56 4
14 58 16
14 60 15
14 61 17
14 62 7
14 64 13
14 65 6
14 66 10
14 67 10
14 69 8
14 71 20
14 72 16
14 77 15
14 79 9
14 80 5
14 86 6
14 87 10
14 88 3
14 89 9
14 90 12
14 91 10
14 95 1
14 105 8
14 106 20
14 110 5
14 112 17
14 114 8
14 115 11
14 118 19
14 124 20
14 125 8
14 126 13
14 127 20
14 130 2
14 133 5
14 134 16
14 137 4
14 139 4
14 141 9
14 145 16
14 146 13
14 148 9
14 150 8
14 151 1
14 153 7
14 155 19
14 157 20
14 161 2
14 162 9
14 165 13
14 171 5
14 177 11
14 182 1
14 185 20
14 191 20
14 196 6
14 199 9
14 200 2
15 17 10
15 19 6
15 20 2
15 21 9
15 28 17
15 29 2
15 32 19
15 33 18
15 36 18
15 37 18
15 39 18
15 45 19
15 50 4
15 51 3
15 52 17
15 54 3
15 58 3
15 61 18
15 62 16
15 64 1
15 67 13
15 71 4
15 73 17
15 82 12
15 83 15
15 84 12
15 86 4
15 92 4
15 95 18
15 96 8
15 98 11
15 99 1
15 100 16
15 102 4
15 109 13
15 113 12
15 115 3
15 118 10
15 122 8
15 126 19
15 129 5
15 130 12
15 131 15
15 137 3
15 143 17
15 145 20
15 150 9
15 152 2
15 157 11
15 160 16
15 165 18
15 166 8
15 177 6
15 179 15
15 180 7
15 183 9
15 188 6
15 189 7
15 193 19
15 195 4
16 17 11
16 20 2
16 21 7
16 23 8
16 25 16
16 35 18
16 36 12
16 37 19
16 39 18
16 40 20
16 42 2
16 48 4
16 51 12
16 54 13
16 57 3
16 58 13
16 59 6
16 60 8
16 62 15
16 64 19
16 70 13
16 72 12
16 73 2
16 74 17
16 76 8
16 78 13
16 79 6
16 80 8
16 81 17
16 89 5
16 90 20
16 91 13
16 92 10
16 93 8
16 95 3
16 96 17
16 98 15
16 100 18
16 101 19
16 102 1
16 103 13
16 105 2
16 106 6
16 108 14
16 109 1
16 111 2
16 112 6
16 113 14
16 114 8
16 116 5
16 117 15
16 122 12
16 124 3
16 125 18
16 127 18
16 135 9
16 136 12
16 137 14
16 138 13
16 139 4
16 142 17
16 143 11
16 144 13
16 146 11
16 154 6
16 156 8
16 157 9
16 158 17
16 159 19
16 168 20
16 170 3
16 171 14
16 174 20
16 175 10
16 176 19
16 177 6
16 178 16
16 179 4
16 180 1
16 185 15
16 189 13
16 191 10
16 192 15
16 193 11
16 194 1
16 196 3
16 197 3
16 198 2
16 200 3
17 25 4
17 30 11
17 37 18
17 38 5
17 42 13
17 44 13
17 46 3
17 47 8
17 48 3
17 49 9
17 51 16
17 52 2
17 58 5
17 61 1
17 64 1
17 65 11
17 66 10
17 72 13
17 75 12
17 77 1
17 79 19
17 80 17
17 82 17
17 84 16
17 88 6
17 89 11
17 95 15
17 96 13
17 98 16
17 99 15
17 100 19
17 103 16
17 105 18
17 108 14
17 110 4
17 111 20
17 112 13
17 114 16
17 115 6
17 116 18
17 117 4
17 118 1
17 120 14
17 124 2
17 127 19
17 129 19
17 130 7
17 135 5
17 137 13
17 141 11
17 144 12
17 145 13
17 146 3
17 148 2
17 154 4
17 156 5
17 157 4
17 158 2
17 160 12
17 161 12
17 169 2
17 170 3
17 172 3
17 173 4
17 176 6
17 177 14
17 181 9
17 190 4
17 191 10
17 192 19
17 194 17
17 196 18
17 198 8
17 200 12
18 19 12
18 24 8
18 26 20
18 27 10
18 28 5
18 29 11
18 33 20
18 38 17
18 39 12
18 42 12
18 44 20
18 47 9
18 53 1
18 55 13
18 56 14
18 59 5
18 60 11
18 67 3
18 68 20
18 70 6
18 77 14
18 80 13
18 84 20
18 86 13
18 90 17
18 93 4
18 94 13
18 106 15
18 107 13
18 109 16
18 111 19
18 114 16
18 118 15
18 121 5
18 122 20
18 126 8
18 127 20
18 128 2
18 130 20
18 132 10
18 133 6
18 135 4
18 138 20
18 139 1
18 141 18
18 142 15
18 143 13
18 144 7
18 148 20
18 149 12
18 156 2
18 159 6
18 160 12
18 161 4
18 164 6
18 165 14
18 171 16
18 172 12
18 175 2
18 176 13
18 179 6
18 181 12
18 182 7
18 190 9
18 192 18
18 195 10
18 199 5
19 27 18
19 28 11
19 29 10
19 30 9
19 31 4
19 33 8
19 34 17
19 35 12
19 40 12
19 43 4
19 45 19
19 46 4
19 49 1
19 51 13
19 53 16
19 54 12
19 55 20
19 65 11
19 67 17
19 68 3
19 71 8
19 73 8
19 74 14
19 80 2
19 82 18
19 83 3
19 85 4
19 96 12
19 97 3
19 99 9
19 107 6
19 111 19
19 112 4
19 114 10
19 116 7
19 117 17
19 120 16
19 126 7
19 128 20
19 132 3
19 133 4
19 134 11
19 137 8
19 139 1
19 141 4
19 142 6
19 145 4
19 146 3
19 148 11
19 150 11
19 155 6
19 158 9
19 162 8
19 166 17
19 167 10
19 168 7
19 169 5
19 170 4
19 174 1
19 175 12
19 176 5
19 178 19
19 189 13
19 190 1
19 192 11
19 196 17
19 197 1
19 198 14
19 200 5
20 25 2
20 26 2
20 28 8
20 29 2
20 31 19
20 33 7
20 34 7
20 38 11
20 42 12
20 43 6
20 44 10
20 45 4
20 46 10
20 52 5
20 53 16
20 54 8
20 61 17
20 63 4
20 66 16
20 67 20
20 70 10
20 77 19
20 84 14
20 85 7
20 88 10
20 89 10
20 91 20
20 93 10
20 94 2
20 95 15
20 97 18
20 99 5
20 104 18
20 105 1
20 106 3
20 108 13
20 115 5
20 126 11
20 127 20
20 129 7
20 131 6
20 136 15
20 143 10
20 146 1
20 148 19
20 149 10
20 150 9
20 151 4
20 152 12
20 157 16
20 162 10
20 163 7
20 166 7
20 168 19
20 169 7
20 170 16
20 171 5
20 172 19
20 174 19
20 176 2
20 178 17
20 180 14
20 181 6
20 182 12
20 183 3
20 184 11
20 191 3
20 192 11
20 199 13
20 200 11
21 25 2
21 27 8
21 29 13
21 31 9
21 32 3
21 36 1
21 37 8
21 38 13
21 42 18
21 43 20
21 46 7
21 47 5
21 49 6
21 51 14
21 60 8
21 64 5
21 67 7
21 71 15
21 73 13
21 77 3
21 78 12
21 81 18
21 84 8
21 85 3
21 86 1
21 87 10
21 88 12
21 90 2
21 92 17
21 100 3
21 101 2
21 102 11
21 107 7
21 108 2
21 109 8
21 110 11
21 111 2
21 112 20
21 118 18
21 121 6
21 125 18
21 126 7
21 127 15
21 128 19
21 130 16
21 134 12
21 135 19
21 136 20
21 142 4
21 144 17
21 145 4
21 147 19
21 148 13
21 150 13
21 159 18
21 162 16
21 164 7
21 167 8
21 174 16
21 178 9
21 179 20
21 180 18
21 181 18
21 184 7
21 185 17
21 186 2
21 188 14
21 190 19
21 193 18
21 194 13
21 195 13
21 196 7
21 198 12
22 25 19
22 28 17
22 31 15
22 38 15
22 39 4
22 40 18
22 41 6
22 42 4
22 43 11
22 45 11
22 47 6
22 49 1
22 50 10
22 59 11
22 61 4
22 62 4
22 63 6
22 64 10
22 65 13
22 66 13
22 67 7
22 72 9
22 76 15
22 80 6
22 84 5
22 86 2
22 87 20
22 92 2
22 93 16
22 95 7
22 98 10
22 102 14
22 104 11
22 106 7
22 108 11
22 109 18
22 111 11
22 112 4
22 115 8
22 118 10
22 121 17
22 123 12
22 124 10
22 125 12
22 132 16
22 133 7
22 134 1
22 136 9
22 138 6
22 139 17
22 142 10
22 148 3
22 149 10
22 157 6
22 158 4
22 159 16
22 163 9
22 164 5
22 166 18
22 169 14
22 170 18
22 175 14
22 178 15
22 185 6
22 187 1
22 188 19
22 192 9
22 193 11
22 199 6
23 24 7
23 27 1
23 29 2
23 30 3
23 32 15
23 38 17
23 39 6
23 44 17
23 47 14
23 48 14
23 51 19
23 54 1
23 59 19
23 60 8
23 62 3
23 63 18
23 65 10
23 66 18
23 67 6
23 72 6
23 78 2
23 86 15
23 87 16
23 89 7
23 91 5
23 92 18
23 93 18
23 94 9
23 100 10
23 101 7
23 105 20
23 107 20
23 110 19
23 112 4
23 117 16
23 118 2
23 123 6
23 127 4
23 128 11
23 130 13
23 132 7
23 134 5
23 135 9
23 137 19
23 138 1
23 142 16
23 145 14
23 147 9
23 150 13
23 156 8
23 157 9
23 159 10
23 160 10
23 161 12
23 171 5
23 172 3
23 173 9
23 174 3
23 177 15
23 179 3
23 183 14
23 184 3
23 186 9
23 188 19
23 190 12
23 194 3
23 195 19
23 197 13
24 25 20
24 27 12
24 28 7
24 29 16
24 31 14
24 35 19
24 38 15
24 41 16
24 42 13
24 43 6
24 44 20
24 45 9
24 46 2
24 51 2
24 56 15
24 57 3
24 62 19
24 64 16
24 66 12
24 69 18
24 70 6
24 72 4
24 73 1
24 77 18
24 78 20
24 79 2
24 80 20
24 85 1
24 86 20
24 89 10
24 90 18
24 92 2
24 97 2
24 101 7
24 104 16
24 107 1
24 109 1
24 111 11
24 114 14
24 115 8
24 117 11
24 121 15
24 123 14
24 124 15
24 125 3
24 128 13
24 130 13
24 132 18
24 135 17
24 136 11
24 138 15
24 140 7
24 143 17
24 146 9
24 150 19
24 153 14
24 156 11
24 158 5
24 171 5
24 173 17
24 174 12
24 180 10
24 186 16
24 187 20
24 190 11
24 191 15
24 192 13
24 194 7
24 195 8
24 198 17
24 200 8
25 28 19
25 31 2
25 37 14
25 39 3
25 40 17
25 41 17
25 42 16
25 43 10
25 46 6
25 47 5
25 50 3
25 51 17
25 52 5
25 53 2
25 54 15
25 55 14
25 56 7
25 58 8
25 59 1
25 62 1
25 64 12
25 65 10
25 66 5
25 67 10
25 72 10
25 75 20
25 79 19
25 80 19
25 82 10
25 83 10
25 84 9
25 85 19
25 92 16
25 93 10
25 95 9
25 96 15
25 100 18
25 102 11
25 103 1
25 107 5
25 111 19
25 114 16
25 115 9
25 119 20
25 120 9
25 122 6
25 124 14
25 126 10
25 135 16
25 140 12
25 142 5
25 143 1
25 146 14
25 147 7
25 148 20
25 151 4
25 154 16
25 155 7
25 157 13
25 158 12
25 161 11
25 166 14
25 167 2
25 168 10
25 169 9
25 170 13
25 171 10
25 172 18
25 174 5
25 177 13
25 180 13
25 181 16
25 183 1
25 185 6
25 188 16
25 195 2
25 197 19
25 200 8
26 27 19
26 28 7
26 31 6
26 32 4
26 33 11
26 37 6
26 39 9
26 40 18
26 41 17
26 42 16
26 43 3
26 52 3
26 54 3
26 56 9
26 58 17
26 61 14
26 62 20
26 63 17
26 65 8
26 66 7
26 69 20
26 71 4
26 72 18
26 74 18
26 77 13
26 78 13
26 82 19
26 84 4
26 85 4
26 86 15
26 89 7
26 96 7
26 97 18
26 100 14
26 103 12
26 107 18
26 112 5
26 115 5
26 120 19
26 122 17
26 123 6
26 124 5
26 127 18
26 131 17
26 135 10
26 137 18
26 138 11
26 142 7
26 143 20
26 150 10
26 154 19
26 155 10
26 158 6
26 159 2
26 163 12
26 164 13
26 165 9
26 167 8
26 168 15
26 169 2
26 170 2
26 173 15
26 174 15
26 175 6
26 182 8
26 184 20
26 186 11
26 190 12
26 191 17
26 192 5
26 198 3
26 199 7
27 28 1
27 29 14
27 32 18
27 34 7
27 36 13
27 38 9
27 39 12
27 40 10
27 42 8
27 44 9
27 45 12
27 47 2
27 48 1
27 49 4
27 50 11
27 51 16
27 55 17
27 58 7
27 59 7
27 60 1
27 63 10
27 65 18
27 66 9
27 68 20
27 69 19
27 70 3
27 71 10
27 74 20
27 77 19
27 82 12
27 84 20
27 86 8
27 90 3
27 91 4
27 92 3
27 93 10
27 94 18
27 99 5
27 102 6
27 104 7
27 108 4
27 110 2
27 118 6
27 119 20
27 120 6
27 121 3
27 122 12
27 123 8
27 124 8
27 126 4
27 129 15
27 131 9
27 132 6
27 138 4
27 139 3
27 143 15
27 146 18
27 148 19
27 152 10
27 154 2
27 155 13
27 157 3
27 163 17
27 172 4
27 177 20
27 178 1
27 179 4
27 182 6
27 183 17
27 184 10
27 186 17
27 187 6
27 189 7
27 191 16
27 192 7
27 194 10
27 196 11
27 200 11
28 29 15
28 30 19
28 31 7
28 33 5
28 38 14
28 40 12
28 42 1
28 44 4
28 46 12
28 49 18
28 50 19
28 52 5
28 54 11
28 55 19
28 56 9
28 63 13
28 64 18
28 65 9
28 66 8
28 67 9
28 72 12
28 74 18
28 75 11
28 76 11
28 77 3
28 78 15
28 80 14
28 81 6
28 82 5
28 87 15
28 90 14
28 96 17
28 97 19
28 99 18
28 102 6
28 105 13
28 109 19
28 111 18
28 113 12
28 114 10
28 115 11
28 119 8
28 121 10
28 122 11
28 123 19
28 124 18
28 126 11
28 127 12
28 128 15
28 129 20
28 135 17
28 144 1
28 146 13
28 149 9
28 153 13
28 159 12
28 160 1
28 164 11
28 165 4
28 169 7
28 172 1
28 176 16
28 177 3
28 185 11
28 190 6
28 191 16
28 195 8
28 196 19
28 200 11
29 34 1
29 35 3
29 36 10
29 39 10
29 40 13
29 44 16
29 47 6
29 49 19
29 50 20
29 53 1
29 57 12
29 63 3
29 65 1
29 70 16
29 72 18
29 73 13
29 74 15
29 77 10
29 79 19
29 81 6
29 93 7
29 95 19
29 96 12
29 102 10
29 103 8
29 104 19
29 108 3
29 112 20
29 113 7
29 116 13
29 117 15
29 118 19
29 121 1
29 122 15
29 126 1
29 131 4
29 137 5
29 139 17
29 142 14
29 149 1
29 153 13
29 154 11
29 156 7
29 158 17
29 160 6
29 164 10
29 167 8
29 168 18
29 169 13
29 170 2
29 178 8
29 181 18
29 183 8
29 184 5
29 185 7
29 187 8
29 189 6
29 190 1
29 192 5
29 194 2
29 196 9
29 198 5
29 200 12
30 31 12
30 34 14
30 39 19
30 40 9
30 41 5
30 42 15
30 46 20
30 47 18
30 49 17
30 50 17
30 51 13
30 53 11
30 55 2
30 56 18
30 58 6
30 59 6
30 63 12
30 66 7
30 73 10
30 75 2
30 77 2
30 82 10
30 89 14
30 91 1
30 93 1
30 95 13
30 99 7
30 100 17
30 102 20
30 103 17
30 104 11
30 108 15
30 109 9
30 111 3
30 114 6
30 116 19
30 118 9
30 122 1
30 123 9
30 125 9
30 126 15
30 131 10
30 133 18
30 134 9
30 140 10
30 142 13
30 144 17
30 146 4
30 147 9
30 150 2
30 152 11
30 154 17
30 155 15
30 156 10
30 159 7
30 164 2
30 165 1
30 166 17
30 171 12
30 173 4
30 174 4
30 175 15
30 178 4
30 181 12
30 182 19
30 183 20
30 199 7
30 200 1
31 37 9
31 41 3
31 42 12
31 46 5
31 47 16
31 50 9
31 51 20
31 54 5
31 55 3
31 59 13
31 63 13
31 64 6
31 66 6
31 69 4
31 70 17
31 76 2
31 77 5
31 83 14
31 86 17
31 89 10
31 92 11
31 94 13
31 95 4
31 97 11
31 101 1
31 102 18
31 104 8
31 107 1
31 109 13
31 110 13
31 113 7
31 114 10
31 116 15
31 117 17
31 118 6
31 119 11
31 121 9
31 122 9
31 124 10
31 125 18
31 130 16
31 131 10
31 132 6
31 135 10
31 137 11
31 140 14
31 142 19
31 149 5
31 150 9
31 151 6
31 155 1
31 157 14
31 159 16
31 162 18
31 163 4
31 169 5
31 172 11
31 173 18
31 181 15
31 183 17
31 184 10
31 185 6
31 190 13
31 191 6
31 192 18
31 193 11
31 196 17
31 197 19
31 200 18
32 33 2
32 35 4
32 38 14
32 39 2
32 42 20
32 47 6
32 51 3
32 52 2
32 54 16
32 55 7
32 56 13
32 60 17
32 61 20
32 64 5
32 65 10
32 66 3
32 67 5
32 71 15
32 72 18
32 74 1
32 75 17
32 76 11
32 77 4
32 78 5
32 81 19
32 82 16
32 83 20
32 84 17
32 90 15
32 91 11
32 92 9
32 93 3
32 95 16
32 97 6
32 101 13
32 102 12
32 104 2
32 107 18
32 109 7
32 110 16
32 112 7
32 113 3
32 116 1
32 119 4
32 124 16
32 125 6
32 127 7
32 128 8
32 130 4
32 132 2
32 134 10
32 137 2
32 139 3
32 140 8
32 141 12
32 145 19
32 151 5
32 153 9
32 155 12
32 156 17
32 158 3
32 162 13
32 163 15
32 166 11
32 169 4
32 171 17
32 174 3
32 175 9
32 177 2
32 178 12
32 180 11
32 186 13
32 187 19
32 194 3
32 198 1
32 200 14
33 35 7
33 36 12
33 37 19
33 38 20
33 40 7
33 42 18
33 45 9
33 47 8
33 48 2
33 49 20
33 50 13
33 51 3
33 52 9
33 53 12
33 55 18
33 58 19
33 63 13
33 64 19
33 65 18
33 66 19
33 71 16
33 72 12
33 76 5
33 77 13
33 80 3
33 83 7
33 84 4
33 87 12
33 89 6
33 92 9
33 95 10
33 97 19
33 105 10
33 106 17
33 110 7
33 112 6
33 113 9
33 115 5
33 119 1
33 121 3
33 126 18
33 131 3
33 133 17
33 136 16
33 141 1
33 144 20
33 145 10
33 146 3
33 149 8
33 150 1
33 152 13
33 153 2
33 155 4
33 165 20
33 168 20
33 169 6
33 181 11
33 183 13
33 186 7
33 188 10
33 191 5
33 192 8
33 193 4
34 36 3
34 41 17
34 43 14
34 44 7
34 47 5
34 48 14
34 49 6
34 53 16
34 58 1
34 60 16
34 61 17
34 62 15
34 67 5
34 69 9
34 71 18
34 72 3
34 74 7
34 76 15
34 78 18
34 79 4
34 80 17
34 81 9
34 82 14
34 83 19
34 84 16
34 88 20
34 89 13
34 90 19
34 91 2
34 95 9
34 96 6
34 98 15
34 99 18
34 100 5
34 102 19
34 103 16
34 105 4
34 109 20
34 111 8
34 114 6
34 118 2
34 119 5
34 128 17
34 129 1
34 133 5
34 134 6
34 137 16
34 139 8
34 147 5
34 148 6
34 149 16
34 152 15
34 153 19
34 157 13
34 158 13
34 159 6
34 160 12
34 163 19
34 166 19
34 168 4
34 170 18
34 172 9
34 173 10
34 178 12
34 179 12
34 180 11
34 183 13
34 185 11
34 186 19
34 188 13
34 194 14
34 197 17
34 200 19
35 37 15
35 40 14
35 42 1
35 43 7
35 47 16
35 55 20
35 57 18
35 58 2
35 64 6
35 65 15
35 66 16
35 67 7
35 68 8
35 69 5
35 71 13
35 74 12
35 77 6
35 78 15
35 79 19
35 82 6
35 83 6
35 86 5
35 90 7
35 97 4
35 98 11
35 101 1
35 103 17
35 105 10
35 108 16
35 112 9
35 113 7
35 114 12
35 118 8
35 120 10
35 122 19
35 126 8
35 129 15
35 130 9
35 132 19
35 134 3
35 137 17
35 139 17
35 140 19
35 142 18
35 143 13
35 145 18
35 148 17
35 149 14
35 151 3
35 156 14
35 158 5
35 159 2
35 160 9
35 161 6
35 162 2
35 165 2
35 166 9
35 174 16
35 175 18
35 176 3
35 177 7
35 179 20
35 181 19
35 182 17
35 183 5
35 185 4
35 188 16
35 189 13
35 192 18
35 195 13
35 200 19
36 41 3
36 45 13
36 51 7
36 53 14
36 54 6
36 57 2
36 60 16
36 61 17
36 63 11
36 64 10
36 65 15
36 66 20
36 67 3
36 68 14
36 71 3
36 72 6
36 73 12
36 74 6
36 75 13
36 77 18
36 78 8
36 80 6
36 81 10
36 84 13
36 86 8
36 89 12
36 91 13
36 93 9
36 94 20
36 96 18
36 98 17
36 102 6
36 103 7
36 106 1
36 110 12
36 113 4
36 116 11
36 125 14
36 130 20
36 135 11
36 136 20
36 137 5
36 140 17
36 144 6
36 149 18
36 150 17
36 152 19
36 154 5
36 155 18
36 156 11
36 160 7
36 163 4
36 168 2
36 170 16
36 178 2
36 179 6
36 185 4
36 186 14
36 187 9
36 188 3
36 189 16
36 193 16
36 198 10
36 199 2
37 38 4
37 39 11
37 40 15
37 51 6
37 54 11
37 55 8
37 56 14
37 57 8
37 58 6
37 60 5
37 62 8
37 64 7
37 66 8
37 70 11
37 71 9
37 73 4
37 75 13
37 76 20
37 77 6
37 81 12
37 82 6
37 84 16
37 87 14
37 93 19
37 94 18
37 95 3
37 96 12
37 101 14
37 103 5
37 105 10
37 106 11
37 110 12
37 113 16
37 116 7
37 117 3
37 119 1
37 120 14
37 124 10
37 126 14
37 127 7
37 129 9
37 136 12
37 137 14
37 140 6
37 144 16
37 146 18
37 148 7
37 150 13
37 152 4
37 156 15
37 161 12
37 164 10
37 168 4
37 170 17
37 174 17
37 178 7
37 179 13
37 182 4
37 183 12
37 185 13
37 186 9
37 191 14
37 192 14
37 196 6
37 197 11
38 40 16
38 41 7
38 43 9
38 45 1
38 48 6
38 49 18
38 50 6
38 54 5
38 55 9
38 58 14
38 62 17
38 63 14
38 65 17
38 66 10
38 69 19
38 71 12
38 72 14
38 73 2
38 74 17
38 76 2
38 77 8
38 79 17
38 86 11
38 87 13
38 94 6
38 96 6
38 97 12
38 98 18
38 99 19
38 102 7
38 105 4
38 108 1
38 111 15
38 113 9
38 116 18
38 119 11
38 120 18
38 121 4
38 122 1
38 126 6
38 127 3
38 132 10
38 133 11
38 136 1
38 137 20
38 138 7
38 139 8
38 140 1
38 142 12
38 143 6
38 144 1
38 149 16
38 151 5
38 152 13
38 154 16
38 163 17
38 168 9
38 171 7
38 174 1
38 175 14
38 176 6
38 177 14
38 186 1
38 187 20
38 188 12
38 190 12
38 194 1
38 198 9
39 43 18
39 46 18
39 47 8
39 48 7
39 51 8
39 52 6
39 53 14
39 57 19
39 58 17
39 60 9
39 61 19
39 66 20
39 72 11
39 73 13
39 76 10
39 79 3
39 83 2
39 84 1
39 85 14
39 86 2
39 90 9
39 98 17
39 99 13
39 102 9
39 103 7
39 105 8
39 106 15
39 111 5
39 112 17
39 114 17
39 117 2
39 119 4
39 120 3
39 121 6
39 124 1
39 129 14
39 135 13
39 137 19
39 138 8
39 139 4
39 140 16
39 145 11
39 149 10
39 150 19
39 151 2
39 155 7
39 156 6
39 161 2
39 163 4
39 167 2
39 168 20
39 171 1
39 172 3
39 175 18
39 178 16
39 179 17
39 182 10
39 183 3
39 184 4
39 185 19
39 187 8
39 188 16
39 189 5
39 190 6
39 191 19
39 192 10
39 196 12
39 199 8
39 200 7
40 43 18
40 44 14
40 50 3
40 51 2
40 52 13
40 55 18
40 60 11
40 62 19
40 64 10
40 66 20
40 67 8
40 68 3
40 69 6
40 74 16
40 76 17
40 79 13
40 82 11
40 85 7
40 86 13
40 89 11
40 91 13
40 92 4
40 93 8
40 95 14
40 97 4
40 98 12
40 104 15
40 105 11
40 106 11
40 110 15
40 111 20
40 112 17
40 113 16
40 114 15
40 116 13
40 119 8
40 120 8
40 122 18
40 123 15
40 124 9
40 125 12
40 127 20
40 128 8
40 129 19
40 130 16
40 132 5
40 134 6
40 135 1
40 136 15
40 138 17
40 139 12
40 140 11
40 144 3
40 145 5
40 147 12
40 152 14
40 153 12
40 154 14
40 155 1
40 157 18
40 158 8
40 161 18
40 163 20
40 167 11
40 178 13
40 179 7
40 183 7
40 189 3
40 193 11
40 195 3
40 199 2
41 44 18
41 46 18
41 47 5
41 49 20
41 50 20
41 52 9
41 54 14
41 59 2
41 60 1
41 62 16
41 64 14
41 69 14
41 72 15
41 74 8
41 75 11
41 79 3
41 82 17
41 83 10
41 84 12
41 85 12
41 88 11
41 89 14
41 92 17
41 94 14
41 95 5
41 97 12
41 98 10
41 99 3
41 101 9
41 105 6
41 107 6
41 108 18
41 112 14
41 113 13
41 119 2
41 120 7
41 122 5
41 123 14
41 126 9
41 127 10
41 128 12
41 129 7
41 130 13
41 133 6
41 134 11
41 140 2
41 146 1
41 149 16
41 151 11
41 152 4
41 157 14
41 160 7
41 162 14
41 167 12
41 168 5
41 170 3
41 172 15
41 175 3
41 185 7
41 186 1
41 192 8
41 196 4
41 200 6
42 44 2
42 47 16
42 50 2
42 51 12
42 56 19
42 57 12
42 62 9
42 63 14
42 66 18
42 68 14
42 69 13
42 74 10
42 76 11
42 78 5
42 79 1
42 80 8
42 81 14
42 87 2
42 89 10
42 92 20
42 96 16
42 100 13
42 103 6
42 109 11
42 112 5
42 117 8
42 118 3
42 119 6
42 120 17
42 123 4
42 125 11
42 126 17
42 128 17
42 131 7
42 134 17
42 136 5
42 138 17
42 139 12
42 142 6
42 145 15
42 146 16
42 150 4
42 153 12
42 154 3
42 159 6
42 162 6
42 164 7
42 166 7
42 167 10
42 168 6
42 171 16
42 174 14
42 180 11
42 187 17
42 189 9
42 190 16
42 191 6
42 198 20
42 199 1
43 47 11
43 48 17
43 49 6
43 50 17
43 56 1
43 57 20
43 61 9
43 71 19
43 72 11
43 74 14
43 79 16
43 80 11
43 81 12
43 88 3
43 90 16
43 102 3
43 104 5
43 108 5
43 112 2
43 115 17
43 116 19
43 118 5
43 120 18
43 121 13
43 122 11
43 126 5
43 128 3
43 130 2
43 134 17
43 135 15
43 137 18
43 138 18
43 141 1
43 142 10
43 144 10
43 147 16
43 149 16
43 151 10
43 152 8
43 153 10
43 154 5
43 156 1
43 157 14
43 158 6
43 160 5
43 164 9
43 166 16
43 168 6
43 169 2
43 170 4
43 176 15
43 181 6
43 183 8
43 184 16
43 189 19
43 190 5
43 195 9
43 196 8
43 199 20
44 45 12
44 47 17
44 52 3
44 58 2
44 60 10
44 62 11
44 63 4
44 67 4
44 73 2
44 77 5
44 80 14
44 83 9
44 87 19
44 89 14
44 90 12
44 94 12
44 95 10
44 96 5
44 97 17
44 98 14
44 99 18
44 101 8
44 103 10
44 104 18
44 109 4
44 111 10
44 116 8
44 120 13
44 121 5
44 122 9
44 124 20
44 127 20
44 128 12
44 129 17
44 131 4
44 132 15
44 134 16
44 138 17
44 139 8
44 140 20
44 142 5
44 145 11
44 147 17
44 148 1
44 150 9
44 154 1
44 155 3
44 157 15
44 159 17
44 166 1
44 171 1
44 173 6
44 174 1
44 175 15
44 177 2
44 180 6
44 182 20
44 185 6
44 187 14
44 189 14
44 192 18
44 197 3
44 198 12
44 200 20
45 49 12
45 52 15
45 57 3
45 59 11
45 64 14
45 65 13
45 67 16
45 74 16
45 79 6
45 82 16
45 83 17
45 84 16
45 85 13
45 87 8
45 88 20
45 90 18
45 91 3
45 92 11
45 93 4
45 99 5
45 105 18
45 107 20
45 109 13
45 113 20
45 116 14
45 120 8
45 121 4
45 126 14
45 127 8
45 128 15
45 129 5
45 130 11
45 133 5
45 135 18
45 136 16
45 137 4
45 142 13
45 145 11
45 146 19
45 147 18
45 148 6
45 151 18
45 153 20
45 154 2
45 159 15
45 161 1
45 162 15
45 163 12
45 164 11
45 165 14
45 168 9
45 173 7
45 174 17
45 175 20
45 176 4
45 178 18
45 182 15
45 185 10
45 186 16
45 187 18
45 188 16
45 189 4
45 191 5
45 192 2
45 194 1
46 48 3
46 49 17
46 52 1
46 56 19
46 57 3
46 60 3
46 65 19
46 67 12
46 69 6
46 70 1
46 71 8
46 72 13
46 76 3
46 79 14
46 84 5
46 86 9
46 91 1
46 94 13
46 96 1
46 97 12
46 102 9
46 103 3
46 104 1
46 111 11
46 114 3
46 117 18
46 120 14
46 128 10
46 129 20
46 130 17
46 135 17
46 136 15
46 140 15
46 141 17
46 143 7
46 148 11
46 150 5
46 151 1
46 156 11
46 157 6
46 158 1
46 159 5
46 165 2
46 167 5
46 175 13
46 177 18
46 180 1
46 181 11
46 183 6
46 184 6
46 186 2
46 187 2
46 188 8
46 189 5
46 190 18
46 191 1
46 192 1
46 195 7
47 48 15
47 49 6
47 51 1
47 53 1
47 55 10
47 57 7
47 58 3
47 61 16
47 62 18
47 69 20
47 72 6
47 73 17
47 79 6
47 80 1
47 81 17
47 83 20
47 87 20
47 89 19
47 92 16
47 93 17
47 96 11
47 98 5
47 101 5
47 103 20
47 114 13
47 117 11
47 126 9
47 132 13
47 137 8
47 143 5
47 144 9
47 154 7
47 155 20
47 156 13
47 157 18
47 160 10
47 161 4
47 162 19
47 165 14
47 168 13
47 171 6
47 173 2
47 174 2
47 177 12
47 179 17
47 181 8
47 183 20
47 188 16
47 191 1
47 192 19
47 193 10
47 195 5
47 200 17
48 49 7
48 51 16
48 52 5
48 56 4
48 58 17
48 59 18
48 60 12
48 61 9
48 62 9
48 64 3
48 66 16
48 67 18
48 68 16
48 69 2
48 72 4
48 73 11
48 75 4
48 77 14
48 82 19
48 84 19
48 87 6
48 90 2
48 93 8
48 94 20
48 96 19
48 98 1
48 99 2
48 101 6
48 106 4
48 108 16
48 109 11
48 110 5
48 112 10
48 114 1
48 116 5
48 120 6
48 121 1
48 122 17
48 123 9
48 124 14
48 125 18
48 127 18
48 129 7
48 131 5
48 132 11
48 133 20
48 134 6
48 136 16
48 141 3
48 144 9
48 146 12
48 149 2
48 152 8
48 153 16
48 156 7
48 158 11
48 159 14
48 160 19
48 161 20
48 165 8
48 166 11
48 168 13
48 170 10
48 171 6
48 174 1
48 176 11
48 177 2
48 178 19
48 180 16
48 183 11
48 184 5
48 185 17
48 188 3
48 189 14
48 190 16
48 191 16
48 193 17
48 198 2
48 199 12
48 200 20
49 52 13
49 54 13
49 59 20
49 60 9
49 67 10
49 68 3
49 69 18
49 72 13
49 76 1
49 78 12
49 82 9
49 89 12
49 90 6
49 91 7
49 99 8
49 101 12
49 109 2
49 119 8
49 121 5
49 125 9
49 128 17
49 129 14
49 131 14
49 134 3
49 136 5
49 138 11
49 141 9
49 144 4
49 151 3
49 152 13
49 153 16
49 156 20
49 157 19
49 160 6
49 164 18
49 167 13
49 169 3
49 170 15
49 171 20
49 173 20
49 175 7
49 177 2
49 178 13
49 192 18
49 195 7
49 197 6
49 199 15
50 56 3
50 60 6
50 61 13
50 62 11
50 70 13
50 74 20
50 75 19
50 76 14
50 77 10
50 82 16
50 83 5
50 84 5
50 88 4
50 89 10
50 95 20
50 96 6
50 97 7
50 98 2
50 99 11
50 100 3
50 103 4
50 104 16
50 107 19
50 110 5
50 112 20
50 115 2
50 118 9
50 125 6
50 126 18
50 130 18
50 131 7
50 135 8
50 140 3
50 153 3
50 154 1
50 158 8
50 162 20
50 166 12
50 170 8
50 171 15
50 172 5
50 173 13
50 177 1
50 178 9
50 179 2
50 182 6
50 183 11
50 186 6
50 188 1
50 190 12
50 193 4
50 194 12
50 198 3
51 52 4
51 53 17
51 58 17
51 60 2
51 64 18
51 66 19
51 69 7
51 70 19
51 76 17
51 77 17
51 79 6
51 85 15
51 89 15
51 90 19
51 92 16
51 101 6
51 104 10
51 107 18
51 110 16
51 111 15
51 112 12
51 114 16
51 115 5
51 118 12
51 119 5
51 120 4
51 121 10
51 122 9
51 126 5
51 128 5
51 130 11
51 133 5
51 135 4
51 136 8
51 140 3
51 141 16
51 142 15
51 148 2
51 151 4
51 158 2
51 160 11
51 161 7
51 163 18
51 164 4
51 165 15
51 167 3
51 171 12
51 172 3
51 175 12
51 177 20
51 179 8
51 182 10
51 184 4
51 190 8
51 191 17
51 194 18
51 195 8
51 197 17
52 58 19
52 60 1
52 61 12
52 63 1
52 64 13
52 65 7
52 66 14
52 67 19
52 68 7
52 70 2
52 74 11
52 79 13
52 81 8
52 83 5
52 85 2
52 88 14
52 94 15
52 98 5
52 99 1
52 107 20
52 112 15
52 115 3
52 119 12
52 122 8
52 123 2
52 124 15
52 127 14
52 129 1
52 131 7
52 132 18
52 135 5
52 142 12
52 145 7
52 148 11
52 149 3
52 150 20
52 152 14
52 164 12
52 166 7
52 167 12
52 168 2
52 171 14
52 172 4
52 173 18
52 176 6
52 177 16
52 178 4
52 180 3
52 184 20
52 187 6
52 188 9
52 189 9
52 191 5
52 200 13
53 58 15
53 59 18
53 60 8
53 61 5
53 64 8
53 65 7
53 69 13
53 70 10
53 74 2
53 78 14
53 83 15
53 84 12
53 86 5
53 91 18
53 92 16
53 94 20
53 95 19
53 97 19
53 98 8
53 99 11
53 101 11
53 102 8
53 105 17
53 111 4
53 114 8
53 120 13
53 123 19
53 124 17
53 125 16
53 127 19
53 131 14
53 135 11
53 137 1
53 138 20
53 140 2
53 141 15
53 142 7
53 143 2
53 145 17
53 147 5
53 150 6
53 151 4
53 152 9
53 153 6
53 158 16
53 160 12
53 161 18
53 163 1
53 166 19
53 168 6
53 169 9
53 172 17
53 173 4
53 176 12
53 185 19
53 188 13
53 194 3
53 195 1
54 55 4
54 61 11
54 62 4
54 64 17
54 69 4
54 70 10
54 72 18
54 74 2
54 77 17
54 83 6
54 84 11
54 86 9
54 87 12
54 91 2
54 93 6
54 94 15
54 96 16
54 99 11
54 105 19
54 108 20
54 110 19
54 111 9
54 113 16
54 128 20
54 129 9
54 132 6
54 133 13
54 135 18
54 136 1
54 138 20
54 141 8
54 142 1
54 143 1
54 148 1
54 154 13
54 155 12
54 159 18
54 161 8
54 162 7
54 165 18
54 167 9
54 170 8
54 172 19
54 174 11
54 176 10
54 177 20
54 178 17
54 179 6
54 184 8
54 188 15
54 190 1
54 192 1
55 57 6
55 58 17
55 64 12
55 68 3
55 70 5
55 71 19
55 74 9
55 78 3
55 82 12
55 85 10
55 88 16
55 90 15
55 91 16
55 93 14
55 94 9
55 95 9
55 98 14
55 100 17
55 102 19
55 103 13
55 104 13
55 108 5
55 110 9
55 111 20
55 113 16
55 118 19
55 120 9
55 124 3
55 126 6
55 131 7
55 133 10
55 134 20
55 135 12
55 137 18
55 138 19
55 140 9
55 142 15
55 149 13
55 151 13
55 153 9
55 156 15
55 158 10
55 159 6
55 160 13
55 161 4
55 162 10
55 163 2
55 164 12
55 165 14
55 166 19
55 168 4
55 170 9
55 172 13
55 175 13
55 179 18
55 180 3
55 182 2
55 183 11
55 184 7
55 185 18
55 192 6
55 193 13
55 195 16
55 197 11
55 198 19
55 200 20
56 59 17
56 60 15
56 61 6
56 65 8
56 67 12
56 68 3
56 69 10
56 73 18
56 74 20
56 75 20
56 78 18
56 84 11
56 85 6
56 86 16
56 88 2
56 90 8
56 91 8
56 92 2
56 95 8
56 97 15
56 100 8
56 106 17
56 108 3
56 110 9
56 112 6
56 113 12
56 117 8
56 119 5
56 120 7
56 122 7
56 133 10
56 137 3
56 140 17
56 146 17
56 147 13
56 149 10
56 150 4
56 151 2
56 152 4
56 153 8
56 157 10
56 160 11
56 162 13
56 164 2
56 165 11
56 167 15
56 168 9
56 169 5
56 171 4
56 176 4
56 179 16
56 181 11
56 183 11
56 184 2
56 193 11
56 196 16
56 197 10
56 199 12
56 200 4
57 60 16
57 64 9
57 67 10
57 69 18
57 71 4
57 74 9
57 80 12
57 82 1
57 83 19
57 85 3
57 87 13
57 88 16
57 89 16
57 91 11
57 93 8
57 94 12
57 96 3
57 99 20
57 100 13
57 107 14
57 108 6
57 111 6
57 113 9
57 116 14
57 121 10
57 122 11
57 124 8
57 130 9
57 132 2
57 133 11
57 135 6
57 144 15
57 148 10
57 149 7
57 155 20
57 156 20
57 157 11
57 162 14
57 167 18
57 171 19
57 173 16
57 175 12
57 178 5
57 180 2
57 182 19
57 183 17
57 184 6
57 186 1
57 187 16
57 191 13
57 193 3
57 196 4
57 199 9
57 200 6
58 59 8
58 60 1
58 64 12
58 66 13
58 68 4
58 70 17
58 72 18
58 76 16
58 78 12
58 81 4
58 84 3
58 89 5
58 91 14
58 95 12
58 96 10
58 100 15
58 101 20
58 102 8
58 103 9
58 107 8
58 109 6
58 110 20
58 115 20
58 117 3
58 119 7
58 122 19
58 125 16
58 126 3
58 129 11
58 136 11
58 137 17
58 138 3
58 141 18
58 142 19
58 143 1
58 145 20
58 147 3
58 149 12
58 155 17
58 157 5
58 159 12
58 164 1
58 166 4
58 167 17
58 168 12
58 169 3
58 170 2
58 171 13
58 172 16
58 174 9
58 175 14
58 176 10
58 178 12
58 180 13
58 183 1
58 189 1
58 193 12
58 194 18
59 62 17
59 63 5
59 66 16
59 67 5
59 68 15
59 70 4
59 71 11
59 73 8
59 79 4
59 80 10
59 83 2
59 84 1
59 86 7
59 88 18
59 89 2
59 91 4
59 92 6
59 94 2
59 95 1
59 98 5
59 101 17
59 103 10
59 108 17
59 109 16
59 111 12
59 112 18
59 116 13
59 117 16
59 119 8
59 126 14
59 127 20
59 128 12
59 130 5
59 134 13
59 136 13
59 138 3
59 144 15
59 146 4
59 148 7
59 149 13
59 154 18
59 155 1
59 158 5
59 161 12
59 162 4
59 163 16
59 164 5
59 165 16
59 168 9
59 171 9
59 173 17
59 174 4
59 176 9
59 177 4
59 182 6
59 185 4
59 187 6
59 195 15
59 199 8
59 200 4
60 62 3
60 65 9
60 66 1
60 69 8
60 73 12
60 75 1
60 77 13
60 79 10
60 81 6
60 85 9
60 87 7
60 88 1
60 91 18
60 98 5
60 101 2
60 108 12
60 109 13
60 113 19
60 114 5
60 117 1
60 118 4
60 119 2
60 120 9
60 121 4
60 122 10
60 125 3
60 127 14
60 128 4
60 129 1
60 130 16
60 134 9
60 135 6
60 137 19
60 138 6
60 139 9
60 140 14
60 141 16
60 144 17
60 147 19
60 148 20
60 150 7
60 152 4
60 157 15
60 158 7
60 159 16
60 165 3
60 168 5
60 171 8
60 175 7
60 177 20
60 183 19
60 185 19
60 188 20
60 190 14
60 197 16
60 198 17
61 66 1
61 67 19
61 69 16
61 71 6
61 73 18
61 74 18
61 81 12
61 85 2
61 88 5
61 91 8
61 93 7
61 95 6
61 103 10
61 106 9
61 107 15
61 109 7
61 110 15
61 113 2
61 115 19
61 116 5
61 123 7
61 125 7
61 128 18
61 129 15
61 130 17
61 131 10
61 133 4
61 137 18
61 140 16
61 142 12
61 145 5
61 151 18
61 154 14
61 155 12
61 156 2
61 161 19
61 167 2
61 168 6
61 171 6
61 172 19
61 178 16
61 179 4
61 183 13
61 185 6
61 186 15
61 187 9
61 189 13
61 190 18
61 191 3
61 192 9
61 193 9
61 195 19
61 200 18
62 67 1
62 71 6
62 72 10
62 77 19
62 79 15
62 81 16
62 82 20
62 86 10
62 87 10
62 91 3
62 92 6
62 98 3
62 101 12
62 104 18
62 109 6
62 110 10
62 112 18
62 115 5
62 119 10
62 122 9
62 125 8
62 127 16
62 130 6
62 135 18
62 141 17
62 142 16
62 146 19
62 156 11
62 161 18
62 164 14
62 167 11
62 169 2
62 171 9
62 173 7
62 174 2
62 176 4
62 181 11
62 182 9
62 185 8
62 188 12
62 191 7
62 194 11
63 67 3
63 68 18
63 69 17
63 71 3
63 76 8
63 77 12
63 80 17
63 81 5
63 82 1
63 83 17
63 84 11
63 86 17
63 89 17
63 90 20
63 95 12
63 96 16
63 101 14
63 110 18
63 111 20
63 114 19
63 115 9
63 117 1
63 121 20
63 127 3
63 128 18
63 129 9
63 131 12
63 134 10
63 137 14
63 140 5
63 141 16
63 146 3
63 148 6
63 149 5
63 150 9
63 151 17
63 152 10
63 154 16
63 156 15
63 157 20
63 161 19
63 163 12
63 164 4
63 165 11
63 169 3
63 174 8
63 175 4
63 176 9
63 180 13
63 189 11
63 192 3
63 193 12
63 199 17
63 200 7
64 66 12
64 68 17
64 70 11
64 73 2
64 74 11
64 75 8
64 76 1
64 77 20
64 78 1
64 80 15
64 87 9
64 89 6
64 91 16
64 92 7
64 95 4
64 96 6
64 99 15
64 101 7
64 104 15
64 105 13
64 107 19
64 111 9
64 113 10
64 114 16
64 116 3
64 117 6
64 118 15
64 122 8
64 123 11
64 124 17
64 129 11
64 132 17
64 133 2
64 135 7
64 138 2
64 140 9
64 142 12
64 146 1
64 148 1
64 150 7
64 152 18
64 153 2
64 154 16
64 155 14
64 166 15
64 168 17
64 171 7
64 172 12
64 173 16
64 176 4
64 186 5
64 189 8
64 192 5
64 193 17
64 195 10
64 196 17
64 199 7
65 67 8
65 69 1
65 70 20
65 73 17
65 76 5
65 77 18
65 78 19
65 82 14
65 83 1
65 89 1
65 90 6
65 94 17
65 95 7
65 101 18
65 103 17
65 104 7
65 110 1
65 112 8
65 117 18
65 120 16
65 121 2
65 123 19
65 124 9
65 125 20
65 128 6
65 133 10
65 134 11
65 136 2
65 141 6
65 142 2
65 143 1
65 145 9
65 146 3
65 147 1
65 150 1
65 151 6
65 154 19
65 158 3
65 160 4
65 161 20
65 165 4
65 167 12
65 169 16
65 170 8
65 171 19
65 174 20
65 175 11
65 179 3
65 182 20
65 186 16
65 188 11
65 191 9
65 197 1
65 200 8
66 68 3
66 71 20
66 72 11
66 74 13
66 78 9
66 79 19
66 80 4
66 82 9
66 83 4
66 86 6
66 88 5
66 91 15
66 93 11
66 99 15
66 102 2
66 105 1
66 107 16
66 108 7
66 113 7
66 115 2
66 119 13
66 121 14
66 123 17
66 128 13
66 132 17
66 136 5
66 137 7
66 138 20
66 139 13
66 141 16
66 145 16
66 146 18
66 148 13
66 150 2
66 151 8
66 152 8
66 154 4
66 157 2
66 158 10
66 159 20
66 161 19
66 164 17
66 167 10
66 170 14
66 171 6
66 173 18
66 174 11
66 175 7
66 180 1
66 183 4
66 186 20
66 187 17
66 193 8
66 194 19
66 197 17
66 199 12
66 200 8
67 72 20
67 74 6
67 75 18
67 76 1
67 77 8
67 80 13
67 82 10
67 83 17
67 87 1
67 90 18
67 91 2
67 95 14
67 97 6
67 98 13
67 100 10
67 108 16
67 111 18
67 114 1
67 115 16
67 120 4
67 121 5
67 123 12
67 124 19
67 127 18
67 128 20
67 129 11
67 133 16
67 134 13
67 135 3
67 136 17
67 137 16
67 140 8
67 141 2
67 142 2
67 143 6
67 147 3
67 153 9
67 154 1
67 156 6
67 159 11
67 160 17
67 164 2
67 165 18
67 166 8
67 167 11
67 168 6
67 169 4
67 172 8
67 176 4
67 177 9
67 178 2
67 179 13
67 180 3
67 181 11
67 185 2
67 187 12
67 190 16
67 191 10
67 196 15
68 71 8
68 72 3
68 73 5
68 75 18
68 77 18
68 79 20
68 80 15
68 84 6
68 89 13
68 90 11
68 98 15
68 100 9
68 103 14
68 104 17
68 107 20
68 114 10
68 116 16
68 117 19
68 121 4
68 126 12
68 130 3
68 131 16
68 132 14
68 133 20
68 136 10
68 144 4
68 145 18
68 150 13
68 151 18
68 152 8
68 154 2
68 155 5
68 156 15
68 157 13
68 158 9
68 159 1
68 162 9
68 163 8
68 164 18
68 167 8
68 169 7
68 170 14
68 171 14
68 172 6
68 177 17
68 180 11
68 183 9
68 185 5
68 186 14
68 190 4
68 191 6
68 195 6
68 196 10
68 197 4
68 198 1
68 199 1
69 70 19
69 72 7
69 74 16
69 75 18
69 78 5
69 79 19
69 86 11
69 87 6
69 88 12
69 89 4
69 90 19
69 93 13
69 94 17
69 96 8
69 98 11
69 102 5
69 104 7
69 107 3
69 110 19
69 111 13
69 118 19
69 119 7
69 120 14
69 121 17
69 122 17
69 123 6
69 125 6
69 127 3
69 133 12
69 136 1
69 137 17
69 138 8
69 139 10
69 145 18
69 146 19
69 148 3
69 156 7
69 161 4
69 167 18
69 173 5
69 176 16
69 177 8
69 179 12
69 180 8
69 181 8
69 183 17
69 186 8
69 191 4
69 193 19
69 196 3
69 199 18
69 200 16
70 71 4
70 73 16
70 83 1
70 84 1
70 88 13
70 92 11
70 93 9
70 95 1
70 101 13
70 102 18
70 104 7
70 107 12
70 108 16
70 109 8
70 110 20
70 111 10
70 115 16
70 121 20
70 125 20
70 126 20
70 129 10
70 130 20
70 133 17
70 134 20
70 135 14
70 145 15
70 148 14
70 151 2
70 155 14
70 156 14
70 161 2
70 162 15
70 165 2
70 171 9
70 173 6
70 175 16
70 182 12
70 183 12
70 186 8
70 190 2
70 192 11
70 193 16
70 197 9
70 198 19
70 199 7
71 76 13
71 78 8
71 80 20
71 81 19
71 83 17
71 84 12
71 85 1
71 86 17
71 90 5
71 93 20
71 94 17
71 97 4
71 104 5
71 106 9
71 107 16
71 110 17
71 112 15
71 114 20
71 115 1
71 117 7
71 124 12
71 129 18
71 131 11
71 133 19
71 134 2
71 136 5
71 138 19
71 139 2
71 141 20
71 144 1
71 146 15
71 147 8
71 149 7
71 152 16
71 154 3
71 156 19
71 160 6
71 161 7
71 169 18
71 173 13
71 174 13
71 177 18
71 179 17
71 184 18
71 185 13
71 188 7
71 189 2
71 191 1
71 195 5
71 198 13
72 74 2
72 78 17
72 79 10
72 84 4
72 87 6
72 89 17
72 90 5
72 95 20
72 96 3
72 101 9
72 108 17
72 109 10
72 112 20
72 114 11
72 119 10
72 120 19
72 126 4
72 127 16
72 128 4
72 130 18
72 131 19
72 132 15
72 134 5
72 138 13
72 144 16
72 145 7
72 146 15
72 147 13
72 149 5
72 157 14
72 162 19
72 163 15
72 165 20
72 167 2
72 168 15
72 170 15
72 173 19
72 174 4
72 178 8
72 185 2
72 187 15
72 188 15
72 191 17
72 193 18
72 195 6
72 199 16
72 200 10
73 74 8
73 76 7
73 81 4
73 84 10
73 87 20
73 90 19
73 94 7
73 105 12
73 107 2
73 111 15
73 112 6
73 114 18
73 119 7
73 120 7
73 122 10
73 127 6
73 132 5
73 134 6
73 140 9
73 142 13
73 148 1
73 149 2
73 150 19
73 151 2
73 152 19
73 153 18
73 159 15
73 168 5
73 171 12
73 174 9
73 177 4
73 178 2
73 179 13
73 180 2
73 181 6
73 182 6
73 184 3
73 186 5
73 188 9
73 192 5
73 195 11
73 200 7
74 79 7
74 87 7
74 88 16
74 89 13
74 91 7
74 92 20
74 93 7
74 95 11
74 96 19
74 97 15
74 100 18
74 102 5
74 104 13
74 108 12
74 109 13
74 110 14
74 113 18
74 116 5
74 118 16
74 119 18
74 120 11
74 123 9
74 125 4
74 126 15
74 129 15
74 130 4
74 138 13
74 139 12
74 143 12
74 150 5
74 152 20
74 153 15
74 159 1
74 161 10
74 162 13
74 164 4
74 166 13
74 168 16
74 169 14
74 173 14
74 174 16
74 177 2
74 180 3
74 183 17
74 186 19
74 187 1
74 188 19
74 190 18
74 191 15
74 192 13
74 193 9
74 194 5
74 195 9
74 196 18
74 198 9
74 199 5
74 200 16
75 77 2
75 78 13
75 80 5
75 83 8
75 85 2
75 86 13
75 89 16
75 93 8
75 100 10
75 101 5
75 108 17
75 112 12
75 114 13
75 115 6
75 116 3
75 118 9
75 123 12
75 125 3
75 127 18
75 128 7
75 130 2
75 131 5
75 132 10
75 135 4
75 138 12
75 140 13
75 142 1
75 143 7
75 144 13
75 149 7
75 153 8
75 155 3
75 156 5
75 157 8
75 159 1
75 161 3
75 162 8
75 164 19
75 165 11
75 168 5
75 169 5
75 173 18
75 176 4
75 183 20
75 184 17
75 185 14
75 188 8
75 191 19
75 192 14
75 194 14
75 196 7
75 198 18
76 77 14
76 78 15
76 80 18
76 81 13
76 86 6
76 92 2
76 94 14
76 96 13
76 98 8
76 99 17
76 101 13
76 102 2
76 104 19
76 106 2
76 107 4
76 109 15
76 110 12
76 112 4
76 114 18
76 120 9
76 124 7
76 125 8
76 126 8
76 129 9
76 133 16
76 138 20
76 140 20
76 141 5
76 143 5
76 146 14
76 150 5
76 152 9
76 155 3
76 156 18
76 159 4
76 161 18
76 164 13
76 166 17
76 168 16
76 169 6
76 170 5
76 171 12
76 172 3
76 173 19
76 174 13
76 177 16
76 178 8
76 180 15
76 183 20
76 188 7
76 190 20
76 191 1
76 192 19
76 200 20
77 79 16
77 80 11
77 81 7
77 88 5
77 89 1
77 92 5
77 93 7
77 98 15
77 100 2
77 104 1
77 106 16
77 107 11
77 113 5
77 115 8
77 117 16
77 120 10
77 124 7
77 125 8
77 127 18
77 129 13
77 137 17
77 138 3
77 139 17
77 143 8
77 145 3
77 147 20
77 149 10
77 153 19
77 156 20
77 159 13
77 163 4
77 164 16
77 166 14
77 167 5
77 179 14
77 185 6
77 186 6
77 187 11
77 188 16
77 192 20
77 193 19
77 194 16
78 85 17
78 91 7
78 93 6
78 94 11
78 95 18
78 98 12
78 100 12
78 102 18
78 103 5
78 109 16
78 110 7
78 111 19
78 112 7
78 113 2
78 117 3
78 118 1
78 124 8
78 125 15
78 126 12
78 129 17
78 134 12
78 136 1
78 138 14
78 139 14
78 140 11
78 141 19
78 144 4
78 147 17
78 149 9
78 153 20
78 156 18
78 159 18
78 160 9
78 167 9
78 168 3
78 169 17
78 170 11
78 175 20
78 177 2
78 178 18
78 182 1
78 185 19
78 191 9
78 193 9
78 194 8
78 199 7
79 83 5
79 86 8
79 87 20
79 88 9
79 90 8
79 91 2
79 97 19
79 98 3
79 100 4
79 101 10
79 103 2
79 104 3
79 105 9
79 108 3
79 109 4
79 113 16
79 114 17
79 116 20
79 117 5
79 118 4
79 120 14
79 121 16
79 122 14
79 125 4
79 128 12
79 129 9
79 130 15
79 131 14
79 135 6
79 136 20
79 137 20
79 139 20
79 140 11
79 141 12
79 144 5
79 147 4
79 148 8
79 149 13
79 153 15
79 154 18
79 155 5
79 156 11
79 158 1
79 162 7
79 173 4
79 179 5
79 180 14
79 181 13
79 182 18
79 185 4
79 188 1
79 189 9
79 190 2
79 191 2
79 192 4
79 196 16
79 197 14
80 82 5
80 83 1
80 85 4
80 87 14
80 91 1
80 93 20
80 98 12
80 101 4
80 102 8
80 104 3
80 106 12
80 108 7
80 109 12
80 111 2
80 112 13
80 113 7
80 114 3
80 117 17
80 127 2
80 131 4
80 132 6
80 134 13
80 135 14
80 138 4
80 142 18
80 144 7
80 149 7
80 151 4
80 152 14
80 153 19
80 155 8
80 157 8
80 163 4
80 165 11
80 166 11
80 167 8
80 169 3
80 170 15
80 171 3
80 173 17
80 176 1
80 180 8
80 181 14
80 184 15
80 185 19
80 187 6
80 188 19
80 189 13
80 190 14
80 191 1
80 192 4
80 196 4
81 82 16
81 83 5
81 85 9
81 88 18
81 93 2
81 95 8
81 98 4
81 99 10
81 101 15
81 107 20
81 109 13
81 111 12
81 112 11
81 114 16
81 115 14
81 117 10
81 118 5
81 119 20
81 129 17
81 131 16
81 136 18
81 137 3
81 139 16
81 144 11
81 148 17
81 149 15
81 154 16
81 165 4
81 168 20
81 172 17
81 173 14
81 175 16
81 177 11
81 178 9
81 179 19
81 180 10
81 182 19
81 187 10
81 189 8
81 191 10
81 194 2
81 195 7
81 198 14
81 200 11
82 83 2
82 84 9
82 92 17
82 95 19
82 96 9
82 100 16
82 103 18
82 107 13
82 108 11
82 109 18
82 111 6
82 112 12
82 113 16
82 120 11
82 123 1
82 124 11
82 129 2
82 136 8
82 138 3
82 139 14
82 142 20
82 145 8
82 147 10
82 149 19
82 154 2
82 160 19
82 161 7
82 163 17
82 170 8
82 174 20
82 175 3
82 178 11
82 181 10
82 182 6
82 184 5
82 186 11
82 188 14
82 190 5
82 191 6
82 193 13
82 198 2
82 200 13
83 85 6
83 87 4
83 88 8
83 96 1
83 98 11
83 99 16
83 100 17
83 103 11
83 106 18
83 108 8
83 112 7
83 113 8
83 114 8
83 120 8
83 121 10
83 123 5
83 126 14
83 130 3
83 131 1
83 132 1
83 139 17
83 140 16
83 141 14
83 142 3
83 145 1
83 147 5
83 149 7
83 152 8
83 153 12
83 154 5
83 155 7
83 158 2
83 164 10
83 165 4
83 166 8
83 167 1
83 171 11
83 172 19
83 177 11
83 179 11
83 180 10
83 181 4
83 183 1
83 185 13
83 188 19
83 195 5
83 196 17
83 197 1
83 199 8
84 86 9
84 88 6
84 91 17
84 92 18
84 98 14
84 100 14
84 101 17
84 102 4
84 105 9
84 109 13
84 110 2
84 113 4
84 114 12
84 115 8
84 121 2
84 122 10
84 124 4
84 128 13
84 131 11
84 135 11
84 140 1
84 143 6
84 146 19
84 149 11
84 150 10
84 152 1
84 154 5
84 155 9
84 163 4
84 164 20
84 167 2
84 168 7
84 169 8
84 174 17
84 180 15
84 182 2
84 187 16
84 191 20
84 195 9
84 199 3
84 200 7
85 90 19
85 91 5
85 92 5
85 94 14
85 97 17
85 98 7
85 100 5
85 103 6
85 104 6
85 108 9
85 111 19
85 112 10
85 116 4
85 118 10
85 120 7
85 122 1
85 124 6
85 125 3
85 128 3
85 131 7
85 132 11
85 136 18
85 139 10
85 142 13
85 149 6
85 152 11
85 157 10
85 158 13
85 171 18
85 172 7
85 173 2
85 175 17
85 176 19
85 178 18
85 179 9
85 181 18
85 182 20
85 183 14
85 184 11
85 187 4
85 189 11
85 190 9
85 192 18
85 194 8
85 195 12
85 197 9
85 199 5
85 200 8
86 87 2
86 92 16
86 96 9
86 102 12
86 103 6
86 108 11
86 109 7
86 110 12
86 112 2
86 114 12
86 117 14
86 122 19
86 123 9
86 124 16
86 125 12
86 127 9
86 129 9
86 142 13
86 145 15
86 149 15
86 151 18
86 156 2
86 157 5
86 159 3
86 161 6
86 163 20
86 167 8
86 168 18
86 169 5
86 174 13
86 187 4
86 189 8
86 193 6
86 195 12
86 197 2
86 199 15
87 89 10
87 90 2
87 95 2
87 96 9
87 97 19
87 98 14
87 99 14
87 100 8
87 101 7
87 105 5
87 106 7
87 108 10
87 110 3
87 113 10
87 119 5
87 121 2
87 125 11
87 130 9
87 131 13
87 132 3
87 135 7
87 139 14
87 141 19
87 144 3
87 145 20
87 146 15
87 148 13
87 149 2
87 150 20
87 151 2
87 156 5
87 163 6
87 165 12
87 169 15
87 170 18
87 171 4
87 174 9
87 177 6
87 181 8
87 182 14
87 186 8
87 187 1
87 189 17
87 190 11
87 192 19
87 198 8
88 90 16
88 97 2
88 98 18
88 99 15
88 101 16
88 104 8
88 105 19
88 108 10
88 109 7
88 110 9
88 111 11
88 112 4
88 115 20
88 118 20
88 121 17
88 122 14
88 123 3
88 125 12
88 126 11
88 128 10
88 132 8
88 133 20
88 135 18
88 138 4
88 140 14
88 141 10
88 145 11
88 149 16
88 151 7
88 153 17
88 154 1
88 155 17
88 156 19
88 157 5
88 159 11
88 162 3
88 163 17
88 166 12
88 167 6
88 168 14
88 171 18
88 174 9
88 176 1
88 180 9
88 182 10
88 183 17
88 191 12
88 193 11
88 194 5
88 197 9
88 199 2
88 200 3
89 91 15
89 92 17
89 93 5
89 98 3
89 100 19
89 101 15
89 103 1
89 108 5
89 111 4
89 115 5
89 116 4
89 118 8
89 121 15
89 126 14
89 127 19
89 133 12
89 136 14
89 137 5
89 138 14
89 141 9
89 142 9
89 145 15
89 146 3
89 150 19
89 151 4
89 155 7
89 156 5
89 158 2
89 161 9
89 163 18
89 166 7
89 169 2
89 172 14
89 175 18
89 177 17
89 178 9
89 179 5
89 181 10
89 183 18
89 188 20
89 189 19
89 190 10
89 192 9
89 193 3
89 194 3
89 196 5
89 197 20
90 93 6
90 94 12
90 95 7
90 97 15
90 98 3
90 100 9
90 103 7
90 105 6
90 106 12
90 115 5
90 119 11
90 122 4
90 123 19
90 124 8
90 125 3
90 128 12
90 134 16
90 136 5
90 138 16
90 139 7
90 141 11
90 145 8
90 147 12
90 153 9
90 155 19
90 161 14
90 165 2
90 170 11
90 172 19
90 179 12
90 180 20
90 184 8
90 191 5
90 192 10
90 193 3
90 194 15
91 97 3
91 98 4
91 100 18
91 101 1
91 104 14
91 106 19
91 107 16
91 108 2
91 110 2
91 115 17
91 116 14
91 119 13
91 122 11
91 123 11
91 124 14
91 125 6
91 126 12
91 130 9
91 131 18
91 132 7
91 134 5
91 135 4
91 136 12
91 137 8
91 138 2
91 139 2
91 142 11
91 144 14
91 146 9
91 148 2
91 149 8
91 157 9
91 160 2
91 165 13
91 167 6
91 169 7
91 172 7
91 177 7
91 180 1
91 181 14
91 183 2
91 189 12
91 191 6
91 195 2
91 196 4
91 200 10
92 93 18
92 96 2
92 97 18
92 98 2
92 101 12
92 102 20
92 107 12
92 110 16
92 111 11
92 114 5
92 115 7
92 117 13
92 118 7
92 122 10
92 124 20
92 125 6
92 130 8
92 136 3
92 137 5
92 139 8
92 140 7
92 143 16
92 146 12
92 147 16
92 148 6
92 151 15
92 152 20
92 156 19
92 157 8
92 162 5
92 165 4
92 167 18
92 169 3
92 174 6
92 175 16
92 176 4
92 177 9
92 181 6
92 183 16
92 188 17
92 194 19
92 195 13
92 196 6
92 199 20
93 94 6
93 96 10
93 102 19
93 103 2
93 106 5
93 107 15
93 108 17
93 109 20
93 114 11
93 116 14
93 118 7
93 119 18
93 126 18
93 132 11
93 133 7
93 134 8
93 135 5
93 137 4
93 138 6
93 140 20
93 143 14
93 146 12
93 151 20
93 152 9
93 153 12
93 156 20
93 157 19
93 160 8
93 162 11
93 167 10
93 174 12
93 178 3
93 179 20
93 182 9
93 184 2
93 185 4
93 189 8
93 190 20
93 194 11
93 197 13
93 198 9
93 200 3
94 96 1
94 99 8
94 100 10
94 102 1
94 103 6
94 104 17
94 105 4
94 107 5
94 111 11
94 115 8
94 117 18
94 120 3
94 122 3
94 124 13
94 125 15
94 129 19
94 131 4
94 132 7
94 133 17
94 137 15
94 138 6
94 143 4
94 147 16
94 148 11
94 149 8
94 150 16
94 151 10
94 152 19
94 154 17
94 156 19
94 157 20
94 158 18
94 162 8
94 163 3
94 165 11
94 169 14
94 173 3
94 179 5
94 182 12
94 183 18
94 186 4
94 188 18
94 189 20
94 190 19
94 191 13
94 193 17
94 194 12
94 195 17
94 197 1
94 200 12
95 99 17
95 100 1
95 103 20
95 105 10
95 109 8
95 110 17
95 112 11
95 115 7
95 118 14
95 119 16
95 120 4
95 121 14
95 122 5
95 123 14
95 125 11
95 127 3
95 128 13
95 129 20
95 135 6
95 138 13
95 141 6
95 143 3
95 148 5
95 151 6
95 154 4
95 156 2
95 158 19
95 164 8
95 167 14
95 169 5
95 170 18
95 171 8
95 176 20
95 178 2
95 180 18
95 184 9
95 185 20
95 189 4
95 191 1
95 193 15
95 195 1
95 196 10
95 200 11
96 100 1
96 101 6
96 102 14
96 109 3
96 110 19
96 115 9
96 116 17
96 117 15
96 120 14
96 122 17
96 123 13
96 124 16
96 127 18
96 130 12
96 134 19
96 135 16
96 136 4
96 141 7
96 143 17
96 149 8
96 150 4
96 151 1
96 154 4
96 156 9
96 159 8
96 162 15
96 164 12
96 167 18
96 170 2
96 171 16
96 175 13
96 176 4
96 177 4
96 178 11
96 179 7
96 180 10
96 187 19
96 189 16
96 191 11
96 198 1
96 199 16
96 200 11
97 101 19
97 108 10
97 114 12
97 120 9
97 121 19
97 124 19
97 129 15
97 130 9
97 131 14
97 136 8
97 140 11
97 142 15
97 145 8
97 146 18
97 147 19
97 148 10
97 156 16
97 157 7
97 158 6
97 159 10
97 162 13
97 163 8
97 168 6
97 171 13
97 172 5
97 173 1
97 181 16
97 182 15
97 183 7
97 184 20
97 185 8
97 186 5
97 189 20
97 190 9
97 191 10
97 192 1
97 194 18
97 195 18
98 100 12
98 106 20
98 108 20
98 110 18
98 111 18
98 115 20
98 119 13
98 121 7
98 122 7
98 123 19
98 125 11
98 128 1
98 135 9
98 138 14
98 139 20
98 140 3
98 141 16
98 143 11
98 144 20
98 145 1
98 146 20
98 148 11
98 149 13
98 150 13
98 153 16
98 154 18
98 159 3
98 160 2
98 163 6
98 167 3
98 168 13
98 172 11
98 173 8
98 176 18
98 177 20
98 183 16
98 186 12
98 189 2
98 190 4
98 192 15
98 194 10
98 195 6
98 196 10
98 197 1
98 198 20
98 199 16
98 200 16
99 100 19
99 101 7
99 103 15
99 105 10
99 109 9
99 110 1
99 111 3
99 115 11
99 116 15
99 119 10
99 122 12
99 123 6
99 128 5
99 129 9
99 132 6
99 134 17
99 135 13
99 138 15
99 141 14
99 142 8
99 148 12
99 149 19
99 152 7
99 159 12
99 160 15
99 161 20
99 162 13
99 167 19
99 169 6
99 171 5
99 175 1
99 177 8
99 181 7
99 186 15
99 187 19
99 193 14
99 195 11
99 197 17
99 199 5
99 200 8
100 101 16
100 108 19
100 112 13
100 117 2
100 123 6
100 124 10
100 125 10
100 127 13
100 135 4
100 141 1
100 142 3
100 143 20
100 145 12
100 146 8
100 148 18
100 151 13
100 155 13
100 158 18
100 160 6
100 163 12
100 165 6
100 166 15
100 169 10
100 172 6
100 173 1
100 175 9
100 181 16
100 182 1
100 184 16
100 186 6
100 187 17
100 189 13
100 192 7
100 194 19
100 198 19
101 105 11
101 107 18
101 110 1
101 111 1
101 114 18
101 115 13
101 118 18
101 120 3
101 122 18
101 131 18
101 132 13
101 133 18
101 137 3
101 138 7
101 141 15
101 143 7
101 144 13
101 148 14
101 149 20
101 150 18
101 155 7
101 157 11
101 159 12
101 160 5
101 161 14
101 162 3
101 164 15
101 167 3
101 169 11
101 172 16
101 176 12
101 177 11
101 178 7
101 184 19
101 185 3
101 186 11
101 189 20
101 192 19
101 194 9
101 197 14
101 198 9
101 199 19
102 107 18
102 108 16
102 109 4
102 112 6
102 113 16
102 115 3
102 116 19
102 118 17
102 121 2
102 124 3
102 125 16
102 130 9
102 131 15
102 133 10
102 134 1
102 135 7
102 137 8
102 138 14
102 139 15
102 143 7
102 144 3
102 146 10
102 147 16
102 149 12
102 151 1
102 153 4
102 154 13
102 155 17
102 160 6
102 161 3
102 162 14
102 164 2
102 165 2
102 167 4
102 169 4
102 170 9
102 171 20
102 179 6
102 180 5
102 186 7
102 187 6
102 188 12
102 189 6
102 191 7
102 192 2
102 193 17
102 197 11
103 105 17
103 106 17
103 108 10
103 110 13
103 111 10
103 112 17
103 118 20
103 120 9
103 128 13
103 129 13
103 132 19
103 133 1
103 135 9
103 136 5
103 139 20
103 142 11
103 144 11
103 145 20
103 150 2
103 153 1
103 156 7
103 157 18
103 164 17
103 169 20
103 170 10
103 175 10
103 176 16
103 178 11
103 182 11
103 183 4
103 184 8
103 186 18
103 189 4
103 190 8
103 191 1
103 192 10
103 195 20
103 198 9
104 110 7
104 113 5
104 116 9
104 118 7
104 120 20
104 121 12
104 122 11
104 124 20
104 126 17
104 135 5
104 137 17
104 138 6
104 139 19
104 141 3
104 143 13
104 147 11
104 148 20
104 149 6
104 151 15
104 153 7
104 155 3
104 157 17
104 160 20
104 162 18
104 165 9
104 166 3
104 167 5
104 168 16
104 170 20
104 171 9
104 177 13
104 183 16
104 186 5
104 188 9
104 189 4
104 198 1
104 199 2
104 200 10
105 106 19
105 107 20
105 109 3
105 111 8
105 112 20
105 115 1
105 118 16
105 119 4
105 120 14
105 123 17
105 125 18
105 126 8
105 127 12
105 129 11
105 130 14
105 131 17
105 136 5
105 138 14
105 139 6
105 141 17
105 142 7
105 144 11
105 149 13
105 150 9
105 151 14
105 152 2
105 154 5
105 157 20
105 160 10
105 161 13
105 164 2
105 165 14
105 166 4
105 167 6
105 169 2
105 170 5
105 173 8
105 182 15
105 183 16
105 184 1
105 185 6
105 187 10
105 188 14
105 197 13
105 200 19
106 112 17
106 114 6
106 116 14
106 122 13
106 123 17
106 129 15
106 132 10
106 133 17
106 136 16
106 140 7
106 144 8
106 145 4
106 146 13
106 148 9
106 151 2
106 152 16
106 155 18
106 160 3
106 161 11
106 163 10
106 164 16
106 167 17
106 169 7
106 177 5
106 178 18
106 179 6
106 180 16
106 181 15
106 188 1
106 191 15
106 195 19
106 196 4
106 200 18
107 108 10
107 110 6
107 113 2
107 114 7
107 116 11
107 118 6
107 122 15
107 127 20
107 128 5
107 131 13
107 132 13
107 133 2
107 134 9
107 135 6
107 137 1
107 138 17
107 139 19
107 140 11
107 148 4
107 149 20
107 152 7
107 154 11
107 155 9
107 158 7
107 159 17
107 160 20
107 164 5
107 170 12
107 173 5
107 175 15
107 178 4
107 179 17
107 184 7
107 188 9
107 194 11
107 197 15
107 200 15
108 111 14
108 114 19
108 116 16
108 118 20
108 120 1
108 121 18
108 122 10
108 123 12
108 124 11
108 125 8
108 126 1
108 127 13
108 128 10
108 136 7
108 143 1
108 145 9
108 146 6
108 149 4
108 151 7
108 152 17
108 155 2
108 156 11
108 157 3
108 161 14
108 162 18
108 163 17
108 165 7
108 168 19
108 170 12
108 171 9
108 172 10
108 175 16
108 178 4
108 180 1
108 181 11
108 182 17
108 183 18
108 188 3
108 190 2
108 192 17
108 193 15
108 195 7
108 198 19
109 115 2
109 119 11
109 120 3
109 121 10
109 123 15
109 125 1
109 126 2
109 127 1
109 131 17
109 132 13
109 136 6
109 138 5
109 141 2
109 142 7
109 155 19
109 157 18
109 158 13
109 159 16
109 161 20
109 162 1
109 169 8
109 170 7
109 171 6
109 172 6
109 175 6
109 177 4
109 178 3
109 181 3
109 184 18
109 190 19
109 192 8
109 193 2
109 196 4
109 197 13
109 198 8
110 113 17
110 114 15
110 115 12
110 119 7
110 121 10
110 125 10
110 128 11
110 129 1
110 132 13
110 135 19
110 136 10
110 139 6
110 140 5
110 142 11
110 143 20
110 144 2
110 145 2
110 146 5
110 150 8
110 153 17
110 154 4
110 156 2
110 159 18
110 160 13
110 161 10
110 166 20
110 180 14
110 183 12
110 184 20
110 185 11
110 187 4
110 188 9
110 189 5
110 193 1
110 194 19
110 198 11
111 112 14
111 115 2
111 119 15
111 120 16
111 125 2
111 130 17
111 134 9
111 135 7
111 136 4
111 138 10
111 143 1
111 144 7
111 148 2
111 154 2
111 155 4
111 156 1
111 158 6
111 162 14
111 165 2
111 168 7
111 171 1
111 175 6
111 177 18
111 179 18
111 181 10
111 182 11
111 185 7
111 189 9
111 190 11
111 191 2
111 194 13
111 197 16
112 113 1
112 114 15
112 115 2
112 116 14
112 118 14
112 119 4
112 120 5
112 124 20
112 125 4
112 126 4
112 134 8
112 140 12
112 141 15
112 144 20
112 146 17
112 147 6
112 153 18
112 155 12
112 156 8
112 159 6
112 160 20
112 161 3
112 162 12
112 164 11
112 165 6
112 167 9
112 169 15
112 171 2
112 172 12
112 179 9
112 180 18
112 181 16
112 182 19
112 183 7
112 186 13
112 191 16
112 194 2
112 196 3
113 117 13
113 120 9
113 123 20
113 124 3
113 128 4
113 129 20
113 138 6
113 140 9
113 144 4
113 145 13
113 147 20
113 150 6
113 151 9
113 155 1
113 157 10
113 158 17
113 160 2
113 163 18
113 166 16
113 174 11
113 182 10
113 186 2
113 190 16
113 195 4
113 198 12
113 199 7
114 118 10
114 119 3
114 126 19
114 127 17
114 133 13
114 134 6
114 138 11
114 140 8
114 141 12
114 143 1
114 154 18
114 158 16
114 160 8
114 163 20
114 164 8
114 167 2
114 168 17
114 170 9
114 173 2
114 176 18
114 177 9
114 181 10
114 182 17
114 183 5
114 184 18
114 185 12
114 186 13
114 187 12
114 188 12
114 190 20
114 192 5
114 193 13
114 194 15
114 195 9
114 196 1
114 197 12
114 199 14
115 116 15
115 117 10
115 123 4
115 124 6
115 125 18
115 126 14
115 127 20
115 138 15
115 141 8
115 146 5
115 149 12
115 154 12
115 155 11
115 157 13
115 159 17
115 163 11
115 164 4
115 165 16
115 168 12
115 169 3
115 173 8
115 177 15
115 179 15
115 180 19
115 183 19
115 184 7
115 186 7
115 191 20
115 192 4
115 194 20
115 195 1
115 197 12
115 198 19
115 200 8
116 123 8
116 124 15
116 130 11
116 132 11
116 133 6
116 135 10
116 137 2
116 141 11
116 144 16
116 150 7
116 151 12
116 153 14
116 157 18
116 159 12
116 160 9
116 163 15
116 166 12
116 167 16
116 169 6
116 172 18
116 174 17
116 175 9
116 178 10
116 179 10
116 184 7
116 186 3
116 188 9
116 189 9
116 190 9
116 192 20
116 195 7
116 197 20
116 199 9
117 118 17
117 121 15
117 122 17
117 123 16
117 129 13
117 130 1
117 132 12
117 136 16
117 138 6
117 140 8
117 142 4
117 143 3
117 147 8
117 155 2
117 156 1
117 163 1
117 164 3
117 165 10
117 166 2
117 167 19
117 168 10
117 173 18
117 175 7
117 176 20
117 177 20
117 183 10
117 186 2
117 190 4
117 193 4
117 194 15
117 195 10
118 119 9
118 120 15
118 121 13
118 124 6
118 125 17
118 126 7
118 128 12
118 129 13
118 130 14
118 135 20
118 136 3
118 137 18
118 138 18
118 142 14
118 143 17
118 144 9
118 146 15
118 150 11
118 153 14
118 154 19
118 156 17
118 158 11
118 161 17
118 167 13
118 168 3
118 172 15
118 174 6
118 175 2
118 176 1
118 177 3
118 178 17
118 181 11
118 182 18
118 187 13
118 188 12
118 190 6
118 191 19
118 192 5
118 196 12
118 197 9
119 121 5
119 125 16
119 126 16
119 129 8
119 130 7
119 132 13
119 134 4
119 136 17
119 137 17
119 139 19
119 140 3
119 141 7
119 142 9
119 144 1
119 145 16
119 146 10
119 147 6
119 150 10
119 151 20
119 153 18
119 155 15
119 156 9
119 162 17
119 164 2
119 165 8
119 173 10
119 174 12
119 187 12
119 193 13
119 198 5
120 123 10
120 125 8
120 127 14
120 128 20
120 129 19
120 131 13
120 132 3
120 133 7
120 139 13
120 140 17
120 142 12
120 146 3
120 147 7
120 148 5
120 149 1
120 150 5
120 151 9
120 152 19
120 157 2
120 158 16
120 159 4
120 163 1
120 164 8
120 173 5
120 174 14
120 183 4
120 185 10
120 186 17
120 192 2
120 193 8
120 194 12
120 196 3
120 197 14
120 199 9
121 122 3
121 123 19
121 125 3
121 126 20
121 127 20
121 133 13
121 135 6
121 137 18
121 141 18
121 142 9
121 148 14
121 149 2
121 151 3
121 156 19
121 158 13
121 160 7
121 161 3
121 162 3
121 163 2
121 166 1
121 167 9
121 170 9
121 172 12
121 173 8
121 175 1
121 179 4
121 181 16
121 182 1
121 185 19
121 187 12
121 188 3
121 190 7
121 193 6
121 197 12
122 123 19
122 127 18
122 128 19
122 129 1
122 130 16
122 131 3
122 136 6
122 137 18
122 138 14
122 139 6
122 141 19
122 143 17
122 145 7
122 147 15
122 149 12
122 153 18
122 156 12
122 157 1
122 162 4
122 163 9
122 164 16
122 167 17
122 170 12
122 174 2
122 175 3
122 176 12
122 183 19
122 188 2
122 190 18
122 200 17
123 127 7
123 128 12
123 133 12
123 136 19
123 138 10
123 140 20
123 142 20
123 143 2
123 151 11
123 152 14
123 153 1
123 154 7
123 157 6
123 160 15
123 161 18
123 163 4
123 164 18
123 165 7
123 168 8
123 170 2
123 172 9
123 173 7
123 176 1
123 177 20
123 178 1
123 180 1
123 181 3
123 182 12
123 190 17
123 192 6
123 193 16
123 194 5
123 197 8
123 199 15
124 127 3
124 128 12
124 129 7
124 133 12
124 135 4
124 137 20
124 138 5
124 141 10
124 142 18
124 144 19
124 145 12
124 146 10
124 147 16
124 148 14
124 151 1
124 152 5
124 153 17
124 154 10
124 158 18
124 162 12
124 164 17
124 165 4
124 166 1
124 167 18
124 168 17
124 171 8
124 173 17
124 176 3
124 183 6
124 185 20
124 189 2
124 190 13
124 194 19
124 195 8
124 198 11
124 200 7
125 126 14
125 129 6
125 132 12
125 135 10
125 136 12
125 137 8
125 143 3
125 144 15
125 147 19
125 151 1
125 155 9
125 157 9
125 163 8
125 164 5
125 165 7
125 168 1
125 172 14
125 175 12
125 177 8
125 183 7
125 184 7
125 187 9
125 189 19
125 190 20
125 191 3
125 194 12
125 197 13
126 129 13
126 132 7
126 136 14
126 139 19
126 140 16
126 143 7
126 147 8
126 148 11
126 151 3
126 154 11
126 155 15
126 156 7
126 160 12
126 163 6
126 164 10
126 166 17
126 168 16
126 170 17
126 175 13
126 177 12
126 178 14
126 179 4
126 180 12
126 181 7
126 182 17
126 184 9
126 186 7
126 188 3
126 192 7
126 195 15
126 196 12
127 128 8
127 131 2
127 133 13
127 135 2
127 138 19
127 139 10
127 142 17
127 145 10
127 154 9
127 155 17
127 156 7
127 158 1
127 159 19
127 160 11
127 162 6
127 164 1
127 166 16
127 171 12
127 172 19
127 175 9
127 178 19
127 180 13
127 192 17
127 193 18
127 196 4
127 198 3
127 199 7
128 136 13
128 137 1
128 139 16
128 140 7
128 142 18
128 145 17
128 150 12
128 153 11
128 154 6
128 155 17
128 160 10
128 162 16
128 164 13
128 174 20
128 181 8
128 184 16
128 186 6
128 187 6
128 188 2
128 193 18
128 194 12
128 197 10
128 199 16
129 132 19
129 134 19
129 144 11
129 145 6
129 150 19
129 151 13
129 152 5
129 155 3
129 156 7
129 161 18
129 162 8
129 163 1
129 164 16
129 166 17
129 169 8
129 170 12
129 171 8
129 174 5
129 176 19
129 178 6
129 179 13
129 182 6
129 183 18
129 184 9
129 185 5
129 188 12
129 189 5
129 190 15
129 193 5
129 194 15
129 197 10
129 198 18
129 200 1
130 132 17
130 133 20
130 134 16
130 136 7
130 139 4
130 140 20
130 141 15
130 146 16
130 149 14
130 153 20
130 155 16
130 164 10
130 165 3
130 168 8
130 170 14
130 171 19
130 175 11
130 176 1
130 185 18
130 186 19
130 187 18
130 188 13
130 197 17
130 200 5
131 132 17
131 133 14
131 137 7
131 138 14
131 139 2
131 141 20
131 143 13
131 147 12
131 152 2
131 153 3
131 155 10
131 156 16
131 164 16
131 171 17
131 172 20
131 173 4
131 175 2
131 179 10
131 180 20
131 181 12
131 187 18
131 188 11
131 189 11
131 190 3
131 192 20
131 197 17
132 136 13
132 138 17
132 141 12
132 143 13
132 145 5
132 147 1
132 148 11
132 150 14
132 156 7
132 161 2
132 165 3
132 171 3
132 174 8
132 176 19
132 183 3
132 184 4
132 185 11
132 189 9
132 192 11
132 195 4
132 198 12
133 135 8
133 136 13
133 142 11
133 145 2
133 148 10
133 150 9
133 155 6
133 159 19
133 163 7
133 164 18
133 168 12
133 172 2
133 173 8
133 176 12
133 177 3
133 178 20
133 181 4
133 182 19
133 183 2
133 184 14
133 185 14
133 188 9
133 192 8
133 194 2
133 198 16
134 137 18
134 140 7
134 141 10
134 144 5
134 156 19
134 163 15
134 164 6
134 166 18
134 172 15
134 174 13
134 175 8
134 184 3
134 186 8
134 187 2
134 188 2
134 190 20
134 195 5
134 199 20
135 138 10
135 139 13
135 140 14
135 143 9
135 144 12
135 154 3
135 156 16
135 160 5
135 161 8
135 162 19
135 165 2
135 167 10
135 171 16
135 172 4
135 173 20
135 175 5
135 177 5
135 181 6
135 183 16
135 189 20
135 192 8
135 194 6
135 196 14
135 198 10
136 137 20
136 140 3
136 143 3
136 144 14
136 145 17
136 149 8
136 151 11
136 154 10
136 157 17
136 160 14
136 162 13
136 164 12
136 165 1
136 166 7
136 168 2
136 170 16
136 171 4
136 172 7
136 177 15
136 179 8
136 180 2
136 181 12
136 185 6
136 188 11
136 189 12
136 194 9
136 196 10
136 197 18
136 200 1
137 140 16
137 142 17
137 144 19
137 145 7
137 146 13
137 153 1
137 154 3
137 158 18
137 159 12
137 160 9
137 162 13
137 163 11
137 166 20
137 167 9
137 171 4
137 172 20
137 173 13
137 174 9
137 179 18
137 182 9
137 183 17
137 185 13
137 190 17
137 191 13
137 192 18
137 196 12
137 199 9
137 200 2
138 140 1
138 144 4
138 146 5
138 150 18
138 154 2
138 158 14
138 159 2
138 161 20
138 162 14
138 165 3
138 167 1
138 168 18
138 169 14
138 170 8
138 172 6
138 173 4
138 176 17
138 177 15
138 180 15
138 182 18
138 185 3
138 186 17
138 187 19
138 190 7
138 192 16
138 194 15
138 196 2
139 140 19
139 146 13
139 148 15
139 150 4
139 153 10
139 154 16
139 156 19
139 157 4
139 158 3
139 159 6
139 166 19
139 167 18
139 168 6
139 170 10
139 171 16
139 172 12
139 174 11
139 177 15
139 181 6
139 189 15
139 192 3
139 193 4
139 194 15
139 195 9
139 196 10
139 197 12
140 142 10
140 143 12
140 144 2
140 145 6
140 147 13
140 148 13
140 151 16
140 154 16
140 160 18
140 162 12
140 165 7
140 167 10
140 169 17
140 172 5
140 173 12
140 175 8
140 181 7
140 183 1
140 185 17
140 186 16
140 188 6
140 190 20
140 192 3
140 198 18
141 142 13
141 144 6
141 146 19
141 147 5
141 148 19
141 149 5
141 152 4
141 155 8
141 156 3
141 159 2
141 160 4
141 164 7
141 166 10
141 169 7
141 171 18
141 173 20
141 174 17
141 175 1
141 183 3
141 185 14
141 186 18
141 187 16
141 188 13
141 191 17
141 192 14
141 198 4
142 143 9
142 144 16
142 145 17
142 148 5
142 149 15
142 150 1
142 158 4
142 161 7
142 166 4
142 172 8
142 174 19
142 175 20
142 176 8
142 178 2
142 179 14
142 181 7
142 182 17
142 183 6
142 184 7
142 188 14
142 189 9
142 190 19
142 191 19
142 194 14
143 146 8
143 148 8
143 149 13
143 153 16
143 154 13
143 159 20
143 160 2
143 165 12
143 169 15
143 170 20
143 187 16
143 188 15
143 191 1
143 193 13
143 194 20
143 196 6
144 145 11
144 147 10
144 149 17
144 154 5
144 155 5
144 157 11
144 158 19
144 160 15
144 163 19
144 166 1
144 172 20
144 174 20
144 175 11
144 178 20
144 183 18
144 185 13
144 186 2
144 187 11
144 188 14
144 190 1
144 192 8
144 193 15
144 195 20
144 196 18
144 198 9
144 199 19
144 200 4
145 147 19
145 150 20
145 154 18
145 156 12
145 157 6
145 158 20
145 160 3
145 165 3
145 166 16
145 170 14
145 173 17
145 174 6
145 175 20
145 176 6
145 178 9
145 180 5
145 181 17
145 182 14
145 183 11
145 184 17
145 187 6
146 148 13
146 150 14
146 160 14
146 164 10
146 166 2
146 167 9
146 168 19
146 169 1
146 170 15
146 171 9
146 172 8
146 174 12
146 177 7
146 181 13
146 182 3
146 183 16
146 186 1
146 188 16
146 191 19
146 193 6
146 194 13
146 196 10
146 197 16
146 198 17
146 199 13
147 153 20
147 157 6
147 159 13
147 165 6
147 166 5
147 167 9
147 168 17
147 169 4
147 171 2
147 173 18
147 175 9
147 176 5
147 180 6
147 181 13
147 183 17
147 186 16
147 189 18
147 194 20
147 200 10
148 151 19
148 152 8
148 153 5
148 154 10
148 155 2
148 160 18
148 164 11
148 169 18
148 173 3
148 174 13
148 175 9
148 176 7
148 177 3
148 178 7
148 180 4
148 181 19
148 191 7
148 192 6
148 193 4
148 194 6
148 196 11
148 197 14
148 198 8
149 153 16
149 157 15
149 158 5
149 159 17
149 161 20
149 168 8
149 176 8
149 178 7
149 186 15
149 187 4
149 189 8
149 190 2
149 192 4
149 193 13
150 151 4
150 153 18
150 155 10
150 159 8
150 160 15
150 164 11
150 165 11
150 166 20
150 168 3
150 170 2
150 176 6
150 181 2
150 182 1
150 184 8
150 187 10
150 190 10
150 192 12
150 193 1
150 194 19
150 196 2
150 200 13
151 152 19
151 155 5
151 156 8
151 162 8
151 164 3
151 168 18
151 171 14
151 172 3
151 176 3
151 178 17
151 184 10
151 190 18
151 192 5
151 193 5
151 196 1
151 198 6
151 200 8
152 155 9
152 157 13
152 162 4
152 164 5
152 167 13
152 169 3
152 170 11
152 171 9
152 172 10
152 178 7
152 179 4
152 184 14
152 189 3
152 195 10
152 196 8
152 197 11
152 198 11
153 155 2
153 156 17
153 157 14
153 160 8
153 163 5
153 164 2
153 167 4
153 170 8
153 172 18
153 173 3
153 178 17
153 182 9
153 187 8
153 188 15
153 189 13
153 193 13
153 195 7
153 199 20
153 200 10
154 155 18
154 157 16
154 158 11
154 160 5
154 170 4
154 174 6
154 175 16
154 176 4
154 177 5
154 178 11
154 185 8
154 187 5
154 189 17
154 190 12
154 191 15
154 193 17
154 197 15
154 198 2
155 158 4
155 159 18
155 161 6
155 162 12
155 165 10
155 166 5
155 167 19
155 168 9
155 173 15
155 174 1
155 175 19
155 176 18
155 178 2
155 179 20
155 184 14
155 191 13
155 192 9
155 195 8
155 198 5
155 199 8
155 200 2
156 158 16
156 159 4
156 164 9
156 165 15
156 174 9
156 175 3
156 180 17
156 182 7
156 184 1
157 159 6
157 160 15
157 161 13
157 162 12
157 170 11
157 174 7
157 176 5
157 177 19
157 178 9
157 181 6
157 182 6
157 186 9
157 187 19
157 189 4
157 191 5
157 196 5
157 197 11
157 199 3
157 200 11
158 160 9
158 164 6
158 165 19
158 167 5
158 169 2
158 170 11
158 174 8
158 176 16
158 177 13
158 178 17
158 180 20
158 181 4
158 182 18
158 187 12
158 188 2
158 190 8
158 191 19
158 192 2
158 194 5
158 199 19
158 200 8
159 164 20
159 168 5
159 169 6
159 170 15
159 176 6
159 179 6
159 184 13
159 185 19
159 186 15
159 188 16
159 192 8
159 195 5
159 197 8
159 198 4
159 200 16
160 163 1
160 166 16
160 168 16
160 169 15
160 172 13
160 174 13
160 175 7
160 178 7
160 179 13
160 185 13
160 187 11
160 188 16
160 189 7
160 191 20
160 192 16
160 194 16
160 197 4
160 198 9
160 199 2
161 162 1
161 163 14
161 166 7
161 167 9
161 168 9
161 169 7
161 170 18
161 175 8
161 179 7
161 180 7
161 181 12
161 188 17
161 190 7
161 191 16
161 192 1
161 193 12
161 194 2
161 195 10
161 196 9
161 198 7
162 163 3
162 167 18
162 168 20
162 172 20
162 174 15
162 177 10
162 179 13
162 180 7
162 186 20
162 187 7
162 188 13
162 189 12
162 191 2
162 193 9
162 194 6
162 196 2
162 197 20
162 199 10
162 200 9
163 165 15
163 166 5
163 171 5
163 172 8
163 173 7
163 174 6
163 176 15
163 178 16
163 179 17
163 180 14
163 182 13
163 183 11
163 184 15
163 185 16
163 189 5
163 193 5
163 197 12
163 198 16
164 166 7
164 168 19
164 169 17
164 170 17
164 171 13
164 172 13
164 175 18
164 186 11
164 187 18
164 188 1
164 192 19
164 195 17
164 196 20
164 198 1
164 199 11
165 168 14
165 169 16
165 173 12
165 174 18
165 179 9
165 181 2
165 184 4
165 185 6
165 187 12
165 188 13
165 190 16
166 167 3
166 172 5
166 173 4
166 181 15
166 182 10
166 183 12
166 186 13
166 189 7
166 190 10
166 192 14
166 194 16
166 197 1
166 198 18
166 199 3
167 170 7
167 172 9
167 175 14
167 176 18
167 178 3
167 179 20
167 180 4
167 182 12
167 183 10
167 184 4
167 191 8
167 192 15
167 194 9
167 197 6
167 198 14
167 199 6
168 173 19
168 174 4
168 177 14
168 178 1
168 181 4
168 183 2
168 185 12
168 187 14
168 188 4
168 192 13
168 193 1
168 196 8
168 197 12
169 170 16
169 171 11
169 175 12
169 176 13
169 181 4
169 182 19
169 186 5
169 188 11
169 189 14
169 190 16
169 191 17
169 192 9
169 195 17
169 196 9
169 197 14
169 198 9
170 173 11
170 176 4
170 180 4
170 181 3
170 187 10
170 189 4
170 191 3
170 196 6
170 197 4
170 200 3
171 174 1
171 178 2
171 179 12
171 180 3
171 181 19
171 185 14
171 187 6
171 190 18
171 191 9
171 192 2
171 197 18
171 200 9
172 174 20
172 181 5
172 182 20
172 188 18
172 192 6
172 194 6
172 199 20
173 176 6
173 181 14
173 183 15
173 184 20
173 188 13
173 189 18
173 190 18
173 191 9
173 193 16
173 196 14
174 181 16
174 183 12
174 185 1
174 186 12
174 189 6
174 191 3
174 193 20
174 194 17
174 195 9
174 197 17
174 199 17
174 200 19
175 176 20
175 178 16
175 180 8
175 185 18
175 188 2
175 190 20
175 194 11
175 196 8
176 177 12
176 178 9
176 179 20
176 182 5
176 183 1
176 185 12
176 189 12
176 190 3
176 192 2
176 193 13
176 197 9
177 178 1
177 181 7
177 184 2
177 185 2
177 186 18
177 187 8
177 191 19
177 192 14
177 196 4
177 198 14
177 200 17
178 180 6
178 182 17
178 185 6
178 186 19
178 193 15
178 194 14
178 195 4
178 198 9
178 200 2
179 180 3
179 183 19
179 184 5
179 185 17
179 187 12
179 190 9
179 197 5
179 198 20
179 200 13
180 187 2
180 191 6
180 192 20
180 199 10
181 183 10
181 184 17
181 188 1
181 192 12
181 193 13
181 195 18
181 196 5
181 199 20
182 183 19
182 187 14
182 188 9
182 189 1
182 190 1
182 192 1
182 195 1
182 196 3
182 197 12
183 185 10
183 186 11
183 190 18
183 194 7
183 196 4
183 197 16
183 198 5
183 199 19
184 187 8
184 190 18
184 191 20
184 196 7
185 186 2
185 191 16
185 192 15
185 193 14
185 195 20
185 198 12
185 199 13
186 187 20
186 188 11
186 189 18
186 190 13
186 191 6
186 193 2
186 196 8
186 199 3
187 190 2
187 191 15
187 193 11
187 199 11
188 190 2
188 191 4
188 194 3
188 195 4
188 197 8
188 198 4
189 193 18
189 194 17
189 196 1
189 197 15
190 193 7
190 195 6
190 198 6
190 200 10
191 195 20
191 198 2
191 200 16
193 198 15
193 199 9
193 200 2
194 195 16
194 196 8
194 197 8
194 198 2
194 200 18
195 199 14
196 197 19
196 198 12
196 199 3
197 198 11
197 199 11
197 200 5
198 199 5
199 200 8
