100 2021
1 2 216
1 5 293
1 7 81
1 13 172
1 15 295
1 16 279
1 18 313
1 25 219
1 26 118
1 33 243
1 34 230
1 35 185
1 36 101
1 37 286
1 39 106
1 41 120
1 42 20
1 43 13
1 45 63
1 47 208
1 48 168
1 49 18
1 51 310
1 54 194
1 57 260
1 58 309
1 64 74
1 65 88
1 67 70
1 69 316
1 70 284
1 72 80
1 77 26
1 78 274
1 81 174
1 82 177
1 83 2
1 84 274
1 87 188
1 92 32
1 93 28
1 94 227
1 96 19
1 97 131
2 4 151
2 5 169
2 6 230
2 19 38
2 22 82
2 24 102
2 34 229
2 35 257
2 39 90
2 40 130
2 41 110
2 45 117
2 47 146
2 51 201
2 56 101
2 61 146
2 62 173
2 64 104
2 65 302
2 67 69
2 72 229
2 73 75
2 74 270
2 76 236
2 78 5
2 79 67
2 80 66
2 81 310
2 83 233
2 86 313
2 87 299
2 89 232
2 90 187
2 92 219
2 93 45
2 97 123
2 99 61
3 4 55
3 5 105
3 8 107
3 14 104
3 15 35
3 17 82
3 22 183
3 28 256
3 29 212
3 30 302
3 32 201
3 33 84
3 34 142
3 37 284
3 39 147
3 44 253
3 51 301
3 56 42
3 60 98
3 62 78
3 65 171
3 66 85
3 67 1
3 72 8
3 73 34
3 78 117
3 79 82
3 80 93
3 82 39
3 86 234
3 87 163
3 91 220
3 94 118
3 97 109
3 98 77
4 6 106
4 7 263
4 8 232
4 9 174
4 10 320
4 16 124
4 18 289
4 22 132
4 23 314
4 30 22
4 31 300
4 33 79
4 35 93
4 39 67
4 41 89
4 42 101
4 49 221
4 50 73
4 53 186
4 55 127
4 57 206
4 64 251
4 65 253
4 66 267
4 69 317
4 70 186
4 71 29
4 74 34
4 75 13
4 77 55
4 78 199
4 79 33
4 84 228
4 87 9
4 89 313
4 90 300
4 93 101
4 94 159
4 96 134
4 98 280
4 100 64
5 7 84
5 11 26
5 13 307
5 15 27
5 16 289
5 17 143
5 18 43
5 24 84
5 26 215
5 33 291
5 35 58
5 36 203
5 37 126
5 43 173
5 46 212
5 47 126
5 48 247
5 51 59
5 52 151
5 58 281
5 60 111
5 62 99
5 63 211
5 67 289
5 71 41
5 79 225
5 80 293
5 84 153
5 85 237
5 89 112
5 92 274
5 93 22
5 98 233
6 9 30
6 11 52
6 12 89
6 13 196
6 14 218
6 15 71
6 23 200
6 25 104
6 27 131
6 28 195
6 29 266
6 30 153
6 32 15
6 35 110
6 36 210
6 38 48
6 39 155
6 43 280
6 47 138
6 52 71
6 55 293
6 57 159
6 60 135
6 61 76
6 62 136
6 63 212
6 67 67
6 68 251
6 70 155
6 72 251
6 73 306
6 78 190
6 79 200
6 80 87
6 88 302
6 91 86
6 92 179
6 94 27
6 100 183
7 8 265
7 11 226
7 12 89
7 14 265
7 15 252
7 16 234
7 25 171
7 29 31
7 30 257
7 32 72
7 33 40
7 34 87
7 35 163
7 37 120
7 38 22
7 41 117
7 44 314
7 45 291
7 48 307
7 53 24
7 54 227
7 55 292
7 58 240
7 59 264
7 60 30
7 62 215
7 63 225
7 64 257
7 65 141
7 67 313
7 68 35
7 69 177
7 70 217
7 71 45
7 78 295
7 80 16
7 82 101
7 85 67
7 95 260
7 96 283
7 97 31
8 10 233
8 12 210
8 13 234
8 15 302
8 16 170
8 17 234
8 19 60
8 22 98
8 24 158
8 25 295
8 27 82
8 30 264
8 41 37
8 42 317
8 45 21
8 46 264
8 49 193
8 51 17
8 52 33
8 53 81
8 56 159
8 59 116
8 60 206
8 61 157
8 62 181
8 64 183
8 65 46
8 66 182
8 67 173
8 72 41
8 82 262
8 83 148
8 85 289
8 90 194
8 93 229
8 94 79
8 95 306
8 96 303
8 99 124
8 100 185
9 11 139
9 13 11
9 16 112
9 25 48
9 26 74
9 29 114
9 30 230
9 40 235
9 42 117
9 43 144
9 49 273
9 50 105
9 58 44
9 59 85
9 64 284
9 70 138
9 71 15
9 73 262
9 74 9
9 78 84
9 85 83
9 86 243
9 91 45
9 92 234
9 93 83
9 95 57
9 97 181
9 99 171
10 11 73
10 12 200
10 14 91
10 18 164
10 19 233
10 20 118
10 26 247
10 27 222
10 28 40
10 29 261
10 32 146
10 34 150
10 35 314
10 36 185
10 37 40
10 39 159
10 41 106
10 44 248
10 57 71
10 58 127
10 60 16
10 61 203
10 62 113
10 64 25
10 69 243
10 76 121
10 77 60
10 80 294
10 84 73
10 87 258
10 88 296
10 92 116
10 93 64
10 95 224
10 100 213
11 13 85
11 14 87
11 15 55
11 21 107
11 22 260
11 25 147
11 26 233
11 27 243
11 28 129
11 30 133
11 31 242
11 38 10
11 42 242
11 43 117
11 44 224
11 46 193
11 48 195
11 50 222
11 54 56
11 57 1
11 63 277
11 65 159
11 70 47
11 71 183
11 74 253
11 78 248
11 81 224
11 82 280
11 83 144
11 85 53
11 87 102
11 88 187
11 89 101
11 90 226
11 92 257
11 99 252
11 100 298
12 13 7
12 14 281
12 18 147
12 20 307
12 22 301
12 23 90
12 26 189
12 36 286
12 37 81
12 42 14
12 43 181
12 50 87
12 51 248
12 52 144
12 54 40
12 55 112
12 56 295
12 57 13
12 62 62
12 64 85
12 65 257
12 66 43
12 67 208
12 69 8
12 70 3
12 72 4
12 74 37
12 79 228
12 80 208
12 81 166
12 83 2
12 84 84
12 85 225
12 87 238
12 88 96
12 89 130
12 91 44
12 93 158
12 94 156
12 96 114
12 98 235
12 99 309
12 100 6
13 16 63
13 17 138
13 19 52
13 20 241
13 23 167
13 24 19
13 32 306
13 33 131
13 35 189
13 36 204
13 38 223
13 39 129
13 40 139
13 42 90
13 43 100
13 45 46
13 47 291
13 49 39
13 60 296
13 64 29
13 66 183
13 68 54
13 69 224
13 72 181
13 73 87
13 75 235
13 76 103
13 77 307
13 83 157
13 84 125
13 85 198
13 90 25
13 93 143
13 98 130
13 99 196
14 15 102
14 16 6
14 18 101
14 21 59
14 22 299
14 25 296
14 26 75
14 28 189
14 30 163
14 32 63
14 35 172
14 38 297
14 39 314
14 40 225
14 47 134
14 48 14
14 49 5
14 50 255
14 54 289
14 58 131
14 67 220
14 69 37
14 71 87
14 75 155
14 77 315
14 88 320
14 90 110
14 94 33
14 95 114
14 97 14
14 98 174
15 18 319
15 21 68
15 24 202
15 25 122
15 26 7
15 28 52
15 32 5
15 36 248
15 42 278
15 44 26
15 49 202
15 53 173
15 55 152
15 56 4
15 57 106
15 60 295
15 61 305
15 62 272
15 67 113
15 68 158
15 69 120
15 70 156
15 75 273
15 76 140
15 77 36
15 81 267
15 84 154
15 86 4
15 87 220
15 90 77
15 92 173
15 95 66
15 99 112
15 100 194
16 20 209
16 35 254
16 36 222
16 37 194
16 40 84
16 44 84
16 46 203
16 47 306
16 48 50
16 51 115
16 57 54
16 59 78
16 61 74
16 65 56
16 68 184
16 72 88
16 74 83
16 78 146
16 80 20
16 81 188
16 82 4
16 87 159
16 93 262
16 99 273
16 100 89
17 21 175
17 23 264
17 24 163
17 25 27
17 31 163
17 37 200
17 41 246
17 42 250
17 43 75
17 45 2
17 47 230
17 49 296
17 50 71
17 52 258
17 55 217
17 59 305
17 60 256
17 61 150
17 66 261
17 68 97
17 71 197
17 72 43
17 75 222
17 76 71
17 81 267
17 83 209
17 85 4
17 87 237
17 88 14
17 90 289
17 91 309
17 93 221
17 95 36
17 98 59
18 23 99
18 26 229
18 28 127
18 30 129
18 33 18
18 35 120
18 38 176
18 39 65
18 41 133
18 42 289
18 43 128
18 44 99
18 45 116
18 46 293
18 47 105
18 49 258
18 53 254
18 54 292
18 55 79
18 56 149
18 57 131
18 59 214
18 61 167
18 65 266
18 66 264
18 68 169
18 69 57
18 71 313
18 76 111
18 77 99
18 83 313
18 85 272
18 88 160
18 89 95
18 91 167
18 92 131
18 96 316
18 98 263
18 99 63
18 100 115
19 21 155
19 23 104
19 24 15
19 27 255
19 29 211
19 30 30
19 31 68
19 32 97
19 33 249
19 35 86
19 41 175
19 42 232
19 44 262
19 45 85
19 50 190
19 51 236
19 53 60
19 55 223
19 58 119
19 60 138
19 61 267
19 64 249
19 65 40
19 67 83
19 68 258
19 70 186
19 75 77
19 76 259
19 77 48
19 81 132
19 82 249
19 90 18
19 95 306
19 98 171
20 21 95
20 27 117
20 29 230
20 30 61
20 32 143
20 33 133
20 39 230
20 41 240
20 43 250
20 44 11
20 45 50
20 48 64
20 49 156
20 51 255
20 52 124
20 55 182
20 56 49
20 59 303
20 60 157
20 62 318
20 66 245
20 68 71
20 69 198
20 70 279
20 75 53
20 77 109
20 84 245
20 85 100
20 86 19
20 87 273
20 90 195
20 99 128
20 100 296
21 25 123
21 26 65
21 30 30
21 31 77
21 32 316
21 34 29
21 35 135
21 37 184
21 39 63
21 40 314
21 44 174
21 48 114
21 50 237
21 51 199
21 52 39
21 57 184
21 59 195
21 61 147
21 64 54
21 68 176
21 72 283
21 75 305
21 76 12
21 78 194
21 80 287
21 86 128
21 87 312
21 88 113
21 92 189
21 93 316
21 94 28
21 95 104
21 97 246
21 99 220
22 25 183
22 27 99
22 29 309
22 35 155
22 36 311
22 38 75
22 41 167
22 46 187
22 47 257
22 48 242
22 49 18
22 50 114
22 53 111
22 54 82
22 56 227
22 57 255
22 59 304
22 61 243
22 62 258
22 63 54
22 64 6
22 65 105
22 66 262
22 68 220
22 69 145
22 74 5
22 77 33
22 78 278
22 79 206
22 80 252
22 81 170
22 84 317
22 87 69
22 89 68
22 90 197
22 91 182
22 94 271
23 26 153
23 27 285
23 30 50
23 32 266
23 34 147
23 37 84
23 38 301
23 40 119
23 42 227
23 45 88
23 50 85
23 51 158
23 55 143
23 59 209
23 61 84
23 67 260
23 69 175
23 70 295
23 71 96
23 74 208
23 82 175
23 84 134
23 86 53
23 87 44
23 88 271
23 90 78
23 93 286
23 95 113
23 96 146
23 100 24
24 26 153
24 27 256
24 35 151
24 36 141
24 39 179
24 40 169
24 45 137
24 46 44
24 49 287
24 50 3
24 51 191
24 52 135
24 53 39
24 57 226
24 58 8
24 61 126
24 65 88
24 66 207
24 68 292
24 69 32
24 71 186
24 73 183
24 76 45
24 83 301
24 85 60
24 86 128
24 87 63
24 89 215
24 93 140
24 97 185
24 100 293
25 27 58
25 30 22
25 31 104
25 32 229
25 34 284
25 37 34
25 41 229
25 44 125
25 50 313
25 51 85
25 53 319
25 54 266
25 57 280
25 58 166
25 59 312
25 66 277
25 69 95
25 71 263
25 72 133
25 76 223
25 77 312
25 87 232
25 90 199
25 93 319
25 94 299
25 99 314
26 28 55
26 29 6
26 30 312
26 33 116
26 35 223
26 38 60
26 41 227
26 42 170
26 43 152
26 50 19
26 51 77
26 52 59
26 53 235
26 59 55
26 60 261
26 61 258
26 67 158
26 68 149
26 70 162
26 72 206
26 73 313
26 80 109
26 81 154
26 82 210
26 85 14
26 88 25
26 90 234
26 92 218
26 99 275
27 30 141
27 32 77
27 37 116
27 38 148
27 39 240
27 41 216
27 45 175
27 58 261
27 60 109
27 61 128
27 62 26
27 66 319
27 67 261
27 72 192
27 73 37
27 75 288
27 78 52
27 80 306
27 82 11
27 83 118
27 85 245
27 89 163
27 94 20
27 95 247
27 96 37
27 97 31
27 98 114
27 99 229
27 100 135
28 30 95
28 36 87
28 39 205
28 41 194
28 45 291
28 46 89
28 51 155
28 55 240
28 57 132
28 58 193
28 60 44
28 61 286
28 62 17
28 66 166
28 67 108
28 69 115
28 71 51
28 72 52
28 75 319
28 76 66
28 78 261
28 79 258
28 80 237
28 82 50
28 89 271
28 90 311
28 93 187
28 94 197
28 98 132
28 100 217
29 30 26
29 33 193
29 36 228
29 37 313
29 39 279
29 41 224
29 43 122
29 44 284
29 47 312
29 49 220
29 50 95
29 51 155
29 52 265
29 55 240
29 56 141
29 60 277
29 61 279
29 63 1
29 64 186
29 67 39
29 69 162
29 72 200
29 74 312
29 78 88
29 79 247
29 80 234
29 83 52
29 96 172
29 100 159
30 31 50
30 32 130
30 34 141
30 35 186
30 36 272
30 37 247
30 40 107
30 43 36
30 46 149
30 47 78
30 49 73
30 51 69
30 54 30
30 62 255
30 63 273
30 64 210
30 65 311
30 68 46
30 69 33
30 70 264
30 71 80
30 72 188
30 73 183
30 74 1
30 79 133
30 83 3
30 87 222
30 88 300
30 90 9
30 95 239
30 96 160
30 98 31
30 100 269
31 33 164
31 34 157
31 36 92
31 37 283
31 38 255
31 41 281
31 44 303
31 46 208
31 49 140
31 51 264
31 61 176
31 63 97
31 64 206
31 66 308
31 67 186
31 68 171
31 69 213
31 70 211
31 72 179
31 77 218
31 80 286
31 81 285
31 82 168
31 84 229
31 85 118
31 88 64
31 92 56
31 97 63
31 98 133
32 33 7
32 35 52
32 41 116
32 46 254
32 48 111
32 49 19
32 55 43
32 56 148
32 69 264
32 71 58
32 73 101
32 76 60
32 78 192
32 79 69
32 81 22
32 82 234
32 83 158
32 90 148
32 94 283
32 95 42
32 96 134
32 97 297
32 98 82
33 35 240
33 42 306
33 43 311
33 47 190
33 49 189
33 53 156
33 54 166
33 58 119
33 61 45
33 63 260
33 72 206
33 74 222
33 81 138
33 85 149
33 86 120
33 89 244
33 90 283
33 91 74
33 93 296
33 94 71
33 95 147
33 97 1
33 99 307
34 35 196
34 37 79
34 38 308
34 40 229
34 42 142
34 43 79
34 44 32
34 47 165
34 48 202
34 55 70
34 57 8
34 60 129
34 63 173
34 64 315
34 66 165
34 70 306
34 71 88
34 72 289
34 73 152
34 76 155
34 77 13
34 79 41
34 81 239
34 88 281
34 93 152
34 96 109
35 36 34
35 37 167
35 38 102
35 39 224
35 40 156
35 44 180
35 47 288
35 50 116
35 52 193
35 54 1
35 55 26
35 56 218
35 58 185
35 63 82
35 64 320
35 67 285
35 68 30
35 74 131
35 75 242
35 79 84
35 80 124
35 81 167
35 82 286
35 84 189
35 85 124
35 89 314
35 90 74
35 92 188
35 93 73
35 95 203
35 98 158
35 99 255
35 100 213
36 38 12
36 40 296
36 41 11
36 42 189
36 44 6
36 46 158
36 48 72
36 51 75
36 52 317
36 53 312
36 58 216
36 59 102
36 60 291
36 62 269
36 65 49
36 68 317
36 70 98
36 71 106
36 74 177
36 77 238
36 86 270
36 87 166
36 88 248
36 89 276
36 90 182
36 93 281
36 96 231
36 98 236
36 99 294
37 39 198
37 40 300
37 41 76
37 46 304
37 47 76
37 50 270
37 55 285
37 56 244
37 57 305
37 58 184
37 63 35
37 64 158
37 67 115
37 69 69
37 71 31
37 76 71
37 79 2
37 81 178
37 83 287
37 84 120
37 86 96
37 87 1
37 88 309
37 90 204
37 91 115
37 93 106
37 94 225
37 95 78
37 96 95
37 97 196
37 98 141
37 99 162
38 39 11
38 40 179
38 41 55
38 42 249
38 43 234
38 47 260
38 48 134
38 50 288
38 53 126
38 56 60
38 57 141
38 58 66
38 60 15
38 61 210
38 63 260
38 66 52
38 68 41
38 69 265
38 74 303
38 77 190
38 79 107
38 85 256
38 86 99
38 87 219
38 89 202
38 90 320
38 91 92
38 97 235
39 43 100
39 54 266
39 58 184
39 59 140
39 60 313
39 61 229
39 65 306
39 70 120
39 72 63
39 74 166
39 75 205
39 76 157
39 78 270
39 81 295
39 82 103
39 83 120
39 86 295
39 87 276
39 88 195
39 90 133
39 93 126
39 96 73
39 97 5
39 99 242
40 45 282
40 51 188
40 52 60
40 53 66
40 58 283
40 60 7
40 61 312
40 63 299
40 64 183
40 67 114
40 70 285
40 73 156
40 77 231
40 80 77
40 81 243
40 83 316
40 86 47
40 87 278
40 88 35
40 89 87
40 90 18
40 91 312
40 92 216
40 93 56
40 95 102
40 96 169
40 99 121
40 100 44
41 42 237
41 49 289
41 55 154
41 56 167
41 57 132
41 59 59
41 61 255
41 63 79
41 64 74
41 68 3
41 73 159
41 74 256
41 77 86
41 79 76
41 80 36
41 81 269
41 82 17
41 83 306
41 84 110
41 85 61
41 89 82
41 90 320
41 91 11
41 95 144
41 99 300
42 43 45
42 46 219
42 50 175
42 52 1
42 54 111
42 55 317
42 58 49
42 63 110
42 65 294
42 70 197
42 71 124
42 72 133
42 73 210
42 74 15
42 77 12
42 78 158
42 79 59
42 80 293
42 86 301
42 88 192
42 89 260
42 94 181
42 97 58
42 99 292
42 100 48
43 44 263
43 46 241
43 47 318
43 49 115
43 52 109
43 54 106
43 55 178
43 62 319
43 63 163
43 68 202
43 74 56
43 76 233
43 81 48
43 83 25
43 90 258
43 93 39
43 94 251
43 97 151
43 98 144
43 99 286
43 100 242
44 46 236
44 48 98
44 49 106
44 51 287
44 52 121
44 54 312
44 55 54
44 61 227
44 62 140
44 63 254
44 64 63
44 67 45
44 68 313
44 69 318
44 70 281
44 76 242
44 77 37
44 84 216
44 85 229
44 87 161
44 88 159
44 89 145
44 91 232
44 93 52
44 94 291
44 96 304
44 97 45
44 98 191
44 100 299
45 47 200
45 48 58
45 50 109
45 54 188
45 58 6
45 59 179
45 64 271
45 65 191
45 74 159
45 76 194
45 77 100
45 78 63
45 80 89
45 85 78
45 88 185
45 93 239
45 94 218
45 95 271
45 99 31
46 49 199
46 55 276
46 56 14
46 57 316
46 58 255
46 66 253
46 69 151
46 72 173
46 73 259
46 75 36
46 80 204
46 83 121
46 85 46
46 88 165
46 90 192
46 100 24
47 49 62
47 53 312
47 54 85
47 55 215
47 59 214
47 62 173
47 63 303
47 65 73
47 66 32
47 67 295
47 68 105
47 70 250
47 71 122
47 72 215
47 73 293
47 75 276
47 82 35
47 88 67
47 89 260
47 91 127
47 93 3
47 94 75
47 96 227
47 97 317
47 98 81
48 49 320
48 54 101
48 56 107
48 58 117
48 61 200
48 63 144
48 70 205
48 71 73
48 73 220
48 75 85
48 76 74
48 80 22
48 84 20
48 87 196
48 88 306
48 90 115
48 91 92
48 92 8
48 93 186
48 96 29
48 99 67
49 55 106
49 57 250
49 60 231
49 61 180
49 66 94
49 69 268
49 71 199
49 74 33
49 75 96
49 77 161
49 79 234
49 85 123
49 87 54
49 89 84
49 90 91
49 92 11
49 93 233
49 94 178
49 96 227
49 97 279
49 99 38
49 100 273
50 61 291
50 66 191
50 68 89
50 70 190
50 76 4
50 79 93
50 83 302
50 85 91
50 91 180
50 95 222
50 97 239
51 52 70
51 55 151
51 56 4
51 57 286
51 59 145
51 63 115
51 65 165
51 66 291
51 70 176
51 83 139
51 84 309
51 85 223
51 88 178
51 91 247
51 92 123
51 93 279
51 94 121
51 95 282
51 96 135
51 97 300
51 98 156
51 99 87
51 100 84
52 53 24
52 54 20
52 55 38
52 56 183
52 62 307
52 67 234
52 69 182
52 71 252
52 79 85
52 81 254
52 86 11
52 88 46
52 91 254
52 92 318
52 95 320
52 97 38
52 98 114
52 99 314
52 100 79
53 55 65
53 58 254
53 61 110
53 69 134
53 70 114
53 74 131
53 80 57
53 82 28
53 84 36
53 89 168
53 90 305
53 91 12
53 92 76
53 96 19
53 98 280
53 99 82
54 57 114
54 58 11
54 59 15
54 65 21
54 67 65
54 68 178
54 71 226
54 76 201
54 78 105
54 79 145
54 81 229
54 82 31
54 85 208
54 86 170
54 87 217
54 88 221
54 89 221
54 91 113
54 92 42
54 93 260
54 95 157
54 97 124
54 98 152
55 59 302
55 60 178
55 61 149
55 62 315
55 67 207
55 68 56
55 74 133
55 75 102
55 76 2
55 84 232
55 89 59
55 91 304
55 92 29
55 94 313
55 95 227
55 96 312
55 97 179
55 99 251
55 100 124
56 57 67
56 58 203
56 59 229
56 60 12
56 64 170
56 66 120
56 67 317
56 74 290
56 77 134
56 78 108
56 82 111
56 83 128
56 87 156
56 88 263
56 89 181
56 93 299
56 94 148
56 97 46
56 98 235
56 99 226
57 58 178
57 59 120
57 60 275
57 61 60
57 63 289
57 65 5
57 68 244
57 69 161
57 74 247
57 75 176
57 76 11
57 78 251
57 79 301
57 80 252
57 82 79
57 84 151
57 88 154
57 91 109
57 93 191
57 94 246
57 96 6
58 60 284
58 61 261
58 68 285
58 71 193
58 73 181
58 74 190
58 77 149
58 81 136
58 84 172
58 85 196
58 89 163
58 90 302
58 93 147
58 95 153
58 98 191
59 62 196
59 64 269
59 66 230
59 68 79
59 70 208
59 71 69
59 75 74
59 77 157
59 79 107
59 88 146
59 97 292
60 62 46
60 64 36
60 66 117
60 69 9
60 72 170
60 76 95
60 77 248
60 79 302
60 80 165
60 84 65
60 88 129
60 90 221
60 92 211
60 98 275
60 99 7
60 100 73
61 62 284
61 63 3
61 67 48
61 69 304
61 70 309
61 71 215
61 72 90
61 73 123
61 78 119
61 79 193
61 80 258
61 84 163
61 88 96
61 90 301
61 91 134
61 95 56
61 99 232
61 100 40
62 64 269
62 67 100
62 69 66
62 70 2
62 71 143
62 74 52
62 75 298
62 78 113
62 79 134
62 81 107
62 82 202
62 84 295
62 92 243
62 93 76
62 96 95
62 97 268
63 65 8
63 67 182
63 68 297
63 71 112
63 74 305
63 75 118
63 78 125
63 79 197
63 80 291
63 81 318
63 82 74
63 85 61
63 86 81
63 93 174
63 95 290
63 97 227
63 100 239
64 65 28
64 66 79
64 70 312
64 71 316
64 76 91
64 78 71
64 81 188
64 86 263
64 89 61
64 95 199
64 97 232
64 98 192
65 71 131
65 77 192
65 78 236
65 87 315
65 91 189
65 92 44
65 93 98
65 96 111
65 98 180
65 100 180
66 67 135
66 68 139
66 70 320
66 71 58
66 72 154
66 75 260
66 77 125
66 79 239
66 82 87
66 84 123
66 85 301
66 86 42
66 90 9
66 95 207
66 96 239
66 97 298
67 68 138
67 74 115
67 77 188
67 78 276
67 80 236
67 84 261
67 87 73
67 90 316
67 91 138
67 96 200
68 69 142
68 71 255
68 74 156
68 77 48
68 78 9
68 79 316
68 81 169
68 82 156
68 85 4
68 96 63
68 99 178
69 72 150
69 73 215
69 78 296
69 79 261
69 80 262
69 90 177
69 95 287
69 97 64
70 71 20
70 73 33
70 74 168
70 75 186
70 77 191
70 80 83
70 86 123
70 87 283
70 89 61
70 91 263
70 95 183
70 97 19
71 72 257
71 73 85
71 75 203
71 77 201
71 78 254
71 79 168
71 82 132
71 83 273
71 86 78
71 87 221
71 88 155
71 89 135
71 90 134
71 91 247
71 93 160
71 95 128
71 96 257
71 99 315
72 73 133
72 74 234
72 80 91
72 82 86
72 83 149
72 85 88
72 91 104
72 96 251
72 97 148
72 99 227
73 76 166
73 78 149
73 83 120
73 84 261
73 85 58
73 87 222
73 89 98
73 93 318
73 97 21
73 98 130
74 75 218
74 78 210
74 80 36
74 81 228
74 86 319
74 94 170
74 99 192
75 78 8
75 80 312
75 81 203
75 84 83
75 87 291
75 89 225
75 90 312
75 91 83
75 92 279
75 94 85
75 98 185
75 99 177
76 78 65
76 79 227
76 80 90
76 83 236
76 84 238
76 86 35
76 87 308
76 88 137
76 89 289
76 91 261
76 94 253
76 95 55
76 97 66
76 99 48
76 100 192
77 79 32
77 82 217
77 86 133
77 88 221
77 89 147
77 90 43
77 94 107
77 96 26
77 100 188
78 85 268
78 89 52
78 91 32
78 96 153
79 80 250
79 83 293
79 89 129
79 92 136
79 93 129
79 95 274
79 96 294
79 97 107
79 98 188
80 82 238
80 83 318
80 85 275
80 91 2
80 92 54
80 96 69
80 98 14
81 87 201
81 90 277
81 94 27
81 99 1
81 100 254
82 83 188
82 84 3
82 87 79
82 88 177
82 91 70
82 95 119
82 97 68
82 99 112
83 85 76
83 86 299
83 87 115
83 89 272
83 90 26
83 92 95
83 93 213
83 94 150
83 95 249
84 92 169
84 96 72
84 97 304
84 98 10
84 99 287
84 100 126
85 87 169
85 89 313
85 90 166
85 92 12
85 93 242
85 97 167
86 88 106
86 90 172
86 91 269
86 92 58
86 94 196
86 96 110
86 98 144
86 99 20
87 89 154
87 92 3
87 94 103
87 95 63
87 99 107
87 100 145
88 89 311
88 90 249
88 92 142
88 93 18
88 94 70
88 95 11
88 96 49
88 99 106
89 93 293
89 95 57
89 97 87
89 98 91
89 100 76
90 92 162
90 97 58
90 98 287
91 92 15
91 93 274
91 95 209
91 96 105
91 98 124
91 99 159
91 100 264
92 94 38
92 96 230
92 98 84
93 94 98
93 95 132
93 96 161
93 98 101
93 99 318
94 96 241
94 98 234
94 100 65
95 96 146
95 97 106
95 99 64
96 98 36
96 100 309
97 98 261
97 100 315
98 99 156
99 100 10
