400 8042
1 8 1
1 14 2
1 17 4
1 33 5
1 65 3
1 67 4
1 83 4
1 90 3
1 103 4
1 107 4
1 119 1
1 121 4
1 129 2
1 133 4
1 166 4
1 182 2
1 198 4
1 213 3
1 223 5
1 244 5
1 247 1
1 248 5
1 267 4
1 268 4
1 274 2
1 276 2
1 279 4
1 280 1
1 291 4
1 296 5
1 297 1
1 299 4
1 310 3
1 322 3
1 326 5
1 337 4
1 351 2
1 355 2
1 373 1
1 374 2
1 376 4
1 380 3
1 386 4
1 388 2
1 389 2
1 390 1
1 399 1
2 13 3
2 15 1
2 23 5
2 55 5
2 59 5
2 60 5
2 63 4
2 70 3
2 72 5
2 80 4
2 84 5
2 85 3
2 90 5
2 94 2
2 103 4
2 109 5
2 117 1
2 122 1
2 125 1
2 127 2
2 133 1
2 138 1
2 144 1
2 155 4
2 166 1
2 171 5
2 226 4
2 233 2
2 244 2
2 246 2
2 260 3
2 271 5
2 273 3
2 279 5
2 280 3
2 281 5
2 296 1
2 313 1
2 315 1
2 323 1
2 324 2
2 344 5
2 376 3
3 15 4
3 20 1
3 22 2
3 51 5
3 53 2
3 63 1
3 67 1
3 91 3
3 93 2
3 102 1
3 110 5
3 112 5
3 124 4
3 128 1
3 130 2
3 132 2
3 134 5
3 148 4
3 175 4
3 179 3
3 196 5
3 204 2
3 219 4
3 221 5
3 231 4
3 242 4
3 243 1
3 246 5
3 262 4
3 272 4
3 274 3
3 277 5
3 279 3
3 280 4
3 285 4
3 298 5
3 310 5
3 320 4
3 341 5
3 347 1
3 361 3
3 369 3
3 375 1
3 377 5
3 391 4
3 397 1
3 400 5
4 5 5
4 46 5
4 52 5
4 53 3
4 80 1
4 84 2
4 87 1
4 103 5
4 118 3
4 124 2
4 128 1
4 132 3
4 136 1
4 138 4
4 161 3
4 174 4
4 193 1
4 196 5
4 216 1
4 223 4
4 233 1
4 248 1
4 258 4
4 283 5
4 298 3
4 323 5
4 333 4
4 376 5
4 400 2
5 9 2
5 27 5
5 29 2
5 33 3
5 38 4
5 41 2
5 42 4
5 49 4
5 63 2
5 108 3
5 112 3
5 117 4
5 126 2
5 131 3
5 147 5
5 166 2
5 167 4
5 170 4
5 176 5
5 187 1
5 207 3
5 223 1
5 228 4
5 258 1
5 264 4
5 265 3
5 291 4
5 300 3
5 305 4
5 312 2
5 318 4
5 342 2
5 352 4
5 361 3
5 369 3
5 382 3
5 386 5
5 399 3
6 13 1
6 20 5
6 31 2
6 42 5
6 49 2
6 53 5
6 59 2
6 68 2
6 74 1
6 88 4
6 91 4
6 93 5
6 103 2
6 116 2
6 120 4
6 123 1
6 128 3
6 131 2
6 173 5
6 175 5
6 178 2
6 184 2
6 190 5
6 194 1
6 195 2
6 196 3
6 219 3
6 243 3
6 248 5
6 251 3
6 260 1
6 261 3
6 265 2
6 270 1
6 276 4
6 277 1
6 280 5
6 292 5
6 303 4
6 314 3
6 338 2
6 340 4
6 359 4
6 378 3
6 386 4
6 387 4
7 13 2
7 23 1
7 27 3
7 35 1
7 78 2
7 79 5
7 83 1
7 93 4
7 98 3
7 99 2
7 109 1
7 132 1
7 143 5
7 176 2
7 187 2
7 195 3
7 241 3
7 242 5
7 246 4
7 270 3
7 272 3
7 275 5
7 277 4
7 299 3
7 301 3
7 313 1
7 349 2
7 370 1
7 373 3
8 29 1
8 44 2
8 46 1
8 59 2
8 89 4
8 103 5
8 106 4
8 112 5
8 129 3
8 168 2
8 173 2
8 184 5
8 191 5
8 209 1
8 210 2
8 217 2
8 223 2
8 236 5
8 244 1
8 250 4
8 275 5
8 288 5
8 308 3
8 334 4
8 346 2
8 352 3
8 360 2
8 361 5
8 363 4
8 366 4
8 369 2
8 370 3
8 380 3
8 386 4
8 397 2
9 11 4
9 21 4
9 27 1
9 41 1
9 43 5
9 63 4
9 65 2
9 67 3
9 71 1
9 73 2
9 82 2
9 92 1
9 94 1
9 96 4
9 119 2
9 121 1
9 129 4
9 155 5
9 173 2
9 179 4
9 183 3
9 185 2
9 189 4
9 209 3
9 225 3
9 246 1
9 279 5
9 288 2
9 297 4
9 300 5
9 328 4
9 336 2
9 368 5
9 372 2
9 373 2
9 378 5
9 386 4
9 393 5
9 394 3
9 396 1
10 12 3
10 19 4
10 27 1
10 32 2
10 37 5
10 42 1
10 55 4
10 68 1
10 84 1
10 91 4
10 94 2
10 103 3
10 113 3
10 124 5
10 132 3
10 134 1
10 139 3
10 151 3
10 162 2
10 165 2
10 175 1
10 180 3
10 188 2
10 197 5
10 207 5
10 217 2
10 218 3
10 227 2
10 278 1
10 279 3
10 299 2
10 309 2
10 317 2
10 326 3
10 339 5
10 341 4
10 353 3
10 364 5
10 365 3
10 371 5
10 378 3
10 384 2
11 20 2
11 32 3
11 40 1
11 51 5
11 85 3
11 113 1
11 116 4
11 117 5
11 130 4
11 132 3
11 143 2
11 160 4
11 162 1
11 171 1
11 184 4
11 188 3
11 189 2
11 215 4
11 227 1
11 232 3
11 235 4
11 255 1
11 266 1
11 269 3
11 272 1
11 283 1
11 289 2
11 299 5
11 302 1
11 346 4
11 347 3
11 354 2
12 22 2
12 36 3
12 39 5
12 45 3
12 68 3
12 77 3
12 90 3
12 102 1
12 103 2
12 107 1
12 117 1
12 142 4
12 159 1
12 167 2
12 179 4
12 203 3
12 212 4
12 219 4
12 220 5
12 221 4
12 225 1
12 227 5
12 258 2
12 260 4
12 275 4
12 285 5
12 288 2
12 324 2
12 334 4
12 338 1
12 340 2
12 343 2
12 349 5
12 352 4
12 362 4
12 384 2
12 391 1
12 395 1
13 19 2
13 23 5
13 48 3
13 92 3
13 96 4
13 105 2
13 111 2
13 112 2
13 113 1
13 117 4
13 121 1
13 126 2
13 134 1
13 139 4
13 141 2
13 174 1
13 188 2
13 194 1
13 201 2
13 226 2
13 227 5
13 229 4
13 240 4
13 243 5
13 244 4
13 249 2
13 250 2
13 251 5
13 253 4
13 258 3
13 282 5
13 284 1
13 285 2
13 288 1
13 297 5
13 340 4
13 352 1
13 353 1
13 358 5
13 360 3
13 371 5
13 372 3
13 378 5
14 27 2
14 39 2
14 53 5
14 56 5
14 66 2
14 72 1
14 73 5
14 89 5
14 96 1
14 102 4
14 111 2
14 115 2
14 119 2
14 123 5
14 124 2
14 127 1
14 128 3
14 135 5
14 155 4
14 162 1
14 164 1
14 178 4
14 211 3
14 213 2
14 224 4
14 230 3
14 231 5
14 242 3
14 243 3
14 248 2
14 256 2
14 273 4
14 278 4
14 279 1
14 288 1
14 293 1
14 308 4
14 323 1
14 327 5
14 356 5
14 360 2
14 368 2
14 378 5
15 43 1
15 52 3
15 53 3
15 55 2
15 59 2
15 89 1
15 91 1
15 101 2
15 114 3
15 134 4
15 151 2
15 152 3
15 155 5
15 170 3
15 172 3
15 174 2
15 177 4
15 201 5
15 207 5
15 211 5
15 239 5
15 247 3
15 259 5
15 286 3
15 305 3
15 311 3
15 327 1
15 328 1
15 330 1
15 346 1
15 350 2
15 363 5
15 376 1
16 27 2
16 49 1
16 123 1
16 148 3
16 155 3
16 164 4
16 171 4
16 175 5
16 176 4
16 177 4
16 191 4
16 193 2
16 196 4
16 204 1
16 219 4
16 224 2
16 246 1
16 251 3
16 276 3
16 282 4
16 292 5
16 297 2
16 303 3
16 313 1
16 317 3
16 327 1
16 337 2
16 350 4
16 354 4
16 372 3
16 376 4
16 390 4
17 36 3
17 38 1
17 41 4
17 73 5
17 76 1
17 92 4
17 93 3
17 104 2
17 118 4
17 120 2
17 125 4
17 129 4
17 132 1
17 146 4
17 161 1
17 168 2
17 177 5
17 179 5
17 192 1
17 199 2
17 207 2
17 233 4
17 237 3
17 269 4
17 275 2
17 277 5
17 287 3
17 293 3
17 300 4
17 305 5
17 307 3
17 321 4
17 323 1
17 342 5
17 359 5
17 368 1
17 379 3
17 394 1
18 26 4
18 40 2
18 79 2
18 109 4
18 112 2
18 124 1
18 127 5
18 134 5
18 146 4
18 156 4
18 158 3
18 159 4
18 186 5
18 202 3
18 220 2
18 221 4
18 238 5
18 246 4
18 252 2
18 255 5
18 268 2
18 278 2
18 284 2
18 297 1
18 298 5
18 307 2
18 322 1
18 330 3
18 356 4
18 375 3
18 385 3
18 390 5
19 37 1
19 41 3
19 42 3
19 45 1
19 47 5
19 52 4
19 75 5
19 78 2
19 80 3
19 82 5
19 88 2
19 101 3
19 121 3
19 136 4
19 156 5
19 171 1
19 173 1
19 175 5
19 202 1
19 208 4
19 237 1
19 251 5
19 260 1
19 262 4
19 276 4
19 288 2
19 296 2
19 304 4
19 305 4
19 327 5
19 339 1
19 351 5
19 360 4
19 361 3
19 365 5
19 370 5
19 376 1
19 382 4
19 385 1
19 398 2
20 21 5
20 24 4
20 58 4
20 61 1
20 79 4
20 80 1
20 82 1
20 85 4
20 87 5
20 102 1
20 105 1
20 108 1
20 112 1
20 115 5
20 124 5
20 125 4
20 132 5
20 134 1
20 137 1
20 138 1
20 141 1
20 149 2
20 155 1
20 161 2
20 162 4
20 167 4
20 170 2
20 172 4
20 174 2
20 190 2
20 211 2
20 212 1
20 213 4
20 219 1
20 220 4
20 221 5
20 222 2
20 228 1
20 231 1
20 239 5
20 244 1
20 255 2
20 266 2
20 286 2
20 294 1
20 312 3
20 347 2
20 352 5
20 367 3
20 391 4
20 393 5
21 23 3
21 26 2
21 34 5
21 39 3
21 48 3
21 54 1
21 55 1
21 59 5
21 61 3
21 65 1
21 69 5
21 79 2
21 81 2
21 84 3
21 85 5
21 105 4
21 107 2
21 112 3
21 117 4
21 123 4
21 124 4
21 133 5
21 140 5
21 144 1
21 147 3
21 153 1
21 167 5
21 177 3
21 188 3
21 198 3
21 200 4
21 206 1
21 210 1
21 217 3
21 219 5
21 221 4
21 285 5
21 289 3
21 292 3
21 306 4
21 308 5
21 318 3
21 321 4
21 324 5
21 344 3
21 353 1
21 357 3
21 370 3
21 373 5
21 375 1
21 382 5
21 388 5
21 395 5
22 28 1
22 32 3
22 39 5
22 45 5
22 46 2
22 47 1
22 52 2
22 63 2
22 64 5
22 66 1
22 69 1
22 87 3
22 88 2
22 91 5
22 93 3
22 130 5
22 136 4
22 174 5
22 189 4
22 200 1
22 203 1
22 211 5
22 215 2
22 250 1
22 255 4
22 265 1
22 271 3
22 279 2
22 286 1
22 299 1
22 303 3
22 330 2
22 331 1
22 335 5
22 342 4
22 362 3
22 378 1
22 385 3
22 393 2
23 25 2
23 41 1
23 42 3
23 46 1
23 71 3
23 76 3
23 77 5
23 79 4
23 85 4
23 86 4
23 87 2
23 89 4
23 93 4
23 107 5
23 115 1
23 117 5
23 161 1
23 168 1
23 169 5
23 171 4
23 181 5
23 194 4
23 197 1
23 205 3
23 209 1
23 211 2
23 217 2
23 236 5
23 243 5
23 256 1
23 261 5
23 263 4
23 297 4
23 306 4
23 316 3
23 325 5
23 333 5
23 347 1
23 355 2
23 365 2
23 369 5
23 372 5
23 374 2
23 384 4
23 388 5
24 25 2
24 29 2
24 47 3
24 55 4
24 69 4
24 80 3
24 91 3
24 111 1
24 137 4
24 153 3
24 161 1
24 168 5
24 170 4
24 194 3
24 202 2
24 205 1
24 211 1
24 219 4
24 225 1
24 228 3
24 231 2
24 258 1
24 259 5
24 291 2
24 296 3
24 307 2
24 319 2
24 320 2
24 346 1
24 351 5
24 371 3
24 385 3
24 394 3
24 399 5
24 400 1
25 56 3
25 59 1
25 71 1
25 72 3
25 79 1
25 124 2
25 131 4
25 146 5
25 169 2
25 182 1
25 200 1
25 218 1
25 232 2
25 243 2
25 255 1
25 266 4
25 273 4
25 283 4
25 288 3
25 290 5
25 303 4
25 312 2
25 319 2
25 325 5
25 326 4
25 329 3
25 330 2
25 332 1
25 339 1
25 352 5
25 372 3
25 373 4
25 379 1
25 380 5
25 388 3
25 392 5
26 46 2
26 47 4
26 61 2
26 79 4
26 98 3
26 101 4
26 105 1
26 136 5
26 168 1
26 204 1
26 225 1
26 227 1
26 229 1
26 237 5
26 265 1
26 270 5
26 272 2
26 277 4
26 294 2
26 295 2
26 320 3
26 333 2
26 335 5
26 354 1
26 379 3
26 380 1
26 388 5
26 398 3
27 29 5
27 35 2
27 38 5
27 51 3
27 58 1
27 67 4
27 72 1
27 82 2
27 85 3
27 92 3
27 93 3
27 96 3
27 117 2
27 118 5
27 128 5
27 129 5
27 137 3
27 138 2
27 139 4
27 152 5
27 158 3
27 167 1
27 171 2
27 176 5
27 196 5
27 216 5
27 240 4
27 241 1
27 252 4
27 255 5
27 270 2
27 273 2
27 293 5
27 316 1
27 325 1
27 338 3
27 340 3
27 369 3
27 388 2
27 393 1
28 60 3
28 67 2
28 77 1
28 78 3
28 89 4
28 91 4
28 96 2
28 101 3
28 110 3
28 141 3
28 148 1
28 169 3
28 216 5
28 219 5
28 227 1
28 228 2
28 243 5
28 255 2
28 264 5
28 268 1
28 271 5
28 282 5
28 288 1
28 289 4
28 303 5
28 307 4
28 309 1
28 323 4
28 324 3
28 328 2
28 347 4
28 374 3
28 389 2
28 400 1
29 33 3
29 36 1
29 55 2
29 58 2
29 68 1
29 70 5
29 96 3
29 113 5
29 119 5
29 121 3
29 128 3
29 132 2
29 137 5
29 164 1
29 195 4
29 208 1
29 214 3
29 224 2
29 228 1
29 234 5
29 246 1
29 261 5
29 262 2
29 263 2
29 267 5
29 272 4
29 275 4
29 280 4
29 286 1
29 287 1
29 302 2
29 332 5
29 350 3
29 363 5
29 376 4
29 378 4
29 381 1
29 382 2
29 389 3
30 73 1
30 93 5
30 96 4
30 99 3
30 136 3
30 138 3
30 153 3
30 181 2
30 199 4
30 220 1
30 226 2
30 229 5
30 237 1
30 241 2
30 242 2
30 282 5
30 296 2
30 298 5
30 305 1
30 308 2
30 311 2
30 312 4
30 340 2
30 341 4
30 349 4
30 350 5
30 355 4
30 366 3
30 389 1
31 32 3
31 54 5
31 55 3
31 57 1
31 64 4
31 70 3
31 75 2
31 78 5
31 79 2
31 85 5
31 88 4
31 92 2
31 99 4
31 115 3
31 127 3
31 149 5
31 156 3
31 166 5
31 167 5
31 168 4
31 170 5
31 176 4
31 178 1
31 182 3
31 183 1
31 189 4
31 190 1
31 199 3
31 207 4
31 209 3
31 224 4
31 235 4
31 239 3
31 240 1
31 244 1
31 253 5
31 266 5
31 268 3
31 277 2
31 295 5
31 307 3
31 308 2
31 319 5
31 323 1
31 328 1
31 352 4
31 365 1
31 370 4
31 373 1
31 374 2
31 380 3
31 390 4
32 37 1
32 43 1
32 76 1
32 87 3
32 101 5
32 118 2
32 120 4
32 121 1
32 126 4
32 130 1
32 131 1
32 157 3
32 180 2
32 195 3
32 202 3
32 233 5
32 244 2
32 248 4
32 255 1
32 261 5
32 264 3
32 286 5
32 287 1
32 301 1
32 308 4
32 309 4
32 323 5
32 335 3
32 340 2
32 385 1
32 386 3
32 387 4
33 59 2
33 61 4
33 71 1
33 89 5
33 96 5
33 101 5
33 104 2
33 116 4
33 144 2
33 162 2
33 163 5
33 167 5
33 176 5
33 187 3
33 201 1
33 212 3
33 215 3
33 217 4
33 221 4
33 223 4
33 230 5
33 231 1
33 237 5
33 244 5
33 245 1
33 251 5
33 267 4
33 301 1
33 306 2
33 313 1
33 317 5
33 320 2
33 323 5
33 327 3
33 340 3
33 351 4
33 363 2
33 369 4
33 375 4
33 379 4
33 386 3
33 390 2
34 35 1
34 36 5
34 39 1
34 47 5
34 51 3
34 57 1
34 70 4
34 71 3
34 75 4
34 80 5
34 118 3
34 129 3
34 130 4
34 133 4
34 134 5
34 145 2
34 164 4
34 165 5
34 166 4
34 173 1
34 175 5
34 176 2
34 183 3
34 193 3
34 201 2
34 204 2
34 216 4
34 221 2
34 233 1
34 248 1
34 254 5
34 256 3
34 268 5
34 273 5
34 306 4
34 310 3
34 317 1
34 322 1
34 326 3
34 331 4
34 351 3
34 365 5
34 371 1
34 376 5
34 378 5
34 380 3
34 381 1
34 384 4
34 387 5
35 36 2
35 42 3
35 45 3
35 53 2
35 55 3
35 57 5
35 68 5
35 78 2
35 80 4
35 85 5
35 101 4
35 145 5
35 168 2
35 170 1
35 173 3
35 184 2
35 185 4
35 186 5
35 200 4
35 204 5
35 205 2
35 208 4
35 218 5
35 220 5
35 238 5
35 250 2
35 252 4
35 256 1
35 268 3
35 270 3
35 273 1
35 286 1
35 315 3
35 316 1
35 324 1
35 336 4
35 349 5
35 361 1
35 373 1
35 376 5
35 377 5
36 73 3
36 87 5
36 102 1
36 104 5
36 107 4
36 113 2
36 114 2
36 119 5
36 123 2
36 128 4
36 138 1
36 143 5
36 151 1
36 168 1
36 169 5
36 170 1
36 176 4
36 180 3
36 192 3
36 196 4
36 205 5
36 208 2
36 212 1
36 226 4
36 240 3
36 259 3
36 263 4
36 271 4
36 277 5
36 292 3
36 298 4
36 311 2
36 337 3
36 362 1
36 372 2
36 381 3
37 38 2
37 40 4
37 72 5
37 81 3
37 82 4
37 88 4
37 89 1
37 93 1
37 94 2
37 103 3
37 115 3
37 122 4
37 132 2
37 142 5
37 151 4
37 168 1
37 180 2
37 188 2
37 198 5
37 203 3
37 206 1
37 208 4
37 231 1
37 234 1
37 251 1
37 253 2
37 259 1
37 265 3
37 274 5
37 282 1
37 284 3
37 290 3
37 307 5
37 312 4
37 320 3
37 344 1
37 345 4
37 347 3
37 348 2
37 363 1
37 369 3
37 372 5
37 390 4
38 54 1
38 63 3
38 68 3
38 69 5
38 76 3
38 83 4
38 85 1
38 101 3
38 123 3
38 133 3
38 139 3
38 162 2
38 170 2
38 191 2
38 194 4
38 202 2
38 204 1
38 227 4
38 239 1
38 240 5
38 242 1
38 243 3
38 251 5
38 269 5
38 296 2
38 298 5
38 302 5
38 314 1
38 316 4
38 324 4
38 330 5
38 341 2
38 345 1
38 364 3
39 40 4
39 42 5
39 44 3
39 45 2
39 46 4
39 54 5
39 55 5
39 82 5
39 94 4
39 96 4
39 97 5
39 107 1
39 109 2
39 110 4
39 112 3
39 161 2
39 171 2
39 172 3
39 175 5
39 177 1
39 193 3
39 205 3
39 224 4
39 228 5
39 239 5
39 241 3
39 244 1
39 245 5
39 252 4
39 261 2
39 265 3
39 266 2
39 272 4
39 279 3
39 285 5
39 294 4
39 305 1
39 329 3
39 341 5
39 343 2
39 359 4
39 360 5
39 386 2
39 394 1
40 64 4
40 82 4
40 96 3
40 100 2
40 105 5
40 106 1
40 111 2
40 119 4
40 141 5
40 165 3
40 170 4
40 205 5
40 219 3
40 235 3
40 238 5
40 249 1
40 256 5
40 257 4
40 278 2
40 285 3
40 292 2
40 297 1
40 303 5
40 311 5
40 313 5
40 326 2
40 331 2
40 361 3
40 366 1
40 369 5
40 371 1
40 400 2
41 48 3
41 49 5
41 58 1
41 63 2
41 71 3
41 101 4
41 112 4
41 121 3
41 141 1
41 144 2
41 152 5
41 160 1
41 173 5
41 182 2
41 195 2
41 199 4
41 205 3
41 235 3
41 237 1
41 240 2
41 241 4
41 256 5
41 257 3
41 261 2
41 263 3
41 275 5
41 283 1
41 284 4
41 296 1
41 301 4
41 305 2
41 324 3
41 335 4
41 341 2
41 382 5
41 393 4
41 398 5
41 400 4
42 81 4
42 98 4
42 112 4
42 133 3
42 140 4
42 151 4
42 181 1
42 201 3
42 207 1
42 216 3
42 229 2
42 241 1
42 250 1
42 268 4
42 274 3
42 286 3
42 309 1
42 320 1
42 322 3
42 348 5
42 360 4
42 377 5
42 380 1
43 50 2
43 57 4
43 58 5
43 70 4
43 109 1
43 110 5
43 131 1
43 136 3
43 154 1
43 158 4
43 163 1
43 184 2
43 185 4
43 187 4
43 189 2
43 195 3
43 210 5
43 219 4
43 236 1
43 268 3
43 273 4
43 275 3
43 281 4
43 298 2
43 299 1
43 301 1
43 310 3
43 314 4
43 320 1
43 339 3
43 348 2
43 355 2
43 369 5
43 381 1
43 385 1
43 387 5
43 388 5
44 69 2
44 85 5
44 92 2
44 99 5
44 122 5
44 134 5
44 140 2
44 168 2
44 173 2
44 184 3
44 192 1
44 202 4
44 214 5
44 219 3
44 240 5
44 256 2
44 282 5
44 287 4
44 298 3
44 303 2
44 304 3
44 310 1
44 313 5
44 332 2
44 339 4
44 351 2
44 375 5
44 396 5
45 55 4
45 56 4
45 63 1
45 69 2
45 93 2
45 102 2
45 108 4
45 113 3
45 123 2
45 132 4
45 140 1
45 149 1
45 151 5
45 156 4
45 171 4
45 212 2
45 213 1
45 238 3
45 250 1
45 273 2
45 281 1
45 284 1
45 288 2
45 289 4
45 290 3
45 291 5
45 292 3
45 294 3
45 305 5
45 315 5
45 317 4
45 330 2
45 339 4
45 345 5
45 351 3
45 359 5
45 361 1
45 365 3
45 370 3
45 375 4
45 383 5
45 390 5
45 391 3
45 396 5
46 63 5
46 64 1
46 78 2
46 86 2
46 100 4
46 111 1
46 119 2
46 121 4
46 135 1
46 137 4
46 138 5
46 140 3
46 154 2
46 168 2
46 175 5
46 182 4
46 183 5
46 187 5
46 194 5
46 205 2
46 220 4
46 221 2
46 227 5
46 240 1
46 241 2
46 251 5
46 257 4
46 268 5
46 269 3
46 281 5
46 290 4
46 293 4
46 298 2
46 315 4
46 324 3
46 338 4
46 339 2
46 366 4
46 372 1
46 382 1
47 61 2
47 73 2
47 84 4
47 89 5
47 95 4
47 96 2
47 97 2
47 100 1
47 102 2
47 124 3
47 148 1
47 156 5
47 157 2
47 162 3
47 171 1
47 177 5
47 178 4
47 220 2
47 237 4
47 241 4
47 242 5
47 304 4
47 358 5
47 359 2
47 363 4
47 367 1
47 370 2
47 371 2
47 372 1
47 373 2
48 52 2
48 57 3
48 60 5
48 61 2
48 63 3
48 66 1
48 69 5
48 77 5
48 86 3
48 113 1
48 116 4
48 127 1
48 132 3
48 155 5
48 169 3
48 199 2
48 206 2
48 219 2
48 227 3
48 236 2
48 250 3
48 258 1
48 262 3
48 263 5
48 268 5
48 269 5
48 272 1
48 273 4
48 276 4
48 279 5
48 287 4
48 322 1
48 328 2
48 345 5
48 357 4
48 390 4
48 392 2
48 396 1
49 77 2
49 79 5
49 84 3
49 90 5
49 126 2
49 137 1
49 144 3
49 149 1
49 167 2
49 186 2
49 192 4
49 195 1
49 198 2
49 207 4
49 213 3
49 214 1
49 215 5
49 228 4
49 237 1
49 242 4
49 260 3
49 270 1
49 277 1
49 285 4
49 287 1
49 296 5
49 305 1
49 327 4
49 333 1
49 348 5
49 372 3
49 374 4
50 82 1
50 84 5
50 105 5
50 115 2
50 119 3
50 126 4
50 139 3
50 151 3
50 160 5
50 173 1
50 174 1
50 188 5
50 202 1
50 209 3
50 213 5
50 215 3
50 218 4
50 242 4
50 251 5
50 252 1
50 254 5
50 261 4
50 266 5
50 280 2
50 297 2
50 299 5
50 326 4
50 328 4
50 334 3
50 348 4
50 354 3
50 357 5
50 370 5
50 380 1
50 390 5
50 391 4
50 395 1
51 64 3
51 81 4
51 91 2
51 92 3
51 95 4
51 107 3
51 109 2
51 114 4
51 128 4
51 134 1
51 140 3
51 145 2
51 152 1
51 157 2
51 161 5
51 166 1
51 174 3
51 180 3
51 181 1
51 184 2
51 185 3
51 198 1
51 216 3
51 228 4
51 231 5
51 239 3
51 245 1
51 258 3
51 277 4
51 278 1
51 303 5
51 323 5
51 352 2
51 368 2
51 370 3
51 374 2
52 61 2
52 62 3
52 63 5
52 137 1
52 149 1
52 157 4
52 160 5
52 163 1
52 168 5
52 204 2
52 218 5
52 222 1
52 241 4
52 247 3
52 256 3
52 268 5
52 287 1
52 294 2
52 297 5
52 304 4
52 315 1
52 318 2
52 319 3
52 340 4
52 369 2
52 381 2
52 382 2
52 399 3
53 71 3
53 74 1
53 95 4
53 108 3
53 113 5
53 125 3
53 133 4
53 159 1
53 177 5
53 182 4
53 191 3
53 199 1
53 201 5
53 204 5
53 209 3
53 215 1
53 230 4
53 239 1
53 242 4
53 256 4
53 269 1
53 276 2
53 290 3
53 291 4
53 317 2
53 319 3
53 340 2
53 350 1
53 356 4
53 362 2
53 392 4
53 395 3
54 63 3
54 78 3
54 93 1
54 98 3
54 134 1
54 139 1
54 140 4
54 142 3
54 144 5
54 150 1
54 154 3
54 187 2
54 195 1
54 196 5
54 205 2
54 207 2
54 230 5
54 237 2
54 245 4
54 246 1
54 263 2
54 267 2
54 269 3
54 278 2
54 283 1
54 303 1
54 310 2
54 314 4
54 320 5
54 328 1
54 330 4
54 335 1
54 336 2
54 367 1
54 368 5
54 373 3
54 382 1
54 400 3
55 59 3
55 62 3
55 66 5
55 70 2
55 85 1
55 94 3
55 123 5
55 131 3
55 133 1
55 154 2
55 176 5
55 177 2
55 182 4
55 184 4
55 188 5
55 208 4
55 246 2
55 255 4
55 260 3
55 279 5
55 297 5
55 299 5
55 301 1
55 311 5
55 324 3
55 326 1
55 344 2
55 361 5
55 366 1
55 380 5
55 390 5
55 397 1
55 400 5
56 58 1
56 61 4
56 64 3
56 67 5
56 75 5
56 86 1
56 102 5
56 124 3
56 129 5
56 150 5
56 159 2
56 179 2
56 187 3
56 194 5
56 199 2
56 211 4
56 215 5
56 223 1
56 228 4
56 231 5
56 239 5
56 248 4
56 257 4
56 258 1
56 275 1
56 276 3
56 281 4
56 291 5
56 293 3
56 313 3
56 316 3
56 323 3
56 327 3
56 340 4
56 352 1
56 358 2
56 364 4
56 367 2
56 369 5
56 371 2
56 377 2
56 378 5
56 379 2
56 389 2
56 390 4
56 398 1
57 61 4
57 73 4
57 99 1
57 111 4
57 131 2
57 137 1
57 141 1
57 157 2
57 167 3
57 168 4
57 181 1
57 184 1
57 203 5
57 205 1
57 245 3
57 250 1
57 257 3
57 259 3
57 262 1
57 264 3
57 266 4
57 273 5
57 279 5
57 289 5
57 305 1
57 311 5
57 326 4
57 328 3
57 335 3
57 347 2
57 379 3
58 62 2
58 65 5
58 90 3
58 105 2
58 108 5
58 122 5
58 142 1
58 150 4
58 151 4
58 152 1
58 158 5
58 161 2
58 168 5
58 177 2
58 185 5
58 219 4
58 224 3
58 239 5
58 244 1
58 263 3
58 271 4
58 273 3
58 274 3
58 277 5
58 287 4
58 289 3
58 309 2
58 313 1
58 331 1
58 335 3
58 349 1
58 360 5
58 382 1
58 397 5
58 400 2
59 66 2
59 83 2
59 86 2
59 91 2
59 106 5
59 118 3
59 130 4
59 138 3
59 144 2
59 153 2
59 159 4
59 168 5
59 176 4
59 181 5
59 185 1
59 186 1
59 189 3
59 199 3
59 208 3
59 212 2
59 213 3
59 214 5
59 217 2
59 235 4
59 237 3
59 247 1
59 277 4
59 285 4
59 287 3
59 288 5
59 292 3
59 293 4
59 306 5
59 312 1
59 318 2
59 337 2
59 338 2
59 342 5
59 345 4
59 353 2
60 66 2
60 80 5
60 83 2
60 92 3
60 156 2
60 157 3
60 182 5
60 191 5
60 204 2
60 205 4
60 210 3
60 218 4
60 220 2
60 222 1
60 243 3
60 246 5
60 253 2
60 265 3
60 272 2
60 273 4
60 275 3
60 276 4
60 286 2
60 290 3
60 292 4
60 300 5
60 305 3
60 307 3
60 321 3
60 326 5
60 340 1
60 343 2
60 358 1
60 372 4
60 390 2
60 391 5
60 394 4
60 397 5
60 398 3
61 68 2
61 75 1
61 97 5
61 99 2
61 111 2
61 132 5
61 133 2
61 159 2
61 168 4
61 170 1
61 182 4
61 183 3
61 185 5
61 187 2
61 190 4
61 193 3
61 194 1
61 214 2
61 216 1
61 218 2
61 221 1
61 239 5
61 241 3
61 242 1
61 285 1
61 302 2
61 329 3
61 342 3
61 347 2
61 357 3
61 358 4
61 366 4
61 369 3
61 374 1
61 379 2
61 388 1
61 400 5
62 68 1
62 81 1
62 84 5
62 89 4
62 114 2
62 120 4
62 125 4
62 127 5
62 130 5
62 133 5
62 158 1
62 189 3
62 213 1
62 218 3
62 228 1
62 232 3
62 234 2
62 252 5
62 271 4
62 278 1
62 283 3
62 286 2
62 308 3
62 317 2
62 321 5
62 330 5
62 356 3
62 380 3
62 383 3
62 396 1
63 65 2
63 80 3
63 85 1
63 86 3
63 87 2
63 100 1
63 127 1
63 132 2
63 136 3
63 140 1
63 152 3
63 160 4
63 172 4
63 198 5
63 206 1
63 210 3
63 214 5
63 215 4
63 220 3
63 230 2
63 242 5
63 250 2
63 252 5
63 259 5
63 265 4
63 276 2
63 301 2
63 303 4
63 309 4
63 315 1
63 323 4
63 325 4
63 352 2
63 356 2
63 362 3
63 378 3
63 379 2
63 382 1
63 388 3
64 65 5
64 67 4
64 85 2
64 92 4
64 109 1
64 111 4
64 135 1
64 149 4
64 180 1
64 189 1
64 199 3
64 218 5
64 224 5
64 228 2
64 235 3
64 245 2
64 249 4
64 252 2
64 276 2
64 279 4
64 286 1
64 315 1
64 320 5
64 334 3
64 345 2
64 349 5
64 359 4
64 376 4
64 379 1
64 380 2
64 385 4
64 386 4
64 388 1
64 396 3
65 67 3
65 76 5
65 93 1
65 120 2
65 142 5
65 152 1
65 162 1
65 183 1
65 184 4
65 188 2
65 195 2
65 207 1
65 209 4
65 251 1
65 257 4
65 258 3
65 261 5
65 266 1
65 274 4
65 287 3
65 288 2
65 289 4
65 295 4
65 317 1
65 318 5
65 328 4
65 343 1
65 358 1
65 360 5
65 379 2
65 389 1
65 397 2
66 83 5
66 109 2
66 115 5
66 125 5
66 133 5
66 141 1
66 147 3
66 148 3
66 149 1
66 155 1
66 157 5
66 173 5
66 178 1
66 180 5
66 181 3
66 189 4
66 190 2
66 211 1
66 215 5
66 216 1
66 227 3
66 236 1
66 240 1
66 246 5
66 252 1
66 254 5
66 274 4
66 276 5
66 282 1
66 284 1
66 288 2
66 294 1
66 303 1
66 334 2
66 339 3
66 343 3
66 355 3
66 369 1
66 386 5
66 388 5
66 391 1
67 74 5
67 77 2
67 79 2
67 104 3
67 109 2
67 116 2
67 118 4
67 124 1
67 143 4
67 151 5
67 159 3
67 165 4
67 167 3
67 170 3
67 172 2
67 216 3
67 235 4
67 240 3
67 241 4
67 245 4
67 251 2
67 255 2
67 271 2
67 277 2
67 281 5
67 285 1
67 294 3
67 298 2
67 302 1
67 304 2
67 313 5
67 344 4
67 351 4
67 357 2
67 358 1
67 360 1
67 378 4
67 385 4
67 388 1
67 391 4
68 79 1
68 80 5
68 81 3
68 94 1
68 103 4
68 120 1
68 125 3
68 132 5
68 139 1
68 145 3
68 161 4
68 165 1
68 171 1
68 178 1
68 194 1
68 196 5
68 215 2
68 230 5
68 235 3
68 240 5
68 252 2
68 260 4
68 277 2
68 279 5
68 286 3
68 307 3
68 308 2
68 311 2
68 337 3
68 360 3
68 364 3
68 368 5
68 369 2
68 372 2
68 393 3
69 70 4
69 74 2
69 104 2
69 108 1
69 110 4
69 113 1
69 121 4
69 125 3
69 132 3
69 135 3
69 136 3
69 144 2
69 159 1
69 171 1
69 182 5
69 187 3
69 188 1
69 207 2
69 209 5
69 217 4
69 222 3
69 228 3
69 242 1
69 245 3
69 252 3
69 254 5
69 258 3
69 269 1
69 272 1
69 305 2
69 313 1
69 355 3
69 360 1
69 366 3
69 390 3
69 397 2
70 74 1
70 77 3
70 78 3
70 97 1
70 99 3
70 101 3
70 112 1
70 128 5
70 134 2
70 135 5
70 146 5
70 156 3
70 186 3
70 219 5
70 239 5
70 254 4
70 258 3
70 259 3
70 262 5
70 265 5
70 276 2
70 281 3
70 288 5
70 296 1
70 297 5
70 312 1
70 314 5
70 318 4
70 344 1
70 354 1
70 372 4
70 374 3
70 377 1
70 380 5
70 395 2
70 397 1
70 400 4
71 78 2
71 80 5
71 83 5
71 85 2
71 92 2
71 93 1
71 100 3
71 101 3
71 118 4
71 131 3
71 143 3
71 153 3
71 172 5
71 173 2
71 174 5
71 204 2
71 206 1
71 218 2
71 232 5
71 240 5
71 280 5
71 282 3
71 287 1
71 291 4
71 322 1
71 337 4
71 355 2
71 363 3
71 378 4
71 386 2
72 73 5
72 75 1
72 78 4
72 88 3
72 100 2
72 102 5
72 105 2
72 117 5
72 142 3
72 169 2
72 209 4
72 218 4
72 241 3
72 242 1
72 257 5
72 269 2
72 279 4
72 282 3
72 322 2
72 343 2
72 362 2
72 369 4
72 384 2
72 387 4
72 393 3
73 80 4
73 86 5
73 98 2
73 107 3
73 111 2
73 112 1
73 115 4
73 116 3
73 121 1
73 133 3
73 135 5
73 139 4
73 140 4
73 152 3
73 158 1
73 184 4
73 187 3
73 191 2
73 195 4
73 197 1
73 199 1
73 200 5
73 249 1
73 259 5
73 282 1
73 291 5
73 319 5
73 327 3
73 328 5
73 330 1
73 336 3
73 348 4
73 350 3
73 351 5
73 360 3
73 366 4
73 384 5
73 388 2
73 399 1
74 77 1
74 84 3
74 89 5
74 102 2
74 105 5
74 137 2
74 154 2
74 179 4
74 190 1
74 203 2
74 236 3
74 243 5
74 259 4
74 266 5
74 268 1
74 279 2
74 306 5
74 311 1
74 312 4
74 313 4
74 357 3
74 359 4
74 378 1
75 86 5
75 105 1
75 136 1
75 150 2
75 183 4
75 185 5
75 194 1
75 195 2
75 199 5
75 205 5
75 224 4
75 228 4
75 242 2
75 254 3
75 270 4
75 277 3
75 278 4
75 298 1
75 308 4
75 314 5
75 320 4
75 321 3
75 344 5
75 350 2
75 360 5
75 365 3
76 80 3
76 81 3
76 85 4
76 112 2
76 113 3
76 118 5
76 119 4
76 136 2
76 139 3
76 153 3
76 159 4
76 167 1
76 183 1
76 194 4
76 195 3
76 207 1
76 214 5
76 218 1
76 229 2
76 230 5
76 237 1
76 241 4
76 252 1
76 263 4
76 268 1
76 273 4
76 275 3
76 276 5
76 278 4
76 305 4
76 312 3
76 321 1
76 331 1
76 349 1
76 357 2
76 366 5
76 370 4
76 373 3
76 388 2
76 390 3
76 398 3
77 99 1
77 100 4
77 101 5
77 104 5
77 117 5
77 118 1
77 135 4
77 144 4
77 158 1
77 177 3
77 222 1
77 229 2
77 233 1
77 246 1
77 249 3
77 272 2
77 278 5
77 281 1
77 310 2
77 318 3
77 326 3
77 328 4
77 329 3
77 331 4
77 344 1
77 363 2
77 367 4
77 371 5
77 381 3
77 388 3
77 390 3
78 88 5
78 98 2
78 106 1
78 107 2
78 108 5
78 115 5
78 133 5
78 136 2
78 146 5
78 153 3
78 194 2
78 199 4
78 203 4
78 206 2
78 212 3
78 227 3
78 231 4
78 233 1
78 234 4
78 236 3
78 252 1
78 290 5
78 292 5
78 294 2
78 295 4
78 329 4
78 331 4
78 359 3
78 363 3
78 371 5
78 381 2
78 393 2
79 133 2
79 143 4
79 144 4
79 169 5
79 175 3
79 177 1
79 188 1
79 191 5
79 196 5
79 208 4
79 212 1
79 217 3
79 232 5
79 238 5
79 241 3
79 255 5
79 259 1
79 289 4
79 297 1
79 298 5
79 302 4
79 304 3
79 305 1
79 308 3
79 311 3
79 313 1
79 315 1
79 324 2
79 325 5
79 340 4
79 353 5
79 360 1
79 378 5
79 380 3
79 381 1
79 389 3
79 392 4
80 85 2
80 105 5
80 110 4
80 123 4
80 130 3
80 139 5
80 145 2
80 152 4
80 170 4
80 177 2
80 179 2
80 186 1
80 191 3
80 201 4
80 211 1
80 225 4
80 233 3
80 236 3
80 247 3
80 250 5
80 254 1
80 258 4
80 262 1
80 263 4
80 265 3
80 270 1
80 279 3
80 297 1
80 299 4
80 315 2
80 320 5
80 324 5
80 330 2
80 336 4
80 341 5
80 355 1
80 366 5
80 371 3
80 383 3
80 389 1
80 395 1
80 400 3
81 86 2
81 92 4
81 96 5
81 106 5
81 112 4
81 115 5
81 125 1
81 133 4
81 141 2
81 147 3
81 158 5
81 161 2
81 164 2
81 165 4
81 169 2
81 178 3
81 180 4
81 181 3
81 218 4
81 220 4
81 224 5
81 252 2
81 256 4
81 265 1
81 285 3
81 303 3
81 304 1
81 336 3
81 349 5
81 350 5
81 353 4
81 364 5
81 375 5
81 379 3
81 381 4
81 388 1
82 92 1
82 93 4
82 100 4
82 106 2
82 126 3
82 129 4
82 139 4
82 140 1
82 158 2
82 165 5
82 204 2
82 205 3
82 215 3
82 229 5
82 243 5
82 262 4
82 269 2
82 288 3
82 304 3
82 331 3
82 358 3
82 370 1
82 373 1
82 375 4
82 376 3
82 378 1
82 388 3
82 391 4
82 396 4
82 397 1
82 398 3
83 84 5
83 97 4
83 115 4
83 123 3
83 145 5
83 154 2
83 167 3
83 181 3
83 183 1
83 186 4
83 190 2
83 201 2
83 230 3
83 241 3
83 255 4
83 257 4
83 282 1
83 284 2
83 303 4
83 318 1
83 326 2
83 328 4
83 332 3
83 335 5
83 355 5
83 364 4
83 366 2
83 379 4
83 389 5
84 89 5
84 109 5
84 110 1
84 112 2
84 116 3
84 155 5
84 156 5
84 157 2
84 171 1
84 176 1
84 177 2
84 182 1
84 183 1
84 188 2
84 194 5
84 196 3
84 211 1
84 222 1
84 224 5
84 225 3
84 227 1
84 231 1
84 232 4
84 234 4
84 242 3
84 249 5
84 258 5
84 260 2
84 264 2
84 271 2
84 276 2
84 298 1
84 304 1
84 305 4
84 318 1
84 337 2
84 352 5
84 365 4
84 393 2
85 90 5
85 127 3
85 132 3
85 141 2
85 148 2
85 153 5
85 174 2
85 179 4
85 182 1
85 186 5
85 197 1
85 218 4
85 222 2
85 268 3
85 273 5
85 309 2
85 348 4
85 350 3
85 353 4
85 376 4
85 379 3
85 386 3
85 388 2
86 93 1
86 107 2
86 126 5
86 143 4
86 145 2
86 149 3
86 153 1
86 159 1
86 164 3
86 185 2
86 186 5
86 194 5
86 203 3
86 209 5
86 241 2
86 248 1
86 256 3
86 261 3
86 271 5
86 275 2
86 277 5
86 280 5
86 283 4
86 284 5
86 285 4
86 287 5
86 304 4
86 340 5
86 356 5
86 366 3
86 377 3
86 380 1
86 397 2
86 400 5
87 88 1
87 94 4
87 96 4
87 107 5
87 113 4
87 114 5
87 125 4
87 138 5
87 140 3
87 171 4
87 173 4
87 193 1
87 200 5
87 215 5
87 225 5
87 230 2
87 240 2
87 253 3
87 257 5
87 284 1
87 298 5
87 300 4
87 316 4
87 326 1
87 340 3
87 355 1
87 358 5
87 363 3
87 373 1
87 386 4
87 387 4
87 390 2
87 397 5
87 399 3
88 90 1
88 93 1
88 111 3
88 116 3
88 163 3
88 170 1
88 181 2
88 182 3
88 183 3
88 194 4
88 197 3
88 202 4
88 211 1
88 226 3
88 235 4
88 241 1
88 253 3
88 260 2
88 262 2
88 284 2
88 290 1
88 299 2
88 315 1
88 321 1
88 323 2
88 359 4
88 371 2
88 376 4
88 382 5
88 399 5
89 98 4
89 99 3
89 100 4
89 147 2
89 159 1
89 170 5
89 196 4
89 198 3
89 204 5
89 230 5
89 231 4
89 254 5
89 260 4
89 275 2
89 280 4
89 290 3
89 312 2
89 315 5
89 322 5
89 355 5
89 362 1
89 371 4
90 93 5
90 109 5
90 113 5
90 125 4
90 128 3
90 136 5
90 138 4
90 143 2
90 148 4
90 185 3
90 190 1
90 191 5
90 204 5
90 206 2
90 215 3
90 226 4
90 229 4
90 244 3
90 245 4
90 250 2
90 251 5
90 252 3
90 253 4
90 263 2
90 286 2
90 297 5
90 300 1
90 313 3
90 315 3
90 329 2
90 339 1
90 341 4
90 343 2
90 353 5
90 357 1
90 389 2
90 395 5
90 399 4
91 111 1
91 113 4
91 132 4
91 133 4
91 139 2
91 147 3
91 159 4
91 170 5
91 190 3
91 207 3
91 226 5
91 230 1
91 240 4
91 241 4
91 242 4
91 254 3
91 256 3
91 258 5
91 264 2
91 265 2
91 268 3
91 271 1
91 276 5
91 305 2
91 321 2
91 387 2
91 393 4
91 397 5
92 95 5
92 96 2
92 105 1
92 106 3
92 124 1
92 129 3
92 140 2
92 144 1
92 160 4
92 167 5
92 170 3
92 173 1
92 181 1
92 226 5
92 229 4
92 246 1
92 269 4
92 273 4
92 275 1
92 288 4
92 289 1
92 316 5
92 325 1
92 330 4
92 336 3
92 338 4
92 345 1
92 347 1
92 375 3
92 380 1
92 390 2
92 391 5
92 393 4
92 394 4
93 96 3
93 111 1
93 131 4
93 138 2
93 145 1
93 162 4
93 165 2
93 166 2
93 185 3
93 198 2
93 199 5
93 206 2
93 210 2
93 242 4
93 247 1
93 253 5
93 281 1
93 297 5
93 300 2
93 307 1
93 314 2
93 316 5
93 326 1
93 331 2
93 342 5
93 348 5
93 350 5
93 357 1
93 374 4
93 389 1
93 394 5
94 113 3
94 144 1
94 159 3
94 178 2
94 179 1
94 180 5
94 181 1
94 189 2
94 193 1
94 214 1
94 225 4
94 236 3
94 251 5
94 259 1
94 261 1
94 263 3
94 311 2
94 320 5
94 328 5
94 329 4
94 330 1
94 333 1
94 335 5
94 336 3
94 348 3
94 359 3
94 372 3
94 375 5
94 377 5
95 101 2
95 115 3
95 116 2
95 134 2
95 135 2
95 145 1
95 150 2
95 156 2
95 163 5
95 172 5
95 179 4
95 184 2
95 189 4
95 193 4
95 236 5
95 264 2
95 272 3
95 276 1
95 281 1
95 284 4
95 326 4
95 328 1
95 332 1
95 350 4
95 351 4
95 353 4
95 360 2
95 362 1
95 378 5
95 392 3
96 106 1
96 111 3
96 114 2
96 116 4
96 131 4
96 133 3
96 137 3
96 150 2
96 163 1
96 171 5
96 174 1
96 193 2
96 199 3
96 207 2
96 213 1
96 227 3
96 228 2
96 262 3
96 286 3
96 287 1
96 290 5
96 307 4
96 326 5
96 345 1
96 350 4
96 355 2
96 358 5
96 360 1
96 364 1
96 367 3
96 392 5
97 109 4
97 115 3
97 121 2
97 124 4
97 130 3
97 133 4
97 138 1
97 139 1
97 141 4
97 164 4
97 174 5
97 175 2
97 182 3
97 199 4
97 215 3
97 223 5
97 256 5
97 284 1
97 294 5
97 295 2
97 296 4
97 318 4
97 320 5
97 324 5
97 329 1
97 330 2
97 332 2
97 340 2
97 354 5
97 366 1
97 370 4
97 374 2
97 384 4
98 101 4
98 114 3
98 126 4
98 157 3
98 161 5
98 172 1
98 187 5
98 192 2
98 200 4
98 202 5
98 214 4
98 220 5
98 225 3
98 229 4
98 261 5
98 264 5
98 271 1
98 272 1
98 274 5
98 276 1
98 324 4
98 359 3
98 364 2
98 365 1
98 368 4
98 380 1
99 119 1
99 149 2
99 164 2
99 183 1
99 207 5
99 220 2
99 224 1
99 231 3
99 247 5
99 266 4
99 267 2
99 275 3
99 279 2
99 281 2
99 282 5
99 284 1
99 299 5
99 314 3
99 320 1
99 325 1
99 335 2
99 340 3
99 344 5
99 346 5
99 355 5
99 358 4
99 374 5
99 375 4
99 379 4
99 381 5
99 395 1
100 104 4
100 106 3
100 122 3
100 124 4
100 144 5
100 159 4
100 163 5
100 196 3
100 203 2
100 204 4
100 207 3
100 209 2
100 238 1
100 246 4
100 247 1
100 273 5
100 279 1
100 286 1
100 296 2
100 319 1
100 320 2
100 324 2
100 326 4
100 329 2
100 339 4
100 342 3
100 343 4
100 359 2
100 369 3
100 376 4
100 392 1
101 109 3
101 111 4
101 116 4
101 131 3
101 136 3
101 143 4
101 144 5
101 149 4
101 158 2
101 169 4
101 185 4
101 191 1
101 216 2
101 218 1
101 234 2
101 245 3
101 246 2
101 249 4
101 258 4
101 269 1
101 293 4
101 296 4
101 298 1
101 311 2
101 327 5
101 328 5
101 351 3
101 352 4
101 353 1
101 362 1
101 384 5
101 398 4
102 105 1
102 113 1
102 117 3
102 167 2
102 168 3
102 169 5
102 194 1
102 216 3
102 219 4
102 234 2
102 255 2
102 265 3
102 266 1
102 271 3
102 275 3
102 277 4
102 280 5
102 286 5
102 294 4
102 298 2
102 302 1
102 307 5
102 331 3
102 345 1
102 352 3
102 355 1
102 359 4
102 370 2
102 380 1
103 106 1
103 109 1
103 111 2
103 123 4
103 125 5
103 131 5
103 139 5
103 140 2
103 165 3
103 182 2
103 187 3
103 189 4
103 197 3
103 210 3
103 223 1
103 224 4
103 230 2
103 239 4
103 257 1
103 261 1
103 269 2
103 289 5
103 296 3
103 325 4
103 356 1
103 373 1
103 379 3
103 397 1
104 106 4
104 109 5
104 117 2
104 118 3
104 126 3
104 138 2
104 147 2
104 149 3
104 169 1
104 186 1
104 191 1
104 195 4
104 214 3
104 218 1
104 223 3
104 248 2
104 254 4
104 263 4
104 297 5
104 302 3
104 336 2
104 340 2
104 342 3
104 356 1
104 386 5
105 110 3
105 115 3
105 121 1
105 133 5
105 154 4
105 160 1
105 161 5
105 166 4
105 169 2
105 170 4
105 173 5
105 191 1
105 195 3
105 204 3
105 208 5
105 213 4
105 217 4
105 227 1
105 248 1
105 257 5
105 261 1
105 270 1
105 272 4
105 277 2
105 300 4
105 304 3
105 312 5
105 326 5
105 329 3
105 336 1
105 353 4
105 365 2
105 385 3
105 387 4
105 398 3
105 400 5
106 126 2
106 139 4
106 146 5
106 151 4
106 171 4
106 190 5
106 196 1
106 202 5
106 208 3
106 209 4
106 213 4
106 216 2
106 217 4
106 223 3
106 226 4
106 231 5
106 233 1
106 238 2
106 243 4
106 271 2
106 291 3
106 295 2
106 322 4
106 324 3
106 329 2
106 359 3
106 389 4
106 392 5
107 117 4
107 122 5
107 125 1
107 128 5
107 136 1
107 145 2
107 149 4
107 157 5
107 159 2
107 166 1
107 171 4
107 173 2
107 195 3
107 209 4
107 226 1
107 237 3
107 238 1
107 242 2
107 255 2
107 260 2
107 266 1
107 268 5
107 277 5
107 279 2
107 280 4
107 296 3
107 307 4
107 312 4
107 322 3
107 337 5
107 342 5
107 346 1
107 347 5
107 360 1
107 385 5
107 391 4
108 111 2
108 147 4
108 154 2
108 156 1
108 162 5
108 164 2
108 175 1
108 176 1
108 180 5
108 181 3
108 186 3
108 191 5
108 193 4
108 195 5
108 204 3
108 208 2
108 223 5
108 232 4
108 253 2
108 264 3
108 280 3
108 281 2
108 292 1
108 301 4
108 334 2
108 339 3
108 344 4
108 349 1
108 352 5
108 359 5
108 360 4
108 370 1
108 373 2
108 381 3
108 397 1
109 115 5
109 119 2
109 127 4
109 139 1
109 141 5
109 142 3
109 158 5
109 186 2
109 210 3
109 212 3
109 221 1
109 227 1
109 229 2
109 252 5
109 256 2
109 300 1
109 301 3
109 310 3
109 312 1
109 314 3
109 317 1
109 351 3
109 362 3
109 375 5
109 378 4
109 379 5
109 387 3
110 123 5
110 127 4
110 140 2
110 148 1
110 155 1
110 176 2
110 186 2
110 189 4
110 191 1
110 193 3
110 219 5
110 220 5
110 234 2
110 238 2
110 242 1
110 267 3
110 274 2
110 276 5
110 306 1
110 309 5
110 311 1
110 313 5
110 316 2
110 324 1
110 328 4
110 329 2
110 338 4
110 361 5
110 365 2
110 370 5
110 377 1
110 378 2
110 381 5
110 387 1
110 392 4
111 126 4
111 155 3
111 175 5
111 176 4
111 183 1
111 192 3
111 207 5
111 208 5
111 209 1
111 210 5
111 224 2
111 227 5
111 229 1
111 230 5
111 234 3
111 241 4
111 253 3
111 288 2
111 289 3
111 294 5
111 315 2
111 335 1
111 359 4
111 374 2
111 375 1
111 385 3
112 123 4
112 128 3
112 130 5
112 143 2
112 154 2
112 160 2
112 161 5
112 166 4
112 178 4
112 193 1
112 208 3
112 212 5
112 218 1
112 223 5
112 239 1
112 244 2
112 288 3
112 298 3
112 306 3
112 308 2
112 312 1
112 328 3
112 334 3
112 337 4
112 347 2
112 350 5
112 352 4
112 360 1
112 376 2
112 387 4
112 393 3
112 397 2
113 121 5
113 142 2
113 157 1
113 165 2
113 168 5
113 177 4
113 181 3
113 188 1
113 190 1
113 197 2
113 208 5
113 218 2
113 235 3
113 236 4
113 261 3
113 281 2
113 284 2
113 285 4
113 299 5
113 308 5
113 310 3
113 311 2
113 329 4
113 355 3
113 360 2
113 383 2
113 391 2
113 399 2
114 151 3
114 160 2
114 167 3
114 170 4
114 173 5
114 181 1
114 182 3
114 187 5
114 198 1
114 227 5
114 232 1
114 242 4
114 256 1
114 274 2
114 287 5
114 298 5
114 305 1
114 333 5
114 334 2
114 345 3
114 348 2
114 372 1
114 380 1
114 384 2
115 121 3
115 137 5
115 141 4
115 148 3
115 149 5
115 186 4
115 199 5
115 206 5
115 223 1
115 234 5
115 248 5
115 260 3
115 272 4
115 278 5
115 279 3
115 292 5
115 300 3
115 308 4
115 310 3
115 321 1
115 323 3
115 328 3
115 344 5
115 345 4
115 355 3
115 375 2
115 381 2
115 392 5
115 396 1
116 117 5
116 124 2
116 131 3
116 136 5
116 138 4
116 153 3
116 155 2
116 156 1
116 162 1
116 169 5
116 180 5
116 184 3
116 194 5
116 211 5
116 219 2
116 228 4
116 244 4
116 245 5
116 246 1
116 253 4
116 258 5
116 268 2
116 272 3
116 278 1
116 297 4
116 313 3
116 328 2
116 353 4
116 360 2
116 361 1
116 374 4
116 375 5
116 380 3
117 123 5
117 134 5
117 137 5
117 140 3
117 172 5
117 174 5
117 183 1
117 188 1
117 194 5
117 200 3
117 203 2
117 209 2
117 211 2
117 214 4
117 224 2
117 228 4
117 233 1
117 256 5
117 277 1
117 278 5
117 281 2
117 284 2
117 340 5
117 358 1
117 368 3
117 392 1
118 122 4
118 126 4
118 137 1
118 138 3
118 139 4
118 148 2
118 149 5
118 157 4
118 165 1
118 175 4
118 200 4
118 209 1
118 243 1
118 246 3
118 248 3
118 253 5
118 259 5
118 280 5
118 288 3
118 291 4
118 293 1
118 311 2
118 316 5
118 321 4
118 330 3
118 338 2
118 339 2
118 347 5
118 350 5
118 363 3
118 373 2
118 375 4
118 376 2
118 378 2
118 387 5
118 392 1
118 393 3
119 123 2
119 126 1
119 135 5
119 144 4
119 149 5
119 152 2
119 153 1
119 155 5
119 176 4
119 178 4
119 185 2
119 190 4
119 197 5
119 200 1
119 220 2
119 221 3
119 236 1
119 266 3
119 267 5
119 269 5
119 270 1
119 283 1
119 285 4
119 296 3
119 307 1
119 325 4
119 334 1
119 340 4
119 342 4
119 347 5
119 366 4
119 386 2
119 387 3
119 391 2
119 394 5
119 396 1
120 122 5
120 128 2
120 133 4
120 178 5
120 179 3
120 195 2
120 226 3
120 231 1
120 234 4
120 239 5
120 248 1
120 252 4
120 265 4
120 280 3
120 288 1
120 317 4
120 318 2
120 324 4
120 325 4
120 328 4
120 338 4
120 344 1
120 357 2
120 367 3
120 368 3
120 380 1
120 391 1
121 151 4
121 157 5
121 159 4
121 193 1
121 194 2
121 196 5
121 206 4
121 213 2
121 234 2
121 241 1
121 282 4
121 290 1
121 293 5
121 297 5
121 317 2
121 319 2
121 322 3
121 355 1
121 357 4
121 377 4
121 380 2
121 389 3
121 392 1
121 395 4
121 397 4
122 140 1
122 146 1
122 147 5
122 166 5
122 168 1
122 171 4
122 187 1
122 195 2
122 222 5
122 258 2
122 269 4
122 277 3
122 281 3
122 284 5
122 286 1
122 301 5
122 313 4
122 338 4
122 354 5
122 373 2
122 380 2
122 387 5
122 389 4
122 390 1
123 132 1
123 141 1
123 144 3
123 151 1
123 154 5
123 164 3
123 181 4
123 195 5
123 204 4
123 226 1
123 246 3
123 248 3
123 251 5
123 259 1
123 267 2
123 274 2
123 296 4
123 316 5
123 318 4
123 332 5
123 334 5
123 338 5
123 342 5
123 351 2
123 356 3
123 362 5
123 378 3
123 382 2
123 385 2
123 388 5
123 398 4
124 129 2
124 140 4
124 149 4
124 151 2
124 165 4
124 184 3
124 207 1
124 217 1
124 218 1
124 220 2
124 221 4
124 232 4
124 240 4
124 245 2
124 249 3
124 268 3
124 270 5
124 281 4
124 293 3
124 309 3
124 316 3
124 329 4
124 332 5
124 355 2
124 358 5
124 370 1
124 379 2
125 127 5
125 143 1
125 155 1
125 171 1
125 174 2
125 178 2
125 179 4
125 181 5
125 190 1
125 194 3
125 206 2
125 212 5
125 214 5
125 218 5
125 222 4
125 224 1
125 226 4
125 238 5
125 239 5
125 240 2
125 246 4
125 250 1
125 253 1
125 265 1
125 269 4
125 275 2
125 277 3
125 288 4
125 304 3
125 313 1
125 317 2
125 321 3
125 323 3
125 330 1
125 332 1
125 347 4
125 352 1
125 368 1
125 379 2
125 388 2
125 400 5
126 129 4
126 143 3
126 144 3
126 147 1
126 152 4
126 163 2
126 180 1
126 198 1
126 212 4
126 223 2
126 227 1
126 230 3
126 239 3
126 246 2
126 254 1
126 256 5
126 259 4
126 266 4
126 272 3
126 284 5
126 290 1
126 301 3
126 320 5
126 339 2
126 343 3
126 345 2
126 346 2
126 361 5
126 364 5
126 366 3
126 371 1
126 395 3
127 131 4
127 145 4
127 149 3
127 158 5
127 159 1
127 237 4
127 242 2
127 252 1
127 254 3
127 262 3
127 264 4
127 266 2
127 288 4
127 290 5
127 304 1
127 311 3
127 325 3
127 340 4
127 346 5
127 350 4
127 352 4
127 354 1
127 383 2
127 388 2
127 395 4
127 397 3
128 136 5
128 164 5
128 192 4
128 198 3
128 204 4
128 239 4
128 248 3
128 284 3
128 285 5
128 290 5
128 298 1
128 300 3
128 311 1
128 335 2
128 367 5
128 398 3
129 134 3
129 149 4
129 162 1
129 172 3
129 181 3
129 188 1
129 191 3
129 208 4
129 242 4
129 253 4
129 259 3
129 275 1
129 287 3
129 299 5
129 307 5
129 325 3
129 339 2
129 340 1
129 375 3
129 394 5
130 131 4
130 134 4
130 135 4
130 141 5
130 168 2
130 177 3
130 178 4
130 212 5
130 214 3
130 221 4
130 237 3
130 246 5
130 253 4
130 264 5
130 270 4
130 273 5
130 285 1
130 292 2
130 295 3
130 317 4
130 319 2
130 345 1
130 351 4
130 366 2
130 398 2
131 132 1
131 137 3
131 144 4
131 151 4
131 202 2
131 217 4
131 240 5
131 244 5
131 245 3
131 272 4
131 282 5
131 300 2
131 305 2
131 319 3
131 328 4
131 361 1
131 384 1
131 387 4
131 390 1
132 140 5
132 143 2
132 146 2
132 147 2
132 157 5
132 161 5
132 168 5
132 174 1
132 190 5
132 191 4
132 195 5
132 206 5
132 211 4
132 218 2
132 224 2
132 238 1
132 244 5
132 246 5
132 250 3
132 266 3
132 278 1
132 299 4
132 300 1
132 309 1
132 331 5
132 338 4
132 365 3
132 378 5
132 387 3
132 394 4
133 151 1
133 161 4
133 162 5
133 163 2
133 170 4
133 173 4
133 174 4
133 180 5
133 199 3
133 208 1
133 210 3
133 214 4
133 222 4
133 226 5
133 276 3
133 281 4
133 294 3
133 298 2
133 315 2
133 322 2
133 323 5
133 332 5
133 333 3
133 342 5
133 344 3
133 348 1
133 352 2
133 353 3
133 362 5
133 374 3
133 383 5
133 396 1
133 397 5
134 135 2
134 167 2
134 185 5
134 194 2
134 197 4
134 205 2
134 206 5
134 210 2
134 214 5
134 216 5
134 229 1
134 266 2
134 267 3
134 286 5
134 297 3
134 312 1
134 328 5
134 329 1
134 350 2
134 358 5
135 137 5
135 145 1
135 155 1
135 188 3
135 197 3
135 209 4
135 210 5
135 218 4
135 248 2
135 249 4
135 268 3
135 294 4
135 297 2
135 300 5
135 313 3
135 319 1
135 321 5
135 325 5
135 333 4
135 339 1
135 359 2
135 381 2
135 395 1
136 137 4
136 146 1
136 163 5
136 175 4
136 183 2
136 200 3
136 202 2
136 210 2
136 225 4
136 232 5
136 234 2
136 247 4
136 257 1
136 271 3
136 283 5
136 288 1
136 291 3
136 298 1
136 325 3
136 354 2
136 357 4
136 363 1
136 365 1
136 366 5
136 367 1
136 370 2
136 380 1
136 391 1
136 399 1
137 139 3
137 140 3
137 144 5
137 149 3
137 166 3
137 179 2
137 189 4
137 190 4
137 199 1
137 227 3
137 231 1
137 248 2
137 254 1
137 294 4
137 306 5
137 338 4
137 357 1
137 365 5
137 384 1
137 385 3
137 391 3
137 395 1
137 397 1
138 148 5
138 151 2
138 157 5
138 163 2
138 181 5
138 188 3
138 190 5
138 192 3
138 237 2
138 241 1
138 253 5
138 256 3
138 265 1
138 288 3
138 289 2
138 291 3
138 317 3
138 322 4
138 335 2
138 345 5
138 348 2
138 355 5
138 360 3
138 377 5
138 382 3
138 388 5
138 389 3
138 391 5
138 394 4
139 154 3
139 158 1
139 159 5
139 176 2
139 185 5
139 188 1
139 202 3
139 203 1
139 215 2
139 218 2
139 223 5
139 227 1
139 233 5
139 242 2
139 252 4
139 264 1
139 282 4
139 284 3
139 289 2
139 313 2
139 329 4
139 332 5
139 349 4
139 365 1
139 385 1
139 386 5
139 387 4
139 393 2
140 148 5
140 164 4
140 168 2
140 170 5
140 196 2
140 200 1
140 201 2
140 203 5
140 235 5
140 247 4
140 261 5
140 264 3
140 278 2
140 288 3
140 290 3
140 291 2
140 325 3
140 327 4
140 332 2
140 355 5
140 358 4
140 374 4
140 376 1
140 381 5
140 395 1
140 400 3
141 143 2
141 144 5
141 145 4
141 169 4
141 173 5
141 183 2
141 213 5
141 217 5
141 240 4
141 241 5
141 250 2
141 257 1
141 273 5
141 278 3
141 293 4
141 295 4
141 303 1
141 310 5
141 322 5
141 327 4
141 331 5
141 372 1
141 382 5
141 383 3
142 144 2
142 156 3
142 158 3
142 160 4
142 161 1
142 166 4
142 177 1
142 185 2
142 198 5
142 199 4
142 216 2
142 252 5
142 264 2
142 284 5
142 305 5
142 330 3
142 332 3
142 337 5
142 344 2
142 345 1
142 369 1
143 151 4
143 152 1
143 159 4
143 183 1
143 189 3
143 223 3
143 237 4
143 239 1
143 240 3
143 247 3
143 265 5
143 267 1
143 270 5
143 277 1
143 285 2
143 286 5
143 293 5
143 297 1
143 298 2
143 319 2
143 324 2
143 342 4
143 356 1
143 366 4
143 367 3
143 372 5
143 374 2
143 378 3
143 380 2
143 392 3
144 174 3
144 178 5
144 190 1
144 199 5
144 204 4
144 205 1
144 295 1
144 312 2
144 319 5
144 321 4
144 329 1
144 371 2
144 372 3
144 375 5
144 377 4
144 384 4
145 158 5
145 161 4
145 166 2
145 176 1
145 180 1
145 184 5
145 196 4
145 205 1
145 209 2
145 213 1
145 222 4
145 227 4
145 243 1
145 251 5
145 264 4
145 267 1
145 271 2
145 273 5
145 283 1
145 318 3
145 324 1
145 341 4
145 342 3
145 353 3
145 358 3
145 365 3
145 378 5
145 379 2
145 382 5
145 383 5
145 398 5
146 150 5
146 151 5
146 155 5
146 189 5
146 200 1
146 229 3
146 236 2
146 237 4
146 249 5
146 267 3
146 270 4
146 275 1
146 277 2
146 279 3
146 288 3
146 290 5
146 301 4
146 335 3
146 336 3
146 337 5
146 340 3
146 344 4
146 354 2
146 355 4
146 363 4
146 372 3
146 373 1
146 400 1
147 156 3
147 160 4
147 165 4
147 173 5
147 176 3
147 179 1
147 194 5
147 195 3
147 204 5
147 207 3
147 208 3
147 211 1
147 218 5
147 248 1
147 253 5
147 261 2
147 285 5
147 295 5
147 296 3
147 311 5
147 317 2
147 318 3
147 328 5
147 334 3
147 355 5
147 368 4
147 378 3
147 379 5
147 383 5
147 384 5
147 385 3
147 395 5
148 159 2
148 173 3
148 189 4
148 203 2
148 207 4
148 211 3
148 234 4
148 235 5
148 245 5
148 253 3
148 263 3
148 269 4
148 283 5
148 289 2
148 293 5
148 298 1
148 302 4
148 327 5
148 331 1
148 344 4
148 347 4
148 364 4
148 383 3
148 394 2
148 399 4
149 164 5
149 180 3
149 185 5
149 187 1
149 188 5
149 189 2
149 192 2
149 222 2
149 227 1
149 238 3
149 244 1
149 248 5
149 252 2
149 289 3
149 323 5
149 324 4
149 325 2
149 338 5
149 346 4
149 364 5
149 368 3
149 374 4
149 379 2
149 383 2
149 394 4
150 155 3
150 171 2
150 184 1
150 192 3
150 224 4
150 225 1
150 242 2
150 264 3
150 280 4
150 294 2
150 300 1
150 302 1
150 304 5
150 305 2
150 310 2
150 315 2
150 327 3
150 335 3
150 341 2
150 350 1
150 361 2
150 377 4
150 386 3
151 153 4
151 162 2
151 168 1
151 173 5
151 180 4
151 231 4
151 251 5
151 258 4
151 259 4
151 268 1
151 274 1
151 289 2
151 295 5
151 304 3
151 308 4
151 314 5
151 322 2
151 326 2
151 336 1
151 338 2
151 354 1
151 355 3
151 365 3
151 377 3
151 380 2
152 154 4
152 163 5
152 174 2
152 195 5
152 199 1
152 200 4
152 203 3
152 206 5
152 208 1
152 214 5
152 216 4
152 228 4
152 238 5
152 253 2
152 261 1
152 278 1
152 281 1
152 299 1
152 303 1
152 333 4
152 338 1
152 354 2
152 361 5
152 376 2
152 389 3
152 393 5
153 162 2
153 170 3
153 178 2
153 192 1
153 198 3
153 201 5
153 212 2
153 225 1
153 234 1
153 259 3
153 268 4
153 282 1
153 292 2
153 310 3
153 323 2
153 328 1
153 360 1
153 364 4
153 369 1
153 377 4
153 382 5
153 391 2
154 157 1
154 170 3
154 180 1
154 181 4
154 182 2
154 187 4
154 192 5
154 197 1
154 214 1
154 219 3
154 223 5
154 232 3
154 233 5
154 249 4
154 254 5
154 255 1
154 261 5
154 272 3
154 280 2
154 284 5
154 289 3
154 292 4
154 295 4
154 299 4
154 324 3
154 332 4
154 338 3
154 344 5
154 350 5
154 360 3
154 375 5
154 397 1
155 177 4
155 178 2
155 181 4
155 182 5
155 195 4
155 200 4
155 202 2
155 211 4
155 214 5
155 226 1
155 232 5
155 233 3
155 291 5
155 303 3
155 330 2
155 338 3
155 339 2
155 340 5
155 373 3
155 396 3
156 163 2
156 175 4
156 181 2
156 187 5
156 192 1
156 193 3
156 203 4
156 249 3
156 253 2
156 254 3
156 265 2
156 267 5
156 294 1
156 303 5
156 323 1
156 337 2
156 338 2
156 340 2
156 345 4
156 371 1
156 376 5
157 158 1
157 180 2
157 212 2
157 216 3
157 219 5
157 225 3
157 233 5
157 236 2
157 242 5
157 250 1
157 265 5
157 303 3
157 319 3
157 322 4
157 323 5
157 324 2
157 336 4
157 345 2
157 369 4
157 370 1
157 388 4
157 391 4
157 394 2
158 163 1
158 168 5
158 172 1
158 175 3
158 187 1
158 207 2
158 209 4
158 215 2
158 216 1
158 226 3
158 227 2
158 247 2
158 280 4
158 297 5
158 308 2
158 317 3
158 326 1
158 327 5
158 337 4
158 339 4
158 342 5
158 348 3
158 360 3
158 382 2
158 384 1
158 398 2
159 170 1
159 172 4
159 184 5
159 188 2
159 210 2
159 211 5
159 226 1
159 241 5
159 249 1
159 264 1
159 270 5
159 275 2
159 278 1
159 331 2
159 335 5
159 344 3
159 356 3
159 360 3
159 370 5
159 371 1
159 378 5
159 380 2
160 161 3
160 164 5
160 165 2
160 187 1
160 199 2
160 204 1
160 210 4
160 225 2
160 243 4
160 246 4
160 266 2
160 267 4
160 283 3
160 288 1
160 293 2
160 297 2
160 317 1
160 320 5
160 335 4
160 347 5
160 360 3
160 362 3
160 371 1
160 377 3
160 381 5
160 382 4
160 393 2
160 398 2
161 162 3
161 170 4
161 173 3
161 184 4
161 188 5
161 198 4
161 203 2
161 207 5
161 211 2
161 212 2
161 216 2
161 224 3
161 239 3
161 288 3
161 295 2
161 303 5
161 307 3
161 311 5
161 312 3
161 320 5
161 328 4
161 329 1
161 345 2
161 361 5
161 385 5
161 387 5
161 388 4
161 391 3
161 399 4
162 174 1
162 191 1
162 197 4
162 199 4
162 203 1
162 206 2
162 208 5
162 212 4
162 220 4
162 223 2
162 224 1
162 240 2
162 257 4
162 274 3
162 276 4
162 304 2
162 308 5
162 320 1
162 330 2
162 333 3
162 365 4
162 381 2
162 388 4
162 396 5
162 397 1
163 174 1
163 182 1
163 184 5
163 190 3
163 192 2
163 193 1
163 194 5
163 213 1
163 223 3
163 231 4
163 236 5
163 253 1
163 255 4
163 261 5
163 292 3
163 297 2
163 299 1
163 307 2
163 311 5
163 314 4
163 328 4
163 336 2
163 343 4
163 344 4
163 350 1
163 357 4
163 359 3
163 365 4
163 377 2
163 379 2
163 397 5
163 400 1
164 166 5
164 177 5
164 183 2
164 191 1
164 205 1
164 208 4
164 215 3
164 239 3
164 242 4
164 243 1
164 250 5
164 259 1
164 286 3
164 296 1
164 315 4
164 322 1
164 330 1
164 331 4
164 332 4
164 333 1
164 370 5
164 387 5
164 388 1
164 390 5
164 393 5
164 398 1
165 176 1
165 178 1
165 189 2
165 209 3
165 220 4
165 226 1
165 235 1
165 270 5
165 273 4
165 278 2
165 282 3
165 293 5
165 307 4
165 319 5
165 321 1
165 323 5
165 334 4
165 337 1
165 349 2
165 368 3
165 376 4
165 377 2
165 388 1
165 392 2
165 400 3
166 170 1
166 173 2
166 177 1
166 179 4
166 181 3
166 198 4
166 205 1
166 217 2
166 218 3
166 222 1
166 223 3
166 227 3
166 239 2
166 240 4
166 242 3
166 251 3
166 270 2
166 288 2
166 336 5
166 337 3
166 350 5
166 366 3
166 380 2
167 201 4
167 216 2
167 228 3
167 231 1
167 266 1
167 274 3
167 300 2
167 304 1
167 330 5
167 338 5
167 344 3
167 372 1
167 391 1
167 399 4
168 170 5
168 181 4
168 182 2
168 185 5
168 193 4
168 196 3
168 202 3
168 214 4
168 218 1
168 221 5
168 223 2
168 230 3
168 232 1
168 241 4
168 251 4
168 252 2
168 282 5
168 296 4
168 301 1
168 312 1
168 318 5
168 329 2
168 330 5
168 335 1
168 337 3
168 362 5
168 393 5
169 211 3
169 215 3
169 216 1
169 234 3
169 235 4
169 250 4
169 255 1
169 259 3
169 271 5
169 275 4
169 289 3
169 295 1
169 302 5
169 304 4
169 316 4
169 328 3
169 355 2
169 362 5
169 367 5
169 376 3
169 398 5
170 195 4
170 203 2
170 215 4
170 276 3
170 298 3
170 310 3
170 317 4
170 319 5
170 334 5
170 338 3
170 356 3
170 359 3
170 379 5
170 380 3
170 383 1
170 390 3
171 176 3
171 189 3
171 190 4
171 202 3
171 204 5
171 218 2
171 225 1
171 231 1
171 234 5
171 236 2
171 242 4
171 243 5
171 280 1
171 287 1
171 288 5
171 303 2
171 304 3
171 308 1
171 317 1
171 332 1
171 349 4
171 359 4
171 362 4
171 364 4
171 381 2
171 388 1
172 174 2
172 175 5
172 195 1
172 222 2
172 227 1
172 231 2
172 243 4
172 283 5
172 288 5
172 296 4
172 307 2
172 325 5
172 332 4
172 358 1
172 359 1
172 369 3
172 375 3
172 380 1
172 393 4
172 398 3
172 399 2
172 400 3
173 194 5
173 198 1
173 203 4
173 222 5
173 240 4
173 244 1
173 259 5
173 266 4
173 277 1
173 285 4
173 299 5
173 301 3
173 313 2
173 314 4
173 348 4
173 349 4
173 352 3
173 355 4
173 356 1
173 357 3
173 379 1
173 390 1
173 392 2
174 191 2
174 194 3
174 197 5
174 199 1
174 204 5
174 213 2
174 218 3
174 223 3
174 226 5
174 236 5
174 244 3
174 248 5
174 257 4
174 260 4
174 262 2
174 267 2
174 277 2
174 278 3
174 284 2
174 295 3
174 308 3
174 333 2
174 340 4
174 346 5
174 347 5
174 356 5
174 360 4
174 363 3
174 371 5
174 395 1
174 400 3
175 182 5
175 204 2
175 206 2
175 214 3
175 220 3
175 233 2
175 243 1
175 254 5
175 274 2
175 303 1
175 308 5
175 343 5
175 359 1
175 370 2
175 381 3
175 387 2
176 182 4
176 192 3
176 194 2
176 203 5
176 215 5
176 233 2
176 267 2
176 273 4
176 279 3
176 286 1
176 294 1
176 299 5
176 301 3
176 313 2
176 327 5
176 338 2
176 347 4
176 354 5
176 364 2
176 370 5
176 385 2
177 199 4
177 200 5
177 204 2
177 217 2
177 222 2
177 241 5
177 242 5
177 250 1
177 252 3
177 258 4
177 291 2
177 312 5
177 315 4
177 325 5
177 330 4
177 363 3
177 364 5
177 375 4
178 186 3
178 189 3
178 193 4
178 214 2
178 218 3
178 237 1
178 238 2
178 245 3
178 263 1
178 264 1
178 283 3
178 291 2
178 304 5
178 327 4
178 335 3
178 343 3
178 344 1
178 345 5
178 372 4
178 396 3
178 399 2
179 214 4
179 222 2
179 248 5
179 252 5
179 257 1
179 265 2
179 275 4
179 280 1
179 297 2
179 314 1
179 315 3
179 346 5
179 351 1
179 377 5
179 379 3
179 389 2
179 396 3
179 397 1
180 181 3
180 196 1
180 199 2
180 230 5
180 233 5
180 239 2
180 243 4
180 244 4
180 247 2
180 248 3
180 250 1
180 252 3
180 266 5
180 270 4
180 274 2
180 294 1
180 321 1
180 341 4
180 350 5
180 359 1
180 360 1
180 362 3
180 398 5
181 198 4
181 209 3
181 226 3
181 257 1
181 277 2
181 294 2
181 308 1
181 325 1
181 339 4
181 343 3
181 350 1
181 353 5
181 363 3
181 370 2
181 379 5
181 382 3
181 393 4
182 222 1
182 225 2
182 242 2
182 251 2
182 273 1
182 293 2
182 301 1
182 304 2
182 314 1
182 322 4
182 332 1
182 333 4
182 340 2
182 341 5
182 342 3
182 353 3
182 371 3
182 385 5
182 395 1
183 196 5
183 199 5
183 201 1
183 237 5
183 244 2
183 251 3
183 257 2
183 268 4
183 273 2
183 281 1
183 284 1
183 285 4
183 298 5
183 306 2
183 313 3
183 316 5
183 337 2
183 352 1
183 396 4
184 193 3
184 194 5
184 197 4
184 199 3
184 220 3
184 225 1
184 233 3
184 262 3
184 265 2
184 278 2
184 304 2
184 309 5
184 315 2
184 319 3
184 330 3
184 345 3
184 346 3
184 358 3
184 362 4
184 374 4
184 390 5
185 189 1
185 209 3
185 218 4
185 224 5
185 234 5
185 238 4
185 240 3
185 241 1
185 242 3
185 260 3
185 262 3
185 267 3
185 276 2
185 288 4
185 301 3
185 325 2
185 335 5
185 343 3
185 349 4
185 352 4
185 355 1
185 356 5
185 377 2
185 381 2
185 384 5
185 396 5
186 192 1
186 216 3
186 232 1
186 235 3
186 242 4
186 322 2
186 327 3
186 333 5
186 338 3
186 339 2
186 345 5
186 364 3
186 377 3
186 383 2
186 397 4
187 189 2
187 207 1
187 223 2
187 228 1
187 232 4
187 277 4
187 292 1
187 301 2
187 307 4
187 313 2
187 366 2
187 371 1
187 393 1
187 396 1
188 192 4
188 196 5
188 201 3
188 204 5
188 213 1
188 222 5
188 231 4
188 232 1
188 238 1
188 244 3
188 247 1
188 251 5
188 257 2
188 265 5
188 299 3
188 303 3
188 305 3
188 314 3
188 316 5
188 319 2
188 320 5
188 330 2
188 351 3
188 364 3
188 366 4
188 373 1
188 387 1
188 393 5
188 399 1
189 190 5
189 217 2
189 233 5
189 257 2
189 259 3
189 345 3
189 348 5
189 350 4
189 359 1
189 370 4
189 371 5
189 392 1
189 398 4
190 199 4
190 205 2
190 220 3
190 234 4
190 241 4
190 245 1
190 246 4
190 273 1
190 290 4
190 295 4
190 327 2
190 338 1
190 343 3
190 359 4
190 362 2
190 391 4
190 397 1
191 210 1
191 217 3
191 223 5
191 244 3
191 245 1
191 256 1
191 269 1
191 271 1
191 274 3
191 296 1
191 318 4
191 338 2
191 369 5
191 386 2
192 211 4
192 234 4
192 236 4
192 254 1
192 262 1
192 307 4
192 313 5
192 325 2
192 347 5
192 360 3
192 364 1
192 369 2
192 381 5
192 395 4
193 237 5
193 250 4
193 256 1
193 264 3
193 281 4
193 288 5
193 291 3
193 304 5
193 334 5
193 335 4
193 338 5
193 342 3
193 363 2
193 371 5
194 221 4
194 225 4
194 229 1
194 234 3
194 243 2
194 253 5
194 268 3
194 276 2
194 296 2
194 304 5
194 334 5
194 344 5
194 354 2
194 360 2
194 364 2
194 370 3
194 372 2
194 391 5
194 393 2
195 197 1
195 204 3
195 216 1
195 217 2
195 223 5
195 234 2
195 236 5
195 240 1
195 243 4
195 251 1
195 253 1
195 258 1
195 272 4
195 275 2
195 279 4
195 286 3
195 296 4
195 305 3
195 312 2
195 323 4
195 324 4
195 330 1
195 336 2
195 344 5
195 374 3
195 380 5
195 386 4
195 389 3
196 199 1
196 200 1
196 205 3
196 209 4
196 227 2
196 235 3
196 239 2
196 246 2
196 249 1
196 255 1
196 267 4
196 276 3
196 295 5
196 296 3
196 297 1
196 298 2
196 303 1
196 308 2
196 323 4
196 325 5
196 353 1
196 382 4
196 398 2
197 216 4
197 230 3
197 239 4
197 270 3
197 279 1
197 282 2
197 300 5
197 320 4
197 327 3
197 336 4
197 342 5
197 344 5
197 366 3
197 372 4
197 373 3
197 374 1
197 399 3
198 235 4
198 261 3
198 282 3
198 311 5
198 323 5
198 325 2
198 332 4
198 337 3
198 340 1
198 370 3
198 374 4
199 217 1
199 218 2
199 244 3
199 250 5
199 259 1
199 265 3
199 269 1
199 277 5
199 278 2
199 281 1
199 311 3
199 341 2
199 344 1
199 346 5
199 350 1
199 352 1
199 377 2
199 384 1
199 386 5
199 396 3
199 397 1
200 205 3
200 210 1
200 211 3
200 218 2
200 228 1
200 229 2
200 233 1
200 235 3
200 236 3
200 245 3
200 261 2
200 268 3
200 277 1
200 288 4
200 291 4
200 327 5
200 337 4
200 341 2
200 344 5
200 356 2
200 357 2
200 389 5
200 393 1
200 398 4
201 202 1
201 220 1
201 223 1
201 229 2
201 233 4
201 249 4
201 255 5
201 260 4
201 268 4
201 281 3
201 290 4
201 324 4
201 333 4
201 347 4
201 356 3
201 368 1
201 375 5
201 376 5
201 396 1
202 213 4
202 236 5
202 240 5
202 264 1
202 280 4
202 289 3
202 298 2
202 320 4
202 321 5
202 343 2
202 346 4
202 354 2
202 382 1
202 390 2
202 394 3
203 207 1
203 217 4
203 226 5
203 232 5
203 240 2
203 246 5
203 251 4
203 256 3
203 268 4
203 274 1
203 282 3
203 334 2
203 344 5
203 357 5
203 362 4
203 368 1
203 373 2
203 384 2
203 388 5
203 391 4
203 396 3
203 397 5
204 207 3
204 231 1
204 255 4
204 262 2
204 274 5
204 280 5
204 304 3
204 317 4
204 319 5
204 334 1
204 362 5
205 209 3
205 228 1
205 255 4
205 260 3
205 272 5
205 286 3
205 295 2
205 308 5
205 333 5
205 337 3
205 338 1
205 339 3
205 353 4
205 354 2
205 361 4
205 379 1
205 398 5
205 399 4
206 210 3
206 236 5
206 240 1
206 257 1
206 268 4
206 295 4
206 313 1
206 324 3
206 327 3
206 335 1
206 337 5
206 342 5
206 354 5
206 361 2
206 370 4
206 377 4
206 384 4
206 388 4
206 389 1
206 396 3
206 397 4
207 236 5
207 244 2
207 249 3
207 257 3
207 292 5
207 295 1
207 305 3
207 310 2
207 355 2
207 357 5
207 365 3
207 388 5
207 389 4
207 400 3
208 213 1
208 240 3
208 243 2
208 252 5
208 292 5
208 294 4
208 301 2
208 308 4
208 311 1
208 321 4
208 342 3
208 352 2
208 383 3
208 384 2
208 391 5
208 392 3
208 395 2
208 399 2
209 210 1
209 216 2
209 217 4
209 221 5
209 223 4
209 227 5
209 232 3
209 280 4
209 287 3
209 310 5
209 317 3
209 329 4
209 344 5
209 345 5
209 348 4
209 377 1
209 381 2
209 385 3
209 392 2
210 215 1
210 229 3
210 236 1
210 241 2
210 243 1
210 261 4
210 267 1
210 273 5
210 311 1
210 314 3
210 321 4
210 329 5
210 334 3
210 335 2
210 349 2
210 351 3
210 358 3
210 360 1
210 366 5
210 371 1
210 373 5
210 380 4
210 396 1
210 399 2
211 212 4
211 215 5
211 223 5
211 226 5
211 229 1
211 232 2
211 239 5
211 261 2
211 265 2
211 267 2
211 272 4
211 274 2
211 309 4
211 321 5
211 327 5
211 329 4
211 342 3
211 364 3
211 384 1
211 389 4
211 393 4
211 395 3
212 213 5
212 232 2
212 242 1
212 248 1
212 267 3
212 284 2
212 286 2
212 291 3
212 301 1
212 304 3
212 307 5
212 317 1
212 325 1
212 327 3
212 343 4
212 353 2
212 358 4
212 359 4
212 368 5
212 381 1
212 383 2
213 241 3
213 244 4
213 258 2
213 259 2
213 261 2
213 284 4
213 290 4
213 298 3
213 308 3
213 311 5
213 312 1
213 318 5
213 322 2
213 324 3
213 339 4
213 354 1
213 358 4
213 366 4
213 368 1
213 385 2
213 393 4
213 397 3
214 220 2
214 228 2
214 245 5
214 247 5
214 248 5
214 260 2
214 276 2
214 279 3
214 282 2
214 286 5
214 299 4
214 316 5
214 319 3
214 321 1
214 328 5
214 331 3
214 348 2
214 370 1
214 371 1
214 383 1
214 387 2
214 399 4
215 221 4
215 226 1
215 229 1
215 235 3
215 237 5
215 238 2
215 262 1
215 270 1
215 314 1
215 315 2
215 333 1
215 350 1
215 390 1
215 399 5
216 241 4
216 245 1
216 262 4
216 273 4
216 275 3
216 276 4
216 279 1
216 308 1
216 311 4
216 331 4
216 341 2
216 350 1
216 359 2
216 364 2
216 365 5
216 373 5
216 381 1
216 386 3
216 398 2
216 399 3
217 228 2
217 236 3
217 245 2
217 266 4
217 272 2
217 276 3
217 303 2
217 316 2
217 327 5
217 334 1
217 353 3
217 378 4
217 397 1
218 220 2
218 225 5
218 236 5
218 244 3
218 268 5
218 269 2
218 273 1
218 275 4
218 282 3
218 296 4
218 307 1
218 311 4
218 338 1
218 357 1
218 370 5
218 378 5
218 381 4
218 394 4
219 223 5
219 233 4
219 237 1
219 255 4
219 259 3
219 262 2
219 282 4
219 290 3
219 299 4
219 307 5
219 308 1
219 319 5
219 326 5
219 327 2
219 328 3
219 331 3
219 336 5
219 339 1
219 348 1
219 359 2
219 360 3
219 361 2
219 367 4
219 372 3
219 392 5
219 397 4
220 228 2
220 235 2
220 236 2
220 250 4
220 273 2
220 281 1
220 288 4
220 298 3
220 312 1
220 317 4
220 320 4
220 329 3
220 340 4
220 349 3
220 354 5
220 358 1
220 370 3
220 378 4
220 379 2
220 390 1
220 393 5
220 397 5
221 223 2
221 246 3
221 256 2
221 257 4
221 267 4
221 268 2
221 269 1
221 296 3
221 299 1
221 302 3
221 313 5
221 314 4
221 316 3
221 326 4
221 341 1
221 345 3
221 348 2
221 356 4
221 364 2
221 383 2
222 224 2
222 226 4
222 229 2
222 249 5
222 251 4
222 270 2
222 272 3
222 277 4
222 290 3
222 293 4
222 294 2
222 295 3
222 299 1
222 304 3
222 321 4
222 334 5
222 339 1
222 348 3
222 353 5
222 358 3
222 359 3
222 369 2
222 380 3
222 386 3
222 392 1
223 226 5
223 239 3
223 240 2
223 244 3
223 258 3
223 280 3
223 288 3
223 329 1
223 339 4
223 340 2
223 351 3
223 363 2
223 371 5
223 372 1
223 394 3
224 269 4
224 274 4
224 278 5
224 300 3
224 312 3
224 325 2
224 346 3
224 347 1
224 365 1
224 379 2
224 382 2
224 387 1
224 395 5
225 226 4
225 235 1
225 256 4
225 264 5
225 284 3
225 295 2
225 297 2
225 304 1
225 308 2
225 352 2
225 371 2
225 384 1
225 397 3
225 398 5
225 400 3
226 232 3
226 255 4
226 261 2
226 263 1
226 278 4
226 283 1
226 284 3
226 290 3
226 292 4
226 310 3
226 312 5
226 321 3
226 323 1
226 329 2
226 347 4
226 350 1
226 351 1
226 354 3
226 362 1
226 364 2
226 368 1
226 377 4
226 387 2
226 399 5
227 234 1
227 238 3
227 250 1
227 270 3
227 279 4
227 282 5
227 303 4
227 313 3
227 332 5
227 333 5
227 353 4
227 362 2
227 372 4
227 386 4
227 399 2
228 238 5
228 240 2
228 242 4
228 254 2
228 268 5
228 280 3
228 286 2
228 287 5
228 301 2
228 310 2
228 314 2
228 323 4
228 324 3
228 329 4
228 333 4
228 336 4
228 351 5
228 355 5
228 374 1
228 386 1
228 388 5
229 232 3
229 235 4
229 251 3
229 272 1
229 275 3
229 280 5
229 289 1
229 312 2
229 313 1
229 319 2
229 342 2
229 343 4
229 378 2
229 388 4
229 394 5
230 234 2
230 244 5
230 262 5
230 263 2
230 265 5
230 268 1
230 276 2
230 281 2
230 285 2
230 342 5
230 351 2
230 373 1
230 378 2
230 380 4
230 387 2
230 392 1
231 234 4
231 249 2
231 253 3
231 255 1
231 264 1
231 270 4
231 281 5
231 296 5
231 298 1
231 317 1
231 332 5
231 334 3
231 344 1
231 348 4
231 355 2
231 364 5
231 385 2
231 386 3
231 391 5
232 246 2
232 252 4
232 256 3
232 261 5
232 271 4
232 274 3
232 288 5
232 295 2
232 310 5
232 313 1
232 318 5
232 328 2
232 331 2
232 340 5
232 346 3
232 356 3
232 365 3
232 372 2
232 373 3
232 389 2
233 236 3
233 241 3
233 249 4
233 262 5
233 278 4
233 286 5
233 298 3
233 300 3
233 302 2
233 304 5
233 313 5
233 316 4
233 329 5
233 332 3
233 339 2
233 340 4
233 342 2
233 355 1
233 361 3
233 362 3
233 370 5
233 373 2
234 239 4
234 247 3
234 254 5
234 255 1
234 257 4
234 273 3
234 286 4
234 293 3
234 297 5
234 302 2
234 307 3
234 308 4
234 326 4
234 352 2
234 356 4
234 371 1
234 376 2
234 393 1
235 261 1
235 263 4
235 266 4
235 269 4
235 270 5
235 271 4
235 287 1
235 296 3
235 308 4
235 325 1
235 331 2
235 344 4
235 352 1
235 361 1
235 380 4
236 251 5
236 253 4
236 264 5
236 273 1
236 289 1
236 297 2
236 299 2
236 301 3
236 325 5
236 341 1
236 368 2
236 389 5
236 400 1
237 240 5
237 249 4
237 250 4
237 262 2
237 279 4
237 282 3
237 284 4
237 301 3
237 316 2
237 317 5
237 324 2
237 327 2
237 334 1
237 344 2
237 345 5
237 351 5
237 380 4
237 390 1
238 253 4
238 255 5
238 258 2
238 261 5
238 262 4
238 263 4
238 268 5
238 292 2
238 299 5
238 316 4
238 319 2
238 333 2
238 341 1
238 357 5
238 382 3
238 400 5
239 254 5
239 256 1
239 273 5
239 290 5
239 292 5
239 300 5
239 302 1
239 305 5
239 316 5
239 324 4
239 328 1
239 330 3
239 365 1
239 377 3
239 378 2
239 389 2
239 398 4
240 242 1
240 246 4
240 251 5
240 260 4
240 264 5
240 265 4
240 280 3
240 338 4
240 342 5
240 353 5
240 371 5
240 380 2
240 399 2
241 272 3
241 275 3
241 279 2
241 285 3
241 286 3
241 290 4
241 294 4
241 296 3
241 297 1
241 304 5
241 306 1
241 314 3
241 315 5
241 340 3
241 345 3
241 361 3
241 365 2
241 369 1
241 384 2
241 393 3
241 397 3
241 398 2
242 247 2
242 249 3
242 254 4
242 261 1
242 263 1
242 272 2
242 273 4
242 287 1
242 308 4
242 316 3
242 319 2
242 330 4
242 352 5
242 374 4
242 388 4
242 398 5
243 250 4
243 265 4
243 277 5
243 308 2
243 309 2
243 339 4
243 340 2
243 345 5
243 351 1
243 375 2
244 246 3
244 256 2
244 269 2
244 275 1
244 287 1
244 289 4
244 293 5
244 296 2
244 341 4
244 343 4
244 347 2
244 353 2
244 360 2
244 396 5
245 269 4
245 273 5
245 279 3
245 293 5
245 297 5
245 322 5
245 325 4
245 332 1
245 333 5
245 341 4
245 349 3
245 370 3
245 386 2
245 392 1
246 248 4
246 251 4
246 256 4
246 259 1
246 282 3
246 289 3
246 317 3
246 330 1
246 355 1
246 371 2
246 377 2
246 382 5
246 388 2
247 263 2
247 267 1
247 271 4
247 298 3
247 311 4
247 325 2
247 331 5
247 361 1
247 366 5
247 385 1
247 394 5
248 265 5
248 267 4
248 276 3
248 305 1
248 313 2
248 344 2
248 351 2
248 352 3
248 356 2
248 357 4
248 358 2
248 383 5
248 388 5
248 389 4
249 257 5
249 299 4
249 315 4
249 325 2
249 335 4
249 350 1
249 355 3
249 357 3
249 380 4
250 254 4
250 268 5
250 274 2
250 278 1
250 302 4
250 314 5
250 316 4
250 318 4
250 320 1
250 333 4
250 351 2
250 352 2
250 359 4
250 376 3
250 391 4
250 392 5
251 266 1
251 269 2
251 273 1
251 279 1
251 281 3
251 299 2
251 300 3
251 306 5
251 318 2
251 323 1
251 324 4
251 330 4
251 331 3
251 339 5
251 340 4
251 353 2
251 357 2
251 360 5
251 377 3
251 384 1
251 386 5
251 388 4
251 395 1
252 253 2
252 263 3
252 286 2
252 291 4
252 299 3
252 305 3
252 339 2
252 348 5
252 356 1
252 371 1
252 376 3
252 391 3
253 277 2
253 278 5
253 280 1
253 291 2
253 295 5
253 312 2
253 319 4
253 323 4
253 325 1
253 340 1
253 341 2
253 357 3
253 375 4
253 378 3
253 385 3
253 388 3
254 263 3
254 264 3
254 269 1
254 271 4
254 280 2
254 282 3
254 290 5
254 303 3
254 312 5
254 319 5
254 340 5
254 352 4
254 367 2
254 368 3
254 376 2
254 387 1
254 396 4
255 274 3
255 281 5
255 287 1
255 299 3
255 338 1
255 359 4
255 373 2
256 265 1
256 266 4
256 270 3
256 277 1
256 278 5
256 279 3
256 282 3
256 284 5
256 289 4
256 296 4
256 300 5
256 307 3
256 327 3
256 329 1
256 339 3
256 347 1
256 355 2
256 362 1
256 367 2
256 373 3
256 379 3
256 384 5
256 391 5
256 396 2
257 284 5
257 287 3
257 288 1
257 289 3
257 299 2
257 308 5
257 314 2
257 317 5
257 327 2
257 339 2
257 343 5
257 359 1
257 369 5
257 374 3
257 379 3
257 383 5
257 399 5
258 266 2
258 267 1
258 294 5
258 297 2
258 318 4
258 326 5
258 327 2
258 372 2
258 373 4
259 262 3
259 267 1
259 272 1
259 276 1
259 278 3
259 285 4
259 287 2
259 298 4
259 302 2
259 309 3
259 345 2
259 348 2
259 354 3
259 362 4
259 367 2
259 368 5
259 373 3
259 377 3
259 382 5
259 384 2
259 385 2
259 387 3
259 392 3
259 397 3
260 261 3
260 268 5
260 297 2
260 304 2
260 324 5
260 325 1
260 332 3
260 351 5
260 352 5
260 354 1
260 357 5
260 365 4
260 375 5
260 391 5
261 264 5
261 288 5
261 295 4
261 296 1
261 311 3
261 325 1
261 329 4
261 341 4
261 358 1
261 374 2
261 381 2
262 284 2
262 300 3
262 303 2
262 307 5
262 317 4
262 338 3
262 348 2
262 349 1
262 350 2
262 367 1
262 368 3
262 369 5
262 370 4
262 372 4
262 374 5
262 398 1
263 271 5
263 280 3
263 283 1
263 303 1
263 313 2
263 322 2
263 328 1
263 333 5
263 334 4
263 337 1
263 344 1
263 347 4
263 359 5
263 375 1
263 389 2
263 395 2
264 267 5
264 270 5
264 271 1
264 303 4
264 318 5
264 324 4
264 333 3
264 337 2
264 348 2
264 373 1
265 278 1
265 290 2
265 291 5
265 306 4
265 317 2
265 319 3
265 338 3
265 346 2
265 351 3
265 373 5
265 379 2
265 384 2
265 393 5
265 395 3
265 396 2
266 274 2
266 304 1
266 305 2
266 307 4
266 316 2
266 331 1
266 386 3
267 275 3
267 276 2
267 308 3
267 340 3
267 364 3
267 375 4
267 387 2
268 279 2
268 281 3
268 293 5
268 304 5
268 316 4
268 319 4
268 323 3
268 324 3
268 338 5
268 366 4
268 385 5
268 389 5
269 270 3
269 289 2
269 305 2
269 311 5
269 328 2
269 329 5
269 330 4
269 337 1
269 342 3
269 351 1
269 354 2
269 358 1
269 368 3
270 282 5
270 289 1
270 300 2
270 311 2
270 316 5
270 322 5
270 324 2
270 326 2
270 331 5
270 341 4
270 350 2
270 354 3
270 364 4
270 368 3
270 388 3
270 397 5
271 276 4
271 288 1
271 300 1
271 315 4
271 321 5
271 325 3
271 347 3
271 356 3
271 358 4
271 363 2
271 399 3
272 274 5
272 277 1
272 287 2
272 291 3
272 293 3
272 294 1
272 323 4
272 324 2
272 326 4
272 340 4
272 344 1
272 378 5
272 379 5
272 383 2
272 391 3
273 309 3
273 313 3
273 327 1
273 352 2
273 359 1
273 368 2
273 384 1
273 386 4
273 389 5
274 277 5
274 284 4
274 308 5
274 317 2
274 322 1
274 338 5
274 349 5
274 353 1
274 361 4
274 370 4
274 379 4
274 389 5
275 296 4
275 300 4
275 318 5
275 321 3
275 340 2
275 344 4
275 352 5
275 353 5
275 363 4
275 376 2
275 385 3
276 288 4
276 307 1
276 308 5
276 315 5
276 316 3
276 326 4
276 333 5
276 359 2
276 388 1
276 391 4
276 399 2
277 287 2
277 291 4
277 310 2
277 319 5
277 322 3
277 338 3
277 349 2
277 358 3
277 372 5
277 374 1
277 381 5
277 398 3
278 287 4
278 288 2
278 303 2
278 322 2
278 323 2
278 336 2
278 352 4
278 355 4
278 369 5
278 382 3
278 385 3
278 393 2
279 283 4
279 285 2
279 288 2
279 290 5
279 297 2
279 300 3
279 302 2
279 316 2
279 331 1
279 340 3
279 347 5
279 351 5
279 370 2
279 372 5
279 373 5
279 374 1
279 383 1
279 386 5
279 393 2
280 283 1
280 292 1
280 297 2
280 329 1
280 337 1
280 338 3
280 341 5
280 350 4
280 354 4
280 359 4
280 363 2
281 296 2
281 318 4
281 326 3
281 332 2
281 333 4
281 340 5
281 342 4
281 343 5
281 363 2
281 374 5
281 393 5
281 400 3
282 318 4
282 336 5
282 339 4
282 341 1
282 347 5
282 357 3
282 367 5
282 392 1
282 398 5
283 284 4
283 287 5
283 299 1
283 303 5
283 308 2
283 311 4
283 320 1
283 321 1
283 324 2
283 346 1
283 349 3
283 353 1
283 370 3
283 382 4
283 395 4
284 315 2
284 317 1
284 322 3
284 329 5
284 337 2
284 340 2
284 346 2
284 363 1
284 366 4
284 377 2
284 383 1
285 293 3
285 307 5
285 310 5
285 312 5
285 316 4
285 323 1
285 328 3
285 338 4
285 348 5
285 363 2
285 390 4
285 392 3
286 288 4
286 295 5
286 298 2
286 320 2
286 328 5
286 337 1
286 338 1
286 343 2
286 391 4
286 394 5
286 397 3
287 332 3
287 336 5
287 343 4
287 375 3
287 391 2
287 393 4
287 396 4
288 297 3
288 314 5
288 354 3
288 356 1
288 366 4
288 376 3
289 291 1
289 296 3
289 299 1
289 301 2
289 312 2
289 321 1
289 336 1
289 366 1
289 378 2
289 386 1
289 395 5
290 303 1
290 308 1
290 321 1
290 326 1
290 342 2
290 343 1
290 349 3
290 356 1
290 362 5
290 365 2
290 391 5
290 392 1
290 393 4
291 302 1
291 310 1
291 323 5
291 327 3
291 346 2
291 354 1
291 358 4
291 365 2
291 370 3
291 381 5
291 382 5
291 383 3
291 390 4
291 398 3
292 301 3
292 317 5
292 322 5
292 342 2
292 350 1
292 351 5
292 359 2
292 379 3
292 396 5
292 398 4
293 295 5
293 318 2
293 336 4
293 348 2
293 364 5
293 366 3
293 390 3
294 302 3
294 317 5
294 331 5
294 343 5
294 344 5
294 356 3
294 394 4
294 396 3
295 298 4
295 308 2
295 317 3
295 318 2
295 321 2
295 339 1
295 347 4
295 357 1
295 358 5
295 369 2
295 382 3
295 393 3
296 308 2
296 311 1
296 316 2
296 323 2
296 325 2
296 341 1
296 351 1
296 356 4
296 357 4
296 359 3
296 366 1
296 376 3
296 392 2
297 300 2
297 310 4
297 319 2
297 347 1
297 349 1
298 338 5
298 344 4
298 351 4
298 370 1
298 377 2
298 379 5
298 381 2
298 382 3
298 386 3
298 387 2
298 390 3
298 393 5
298 395 5
298 398 4
298 400 2
299 306 3
299 307 3
299 327 3
299 332 3
299 347 1
299 365 2
299 379 1
299 388 4
300 310 2
300 311 4
300 344 3
300 369 1
300 374 1
300 381 5
300 383 1
300 390 5
300 391 5
301 308 5
301 330 1
301 334 4
301 337 1
301 369 1
301 370 5
301 372 1
301 373 3
301 380 3
301 385 2
301 391 4
301 399 1
302 341 4
302 343 1
302 345 3
302 349 5
302 399 1
303 317 4
303 340 1
303 342 3
303 348 4
303 349 3
303 354 4
303 373 3
303 376 4
303 382 5
303 391 5
303 397 5
304 311 4
304 313 3
304 318 4
304 327 3
304 340 3
304 343 5
304 345 4
304 348 4
304 358 3
304 363 1
304 372 5
304 394 5
304 396 4
305 306 1
305 315 3
305 320 1
305 326 5
305 340 4
305 355 2
305 371 3
305 382 5
306 312 1
306 321 4
306 322 4
306 329 3
306 332 4
306 348 5
306 357 4
306 360 2
306 367 4
306 381 3
306 389 1
306 397 5
306 398 1
307 311 4
307 316 1
307 336 2
307 338 3
307 339 3
307 361 3
307 366 4
307 371 2
307 372 1
307 373 4
307 379 5
307 385 1
307 388 1
307 395 1
308 311 1
308 317 3
308 323 3
308 334 5
308 340 5
308 341 1
308 366 3
308 371 3
308 379 5
308 382 1
309 314 5
309 322 5
309 325 1
309 333 2
309 339 5
309 348 1
309 353 3
309 370 2
309 375 2
309 383 3
310 313 3
310 323 5
310 326 1
310 329 1
310 345 5
310 353 4
310 356 2
310 360 2
310 399 3
311 335 2
311 343 3
311 353 5
311 360 4
311 362 5
311 364 2
311 375 3
311 386 5
311 389 1
311 390 2
311 396 5
311 400 3
312 332 1
312 350 5
312 356 3
312 393 1
313 330 4
313 332 2
313 337 2
313 346 3
313 356 5
313 362 1
313 374 2
313 386 4
314 316 5
314 333 4
314 372 1
314 375 3
314 382 3
314 388 3
315 319 2
315 328 1
315 339 4
315 364 4
315 389 5
315 397 2
316 321 3
316 322 1
316 337 2
316 345 5
316 348 1
316 356 1
316 358 3
316 365 3
316 372 1
317 322 5
317 346 1
317 363 1
317 369 4
318 325 5
318 328 3
318 330 2
318 331 5
318 353 2
318 378 1
318 392 2
318 400 1
319 331 2
319 352 2
319 371 3
319 372 3
319 378 4
319 379 2
319 383 2
319 387 4
319 396 5
319 397 1
320 322 1
320 347 3
320 358 4
320 362 2
320 364 1
320 368 1
320 372 4
320 381 5
320 383 4
320 385 1
320 391 3
321 326 3
321 329 2
321 332 2
321 335 3
321 356 1
321 367 5
321 389 5
321 394 5
321 398 2
321 399 5
322 328 2
322 346 1
322 357 4
322 361 2
322 363 3
322 366 5
322 378 3
322 390 2
323 327 3
323 333 3
323 349 5
323 354 5
323 355 4
323 366 3
323 373 3
323 377 3
323 394 3
324 328 1
324 347 5
324 350 4
324 355 2
324 367 4
324 384 1
324 387 3
325 345 3
325 351 5
325 355 1
325 379 1
325 382 1
325 390 4
326 332 3
326 336 1
326 348 5
326 364 3
326 388 3
326 392 5
326 394 3
326 396 1
327 331 3
327 339 4
327 346 4
327 350 2
327 362 1
327 363 4
327 384 2
328 335 5
328 342 5
328 349 4
328 360 5
328 369 5
328 375 2
328 380 3
328 388 2
328 400 2
329 332 5
329 346 2
329 355 3
329 368 2
329 372 2
329 383 2
330 341 3
330 343 5
330 364 5
330 371 3
330 377 1
330 389 3
330 394 4
330 395 5
331 334 5
331 353 1
331 369 3
331 375 2
331 380 3
331 386 5
332 340 3
332 370 2
332 377 4
332 385 3
332 393 5
333 347 4
333 349 4
333 365 2
333 367 1
333 380 5
333 387 4
333 391 4
333 392 5
333 396 2
334 341 3
334 343 2
334 347 4
334 348 1
334 356 4
334 358 2
334 366 5
334 368 1
334 398 4
335 345 4
335 358 1
335 364 5
335 365 1
335 372 1
335 385 5
335 387 4
335 399 4
335 400 1
336 343 1
336 350 2
336 351 1
336 353 2
336 359 3
336 370 2
336 375 1
336 380 4
336 395 2
336 396 2
337 338 3
337 348 3
337 358 5
337 370 3
337 379 2
337 385 1
337 400 3
338 358 5
338 362 4
338 368 1
338 380 1
338 384 4
338 385 4
338 388 4
338 390 3
338 398 1
339 361 3
339 373 1
339 381 4
339 387 4
339 390 3
340 342 5
340 366 2
340 367 4
340 368 4
340 372 2
341 379 5
341 396 1
342 361 1
342 369 5
342 374 1
342 379 1
342 384 4
342 396 3
343 348 1
343 349 5
343 357 5
343 363 4
343 368 2
343 378 4
343 383 4
344 351 4
344 379 3
345 348 5
345 360 3
345 369 1
345 382 4
345 383 1
345 399 5
346 353 5
346 363 3
346 369 5
346 372 4
346 390 2
347 368 1
347 378 3
347 379 1
347 384 3
347 388 1
348 359 5
348 368 5
348 381 3
349 350 5
349 359 1
349 361 5
349 368 2
349 379 3
349 389 1
349 396 4
349 400 5
350 370 1
350 374 2
350 381 5
350 389 2
351 352 3
351 364 2
351 369 1
351 380 5
351 386 1
352 358 5
352 362 4
352 363 5
352 367 2
352 377 3
352 378 3
352 382 4
353 357 1
353 358 1
353 369 2
353 372 2
353 373 1
353 390 4
354 366 5
354 367 3
354 382 2
354 387 5
354 399 5
355 358 2
355 366 2
355 369 1
355 379 1
355 387 3
355 391 2
355 398 4
356 363 2
356 387 1
356 393 3
356 400 2
357 362 5
357 369 4
357 374 5
357 400 2
358 376 5
358 384 4
359 361 5
359 379 5
359 388 3
359 396 3
359 400 1
360 377 4
360 382 1
360 385 2
360 388 5
360 389 1
360 390 1
360 396 1
361 376 4
361 385 5
361 400 4
362 398 3
363 368 4
363 376 1
363 383 5
364 374 3
364 383 4
364 389 3
364 396 3
364 400 4
365 367 2
365 368 2
365 374 1
365 389 5
366 371 3
366 376 4
366 381 3
366 389 1
366 393 1
367 373 4
367 385 2
367 393 4
368 378 5
368 385 1
368 392 1
368 395 3
369 371 5
369 390 4
369 391 2
369 397 3
370 381 4
370 395 3
372 400 1
373 381 4
373 385 3
373 387 4
373 389 4
374 378 2
374 380 4
375 380 5
375 382 4
375 388 2
375 393 4
375 396 4
376 386 1
376 391 5
376 397 4
377 399 5
378 384 2
378 388 1
378 389 4
378 393 2
379 389 2
379 392 2
380 383 1
380 386 1
380 387 5
380 392 3
380 397 2
380 399 5
381 383 5
381 386 1
381 388 1
382 391 5
382 399 3
384 385 2
386 387 3
387 391 4
388 393 1
390 398 2
391 392 1
391 394 1
391 395 2
391 396 4
392 399 4
394 396 5
395 397 1
