50 126
1 14 7
1 19 9
1 20 5
1 23 4
2 12 10
2 17 2
2 23 10
2 40 8
2 42 8
2 46 9
2 47 10
3 6 3
3 46 6
4 10 6
4 13 5
4 18 3
4 24 6
4 50 3
5 15 4
5 46 1
5 50 9
6 12 1
6 16 1
6 17 1
6 24 7
6 40 3
7 9 8
7 16 7
8 45 2
9 11 1
9 15 3
9 23 3
9 28 1
9 47 8
9 50 6
10 14 3
10 18 8
10 23 4
11 14 8
11 20 7
11 21 8
11 26 2
11 40 2
12 20 4
12 24 9
12 39 7
12 42 1
12 44 2
13 31 8
13 34 1
13 35 10
13 47 8
13 49 10
13 50 4
14 20 9
14 32 5
14 40 2
14 45 6
15 21 7
15 33 3
15 38 3
15 40 5
15 47 2
16 17 8
16 18 6
16 21 3
16 27 2
16 38 2
17 33 6
17 38 9
17 47 7
17 48 7
18 24 4
18 26 4
18 32 1
18 41 7
18 44 4
19 21 8
19 30 1
19 38 2
19 41 1
19 50 2
20 26 6
20 29 4
20 31 1
20 33 9
21 23 4
21 35 9
21 38 2
21 50 2
22 34 2
22 47 8
23 46 2
24 25 8
24 28 8
24 29 9
24 33 8
25 34 5
25 38 9
25 46 3
27 30 10
28 37 7
29 31 9
29 37 5
29 38 1
29 47 1
30 35 7
30 36 8
30 43 6
31 47 4
32 38 1
33 42 1
34 36 6
34 42 7
35 37 1
35 48 4
37 43 8
39 45 8
39 46 10
39 47 8
41 47 10
43 44 6
43 48 7
45 46 7
45 50 10
46 47 2
