200 966
1 8 27
1 45 54
1 66 32
1 79 55
1 87 75
1 116 23
1 144 42
1 161 48
1 171 80
1 175 3
1 187 68
1 190 20
1 193 32
2 10 41
2 20 4
2 23 28
2 32 77
2 38 72
2 76 32
2 77 55
2 160 75
2 170 22
2 178 46
2 180 46
2 182 56
3 21 12
3 23 3
3 26 42
3 40 31
3 63 29
3 72 29
3 98 67
3 116 53
3 128 2
3 160 24
3 170 60
3 182 32
4 24 58
4 42 28
4 59 56
4 65 27
4 97 32
4 108 32
4 151 69
4 198 22
4 199 44
5 53 46
5 58 62
5 65 38
5 74 41
5 83 13
5 85 56
5 87 17
5 116 23
5 132 64
5 144 78
6 20 33
6 24 38
6 52 71
6 67 15
6 80 17
6 88 78
6 94 54
6 97 26
6 108 9
6 163 9
6 177 59
7 72 28
7 113 5
7 177 20
8 32 29
8 38 58
8 41 38
8 93 4
8 101 20
8 153 67
8 194 15
9 11 16
9 23 26
9 28 15
9 98 42
9 111 41
9 119 17
10 15 31
10 30 51
10 49 68
10 55 72
10 61 44
10 69 7
10 99 37
10 136 52
10 142 69
10 144 51
10 154 7
10 156 41
10 184 39
11 38 3
11 84 48
11 136 55
11 147 6
11 181 40
11 200 80
12 62 74
12 90 46
12 94 52
12 102 35
12 125 38
12 131 48
13 18 57
13 37 31
13 67 79
13 76 53
13 106 47
13 189 34
14 29 33
14 66 31
14 75 53
14 112 40
14 141 61
14 174 80
14 194 48
15 40 79
15 60 32
15 66 37
15 100 80
15 115 70
15 117 10
15 142 39
15 180 14
15 184 37
15 185 15
15 196 1
16 27 53
16 28 26
16 34 73
16 62 7
16 69 18
16 91 65
16 96 55
17 18 10
17 31 61
17 54 44
17 68 59
17 69 40
17 84 46
17 99 1
17 120 12
17 124 55
17 161 77
17 190 39
18 25 65
18 64 56
18 68 61
18 85 68
18 128 72
18 134 14
18 155 51
18 158 44
19 33 28
19 46 34
19 68 38
19 98 22
19 112 72
19 152 46
19 186 33
20 31 50
20 74 28
20 89 26
20 115 66
20 118 80
20 121 63
20 154 61
20 160 8
20 178 65
21 179 15
22 39 72
22 49 71
22 87 39
22 99 40
22 187 60
23 27 73
23 84 66
23 129 67
23 171 75
23 178 62
24 28 45
24 29 6
24 60 55
24 119 69
24 122 64
24 130 22
24 155 51
24 175 12
24 176 49
24 179 3
24 180 3
24 185 18
24 191 47
24 194 15
25 35 72
25 39 69
25 40 12
25 45 13
25 48 59
25 49 74
25 116 75
25 120 57
25 154 5
25 162 65
25 165 56
26 27 66
26 79 13
26 88 7
26 108 14
26 130 20
26 163 64
26 170 39
26 173 68
27 28 65
27 38 77
27 42 78
27 137 78
27 140 79
27 151 54
28 31 66
28 40 32
28 41 52
28 106 69
28 109 70
28 119 22
28 130 23
28 138 14
29 40 6
29 91 66
29 107 63
29 113 46
29 126 48
29 175 52
29 186 23
30 33 58
30 46 25
30 81 67
30 131 63
30 133 13
30 145 72
31 45 60
31 46 36
31 65 13
31 72 37
31 147 2
31 152 61
31 173 26
31 179 7
31 187 64
32 52 54
32 76 30
32 77 62
32 111 50
32 112 3
32 113 3
32 154 27
32 156 36
32 176 53
32 183 62
32 192 74
33 56 11
33 78 18
33 85 59
33 88 7
33 106 19
33 150 23
34 92 38
34 102 78
34 128 4
34 138 58
34 142 35
34 143 40
34 156 42
34 157 3
34 198 6
35 48 71
35 62 22
35 99 17
35 128 44
35 144 77
35 149 76
35 154 61
36 74 23
36 99 18
36 103 17
36 112 66
36 116 56
36 129 53
36 149 7
36 164 9
36 171 24
36 172 66
36 177 16
36 183 19
36 195 1
37 44 4
37 55 59
37 78 15
37 113 26
37 118 31
37 122 13
37 140 3
37 165 4
38 46 25
38 51 23
38 60 9
38 73 15
38 87 31
38 120 54
38 133 35
38 138 8
38 143 66
38 168 3
39 93 46
39 111 2
39 160 30
40 49 64
40 59 3
40 105 57
40 110 18
40 114 25
40 148 15
40 178 42
41 51 47
41 52 1
41 68 55
41 120 73
41 129 66
41 144 2
41 168 75
41 192 70
42 70 47
42 79 1
42 130 62
42 145 60
43 52 78
43 63 47
43 147 51
43 156 23
43 169 4
43 171 65
43 186 58
44 50 79
44 96 31
44 134 28
44 148 41
44 158 66
44 176 25
45 60 55
45 83 67
45 94 29
45 109 14
45 137 24
45 149 29
45 163 56
45 182 46
45 186 67
46 64 59
46 91 67
46 93 23
46 98 2
46 99 30
46 143 65
46 147 20
46 178 40
46 195 28
47 85 6
47 86 26
47 114 64
47 170 80
47 179 57
48 54 63
48 87 20
48 140 35
48 152 41
48 189 75
49 69 40
49 140 39
50 53 53
50 74 46
50 98 52
50 102 45
50 107 48
50 125 65
50 129 78
50 139 6
50 141 51
50 145 74
50 165 44
50 178 49
50 182 6
50 198 63
51 75 39
51 87 53
51 91 50
51 100 55
51 103 18
51 113 32
51 180 44
51 192 67
52 53 55
52 90 7
52 94 79
52 115 38
52 119 80
52 133 40
52 153 60
52 154 6
52 171 51
52 176 32
52 190 60
53 82 47
53 105 80
53 106 19
53 125 31
53 138 44
53 146 79
53 152 35
53 156 33
53 165 35
53 175 28
54 67 59
54 74 33
54 86 60
54 93 60
54 108 14
54 121 64
55 68 7
55 86 61
55 147 28
55 167 14
56 76 36
56 119 70
56 155 41
56 159 49
56 180 71
56 197 13
57 139 39
57 166 44
57 194 60
58 61 41
58 67 10
58 93 18
58 135 16
58 151 79
58 168 19
59 63 31
59 72 35
59 126 63
59 130 52
59 132 73
59 134 16
59 148 37
59 153 27
59 157 12
59 199 58
60 61 8
60 71 6
60 92 33
60 181 54
60 195 18
61 120 80
61 166 33
61 167 69
61 173 60
61 194 10
62 67 55
62 89 79
62 92 40
62 99 25
62 100 72
62 104 11
62 140 49
62 198 31
63 73 36
63 75 19
63 79 24
63 91 16
63 112 8
63 162 64
63 183 61
63 191 19
63 199 63
64 115 80
64 119 60
64 124 33
64 125 57
64 134 79
64 139 47
64 150 55
64 168 32
64 178 18
64 184 32
64 197 24
64 198 37
65 72 60
65 114 62
65 120 33
65 141 8
65 167 19
65 169 9
66 94 71
66 104 7
66 106 63
66 110 64
66 166 74
66 196 3
67 95 2
67 100 29
67 128 46
67 178 37
67 188 60
67 190 25
67 197 16
68 75 41
68 113 75
68 141 19
68 160 3
68 168 71
68 172 66
69 141 4
69 155 2
69 158 43
69 182 47
69 198 64
69 200 6
70 76 56
70 91 41
70 134 5
70 135 43
70 183 32
70 198 26
71 82 55
71 89 20
71 120 26
71 133 32
71 134 66
71 155 29
71 177 60
72 78 35
72 105 78
72 108 66
72 142 63
72 148 7
72 162 43
72 181 29
72 194 76
72 197 46
73 79 55
73 99 35
73 113 40
73 123 46
73 137 23
73 162 79
74 118 18
74 121 48
74 134 5
74 148 54
74 167 30
74 194 66
75 114 11
75 180 66
76 96 1
76 127 62
76 141 38
76 200 22
77 102 2
77 110 31
77 154 50
77 185 79
77 189 4
78 79 40
78 80 33
78 81 10
78 90 70
78 96 64
78 109 66
78 113 50
78 174 53
79 89 48
79 136 40
79 144 45
79 146 56
79 164 64
79 190 72
80 97 64
80 124 6
80 129 51
80 142 34
80 162 56
81 102 35
81 145 62
81 156 17
81 193 58
82 98 17
82 102 5
82 126 35
82 168 34
82 177 71
82 200 57
83 91 10
83 94 76
83 183 60
83 190 78
84 86 25
84 114 26
84 123 53
84 196 55
85 91 11
85 106 14
85 110 25
85 113 47
85 144 20
85 150 65
85 168 16
85 191 65
86 92 21
86 99 17
86 105 31
86 158 65
86 159 49
86 164 45
87 141 17
87 161 73
87 164 31
87 193 11
88 93 67
88 94 56
88 100 79
88 103 12
88 108 25
88 112 33
88 135 37
88 148 76
88 173 17
88 176 80
88 182 26
88 186 35
89 111 56
89 129 67
89 188 65
89 189 62
90 118 23
90 119 49
90 191 76
90 198 45
91 113 11
91 167 12
91 177 22
91 198 1
92 122 25
92 124 18
92 132 76
92 133 31
92 159 16
92 162 79
92 164 74
92 169 29
93 116 6
93 121 55
93 199 25
94 112 36
94 115 18
94 117 3
94 139 30
94 165 49
94 173 25
94 175 1
95 102 67
95 110 72
95 111 35
95 129 20
95 163 22
95 191 40
95 197 15
96 100 3
96 106 76
96 132 64
96 148 28
96 167 75
97 150 46
97 155 14
97 161 53
97 175 16
97 200 13
98 99 30
98 114 54
98 120 47
98 140 22
98 146 76
98 171 24
98 193 39
99 130 27
99 137 4
99 169 79
99 181 51
99 187 34
100 105 40
100 125 71
100 134 53
100 143 3
100 154 43
100 158 57
100 176 27
100 180 19
101 140 19
101 147 52
101 151 28
101 167 6
101 176 77
101 179 49
102 118 41
102 124 8
102 128 62
102 140 4
102 155 75
102 178 70
102 180 25
102 186 80
102 190 33
102 191 7
103 135 41
103 168 45
103 192 61
104 120 23
104 162 25
104 164 46
104 195 76
105 136 36
105 162 66
105 165 64
105 177 78
105 179 23
107 118 48
107 124 7
107 133 39
107 144 45
107 200 58
108 126 37
108 130 19
108 145 19
108 147 21
108 157 10
108 182 10
108 191 67
109 115 53
109 116 70
109 136 68
109 158 48
109 169 18
109 178 37
110 129 70
110 162 33
110 172 4
110 174 28
110 179 80
110 180 39
110 196 52
111 156 30
112 128 6
112 138 64
112 165 23
113 122 9
113 169 43
114 117 4
114 127 55
114 150 62
114 172 39
114 185 63
114 193 52
114 200 64
115 117 58
115 131 11
115 168 47
115 170 73
115 196 71
116 147 13
116 160 38
116 162 1
116 189 45
117 120 48
117 173 22
117 192 18
118 129 45
118 146 69
118 150 72
118 162 36
118 185 19
119 120 27
119 121 1
119 145 22
119 191 78
119 192 24
119 200 18
120 125 51
120 136 64
120 187 64
121 126 14
121 155 57
121 159 54
121 167 58
121 192 28
121 195 68
122 136 52
122 159 3
122 191 14
122 198 61
123 176 37
123 183 16
123 197 71
124 154 77
124 161 59
124 192 55
125 132 16
125 177 31
125 179 75
125 181 43
126 150 30
126 163 31
126 169 6
126 178 28
126 193 61
127 155 46
127 164 64
127 179 60
127 196 23
128 130 20
128 134 54
128 142 24
128 165 78
128 191 26
128 195 23
129 181 17
130 131 18
130 160 66
131 148 5
132 156 64
132 185 64
132 194 59
133 157 2
134 139 29
134 176 3
135 151 12
135 199 75
136 137 79
136 152 52
136 161 14
136 167 2
136 170 40
136 176 15
136 185 68
137 141 47
137 160 58
137 164 11
137 178 52
137 180 41
138 141 73
138 166 3
138 189 21
138 198 79
139 143 55
139 147 76
139 150 39
139 194 38
139 198 55
140 144 38
140 147 45
140 157 30
141 144 24
141 145 24
141 171 78
141 174 30
141 187 63
142 149 72
143 147 79
144 147 71
144 149 49
144 166 44
144 178 24
144 199 47
145 150 45
145 156 62
145 166 63
145 179 41
146 161 5
146 178 4
147 180 39
147 181 61
147 189 39
147 192 22
148 150 48
148 169 28
148 197 8
148 200 39
149 183 34
151 156 33
151 166 16
151 177 17
152 173 18
152 179 28
152 182 45
153 168 56
153 176 20
153 187 36
153 190 9
153 191 27
153 200 37
154 173 21
154 184 39
155 165 57
155 174 77
155 175 11
156 177 23
157 174 7
157 188 62
158 168 11
158 179 12
158 195 70
159 195 78
160 173 61
160 181 48
161 172 64
161 190 1
162 167 44
163 185 69
164 166 28
164 172 16
164 187 55
164 195 53
164 196 46
164 198 42
165 174 61
165 177 5
165 181 69
165 183 77
166 176 72
166 188 28
168 189 34
170 192 48
171 190 64
172 182 19
172 190 46
172 191 13
174 195 35
175 199 76
176 183 31
177 186 39
178 198 8
179 189 21
180 195 29
181 182 79
183 191 6
183 195 24
186 195 5
187 191 61
187 197 42
190 193 3
190 194 74
191 198 27
191 199 32
192 195 2
