50 130
1 21 16
1 28 73
1 34 154
2 6 134
2 9 144
2 10 66
2 19 86
2 34 30
2 39 107
3 17 58
3 22 81
3 29 60
3 36 34
4 5 65
4 30 101
4 37 31
4 45 137
4 47 74
5 7 51
5 48 103
6 20 55
6 23 79
6 27 5
6 32 45
6 41 129
6 42 17
6 44 75
7 12 135
7 14 68
7 26 100
7 30 98
8 14 155
8 20 135
8 21 157
8 24 62
8 26 129
8 34 154
8 46 126
9 12 28
9 17 41
9 19 43
9 36 125
9 37 92
9 46 144
10 12 150
10 15 54
10 25 137
10 30 45
11 24 37
11 28 80
11 34 120
11 36 98
11 46 65
12 20 119
12 25 113
12 27 37
12 45 106
13 14 95
13 21 145
13 29 107
13 43 67
13 46 13
14 18 29
14 20 139
14 25 129
14 29 11
14 50 1
15 21 64
15 26 57
15 31 34
15 40 55
15 48 59
16 19 114
16 24 35
17 24 82
17 25 129
17 33 117
17 40 68
17 48 38
18 28 110
18 37 31
18 42 124
18 50 1
19 22 45
19 27 14
19 28 2
19 30 140
19 39 83
19 48 42
20 23 119
20 38 62
20 41 3
20 47 28
21 22 142
21 34 7
21 35 28
22 33 149
22 39 9
22 49 65
23 31 63
23 38 97
23 48 97
24 30 133
24 37 24
24 43 149
25 32 21
25 42 106
25 45 158
26 33 119
27 46 147
27 47 15
28 33 30
28 50 157
29 49 7
30 35 68
30 39 96
32 33 21
32 48 159
32 49 84
34 50 156
35 36 100
36 37 15
37 40 46
37 50 121
38 47 57
41 42 100
41 46 84
43 47 1
43 49 27
44 50 139
