100 3979
1 2 41
1 3 21
1 4 154
1 5 110
1 6 147
1 7 38
1 8 92
1 9 119
1 11 29
1 12 114
1 15 16
1 16 8
1 17 29
1 18 48
1 19 64
1 20 110
1 21 79
1 22 46
1 23 72
1 24 129
1 25 93
1 26 50
1 27 98
1 28 6
1 29 43
1 30 160
1 32 144
1 33 104
1 34 23
1 35 129
1 36 3
1 37 133
1 38 58
1 42 137
1 43 67
1 44 93
1 45 102
1 50 27
1 52 16
1 53 29
1 54 25
1 55 142
1 56 95
1 57 126
1 58 159
1 59 131
1 60 77
1 61 153
1 62 82
1 63 32
1 65 110
1 67 116
1 68 42
1 69 101
1 70 127
1 71 92
1 72 115
1 74 79
1 75 40
1 76 9
1 77 58
1 78 28
1 79 62
1 80 126
1 81 67
1 83 156
1 84 59
1 85 30
1 86 51
1 87 36
1 88 126
1 89 52
1 90 129
1 91 152
1 93 39
1 94 17
1 95 120
1 96 39
1 97 16
1 98 35
1 99 142
1 100 127
2 3 90
2 4 88
2 6 42
2 7 87
2 8 32
2 9 126
2 10 34
2 11 10
2 12 104
2 13 152
2 14 32
2 16 22
2 17 18
2 18 98
2 19 92
2 20 22
2 21 2
2 22 53
2 23 132
2 24 2
2 27 106
2 29 157
2 30 41
2 32 31
2 33 129
2 34 138
2 35 9
2 41 111
2 42 41
2 43 47
2 44 127
2 45 76
2 46 24
2 48 16
2 49 70
2 50 86
2 51 58
2 56 79
2 59 114
2 61 91
2 62 113
2 63 111
2 64 80
2 66 35
2 67 127
2 68 23
2 69 141
2 70 36
2 71 159
2 72 144
2 73 23
2 74 21
2 75 133
2 76 55
2 77 69
2 79 94
2 80 24
2 84 127
2 85 72
2 86 147
2 87 126
2 88 66
2 89 84
2 90 86
2 91 157
2 93 135
2 94 131
2 96 117
2 97 31
2 98 42
2 99 71
2 100 18
3 5 30
3 6 80
3 8 13
3 9 82
3 10 112
3 13 134
3 14 41
3 15 75
3 16 11
3 18 93
3 19 93
3 20 42
3 23 51
3 24 42
3 26 67
3 27 22
3 28 11
3 29 10
3 30 56
3 31 139
3 33 1
3 34 51
3 36 11
3 37 106
3 38 138
3 39 42
3 40 59
3 41 130
3 42 151
3 43 145
3 44 140
3 48 69
3 49 105
3 51 8
3 52 40
3 53 97
3 54 160
3 56 40
3 57 40
3 58 160
3 59 109
3 60 112
3 62 121
3 63 99
3 64 114
3 65 31
3 66 124
3 67 41
3 68 142
3 69 68
3 70 58
3 71 50
3 72 15
3 73 98
3 74 74
3 75 37
3 76 107
3 77 127
3 78 84
3 79 5
3 80 41
3 81 70
3 82 6
3 83 45
3 84 106
3 85 155
3 86 47
3 87 33
3 88 24
3 89 2
3 90 31
3 91 65
3 92 64
3 93 55
3 94 52
3 95 91
3 96 35
3 97 86
3 98 117
3 100 27
4 7 109
4 8 22
4 9 102
4 11 130
4 12 4
4 13 129
4 14 57
4 15 28
4 16 61
4 17 112
4 18 31
4 19 144
4 20 5
4 21 90
4 24 12
4 26 42
4 27 65
4 28 138
4 29 67
4 32 134
4 33 76
4 34 19
4 35 152
4 36 111
4 37 107
4 38 60
4 39 83
4 40 123
4 41 152
4 42 149
4 43 49
4 44 155
4 45 156
4 46 89
4 47 110
4 48 145
4 49 123
4 50 139
4 51 78
4 52 60
4 53 153
4 54 77
4 56 35
4 57 46
4 58 58
4 59 160
4 61 65
4 62 55
4 63 28
4 64 35
4 65 60
4 66 132
4 68 126
4 69 44
4 70 144
4 71 97
4 72 95
4 73 131
4 74 101
4 75 99
4 76 83
4 77 83
4 78 61
4 79 73
4 80 127
4 81 35
4 82 24
4 84 33
4 86 95
4 87 41
4 88 99
4 89 132
4 91 73
4 94 63
4 95 118
4 96 109
4 97 129
4 98 58
4 100 56
5 7 7
5 8 134
5 9 51
5 10 43
5 11 13
5 12 130
5 14 135
5 15 25
5 16 34
5 17 89
5 18 6
5 19 147
5 20 150
5 21 18
5 22 94
5 23 33
5 25 148
5 26 84
5 27 25
5 28 48
5 29 101
5 31 25
5 32 134
5 33 120
5 35 48
5 36 21
5 37 155
5 38 124
5 39 51
5 40 78
5 41 158
5 42 135
5 44 88
5 46 114
5 47 124
5 48 104
5 50 97
5 51 64
5 52 23
5 53 15
5 54 121
5 55 71
5 56 37
5 57 70
5 59 17
5 60 88
5 61 143
5 62 158
5 63 73
5 64 56
5 65 19
5 66 96
5 67 139
5 68 155
5 69 124
5 70 75
5 71 107
5 72 2
5 73 4
5 74 64
5 75 44
5 76 97
5 77 13
5 78 96
5 80 21
5 83 28
5 84 85
5 85 100
5 86 160
5 88 13
5 89 80
5 90 19
5 91 90
5 93 120
5 94 53
5 95 143
5 96 84
5 98 135
5 99 8
5 100 98
6 7 67
6 8 82
6 9 30
6 10 97
6 12 39
6 13 142
6 14 107
6 16 92
6 17 54
6 18 33
6 19 107
6 20 26
6 21 99
6 22 123
6 23 44
6 24 152
6 25 124
6 26 117
6 28 69
6 29 142
6 31 119
6 32 140
6 33 124
6 34 129
6 35 127
6 36 84
6 37 64
6 38 3
6 39 148
6 40 116
6 41 78
6 44 104
6 47 81
6 48 118
6 50 123
6 52 68
6 54 125
6 56 45
6 57 118
6 58 23
6 59 43
6 60 117
6 61 149
6 62 133
6 64 22
6 65 140
6 66 14
6 67 106
6 68 4
6 69 3
6 70 47
6 72 122
6 74 25
6 78 86
6 79 43
6 80 82
6 81 151
6 82 118
6 83 63
6 84 115
6 85 67
6 86 29
6 87 57
6 88 11
6 89 97
6 91 153
6 92 67
6 94 143
6 95 74
6 98 136
6 99 120
7 8 22
7 9 40
7 10 121
7 11 109
7 12 20
7 14 158
7 15 51
7 17 142
7 18 108
7 19 78
7 20 97
7 21 145
7 23 140
7 24 155
7 25 50
7 26 138
7 27 149
7 28 99
7 29 112
7 30 144
7 31 154
7 32 98
7 33 138
7 34 105
7 36 78
7 37 156
7 39 146
7 40 83
7 42 122
7 43 26
7 44 54
7 46 101
7 48 86
7 50 131
7 51 128
7 52 118
7 53 104
7 54 40
7 56 122
7 57 80
7 58 51
7 59 129
7 60 121
7 62 84
7 63 29
7 64 139
7 65 96
7 66 143
7 67 109
7 69 68
7 70 60
7 71 158
7 72 55
7 73 8
7 74 155
7 75 150
7 76 134
7 77 141
7 78 67
7 79 145
7 80 113
7 81 103
7 82 40
7 83 7
7 84 22
7 85 7
7 86 119
7 87 113
7 88 136
7 89 1
7 91 49
7 92 138
7 93 152
7 94 82
7 95 146
7 96 22
7 97 31
7 99 84
7 100 62
8 9 78
8 10 132
8 11 124
8 12 53
8 13 124
8 14 78
8 15 79
8 16 135
8 17 2
8 18 32
8 19 138
8 20 137
8 21 59
8 22 88
8 23 118
8 24 154
8 26 8
8 27 27
8 28 131
8 30 5
8 32 8
8 33 115
8 36 91
8 37 5
8 38 75
8 39 94
8 41 26
8 42 84
8 43 2
8 44 148
8 45 108
8 46 65
8 47 5
8 48 158
8 49 36
8 50 27
8 51 111
8 52 124
8 53 69
8 54 144
8 55 25
8 56 92
8 57 69
8 58 76
8 59 17
8 60 46
8 61 7
8 62 119
8 63 39
8 64 131
8 65 79
8 66 136
8 67 84
8 68 9
8 69 152
8 71 3
8 72 30
8 74 74
8 75 74
8 76 90
8 77 51
8 78 11
8 79 16
8 80 93
8 81 26
8 82 67
8 83 123
8 84 7
8 85 105
8 86 28
8 87 48
8 88 19
8 89 146
8 91 138
8 92 135
8 94 25
8 95 36
8 96 71
8 97 135
8 98 111
8 99 87
8 100 60
9 12 133
9 13 76
9 14 27
9 16 16
9 17 99
9 18 56
9 19 69
9 20 8
9 21 101
9 25 65
9 27 137
9 28 32
9 29 116
9 31 104
9 32 129
9 33 68
9 34 142
9 36 148
9 37 101
9 38 141
9 39 56
9 40 28
9 41 65
9 42 108
9 43 136
9 44 152
9 45 101
9 46 52
9 47 57
9 48 56
9 49 143
9 50 35
9 52 2
9 53 63
9 54 114
9 57 94
9 58 77
9 59 155
9 60 65
9 61 35
9 63 7
9 64 108
9 65 10
9 66 7
9 68 7
9 69 20
9 70 21
9 71 114
9 72 114
9 73 104
9 74 22
9 76 17
9 77 33
9 78 148
9 80 15
9 81 12
9 82 57
9 83 138
9 85 55
9 87 54
9 89 99
9 90 61
9 91 19
9 92 44
9 93 141
9 94 64
9 95 2
9 97 13
9 98 106
9 99 144
9 100 18
10 11 54
10 12 25
10 13 90
10 14 70
10 15 76
10 17 96
10 18 51
10 19 54
10 21 71
10 23 66
10 24 49
10 26 142
10 27 99
10 28 70
10 29 31
10 30 82
10 31 88
10 32 24
10 33 107
10 34 45
10 35 118
10 36 132
10 37 51
10 38 10
10 41 118
10 42 41
10 43 125
10 44 75
10 47 118
10 49 7
10 50 92
10 52 99
10 54 13
10 55 31
10 56 81
10 58 1
10 61 145
10 62 145
10 63 118
10 65 35
10 66 26
10 68 97
10 69 123
10 71 117
10 72 104
10 73 51
10 74 14
10 76 142
10 77 71
10 78 54
10 79 116
10 80 12
10 81 65
10 83 102
10 84 150
10 88 46
10 89 21
10 90 35
10 91 82
10 92 18
10 95 57
10 96 44
10 97 5
10 98 85
10 99 72
10 100 141
11 12 142
11 13 64
11 15 159
11 16 84
11 18 57
11 19 38
11 21 7
11 22 56
11 23 1
11 24 92
11 26 132
11 27 89
11 28 51
11 30 105
11 33 123
11 34 46
11 36 36
11 37 46
11 38 58
11 39 18
11 40 133
11 42 43
11 43 78
11 44 53
11 45 123
11 46 121
11 47 65
11 49 109
11 50 123
11 51 97
11 52 76
11 53 134
11 54 58
11 55 2
11 56 112
11 57 76
11 58 110
11 59 79
11 60 127
11 62 16
11 63 139
11 64 6
11 65 56
11 66 55
11 67 109
11 69 100
11 71 159
11 73 107
11 74 95
11 75 153
11 76 23
11 78 133
11 79 18
11 80 142
11 81 85
11 83 59
11 85 153
11 86 114
11 87 129
11 88 12
11 89 100
11 90 3
11 91 38
11 92 159
11 93 45
11 94 34
11 95 91
11 96 87
11 97 148
11 98 105
11 100 135
12 13 82
12 14 16
12 15 50
12 16 122
12 17 74
12 19 141
12 20 160
12 21 45
12 23 92
12 24 21
12 25 111
12 26 121
12 28 84
12 29 84
12 30 81
12 31 62
12 32 30
12 33 104
12 37 157
12 38 58
12 39 147
12 40 154
12 41 38
12 42 132
12 44 30
12 46 21
12 47 99
12 48 73
12 49 25
12 50 77
12 51 97
12 52 72
12 53 69
12 54 92
12 55 104
12 57 136
12 59 119
12 60 157
12 61 62
12 62 39
12 64 158
12 66 39
12 67 73
12 69 128
12 70 117
12 71 139
12 72 65
12 73 159
12 74 89
12 75 136
12 76 91
12 77 85
12 79 53
12 80 13
12 81 40
12 84 160
12 85 108
12 86 57
12 88 110
12 89 89
12 92 35
12 94 55
12 95 155
12 97 146
12 98 53
12 99 157
12 100 15
13 14 66
13 15 41
13 16 69
13 17 122
13 18 64
13 20 90
13 21 151
13 22 17
13 23 115
13 24 116
13 25 157
13 26 79
13 28 75
13 29 26
13 30 105
13 31 114
13 33 132
13 34 82
13 35 6
13 36 137
13 37 127
13 38 77
13 39 47
13 40 46
13 41 16
13 42 94
13 43 53
13 44 64
13 46 32
13 47 83
13 48 126
13 50 34
13 51 22
13 52 97
13 53 113
13 54 150
13 55 58
13 56 156
13 57 134
13 58 49
13 59 149
13 60 77
13 62 90
13 63 10
13 64 99
13 65 60
13 66 144
13 67 139
13 69 19
13 73 143
13 74 50
13 75 142
13 76 4
13 77 56
13 78 136
13 79 108
13 80 27
13 82 74
13 83 33
13 84 114
13 85 85
13 86 136
13 87 115
13 89 102
13 91 41
13 92 84
13 94 5
13 95 98
13 97 44
13 98 142
13 99 102
13 100 82
14 16 87
14 17 109
14 18 18
14 19 121
14 20 65
14 21 116
14 22 71
14 23 25
14 24 115
14 25 152
14 26 58
14 27 12
14 28 130
14 30 138
14 31 153
14 32 121
14 33 138
14 34 160
14 35 72
14 36 27
14 37 6
14 40 160
14 41 35
14 42 68
14 44 14
14 45 20
14 47 51
14 48 77
14 49 86
14 50 36
14 51 48
14 52 149
14 55 107
14 56 138
14 57 81
14 59 11
14 60 15
14 62 33
14 64 154
14 66 112
14 68 19
14 69 41
14 70 97
14 71 36
14 72 58
14 74 84
14 75 19
14 76 152
14 78 35
14 79 126
14 80 35
14 81 113
14 82 56
14 83 95
14 84 22
14 85 147
14 86 8
14 87 63
14 89 15
14 91 82
14 92 45
14 93 102
14 95 90
14 96 108
14 97 69
14 98 128
14 99 39
14 100 71
15 16 2
15 17 40
15 18 18
15 19 82
15 20 105
15 21 32
15 22 35
15 23 76
15 24 37
15 26 4
15 28 128
15 29 8
15 32 60
15 33 111
15 34 110
15 35 31
15 36 144
15 37 94
15 40 23
15 41 107
15 42 151
15 43 160
15 44 55
15 45 6
15 46 131
15 48 134
15 49 44
15 50 137
15 51 7
15 52 31
15 53 112
15 54 134
15 56 127
15 57 150
15 58 68
15 59 42
15 60 96
15 62 148
15 64 151
15 65 35
15 66 53
15 67 26
15 68 127
15 69 150
15 70 28
15 71 14
15 72 72
15 74 108
15 75 130
15 76 120
15 77 146
15 78 82
15 80 62
15 83 136
15 84 72
15 86 89
15 87 133
15 89 64
15 90 123
15 91 134
15 92 70
15 93 55
15 96 146
15 97 67
15 98 99
15 99 31
16 17 131
16 18 151
16 19 17
16 20 44
16 21 121
16 22 99
16 24 31
16 25 53
16 26 66
16 27 121
16 28 81
16 29 49
16 31 113
16 32 99
16 33 16
16 34 106
16 35 47
16 36 27
16 37 99
16 38 62
16 39 113
16 41 98
16 43 124
16 44 107
16 45 40
16 46 89
16 47 6
16 48 125
16 49 58
16 50 71
16 51 130
16 52 98
16 53 145
16 54 144
16 55 20
16 56 160
16 58 155
16 59 156
16 61 87
16 62 66
16 63 79
16 65 107
16 66 17
16 68 92
16 69 105
16 70 91
16 71 112
16 72 148
16 73 135
16 74 81
16 75 38
16 76 71
16 77 149
16 79 40
16 80 97
16 82 46
16 83 145
16 84 126
16 85 37
16 86 114
16 87 54
16 88 136
16 89 53
16 90 158
16 92 137
16 93 143
16 97 37
16 98 142
16 99 51
16 100 7
17 19 17
17 20 76
17 22 65
17 23 131
17 24 107
17 26 143
17 28 2
17 29 151
17 31 62
17 32 17
17 35 156
17 36 68
17 37 10
17 38 129
17 39 61
17 40 70
17 41 34
17 42 97
17 43 22
17 46 132
17 47 29
17 48 25
17 49 41
17 50 145
17 51 119
17 53 127
17 54 136
17 55 59
17 56 126
17 57 62
17 59 31
17 60 74
17 62 9
17 64 24
17 65 125
17 67 97
17 68 99
17 69 62
17 70 11
17 72 134
17 73 68
17 74 140
17 77 135
17 79 97
17 80 148
17 81 152
17 83 49
17 84 138
17 85 73
17 86 127
17 87 109
17 88 97
17 89 109
17 90 59
17 92 160
17 94 99
17 95 89
17 98 2
17 99 159
17 100 130
18 19 101
18 20 42
18 21 13
18 22 121
18 23 96
18 25 55
18 26 89
18 28 93
18 29 79
18 30 109
18 31 3
18 32 147
18 33 112
18 34 57
18 35 70
18 36 120
18 37 59
18 38 60
18 39 52
18 41 150
18 42 135
18 43 49
18 44 84
18 45 95
18 46 60
18 47 99
18 48 144
18 49 42
18 50 100
18 51 80
18 52 143
18 53 148
18 54 52
18 55 97
18 56 159
18 57 104
18 58 14
18 59 68
18 60 160
18 62 64
18 63 97
18 64 24
18 66 42
18 67 43
18 69 88
18 70 146
18 71 82
18 72 41
18 73 109
18 74 43
18 76 99
18 77 157
18 78 51
18 79 82
18 80 112
18 81 106
18 83 99
18 84 32
18 85 123
18 86 45
18 87 71
18 88 49
18 91 20
18 93 132
18 94 23
18 95 154
18 96 8
18 97 137
18 98 144
18 100 149
19 20 10
19 21 67
19 22 3
19 25 121
19 26 119
19 28 89
19 30 114
19 31 2
19 32 12
19 34 160
19 35 78
19 36 135
19 37 112
19 38 4
19 39 6
19 40 47
19 41 103
19 42 54
19 43 132
19 44 111
19 46 40
19 47 83
19 48 74
19 49 54
19 50 53
19 51 91
19 52 11
19 53 131
19 54 145
19 55 62
19 56 124
19 57 130
19 58 149
19 59 93
19 60 133
19 61 56
19 63 125
19 64 30
19 65 88
19 68 131
19 69 97
19 70 26
19 71 22
19 72 117
19 73 2
19 74 82
19 75 119
19 78 52
19 81 95
19 82 72
19 85 93
19 86 58
19 88 117
19 89 108
19 91 24
19 92 31
19 94 71
19 95 7
19 96 49
19 98 63
19 99 22
19 100 8
20 21 99
20 22 76
20 23 144
20 24 83
20 26 146
20 27 22
20 29 61
20 30 69
20 31 67
20 32 133
20 33 67
20 34 127
20 35 21
20 36 91
20 37 13
20 38 87
20 39 111
20 40 126
20 41 62
20 42 52
20 43 128
20 44 54
20 46 3
20 47 44
20 50 84
20 51 69
20 52 110
20 53 111
20 54 56
20 55 100
20 56 145
20 57 108
20 58 37
20 59 8
20 61 150
20 64 160
20 65 12
20 66 132
20 67 26
20 68 18
20 69 65
20 70 103
20 71 30
20 72 25
20 73 70
20 74 38
20 75 1
20 76 21
20 77 158
20 78 142
20 79 127
20 82 7
20 83 122
20 85 13
20 86 123
20 87 30
20 88 27
20 89 137
20 90 160
20 92 109
20 93 24
20 94 104
20 95 12
20 97 141
20 99 71
20 100 70
21 22 35
21 24 38
21 25 115
21 26 64
21 27 62
21 28 56
21 29 132
21 30 25
21 31 112
21 32 151
21 33 11
21 35 99
21 36 148
21 37 34
21 38 138
21 40 55
21 41 25
21 42 144
21 43 62
21 44 127
21 45 103
21 47 48
21 48 125
21 51 56
21 52 101
21 53 149
21 54 115
21 57 142
21 58 27
21 59 77
21 60 103
21 61 24
21 63 11
21 64 62
21 65 75
21 66 48
21 67 35
21 68 139
21 69 156
21 73 93
21 74 130
21 75 138
21 76 123
21 77 78
21 78 49
21 79 109
21 80 2
21 83 43
21 84 110
21 85 95
21 86 54
21 88 86
21 91 45
21 94 158
21 95 99
21 96 136
21 97 14
21 98 1
21 100 6
22 23 134
22 24 90
22 25 157
22 26 56
22 27 5
22 29 54
22 30 79
22 31 125
22 32 23
22 34 132
22 35 114
22 36 153
22 37 99
22 38 49
22 39 108
22 41 155
22 42 157
22 43 139
22 44 116
22 45 91
22 47 17
22 48 158
22 49 149
22 50 26
22 52 114
22 53 2
22 54 35
22 55 83
22 57 158
22 58 26
22 61 45
22 62 155
22 63 28
22 65 31
22 67 22
22 68 154
22 70 74
22 71 65
22 72 13
22 73 53
22 74 155
22 75 160
22 76 69
22 79 100
22 80 120
22 81 68
22 82 48
22 84 92
22 85 15
22 86 145
22 87 72
22 88 117
22 89 89
22 90 4
22 92 114
22 93 118
22 94 11
22 97 85
22 98 155
22 99 91
22 100 151
23 24 120
23 25 81
23 28 104
23 29 76
23 30 115
23 31 96
23 32 120
23 33 98
23 34 141
23 35 140
23 36 75
23 37 137
23 38 72
23 39 122
23 40 98
23 41 74
23 42 68
23 44 120
23 45 44
23 46 57
23 47 51
23 48 37
23 49 128
23 51 137
23 53 114
23 54 75
23 55 53
23 57 7
23 58 20
23 60 19
23 61 68
23 65 55
23 66 37
23 67 58
23 68 12
23 69 49
23 70 44
23 71 145
23 72 84
23 74 158
23 76 74
23 77 93
23 78 113
23 79 111
23 81 81
23 82 141
23 83 49
23 84 94
23 86 1
23 87 153
23 89 139
23 90 91
23 91 90
23 92 36
23 93 13
23 94 124
23 95 158
23 96 112
23 99 7
24 25 20
24 26 89
24 27 62
24 28 125
24 29 88
24 31 83
24 32 32
24 35 141
24 36 76
24 37 152
24 39 32
24 40 6
24 41 86
24 42 122
24 43 48
24 44 80
24 45 78
24 46 111
24 47 83
24 48 27
24 49 67
24 50 70
24 51 6
24 53 107
24 54 30
24 55 76
24 56 124
24 59 51
24 60 38
24 62 157
24 63 35
24 64 150
24 67 29
24 68 118
24 69 136
24 70 108
24 71 114
24 72 84
24 73 20
24 74 97
24 76 105
24 77 157
24 78 128
24 79 80
24 80 42
24 81 100
24 82 16
24 83 50
24 86 80
24 87 36
24 88 105
24 89 132
24 90 41
24 91 12
24 93 54
24 94 142
24 95 103
24 97 94
24 98 24
24 100 86
25 26 70
25 27 54
25 29 56
25 30 23
25 31 139
25 32 126
25 33 43
25 34 57
25 35 61
25 37 81
25 40 78
25 41 110
25 42 107
25 43 95
25 44 125
25 47 109
25 48 104
25 49 78
25 50 14
25 51 131
25 52 88
25 53 118
25 54 83
25 56 19
25 57 86
25 59 32
25 60 99
25 61 53
25 62 28
25 63 110
25 64 98
25 65 139
25 66 92
25 67 135
25 68 35
25 69 22
25 70 127
25 71 10
25 72 134
25 73 127
25 75 148
25 76 27
25 77 55
25 78 47
25 79 5
25 80 99
25 81 28
25 85 54
25 87 139
25 88 44
25 89 22
25 90 144
25 91 52
25 92 41
25 93 117
25 94 155
25 95 3
25 96 154
25 97 20
25 98 131
25 99 33
25 100 52
26 27 99
26 30 128
26 31 21
26 32 23
26 33 24
26 35 105
26 36 8
26 37 19
26 38 39
26 39 156
26 40 38
26 41 146
26 42 28
26 43 73
26 44 152
26 45 92
26 47 142
26 48 118
26 49 44
26 50 69
26 51 25
26 52 85
26 53 147
26 56 157
26 57 17
26 59 15
26 60 17
26 61 97
26 62 65
26 65 34
26 66 139
26 67 103
26 68 59
26 70 47
26 71 129
26 72 150
26 73 53
26 75 138
26 77 8
26 78 81
26 79 142
26 80 14
26 81 150
26 82 102
26 83 116
26 84 111
26 85 138
26 86 117
26 87 38
26 90 138
26 91 115
26 92 78
26 93 110
26 94 7
26 97 112
26 98 63
26 99 62
27 28 36
27 29 150
27 30 64
27 31 57
27 32 41
27 33 6
27 34 129
27 35 45
27 36 72
27 37 85
27 38 111
27 39 61
27 40 76
27 41 7
27 43 16
27 44 140
27 46 142
27 47 29
27 48 136
27 49 21
27 52 67
27 54 15
27 55 93
27 56 51
27 57 4
27 58 146
27 59 85
27 60 30
27 61 147
27 63 12
27 64 114
27 65 118
27 66 72
27 67 128
27 70 23
27 71 49
27 72 49
27 74 27
27 75 153
27 76 88
27 77 102
27 78 158
27 79 127
27 81 22
27 83 129
27 84 2
27 85 81
27 87 56
27 88 36
27 89 71
27 90 1
27 92 70
27 93 76
27 94 148
27 95 76
27 96 68
27 97 141
27 99 77
27 100 76
28 29 35
28 30 11
28 31 125
28 32 98
28 33 2
28 35 53
28 36 12
28 39 70
28 40 64
28 41 119
28 42 146
28 43 90
28 45 60
28 46 105
28 47 59
28 48 67
28 49 3
28 50 158
28 51 3
28 53 151
28 54 81
28 55 105
28 57 119
28 58 95
28 59 48
28 60 44
28 61 127
28 63 134
28 65 82
28 66 131
28 67 10
28 68 66
28 69 6
28 70 37
28 71 7
28 73 16
28 74 58
28 75 2
28 76 19
28 77 34
28 78 20
28 79 53
28 80 157
28 82 128
28 83 27
28 84 59
28 85 45
28 86 74
28 87 4
28 88 140
28 89 89
28 91 145
28 92 118
28 94 13
28 95 135
28 96 128
28 97 24
28 99 143
28 100 15
29 30 97
29 31 32
29 34 53
29 35 37
29 36 97
29 37 156
29 38 156
29 39 144
29 40 102
29 42 24
29 43 120
29 46 29
29 47 131
29 48 95
29 49 42
29 50 53
29 51 24
29 52 135
29 53 38
29 54 102
29 55 114
29 57 73
29 58 139
29 59 128
29 60 84
29 61 49
29 63 90
29 64 18
29 65 82
29 66 47
29 67 24
29 68 12
29 69 110
29 70 148
29 71 94
29 72 65
29 73 3
29 74 57
29 75 149
29 76 25
29 77 78
29 78 159
29 79 149
29 82 6
29 83 48
29 84 80
29 86 114
29 87 46
29 88 5
29 91 133
29 92 90
29 93 78
29 94 48
29 95 92
29 96 127
29 97 135
29 98 89
29 99 15
29 100 33
30 31 71
30 32 76
30 34 123
30 35 158
30 36 155
30 37 158
30 38 63
30 39 96
30 40 155
30 41 82
30 42 105
30 45 126
30 48 37
30 49 62
30 50 79
30 51 28
30 52 96
30 53 14
30 55 154
30 56 134
30 57 49
30 58 62
30 59 44
30 60 102
30 61 128
30 64 9
30 65 4
30 66 51
30 69 148
30 71 39
30 72 67
30 73 39
30 74 139
30 75 3
30 76 33
30 77 61
30 78 83
30 80 58
30 81 94
30 82 61
30 83 47
30 84 100
30 85 138
30 86 28
30 87 87
30 88 80
30 92 119
30 93 33
30 94 74
30 95 92
30 96 83
30 97 48
30 98 67
30 99 34
31 32 38
31 34 134
31 35 38
31 37 82
31 38 63
31 40 130
31 41 55
31 43 93
31 45 29
31 47 131
31 48 159
31 49 144
31 50 51
31 51 66
31 52 115
31 53 47
31 54 62
31 56 141
31 57 5
31 59 53
31 60 125
31 63 92
31 64 2
31 65 9
31 67 90
31 69 85
31 70 84
31 72 150
31 73 33
31 74 106
31 75 3
31 76 150
31 77 99
31 79 5
31 80 28
31 81 21
31 82 16
31 83 5
31 84 62
31 85 69
31 86 38
31 88 148
31 89 71
31 90 46
31 93 20
31 94 118
31 95 84
31 97 23
31 98 60
31 99 122
31 100 53
32 34 17
32 35 40
32 38 121
32 39 117
32 40 69
32 41 38
32 42 82
32 43 71
32 44 52
32 46 116
32 47 51
32 49 27
32 50 125
32 51 77
32 52 23
32 53 14
32 54 160
32 55 37
32 56 88
32 58 150
32 59 127
32 61 78
32 62 131
32 64 88
32 65 140
32 70 124
32 71 142
32 73 23
32 74 153
32 77 149
32 78 2
32 79 131
32 80 119
32 81 7
32 82 119
32 83 123
32 84 131
32 86 160
32 87 124
32 89 73
32 90 149
32 91 119
32 92 22
32 93 73
32 94 32
32 95 52
32 96 26
32 97 36
32 98 88
32 99 21
33 34 77
33 35 149
33 38 63
33 39 105
33 41 138
33 42 144
33 43 49
33 44 132
33 45 147
33 46 67
33 47 97
33 48 133
33 50 157
33 51 111
33 52 63
33 53 88
33 54 61
33 56 85
33 58 82
33 59 51
33 63 80
33 64 26
33 65 131
33 66 47
33 68 49
33 69 6
33 72 67
33 73 94
33 76 160
33 77 65
33 78 130
33 79 57
33 80 102
33 81 42
33 82 121
33 83 120
33 84 160
33 85 126
33 86 132
33 87 145
33 88 112
33 89 17
33 90 81
33 91 122
33 92 151
33 94 12
33 96 155
33 97 30
33 98 81
33 99 116
33 100 157
34 35 77
34 36 103
34 37 133
34 38 95
34 39 36
34 40 108
34 41 96
34 42 80
34 43 133
34 44 50
34 45 1
34 47 134
34 49 109
34 50 101
34 51 27
34 52 111
34 53 39
34 54 71
34 56 127
34 57 91
34 58 142
34 59 111
34 61 76
34 62 57
34 63 33
34 64 48
34 65 29
34 66 106
34 67 28
34 68 38
34 70 3
34 71 56
34 72 32
34 74 104
34 75 150
34 77 92
34 78 54
34 80 105
34 81 99
34 82 98
34 84 150
34 87 29
34 88 105
34 89 159
34 90 8
34 91 78
34 92 159
34 93 152
34 94 113
34 96 139
34 97 1
34 98 106
34 99 61
35 36 94
35 37 84
35 38 125
35 39 98
35 40 23
35 41 155
35 42 96
35 43 9
35 44 28
35 45 136
35 47 32
35 49 92
35 50 145
35 51 116
35 52 27
35 53 17
35 54 148
35 55 145
35 56 137
35 57 37
35 59 139
35 60 82
35 61 98
35 62 26
35 64 77
35 66 137
35 67 11
35 70 142
35 71 1
35 72 144
35 73 84
35 74 117
35 75 73
35 77 8
35 78 69
35 79 84
35 82 150
35 83 125
35 84 157
35 85 139
35 86 62
35 87 14
35 88 142
35 89 83
35 90 123
35 93 94
35 95 47
35 96 105
35 98 85
35 100 6
36 38 124
36 39 43
36 40 29
36 41 55
36 42 159
36 44 72
36 45 96
36 46 149
36 47 127
36 48 31
36 50 93
36 51 129
36 52 136
36 53 97
36 55 148
36 56 93
36 57 131
36 58 126
36 60 118
36 61 13
36 62 84
36 64 50
36 67 89
36 68 27
36 69 51
36 71 94
36 72 105
36 73 145
36 74 18
36 75 145
36 76 44
36 77 129
36 78 3
36 80 50
36 81 56
36 83 138
36 84 47
36 85 83
36 86 89
36 87 4
36 88 126
36 90 95
36 91 58
36 92 105
36 94 72
36 95 93
36 96 146
36 97 90
36 98 142
36 99 39
37 38 132
37 39 157
37 40 114
37 42 152
37 43 131
37 45 157
37 46 44
37 47 7
37 48 3
37 49 36
37 50 1
37 53 130
37 54 45
37 56 56
37 57 19
37 58 62
37 59 26
37 60 26
37 62 37
37 64 115
37 65 38
37 66 77
37 67 76
37 68 49
37 69 147
37 70 104
37 71 41
37 72 52
37 73 138
37 75 53
37 76 123
37 77 148
37 78 127
37 79 89
37 81 3
37 82 123
37 84 5
37 87 23
37 91 93
37 92 153
37 94 53
37 95 150
37 96 94
37 97 76
37 98 103
37 99 92
38 39 116
38 40 92
38 43 73
38 44 66
38 45 16
38 46 5
38 47 16
38 48 102
38 49 157
38 50 160
38 53 146
38 54 72
38 55 48
38 57 73
38 58 132
38 59 144
38 60 75
38 61 146
38 63 107
38 64 154
38 65 63
38 66 148
38 67 63
38 68 129
38 69 129
38 71 104
38 72 8
38 73 102
38 74 123
38 75 76
38 76 123
38 77 66
38 78 85
38 79 159
38 80 115
38 81 5
38 82 106
38 84 123
38 85 9
38 86 74
38 87 44
38 89 35
38 90 141
38 91 146
38 92 158
38 95 129
38 96 96
38 97 74
39 41 104
39 42 25
39 43 26
39 44 36
39 45 74
39 46 93
39 47 33
39 48 100
39 49 68
39 52 23
39 53 56
39 54 51
39 55 50
39 56 73
39 57 25
39 58 114
39 60 1
39 61 58
39 62 1
39 63 116
39 64 86
39 65 124
39 66 7
39 67 24
39 68 143
39 69 115
39 71 65
39 72 158
39 73 111
39 74 13
39 75 56
39 77 159
39 78 28
39 79 19
39 80 66
39 81 117
39 83 80
39 84 25
39 85 82
39 86 94
39 87 21
39 89 70
39 90 154
39 91 90
39 92 40
39 94 48
39 96 125
39 97 91
39 98 96
39 99 62
39 100 58
40 42 21
40 43 122
40 44 153
40 45 18
40 46 71
40 47 44
40 48 148
40 49 36
40 51 46
40 54 125
40 55 7
40 56 100
40 57 150
40 58 51
40 60 36
40 61 49
40 62 131
40 63 96
40 64 25
40 65 143
40 66 38
40 67 68
40 70 18
40 71 27
40 73 42
40 75 99
40 76 138
40 77 152
40 79 2
40 80 124
40 81 9
40 82 86
40 83 64
40 84 35
40 85 58
40 86 124
40 87 159
40 88 38
40 89 156
40 90 45
40 92 48
40 93 80
40 94 125
40 95 75
40 96 160
40 97 92
40 98 77
40 99 66
40 100 145
41 43 34
41 44 115
41 45 29
41 46 66
41 47 108
41 48 44
41 53 99
41 54 151
41 56 104
41 59 120
41 60 48
41 61 136
41 62 89
41 63 127
41 64 150
41 65 12
41 66 130
41 67 95
41 68 131
41 70 63
41 71 34
41 72 33
41 73 83
41 74 135
41 75 141
41 77 32
41 78 113
41 79 154
41 80 60
41 81 35
41 83 55
41 84 54
41 85 155
41 88 124
41 89 115
41 91 23
41 92 85
41 93 133
41 95 138
41 96 28
41 97 32
41 98 154
41 100 125
42 43 90
42 45 41
42 47 8
42 48 103
42 49 122
42 51 112
42 52 80
42 53 16
42 54 79
42 55 54
42 56 67
42 57 160
42 58 115
42 59 74
42 60 113
42 61 89
42 62 132
42 63 41
42 65 51
42 67 137
42 69 121
42 70 152
42 71 110
42 72 42
42 73 123
42 75 81
42 76 98
42 77 45
42 78 121
42 80 21
42 81 77
42 82 64
42 83 98
42 85 110
42 86 100
42 87 96
42 88 56
42 89 91
42 90 63
42 91 70
42 92 11
42 93 98
42 94 133
42 95 94
42 96 31
42 97 137
42 98 22
42 99 121
42 100 14
43 44 79
43 48 75
43 49 90
43 50 56
43 51 26
43 52 153
43 53 63
43 54 130
43 55 151
43 57 88
43 59 38
43 60 118
43 61 158
43 62 156
43 63 85
43 64 149
43 66 104
43 67 71
43 68 37
43 69 4
43 71 143
43 72 27
43 73 51
43 74 143
43 75 17
43 76 79
43 77 159
43 79 8
43 80 23
43 81 20
43 82 28
43 83 27
43 84 40
43 86 8
43 87 6
43 88 98
43 89 71
43 90 39
43 91 79
43 92 150
43 93 34
43 94 75
43 95 52
43 96 54
43 97 112
43 98 106
43 99 48
43 100 143
44 45 154
44 46 144
44 47 69
44 49 60
44 51 142
44 54 79
44 55 53
44 56 114
44 57 72
44 58 15
44 59 7
44 61 136
44 63 109
44 64 117
44 65 4
44 66 147
44 67 100
44 68 72
44 69 146
44 70 55
44 71 91
44 72 109
44 73 108
44 74 45
44 75 59
44 77 142
44 78 150
44 79 10
44 80 128
44 81 102
44 82 61
44 83 8
44 84 107
44 85 28
44 86 84
44 87 135
44 88 81
44 89 8
44 91 42
44 93 32
44 94 114
44 95 136
44 96 86
44 97 61
44 98 15
44 99 88
44 100 98
45 46 95
45 47 37
45 48 157
45 50 122
45 51 124
45 52 93
45 53 110
45 54 36
45 56 10
45 57 142
45 58 157
45 59 52
45 60 58
45 61 153
45 63 75
45 64 15
45 65 43
45 66 29
45 67 102
45 68 148
45 69 20
45 70 95
45 71 148
45 72 15
45 73 159
45 74 58
45 75 64
45 76 33
45 77 63
45 79 110
45 80 116
45 82 143
45 84 144
45 85 27
45 86 137
45 87 3
45 88 51
45 89 73
45 90 105
45 91 67
45 92 20
45 93 22
45 94 74
45 95 85
45 96 37
45 97 76
45 98 37
45 99 38
45 100 81
46 47 102
46 48 58
46 49 83
46 51 7
46 52 85
46 53 3
46 54 92
46 56 147
46 57 158
46 61 102
46 62 159
46 64 55
46 65 123
46 67 108
46 68 11
46 69 71
46 70 144
46 71 136
46 72 88
46 73 113
46 74 119
46 75 64
46 76 152
46 77 3
46 78 16
46 79 33
46 80 112
46 82 102
46 83 91
46 84 8
46 85 58
46 87 27
46 88 138
46 89 137
46 90 146
46 91 124
46 92 85
46 94 98
46 95 66
46 96 140
46 97 145
46 99 76
46 100 119
47 48 95
47 49 126
47 50 86
47 51 64
47 52 22
47 53 85
47 54 12
47 55 120
47 56 33
47 57 53
47 58 32
47 59 147
47 60 78
47 64 64
47 66 42
47 67 15
47 69 76
47 70 47
47 71 115
47 72 26
47 73 21
47 74 126
47 77 35
47 79 94
47 80 56
47 81 144
47 82 96
47 83 5
47 84 59
47 85 117
47 86 157
47 87 62
47 89 137
47 90 75
47 92 43
47 93 119
47 94 13
47 95 69
47 97 155
47 98 41
47 99 41
47 100 131
48 49 54
48 50 23
48 51 19
48 52 147
48 53 159
48 54 56
48 55 148
48 56 24
48 57 122
48 59 13
48 62 129
48 63 50
48 64 109
48 65 77
48 66 145
48 67 57
48 68 124
48 69 26
48 70 41
48 71 46
48 72 63
48 73 143
48 74 35
48 75 154
48 76 16
48 77 24
48 78 17
48 80 26
48 81 128
48 82 106
48 83 18
48 84 105
48 85 138
48 86 85
48 87 107
48 89 3
48 90 61
48 91 89
48 92 58
48 93 39
48 94 131
48 95 4
48 96 25
48 97 28
48 98 118
48 99 100
48 100 51
49 51 30
49 52 69
49 53 78
49 54 106
49 55 99
49 56 57
49 57 154
49 58 54
49 59 159
49 60 156
49 61 31
49 62 2
49 63 90
49 64 136
49 65 22
49 67 80
49 68 55
49 69 100
49 70 38
49 71 98
49 72 117
49 73 125
49 74 4
49 78 110
49 79 160
49 80 143
49 81 72
49 83 41
49 85 10
49 86 27
49 87 96
49 88 39
49 89 112
49 91 156
49 92 139
49 93 75
49 94 15
49 96 14
49 98 148
49 100 47
50 51 32
50 52 127
50 53 14
50 55 119
50 56 148
50 57 60
50 58 112
50 59 9
50 60 89
50 62 139
50 63 119
50 65 8
50 67 113
50 68 35
50 69 134
50 70 72
50 71 27
50 72 53
50 73 61
50 74 143
50 75 118
50 76 133
50 77 157
50 78 128
50 79 16
50 80 69
50 81 144
50 82 78
50 83 46
50 84 51
50 85 10
50 86 29
50 87 149
50 88 59
50 89 8
50 91 41
50 92 44
50 93 51
50 94 71
50 97 68
50 98 80
50 99 78
50 100 59
51 52 102
51 53 29
51 54 14
51 56 117
51 57 45
51 58 94
51 59 15
51 60 137
51 62 27
51 63 19
51 64 6
51 66 17
51 68 9
51 69 94
51 70 79
51 71 107
51 72 142
51 73 109
51 74 19
51 75 15
51 76 142
51 77 39
51 78 158
51 79 18
51 80 124
51 81 30
51 82 149
51 83 64
51 84 147
51 85 39
51 86 142
51 87 53
51 89 56
51 90 32
51 92 132
51 93 117
51 94 126
51 95 86
51 97 57
51 99 88
51 100 24
52 53 35
52 54 52
52 55 116
52 56 60
52 57 17
52 58 18
52 59 5
52 60 74
52 61 21
52 62 30
52 63 83
52 67 72
52 68 93
52 69 40
52 71 24
52 72 80
52 73 160
52 74 22
52 75 72
52 76 8
52 77 2
52 78 153
52 79 75
52 80 155
52 81 114
52 82 4
52 83 153
52 84 44
52 85 5
52 86 75
52 87 26
52 88 76
52 91 38
52 92 31
52 93 54
52 94 124
52 95 140
52 96 28
52 97 77
52 98 89
52 99 44
52 100 1
53 55 56
53 57 53
53 58 71
53 60 5
53 61 149
53 62 43
53 63 149
53 64 58
53 66 30
53 67 151
53 68 109
53 69 59
53 72 61
53 73 113
53 74 146
53 75 65
53 76 16
53 77 113
53 80 71
53 81 15
53 82 59
53 84 2
53 85 131
53 86 152
53 87 89
53 88 86
53 89 131
53 90 112
53 91 14
53 92 132
53 93 25
53 94 138
53 95 157
53 96 80
53 97 89
53 98 113
53 99 104
53 100 119
54 55 89
54 56 107
54 57 158
54 59 127
54 60 45
54 61 59
54 62 12
54 63 122
54 65 25
54 67 6
54 68 57
54 71 134
54 72 27
54 73 92
54 74 4
54 75 104
54 77 9
54 78 15
54 79 81
54 80 18
54 82 152
54 83 4
54 84 80
54 85 133
54 87 90
54 88 101
54 90 130
54 91 114
54 92 13
54 93 10
54 94 8
54 96 116
54 97 65
54 98 9
54 99 92
54 100 104
55 56 26
55 57 53
55 58 108
55 59 68
55 61 99
55 63 99
55 64 72
55 66 104
55 67 3
55 69 156
55 70 66
55 71 142
55 72 31
55 73 89
55 74 82
55 76 7
55 77 18
55 78 136
55 79 154
55 80 95
55 81 108
55 82 89
55 83 101
55 84 112
55 85 48
55 86 158
55 88 6
55 89 95
55 90 121
55 91 82
55 93 107
55 94 56
55 95 4
55 96 141
55 98 127
55 100 60
56 57 112
56 58 132
56 59 10
56 60 50
56 61 155
56 62 42
56 63 34
56 64 57
56 65 60
56 66 108
56 67 84
56 68 40
56 69 57
56 72 72
56 73 87
56 74 128
56 75 73
56 76 85
56 77 24
56 79 111
56 80 141
56 81 112
56 82 83
56 83 73
56 86 27
56 87 7
56 89 112
56 90 141
56 92 24
56 93 85
56 94 39
56 96 137
56 97 135
56 99 30
57 58 26
57 59 57
57 60 148
57 61 106
57 62 154
57 63 62
57 64 107
57 65 9
57 66 157
57 67 16
57 68 90
57 69 12
57 71 86
57 72 147
57 73 87
57 74 131
57 75 76
57 76 133
57 77 128
57 79 39
57 80 93
57 81 74
57 84 115
57 86 38
57 87 116
57 88 102
57 89 73
57 90 119
57 91 54
57 92 60
57 93 93
57 94 111
57 95 2
57 97 115
57 98 73
57 99 93
57 100 98
58 59 72
58 60 47
58 61 119
58 62 125
58 63 38
58 65 68
58 66 6
58 67 131
58 68 73
58 69 31
58 70 115
58 71 154
58 72 116
58 73 20
58 75 124
58 77 6
58 79 50
58 80 108
58 81 57
58 83 156
58 84 29
58 85 156
58 86 141
58 87 7
58 88 60
58 89 62
58 91 93
58 92 37
58 93 8
58 95 54
58 96 5
58 97 49
58 98 62
58 99 159
58 100 73
59 60 28
59 61 73
59 62 12
59 63 23
59 64 53
59 65 79
59 66 120
59 68 44
59 70 29
59 71 77
59 72 53
59 73 108
59 74 15
59 75 139
59 76 24
59 77 57
59 78 77
59 79 22
59 80 144
59 81 123
59 82 35
59 83 38
59 84 89
59 85 134
59 88 143
59 89 120
59 91 17
59 92 103
59 93 112
59 94 79
59 95 57
59 96 16
59 97 46
59 98 114
59 99 73
59 100 52
60 62 155
60 63 13
60 64 118
60 65 47
60 67 120
60 68 104
60 69 144
60 70 18
60 71 80
60 72 85
60 73 81
60 74 48
60 75 31
60 76 118
60 77 140
60 78 2
60 79 77
60 80 143
60 81 83
60 82 26
60 83 50
60 84 83
60 85 87
60 88 101
60 89 8
60 90 24
60 91 132
60 92 67
60 93 158
60 95 59
60 96 44
60 97 85
60 98 11
60 99 137
60 100 7
61 62 58
61 63 29
61 64 33
61 65 133
61 67 48
61 68 93
61 69 71
61 73 141
61 76 69
61 77 96
61 78 30
61 79 125
61 80 2
61 82 68
61 83 118
61 84 11
61 85 106
61 86 120
61 87 92
61 89 129
61 91 75
61 92 72
61 94 153
61 95 32
61 96 71
61 98 95
61 99 1
61 100 48
62 63 155
62 64 30
62 65 95
62 66 65
62 67 1
62 68 98
62 69 18
62 70 4
62 71 158
62 72 153
62 73 106
62 74 7
62 75 140
62 76 54
62 77 68
62 78 23
62 79 1
62 80 9
62 81 143
62 82 149
62 83 98
62 85 90
62 86 53
62 87 123
62 88 93
62 90 65
62 91 51
62 92 9
62 94 129
62 96 103
62 98 93
62 99 75
63 64 146
63 65 8
63 66 160
63 67 11
63 68 141
63 69 83
63 70 133
63 72 68
63 73 130
63 75 70
63 76 105
63 78 125
63 79 64
63 81 16
63 82 37
63 83 32
63 84 154
63 85 51
63 86 76
63 87 69
63 88 26
63 89 75
63 90 158
63 91 87
63 92 159
63 93 5
63 94 37
63 95 108
63 96 94
63 97 39
63 98 65
63 99 43
63 100 154
64 65 42
64 66 44
64 67 15
64 70 45
64 71 76
64 72 8
64 73 67
64 74 25
64 75 8
64 76 98
64 77 60
64 79 115
64 80 64
64 81 30
64 82 123
64 83 144
64 84 142
64 85 46
64 86 108
64 87 51
64 88 90
64 90 22
64 92 115
64 93 81
64 96 138
64 98 29
64 99 13
65 66 65
65 68 54
65 71 140
65 72 134
65 73 46
65 74 160
65 76 31
65 77 30
65 78 138
65 81 4
65 82 95
65 83 54
65 84 19
65 85 43
65 86 94
65 87 83
65 89 151
65 90 104
65 91 140
65 95 54
65 97 109
65 99 100
65 100 134
66 67 44
66 68 101
66 69 128
66 70 106
66 71 69
66 72 133
66 73 90
66 75 141
66 76 76
66 77 58
66 78 22
66 79 19
66 81 13
66 82 92
66 83 16
66 84 122
66 85 14
66 86 131
66 87 23
66 88 111
66 89 29
66 90 10
66 91 21
66 92 28
66 93 85
66 94 121
66 95 52
66 96 26
66 97 19
66 98 155
66 99 7
66 100 66
67 68 90
67 69 11
67 70 80
67 71 57
67 72 112
67 73 14
67 75 24
67 76 118
67 77 152
67 78 103
67 79 77
67 82 85
67 84 96
67 85 129
67 89 86
67 91 85
67 92 6
67 93 73
67 94 31
67 95 87
67 96 8
67 98 150
67 99 26
68 69 59
68 70 54
68 71 8
68 73 107
68 74 99
68 75 35
68 76 1
68 77 160
68 78 84
68 80 21
68 81 38
68 82 144
68 83 94
68 86 136
68 87 145
68 88 118
68 89 59
68 91 102
68 92 125
68 93 129
68 94 111
68 95 35
68 96 74
68 97 18
68 98 139
68 99 59
68 100 91
69 70 82
69 71 3
69 72 148
69 73 122
69 74 151
69 75 97
69 76 131
69 77 63
69 78 132
69 79 95
69 80 37
69 81 78
69 82 89
69 83 44
69 84 140
69 85 125
69 86 121
69 87 28
69 88 44
69 89 146
69 93 113
69 95 61
69 96 156
69 98 127
69 99 148
69 100 62
70 71 152
70 72 93
70 73 139
70 74 1
70 76 108
70 78 92
70 79 71
70 80 36
70 82 13
70 83 19
70 84 27
70 85 114
70 86 54
70 87 98
70 90 22
70 91 31
70 92 76
70 93 8
70 94 110
70 97 60
70 99 81
70 100 115
71 72 81
71 73 157
71 74 114
71 75 149
71 76 48
71 77 43
71 78 14
71 79 131
71 80 65
71 81 72
71 82 122
71 83 64
71 84 42
71 85 16
71 86 79
71 87 15
71 88 115
71 90 100
71 91 67
71 92 111
71 93 121
71 94 36
71 96 70
71 97 129
71 98 63
71 99 76
71 100 16
72 73 67
72 74 7
72 77 74
72 78 136
72 79 13
72 80 72
72 81 98
72 83 1
72 84 108
72 85 122
72 86 107
72 87 43
72 88 151
72 89 31
72 90 67
72 91 146
72 92 82
72 93 30
72 94 147
72 95 138
72 98 85
72 100 133
73 74 56
73 76 139
73 77 8
73 79 105
73 80 82
73 81 115
73 82 15
73 83 21
73 84 44
73 85 7
73 86 53
73 87 135
73 88 44
73 89 89
73 91 96
73 92 37
73 94 156
73 95 106
73 96 143
73 97 9
73 98 39
73 100 16
74 75 157
74 76 96
74 77 140
74 78 79
74 79 34
74 80 90
74 82 19
74 83 108
74 84 111
74 85 114
74 86 89
74 87 15
74 88 86
74 91 6
74 92 74
74 94 145
74 95 103
74 96 30
74 97 96
74 98 124
74 99 126
75 76 65
75 77 106
75 79 78
75 81 2
75 83 47
75 86 148
75 87 113
75 88 95
75 89 86
75 90 39
75 91 115
75 92 3
75 93 65
75 94 139
75 95 71
75 96 48
75 97 18
75 98 139
75 99 49
75 100 23
76 77 75
76 78 76
76 81 41
76 82 120
76 83 20
76 84 10
76 85 136
76 86 39
76 87 96
76 88 4
76 89 44
76 90 88
76 91 7
76 92 26
76 93 38
76 94 79
76 95 137
76 96 84
76 97 131
76 98 112
76 99 83
76 100 159
77 78 153
77 79 81
77 80 130
77 81 134
77 82 13
77 84 33
77 85 157
77 86 149
77 87 72
77 88 135
77 89 39
77 90 128
77 91 82
77 92 53
77 93 80
77 94 53
77 95 85
77 96 153
77 97 99
77 98 44
77 99 133
77 100 115
78 79 31
78 80 24
78 81 103
78 82 19
78 83 134
78 84 143
78 85 108
78 86 158
78 87 147
78 88 123
78 90 133
78 92 24
78 93 58
78 94 14
78 95 3
78 96 133
78 98 83
78 99 120
78 100 18
79 80 51
79 82 149
79 83 48
79 85 127
79 86 57
79 87 30
79 88 151
79 89 66
79 90 144
79 91 80
79 93 1
79 94 54
79 95 155
79 97 75
79 100 91
80 82 80
80 83 75
80 84 71
80 85 18
80 86 50
80 87 40
80 89 144
80 90 100
80 91 86
80 93 110
80 95 104
80 96 55
80 97 51
80 98 52
80 99 159
81 82 146
81 83 24
81 84 9
81 85 95
81 88 134
81 90 139
81 92 62
81 93 66
81 94 70
81 96 45
81 99 15
81 100 138
82 83 33
82 84 127
82 85 67
82 86 33
82 88 27
82 90 141
82 93 63
82 94 80
82 95 52
82 96 84
82 97 75
82 98 54
82 99 25
82 100 14
83 84 41
83 85 125
83 87 147
83 88 131
83 89 102
83 90 14
83 91 140
83 92 30
83 93 71
83 94 75
83 95 147
83 96 8
83 97 126
83 98 53
83 100 68
84 85 105
84 86 54
84 88 119
84 89 32
84 90 155
84 91 95
84 92 36
84 93 157
84 94 146
84 95 26
84 96 132
84 97 143
84 98 84
84 99 16
84 100 108
85 86 15
85 87 32
85 89 97
85 90 145
85 91 48
85 93 5
85 94 119
85 96 47
85 97 91
85 98 149
85 99 78
85 100 53
86 87 64
86 88 24
86 89 83
86 90 56
86 91 144
86 93 15
86 95 159
86 96 83
86 97 96
86 98 140
86 100 104
87 88 148
87 89 160
87 90 66
87 91 8
87 92 140
87 93 85
87 94 59
87 95 34
87 96 97
87 97 139
87 98 133
87 99 89
88 89 9
88 91 115
88 92 92
88 93 116
88 94 101
88 95 41
88 96 160
88 97 132
88 98 91
88 99 63
88 100 143
89 90 82
89 91 11
89 92 23
89 93 104
89 94 17
89 95 64
89 96 84
89 97 10
89 98 55
90 91 156
90 92 90
90 93 150
90 94 80
90 96 49
90 97 159
90 98 97
90 99 56
91 92 18
91 93 21
91 94 63
91 95 136
91 96 125
91 97 26
91 98 147
91 99 61
92 93 109
92 94 136
92 96 90
92 97 156
92 98 83
92 100 152
93 95 138
93 96 97
93 97 22
93 98 35
93 99 84
93 100 64
94 96 26
94 97 23
94 98 139
94 99 30
94 100 93
95 96 130
95 97 89
95 98 153
95 99 144
95 100 49
96 97 1
96 99 79
96 100 82
97 98 63
97 99 22
97 100 146
98 99 104
98 100 20
99 100 93
