200 1012
1 11 15
1 13 6
1 62 8
1 70 6
1 91 11
1 130 16
1 184 11
1 193 2
2 36 4
2 48 3
2 50 13
2 102 16
2 119 13
2 122 7
2 133 6
2 157 5
2 167 16
2 172 20
2 174 19
2 184 7
3 9 8
3 23 17
3 33 16
3 34 20
3 62 5
3 73 7
3 102 14
3 105 1
3 129 11
3 136 19
3 138 3
3 174 19
3 185 1
3 199 14
4 20 16
4 25 3
4 26 13
4 29 11
4 39 2
4 81 7
4 105 3
4 124 12
4 125 16
4 133 20
4 162 3
4 173 13
4 181 1
4 195 15
5 26 5
5 79 4
5 116 12
5 118 6
5 147 12
5 159 4
6 91 12
6 158 18
6 179 6
6 199 14
7 15 13
7 36 9
7 146 15
7 160 16
7 167 11
7 168 7
7 196 13
8 12 14
8 36 20
8 48 17
8 58 4
8 165 5
9 23 9
9 40 15
9 55 6
9 111 17
9 126 10
9 130 14
9 144 2
9 162 15
9 168 14
9 190 19
9 191 19
9 200 8
10 21 16
10 55 14
10 101 14
10 117 14
10 125 6
10 147 1
10 164 13
10 185 14
10 186 6
11 21 20
11 61 9
11 62 1
11 69 14
11 77 16
11 107 7
11 111 2
11 117 1
11 199 13
12 24 10
12 51 7
12 54 2
12 80 6
12 83 3
12 93 6
12 98 14
12 101 8
12 116 9
12 163 7
12 166 5
12 169 4
12 178 1
12 181 20
12 193 18
13 17 3
13 32 7
13 42 17
13 81 4
13 103 16
13 141 4
13 147 9
13 150 19
13 166 13
14 28 1
14 34 20
14 45 11
14 75 9
14 77 14
14 136 9
14 144 5
14 166 4
14 190 10
15 22 13
15 48 18
15 56 13
15 74 4
15 91 9
15 111 11
15 116 14
15 130 6
15 184 11
16 103 3
16 113 11
16 151 17
16 154 14
16 162 5
16 166 18
16 180 19
17 21 4
17 63 5
17 136 6
17 137 10
17 141 2
18 32 19
18 77 11
18 78 19
18 85 2
18 116 19
18 158 17
18 196 20
18 197 5
19 29 8
19 67 4
19 135 11
19 137 7
19 165 6
20 41 5
20 55 9
20 72 17
20 78 19
20 178 18
20 192 16
21 22 17
21 33 13
21 57 3
21 90 1
21 100 5
21 122 16
21 133 15
22 25 3
22 39 18
22 51 10
22 67 17
22 99 9
22 131 19
22 139 20
22 173 19
23 32 11
23 48 10
23 98 17
23 132 16
23 153 3
23 158 8
23 171 3
24 41 12
24 50 15
24 74 4
24 84 4
24 87 5
24 101 11
24 108 12
24 109 4
24 115 14
24 120 17
24 183 10
24 193 16
24 196 5
25 28 10
25 45 13
25 107 12
25 128 15
25 137 3
25 146 2
25 170 1
25 198 5
26 73 17
26 87 8
26 146 14
26 169 3
26 178 14
26 194 6
26 195 5
27 32 18
27 37 9
27 47 3
27 91 9
27 121 20
27 130 19
27 139 19
27 140 14
27 149 4
27 199 9
28 101 7
28 106 17
28 111 8
28 112 18
28 140 2
28 153 8
28 167 16
29 55 9
29 101 12
29 117 4
29 125 8
29 129 8
29 166 11
29 174 6
29 176 8
30 41 12
30 51 4
30 104 1
30 149 12
30 180 18
30 182 10
30 185 20
30 193 9
30 200 1
31 62 9
31 65 4
31 81 3
31 100 15
31 103 17
31 132 6
31 144 2
31 167 1
31 168 14
31 186 14
32 71 20
32 78 12
32 87 9
32 100 6
32 108 14
32 155 9
32 164 9
32 167 5
33 59 5
33 110 7
33 151 5
33 178 7
34 60 9
34 63 6
34 65 8
34 90 15
34 138 12
34 177 13
34 181 18
35 100 18
35 105 2
35 144 6
35 153 14
35 163 5
35 171 20
35 172 11
35 173 16
35 186 19
35 196 5
36 68 13
36 78 12
36 86 15
36 90 20
36 103 10
36 108 4
36 153 16
36 174 3
37 40 4
37 44 17
37 52 8
37 74 10
37 82 1
37 115 8
37 122 8
37 123 8
37 189 13
37 198 13
38 46 12
38 49 14
38 70 11
38 73 3
38 83 19
38 105 3
38 127 7
38 142 1
38 149 18
38 167 8
39 112 11
39 121 10
39 129 16
39 145 4
39 146 2
39 148 19
39 178 4
40 54 9
40 66 20
40 78 19
40 79 16
40 95 6
40 115 13
40 118 16
40 145 7
40 159 11
41 51 14
41 147 12
41 161 7
42 55 8
42 87 2
42 123 20
42 125 9
42 127 19
42 133 3
42 154 1
42 179 10
42 180 12
43 52 5
43 74 2
43 85 2
43 113 2
43 149 16
44 75 13
44 77 19
44 86 1
44 121 2
44 126 6
44 132 20
44 174 1
44 178 1
44 190 7
45 54 16
45 66 14
45 79 19
45 105 1
45 125 4
45 149 6
45 194 11
46 52 2
46 56 15
46 61 13
46 85 8
46 97 3
46 120 19
46 138 6
46 157 3
46 177 13
46 181 16
47 54 7
47 99 19
47 163 17
47 172 8
47 178 18
48 63 13
48 82 3
48 91 6
48 136 10
48 137 14
48 145 7
48 167 7
48 175 18
49 114 12
49 155 11
49 193 7
50 51 4
50 78 20
50 109 7
50 154 2
50 171 5
50 182 17
51 61 20
51 113 14
51 146 14
51 164 10
51 168 7
51 188 15
51 193 20
51 199 19
52 61 12
52 97 3
52 103 20
52 129 6
52 168 11
53 56 4
53 86 4
53 94 2
53 140 11
53 142 14
53 165 14
54 78 18
54 84 14
54 90 7
54 103 3
54 118 7
54 147 8
54 159 8
54 160 2
54 165 17
54 195 7
54 198 17
55 59 20
55 64 16
55 71 18
55 117 13
55 142 8
55 150 6
55 161 9
55 185 20
55 190 11
56 92 6
56 94 4
56 134 16
56 154 7
57 66 13
57 70 13
57 76 9
57 137 12
57 167 14
57 194 6
58 63 9
58 64 4
58 100 17
58 112 10
58 168 9
58 176 17
58 178 1
58 180 11
58 184 12
58 190 11
59 113 1
59 122 9
59 133 1
59 136 16
59 147 8
59 151 13
59 157 1
59 164 13
59 181 9
60 66 8
60 87 5
60 170 19
60 177 8
60 181 3
60 184 18
60 186 5
61 67 9
61 86 12
61 99 12
61 113 4
61 118 7
61 158 8
61 162 17
61 195 11
62 141 9
62 175 6
62 179 19
63 79 11
63 112 10
63 132 12
63 141 3
63 149 3
63 196 10
64 106 20
64 110 6
64 120 3
64 125 10
64 130 13
64 133 11
64 144 17
64 169 16
64 171 11
64 192 20
65 86 15
65 103 20
65 137 9
65 160 2
65 177 5
65 178 9
66 72 7
66 97 2
66 134 15
66 165 10
66 170 14
66 174 1
66 198 16
67 74 19
67 83 20
67 87 17
67 102 11
67 105 1
67 106 18
67 108 12
67 113 4
67 184 3
67 191 10
68 81 15
68 110 16
68 113 8
68 131 16
68 175 1
69 90 6
69 97 2
69 121 20
69 125 19
69 130 16
69 138 13
69 169 17
69 187 7
69 188 3
69 189 6
70 92 5
70 103 14
70 107 8
70 129 5
70 130 20
70 162 9
70 172 10
70 174 5
70 176 6
70 186 18
70 193 20
70 194 17
71 96 4
71 103 10
71 107 14
71 113 9
71 118 12
71 135 18
71 136 12
71 166 2
71 169 19
71 177 3
71 189 17
71 193 12
71 199 7
72 140 5
72 191 16
73 92 13
73 93 17
73 119 20
73 135 4
73 152 18
73 160 16
73 179 9
74 86 7
74 94 20
74 98 3
74 104 8
74 129 11
74 145 12
74 152 2
74 164 15
74 173 20
74 179 9
75 127 15
75 172 12
75 191 12
75 200 9
76 77 12
76 87 14
76 135 13
76 146 20
76 180 16
76 185 1
76 199 19
77 103 9
77 122 2
77 148 8
77 152 14
77 172 15
78 81 10
78 90 13
78 113 11
78 121 2
78 138 3
78 153 14
78 179 11
78 184 10
79 90 16
79 92 14
79 101 7
79 140 10
79 143 1
79 159 4
79 166 19
79 185 14
79 189 20
80 81 13
80 108 7
80 127 14
80 178 5
81 85 16
81 97 6
81 129 16
81 150 13
81 159 17
82 91 14
82 136 12
82 168 9
83 126 19
83 147 15
83 150 2
83 168 17
84 116 8
84 122 1
84 124 5
84 168 8
84 177 14
85 109 7
85 115 3
85 122 3
85 152 17
85 154 12
85 161 9
85 165 1
86 111 20
86 122 12
86 123 19
86 144 4
86 163 11
86 170 14
86 186 12
87 105 17
87 133 3
87 161 9
87 193 6
88 92 3
88 93 10
88 105 14
88 135 1
88 151 5
88 159 8
88 169 20
88 170 10
88 194 14
89 93 20
89 95 15
89 100 6
89 142 2
89 144 14
89 157 2
89 168 10
89 178 18
90 113 5
90 115 12
90 135 20
90 146 5
90 167 12
90 181 4
91 108 15
91 132 3
91 138 7
91 151 15
91 156 5
91 164 6
91 171 4
91 178 18
92 128 16
92 129 17
92 146 12
92 150 3
92 151 16
92 155 17
92 191 20
92 194 2
93 105 6
93 114 20
94 132 3
94 142 18
94 143 2
94 157 3
94 183 13
95 109 14
95 110 6
95 127 18
95 129 7
95 164 13
95 170 1
95 200 12
96 115 16
96 116 13
96 128 10
96 132 13
96 133 19
96 136 13
96 137 14
96 162 7
96 175 7
96 177 9
97 105 20
97 112 9
97 113 5
97 118 19
97 164 7
97 172 1
97 176 7
97 186 4
97 188 6
98 109 19
98 116 7
98 159 3
98 195 13
99 100 11
99 114 14
100 106 6
100 128 19
100 149 9
100 159 11
100 163 4
100 169 20
100 177 20
100 178 10
100 186 11
100 187 2
100 193 13
100 196 5
101 116 15
101 117 19
101 120 7
101 121 11
101 174 6
101 178 14
102 104 10
102 133 16
102 157 16
102 174 9
102 196 1
103 108 12
103 131 1
103 183 4
104 174 11
105 107 3
105 126 5
105 131 18
105 163 2
105 180 14
105 191 9
106 119 9
106 122 6
106 162 10
106 170 18
106 179 11
106 187 16
107 124 10
107 139 1
107 158 14
107 192 20
108 126 6
108 131 11
108 184 12
108 186 18
108 195 16
109 117 6
109 170 18
110 139 5
110 184 9
110 193 2
111 113 20
111 131 6
111 142 3
111 147 13
111 152 2
111 164 18
111 167 8
111 195 10
111 196 14
112 115 9
112 129 2
112 143 10
112 149 13
112 186 3
113 114 11
113 139 9
113 157 19
113 169 3
113 186 7
114 199 17
115 117 7
115 130 10
115 184 11
115 198 12
116 124 11
116 136 19
116 137 12
116 158 19
117 152 3
117 166 14
117 169 2
117 176 18
117 181 13
117 199 17
118 139 18
118 158 19
119 127 5
119 147 12
119 182 12
120 124 18
120 152 11
120 191 7
121 164 6
122 160 15
122 164 3
123 155 20
123 184 7
124 130 20
124 134 8
124 136 11
124 162 2
124 176 20
124 198 9
125 126 14
125 136 11
125 196 11
125 200 6
126 130 4
126 131 15
126 138 3
126 163 13
126 168 11
126 170 5
126 195 11
127 129 17
127 138 15
127 154 9
127 161 11
127 163 1
127 200 12
128 129 6
128 141 10
128 159 11
128 180 13
129 133 15
129 138 10
129 139 9
129 145 19
129 199 7
130 139 13
130 182 5
130 199 15
131 150 4
131 185 12
132 163 13
133 139 14
133 176 16
133 194 4
133 196 18
134 142 20
134 175 5
134 191 15
135 170 7
135 175 7
135 189 5
135 195 18
136 160 7
136 173 13
137 142 12
137 157 19
137 161 12
138 139 5
138 141 18
138 150 1
138 155 7
138 189 4
139 175 14
139 179 11
139 192 17
140 154 20
140 168 9
140 178 2
140 182 1
140 183 9
140 200 16
141 151 19
141 159 20
141 161 17
141 169 12
141 175 15
142 164 19
142 192 4
143 154 16
143 195 19
144 151 4
144 165 8
144 186 12
145 146 16
145 153 19
145 169 14
145 175 4
146 151 4
146 160 19
146 200 17
147 151 9
147 169 15
148 160 1
148 191 13
148 194 14
148 197 5
149 152 1
149 156 12
149 169 10
150 155 12
150 183 19
150 197 2
151 197 15
152 167 3
152 168 2
152 192 20
153 169 2
154 170 14
154 174 5
154 178 8
154 189 20
155 180 13
155 197 3
156 172 1
156 184 17
156 189 20
156 198 1
157 180 10
157 191 1
157 197 3
158 166 17
159 170 17
159 171 18
159 200 11
160 170 8
160 182 6
161 193 12
161 194 16
161 198 3
162 169 18
162 175 12
162 180 16
162 191 16
162 192 5
163 166 17
163 173 10
163 176 7
164 166 12
164 170 20
164 188 18
165 167 9
165 174 11
165 185 4
165 199 12
166 198 2
166 200 13
167 171 3
167 181 10
167 187 16
168 172 6
168 177 9
169 185 17
169 195 20
170 172 7
170 178 17
170 183 8
171 185 9
171 199 7
173 175 13
174 191 9
176 187 10
177 181 19
177 194 1
178 185 4
179 188 20
179 198 11
180 191 6
180 200 5
183 188 18
183 189 10
186 197 15
189 198 5
190 196 7
191 197 20
194 197 5
194 198 13
