100 492
1 4 79
1 23 49
1 28 62
1 40 116
1 43 14
1 65 85
1 78 82
1 80 38
1 86 10
1 87 74
1 99 122
2 16 42
2 18 51
2 21 36
2 27 99
2 44 52
2 45 160
2 51 45
2 54 126
2 56 57
2 67 120
2 81 107
2 92 50
3 8 139
3 36 24
3 38 83
3 51 10
3 57 158
3 61 68
3 65 58
3 81 68
3 84 62
3 86 116
4 22 9
4 31 59
4 35 74
4 46 142
4 53 48
4 63 104
4 89 56
4 92 2
4 100 46
5 7 70
5 17 85
5 36 116
5 40 93
5 41 140
5 44 110
5 54 114
5 65 42
5 77 90
5 84 5
6 7 158
6 29 66
6 42 91
6 46 36
6 87 160
7 15 78
7 22 69
7 26 80
7 39 96
7 45 82
7 47 49
7 61 47
7 64 67
7 80 115
7 82 93
7 93 133
7 98 80
8 40 108
8 43 1
8 47 110
8 71 62
8 95 45
9 10 8
9 14 65
9 16 5
9 25 105
9 35 160
9 67 129
9 73 65
9 74 64
9 81 136
10 11 78
10 33 10
10 34 90
10 37 157
10 62 11
10 76 32
10 84 57
10 85 82
10 87 119
11 18 47
11 37 66
11 38 26
11 58 29
11 90 5
11 96 131
11 98 125
12 16 58
12 17 97
12 32 124
12 34 66
12 45 122
12 53 104
12 54 142
12 65 42
12 72 70
12 89 91
12 99 25
13 16 19
13 18 75
13 26 128
13 33 51
13 36 17
13 49 42
13 57 131
13 59 107
13 61 157
13 65 39
13 70 67
13 73 81
13 99 156
14 17 2
14 21 155
14 23 3
14 27 95
14 38 112
14 49 115
14 50 85
14 52 111
14 57 122
14 64 65
14 69 17
14 86 111
15 16 102
15 33 102
15 35 30
15 42 21
15 58 123
15 62 14
15 66 6
15 68 151
15 72 66
15 73 150
15 74 111
15 82 131
15 88 102
15 96 28
15 97 61
15 99 153
16 33 123
16 45 157
16 50 74
16 51 56
16 57 151
16 73 91
16 83 127
17 25 36
17 32 38
17 35 57
17 47 118
17 49 68
17 70 13
17 73 72
17 82 136
17 94 9
17 97 2
18 21 114
18 24 155
18 29 91
18 61 17
18 65 26
18 71 65
18 76 98
18 77 106
18 80 113
18 89 24
19 20 123
19 31 148
19 49 147
19 60 139
19 67 68
19 84 49
19 92 148
20 28 81
20 45 96
20 46 40
20 52 27
20 54 12
20 65 10
20 71 71
20 85 59
20 99 56
21 38 56
21 57 89
21 62 57
21 65 73
21 83 23
22 23 118
22 31 59
22 45 119
22 64 102
22 68 65
22 71 38
22 82 82
22 86 114
22 100 135
23 25 32
23 36 7
23 38 36
23 50 19
23 88 6
23 91 22
23 92 84
24 39 112
24 45 60
24 67 130
24 82 66
24 88 155
24 95 29
25 36 36
25 42 43
25 47 21
25 59 143
25 68 132
25 84 22
25 90 54
25 91 73
25 97 144
25 100 148
26 30 10
26 34 122
26 37 37
26 38 129
26 66 45
26 81 123
26 82 157
26 84 142
27 32 86
27 36 103
27 39 52
27 40 150
27 42 58
27 48 76
27 59 40
27 68 16
27 90 112
28 32 103
28 36 7
28 43 70
28 45 160
28 54 71
28 56 159
28 62 151
28 64 106
28 82 47
28 94 91
28 98 143
29 44 3
29 52 156
29 70 107
29 89 67
29 97 27
29 98 81
29 100 129
30 42 78
30 59 80
30 63 121
30 75 143
30 79 103
31 74 97
31 77 26
31 86 87
31 97 69
32 33 93
32 37 71
32 47 140
32 67 160
32 69 68
32 89 9
33 73 79
33 88 60
33 98 79
33 99 100
34 41 126
34 44 80
34 49 120
34 50 70
34 51 59
34 55 104
34 58 147
34 72 85
34 96 156
34 97 31
34 98 69
35 57 95
35 58 107
35 69 98
36 46 132
36 64 68
36 77 90
36 88 49
36 89 27
36 90 34
37 57 153
37 65 55
37 77 95
37 86 127
38 44 85
38 50 58
38 64 138
38 71 122
38 74 13
38 90 9
38 92 158
38 100 102
39 53 70
39 81 127
39 100 111
40 56 119
40 69 60
40 83 69
40 88 76
40 92 34
41 45 25
41 48 105
41 66 47
41 73 92
41 77 111
41 80 118
41 83 83
41 98 15
41 100 46
42 52 26
42 59 132
42 86 76
42 87 152
42 99 136
42 100 129
43 44 84
43 50 53
43 56 60
43 58 92
43 94 94
43 99 89
44 47 135
44 49 32
44 66 160
44 80 151
45 49 102
45 54 98
45 58 131
45 76 137
45 94 72
46 74 28
46 75 32
46 89 146
47 48 85
47 57 48
47 60 50
47 70 77
47 86 105
47 90 31
48 65 35
48 67 78
48 86 7
48 97 23
49 52 159
49 62 144
49 94 61
50 55 59
50 68 39
50 77 119
50 78 20
50 88 42
50 93 10
51 70 68
51 81 39
52 67 91
52 70 42
52 72 156
52 74 135
52 79 86
52 82 74
53 56 98
53 96 15
54 55 54
54 61 131
54 65 51
54 76 109
54 94 28
55 57 65
55 71 160
55 84 23
55 86 112
55 92 36
55 96 61
56 57 144
56 62 54
56 65 39
56 70 146
56 92 142
57 64 131
58 72 60
58 84 141
58 85 5
59 65 75
59 85 67
59 87 120
60 68 103
60 81 45
60 85 17
60 94 148
61 63 80
61 71 81
61 94 147
61 100 129
62 64 159
62 79 100
62 88 145
62 90 156
62 91 63
62 100 34
63 65 16
63 70 134
63 95 148
64 70 107
64 90 20
65 72 87
65 73 142
65 89 64
65 92 31
66 93 137
66 97 11
66 100 42
67 69 43
67 96 93
68 87 152
69 81 37
69 86 114
69 100 93
70 75 159
70 76 90
70 89 38
70 92 35
70 97 31
71 79 6
71 100 131
72 76 158
73 75 98
73 78 103
73 82 67
73 95 52
74 76 32
75 88 124
75 89 160
75 91 111
75 93 131
76 77 56
76 92 102
77 95 78
78 79 77
78 93 64
79 94 120
79 100 28
80 81 97
81 88 23
81 94 146
82 83 63
82 84 160
82 93 98
83 88 137
83 89 22
84 92 95
84 96 57
85 86 25
85 92 146
85 96 123
85 98 49
85 100 12
86 89 125
88 89 154
88 97 35
90 99 20
91 97 109
91 98 31
91 99 148
92 93 79
94 99 26
95 98 105
95 100 75
