100 526
1 7 5
1 22 2
1 41 8
1 47 11
1 73 18
1 77 15
1 80 6
1 98 2
2 9 2
2 12 16
2 29 12
2 30 6
2 44 8
2 49 11
2 53 8
2 55 11
2 73 2
3 4 8
3 45 2
3 57 1
3 70 17
3 79 16
3 100 9
4 13 3
4 22 18
4 26 17
4 30 7
4 53 6
4 67 5
4 81 20
4 86 7
4 93 17
4 96 5
5 6 16
5 16 20
5 27 2
5 29 4
5 40 2
5 51 3
5 64 5
5 67 6
5 75 19
5 77 15
5 83 9
5 98 6
5 100 20
6 17 15
6 18 12
6 34 12
6 40 8
6 42 2
6 44 10
6 49 13
6 62 15
6 66 7
6 68 5
6 76 8
6 77 1
6 78 2
7 27 3
7 30 20
7 39 9
7 40 6
7 44 4
7 52 11
7 76 11
7 78 17
7 97 14
8 11 17
8 20 13
8 22 15
8 29 12
8 34 20
8 59 14
8 65 20
8 70 11
8 77 11
8 82 12
8 87 18
8 88 8
8 95 20
8 100 8
9 12 13
9 35 2
9 37 13
9 41 7
9 45 1
9 46 13
9 55 9
9 74 8
9 76 18
9 77 3
9 82 16
9 91 9
9 99 10
10 13 3
10 14 3
10 17 9
10 21 10
10 44 12
10 46 2
10 74 12
10 79 11
10 88 4
10 90 18
10 93 2
10 95 14
10 97 6
11 20 3
11 31 8
11 35 10
11 43 12
11 52 15
11 62 12
11 71 5
11 75 17
11 77 20
11 82 6
11 89 3
11 93 13
11 99 13
12 15 5
12 29 18
12 30 3
12 36 6
12 43 6
12 71 8
12 83 18
12 97 10
13 16 5
13 28 13
13 89 9
13 91 10
14 17 18
14 20 18
14 22 10
14 23 16
14 35 2
14 38 6
14 39 13
14 44 19
14 48 16
14 52 8
14 60 3
14 64 20
14 82 5
14 84 17
15 18 20
15 31 6
15 57 6
15 81 14
15 86 11
15 93 7
16 18 11
16 42 17
16 51 6
16 52 12
16 61 7
16 68 18
16 84 19
17 18 13
17 28 6
17 51 6
17 67 1
17 74 17
17 93 17
17 98 7
18 19 13
18 21 15
18 45 7
18 51 4
18 57 6
18 66 20
18 79 13
18 96 12
19 25 6
19 39 17
19 43 10
19 54 16
19 61 17
19 76 12
19 91 11
20 27 8
20 29 2
20 34 1
20 45 12
20 51 5
20 53 8
20 55 6
20 59 4
20 60 8
20 74 12
20 76 6
20 91 17
20 94 13
21 22 11
21 23 19
21 26 8
21 35 18
21 37 9
21 41 11
21 60 13
21 82 17
21 83 13
21 89 1
21 93 6
21 95 5
22 26 5
22 28 14
22 35 8
22 82 3
22 88 9
22 95 8
23 26 5
23 36 6
23 38 10
23 65 10
23 68 9
23 85 2
23 97 3
24 32 2
24 40 9
24 41 1
24 54 3
24 56 14
24 72 3
24 83 16
24 86 1
24 87 12
24 90 13
24 97 2
24 98 4
25 42 16
25 55 19
25 63 18
25 69 9
25 83 13
26 56 12
26 59 10
26 61 19
26 66 10
26 82 12
27 28 19
27 53 19
27 57 9
27 61 9
27 68 2
27 73 10
27 76 7
27 79 18
27 83 13
27 86 9
28 30 7
28 33 12
28 34 3
28 37 1
28 42 13
28 47 6
28 53 6
28 58 8
28 59 13
28 60 20
28 61 1
28 66 6
28 72 11
28 74 4
28 88 9
28 92 3
29 36 19
29 66 6
29 85 11
30 38 3
30 49 7
30 64 20
30 68 19
30 71 11
31 40 19
31 43 1
31 49 2
31 51 15
31 54 17
31 67 5
31 68 3
31 72 16
31 83 11
31 90 13
32 36 15
32 43 20
32 48 9
32 63 15
32 86 1
33 57 1
33 69 8
33 71 17
33 72 2
33 77 11
33 84 12
34 44 3
34 56 5
34 58 7
34 72 1
34 74 16
34 90 11
34 94 6
34 98 9
35 42 5
35 47 9
35 55 12
35 57 5
35 69 15
35 71 3
35 85 10
36 52 2
36 53 17
36 59 11
36 61 16
36 67 17
36 92 1
36 97 3
37 43 11
37 65 13
37 74 20
37 82 5
38 45 7
38 50 6
38 79 19
38 84 13
38 89 8
38 99 19
39 59 11
39 62 7
39 63 13
39 68 9
39 71 11
39 94 2
39 97 15
40 43 2
40 50 8
40 63 13
40 65 1
40 75 13
40 76 12
40 85 9
40 98 17
41 42 7
41 43 20
41 48 16
41 54 3
41 59 20
41 62 9
41 63 16
41 75 19
41 79 9
41 81 14
41 92 1
42 65 5
42 66 14
42 88 12
42 96 17
42 99 20
43 50 18
43 52 10
43 76 1
43 81 9
44 45 8
44 48 2
44 51 6
44 58 10
44 78 17
44 81 6
44 88 11
44 91 4
44 93 20
45 57 6
45 63 11
45 66 10
46 48 12
46 83 18
46 87 4
46 88 2
46 98 10
47 57 16
47 65 6
47 72 17
47 89 14
48 52 9
48 59 12
48 95 19
48 97 7
49 50 16
49 61 13
49 62 6
49 64 19
49 82 2
49 89 10
49 97 9
50 52 2
50 54 12
50 57 13
50 79 5
50 93 13
51 63 9
51 73 1
51 83 8
52 76 8
52 97 20
53 63 6
53 66 13
53 96 15
54 58 19
54 60 13
54 68 6
54 84 19
54 87 18
55 65 16
55 81 13
55 93 18
56 61 1
56 78 2
56 89 15
57 59 10
57 68 8
57 71 2
57 86 9
57 90 3
57 98 5
57 100 6
58 60 14
58 61 4
58 66 3
58 94 15
58 95 18
58 98 13
59 75 4
59 77 11
59 96 10
59 98 7
60 79 4
60 82 3
60 85 11
61 62 12
61 83 14
61 91 9
61 96 15
62 65 6
62 87 4
62 97 8
63 73 9
63 77 19
63 81 12
63 87 10
63 92 5
63 94 20
63 96 19
64 71 13
64 76 13
64 89 8
65 77 2
65 82 11
65 90 6
65 93 16
66 87 20
67 77 10
67 89 15
67 95 13
68 73 8
68 74 19
68 77 15
68 84 14
69 71 15
69 80 18
69 83 3
69 97 4
70 74 19
70 83 17
70 87 2
70 97 8
71 79 20
71 80 20
71 90 11
71 92 16
71 93 9
72 73 5
72 80 10
72 81 4
72 90 3
72 97 18
72 100 18
73 75 14
73 77 1
73 97 12
73 99 8
74 76 11
74 84 16
74 92 12
74 93 2
74 96 14
74 97 12
76 80 2
77 94 16
78 81 7
79 84 20
79 85 18
79 88 12
79 97 9
80 83 5
80 86 3
80 93 3
81 84 1
82 84 5
82 92 12
84 89 3
84 90 4
84 91 18
85 89 7
86 94 13
87 89 17
87 90 12
88 92 14
88 94 14
89 96 14
89 100 1
90 100 6
91 96 18
92 98 11
99 100 11
