400 8104
1 28 18
1 36 7
1 44 3
1 49 1
1 60 8
1 98 20
1 105 8
1 110 14
1 116 11
1 132 18
1 138 20
1 153 6
1 159 3
1 160 2
1 173 2
1 178 2
1 188 1
1 193 19
1 198 5
1 219 12
1 242 1
1 244 5
1 281 20
1 283 16
1 291 15
1 301 7
1 304 19
1 315 14
1 345 15
1 366 4
1 378 9
1 379 19
1 380 2
2 11 7
2 15 20
2 34 6
2 65 17
2 70 7
2 83 20
2 85 14
2 90 5
2 102 16
2 107 11
2 117 4
2 123 12
2 129 15
2 134 16
2 141 4
2 147 8
2 157 16
2 158 18
2 160 2
2 169 12
2 174 12
2 177 12
2 178 13
2 186 9
2 192 8
2 210 18
2 219 20
2 242 18
2 252 7
2 262 20
2 267 10
2 268 10
2 283 6
2 285 3
2 289 8
2 291 10
2 308 18
2 309 15
2 326 16
2 327 16
2 333 1
2 340 20
2 351 18
2 358 5
2 362 19
2 367 16
2 387 6
2 394 7
3 18 13
3 33 10
3 38 8
3 39 19
3 44 17
3 57 19
3 81 10
3 98 8
3 108 5
3 123 5
3 132 9
3 158 14
3 171 12
3 183 17
3 191 20
3 213 10
3 221 11
3 224 2
3 225 3
3 235 20
3 237 3
3 276 14
3 312 17
3 313 6
3 316 16
3 317 14
3 318 11
3 322 8
3 355 15
3 362 14
3 366 6
3 369 10
3 385 4
3 397 12
4 12 17
4 33 13
4 39 11
4 46 13
4 70 8
4 76 2
4 82 7
4 95 6
4 99 15
4 108 7
4 110 19
4 125 10
4 132 2
4 135 7
4 136 10
4 161 4
4 163 17
4 170 15
4 171 11
4 176 14
4 197 7
4 217 2
4 230 7
4 247 13
4 260 15
4 262 19
4 272 3
4 273 1
4 287 20
4 291 4
4 300 5
4 303 5
4 310 15
4 322 11
4 324 11
4 330 16
4 336 10
4 338 18
4 344 5
4 353 14
4 360 10
4 365 8
4 368 17
4 379 17
4 390 13
4 393 6
5 11 4
5 22 15
5 28 2
5 30 17
5 41 7
5 47 8
5 60 1
5 70 10
5 71 14
5 73 7
5 81 10
5 100 13
5 117 8
5 120 10
5 145 17
5 151 11
5 156 1
5 159 6
5 182 16
5 195 14
5 201 1
5 213 4
5 216 17
5 223 3
5 230 10
5 234 6
5 247 16
5 254 10
5 257 17
5 258 18
5 265 19
5 271 8
5 272 8
5 298 14
5 311 7
5 314 4
5 317 17
5 318 6
5 321 20
5 322 9
5 326 1
5 344 8
5 348 12
5 360 18
5 364 1
5 380 6
5 386 2
6 12 17
6 21 10
6 51 5
6 66 6
6 80 9
6 84 1
6 85 8
6 101 6
6 108 17
6 120 1
6 130 19
6 151 6
6 152 8
6 159 19
6 165 7
6 168 14
6 170 8
6 193 7
6 201 20
6 203 20
6 210 15
6 214 8
6 217 16
6 224 18
6 254 14
6 259 7
6 283 1
6 291 14
6 293 19
6 298 19
6 305 1
6 306 16
6 309 9
6 313 11
6 315 4
6 365 5
6 371 10
6 374 15
6 378 12
6 384 17
7 14 7
7 24 8
7 28 12
7 66 16
7 73 15
7 77 6
7 99 2
7 155 2
7 164 14
7 168 13
7 210 3
7 223 1
7 235 9
7 236 7
7 258 18
7 266 5
7 272 18
7 274 20
7 275 5
7 288 2
7 300 10
7 316 6
7 321 8
7 364 12
7 374 6
7 392 11
8 26 7
8 27 1
8 31 12
8 61 7
8 73 7
8 84 9
8 85 18
8 109 4
8 127 5
8 128 15
8 129 19
8 175 15
8 182 15
8 184 8
8 201 1
8 213 3
8 221 10
8 242 3
8 245 2
8 247 17
8 252 1
8 267 17
8 269 15
8 273 6
8 275 8
8 278 16
8 285 5
8 304 12
8 323 13
8 326 2
8 358 11
8 375 19
8 381 17
8 382 19
8 387 7
8 393 15
8 395 2
8 396 19
9 12 11
9 43 19
9 49 9
9 52 17
9 54 11
9 62 16
9 75 13
9 90 12
9 107 12
9 118 3
9 120 14
9 148 17
9 149 4
9 157 19
9 158 6
9 160 17
9 178 2
9 184 17
9 206 12
9 223 4
9 225 10
9 232 8
9 235 9
9 247 12
9 257 9
9 261 9
9 262 20
9 284 1
9 288 7
9 306 20
9 308 1
9 311 17
9 348 18
10 12 12
10 23 8
10 42 9
10 76 2
10 80 1
10 82 8
10 89 17
10 93 8
10 101 4
10 122 18
10 154 17
10 165 20
10 168 17
10 169 9
10 172 9
10 187 1
10 193 17
10 194 11
10 199 2
10 212 12
10 213 6
10 215 15
10 227 3
10 230 5
10 238 10
10 242 17
10 253 1
10 256 2
10 257 12
10 273 2
10 314 15
10 318 9
10 322 15
10 331 5
10 333 5
10 353 9
10 363 17
10 376 7
10 386 7
10 391 8
10 394 7
10 398 9
10 400 4
11 16 6
11 20 9
11 35 6
11 47 2
11 48 14
11 52 20
11 55 19
11 68 12
11 70 8
11 83 15
11 84 2
11 107 10
11 122 2
11 136 2
11 150 10
11 155 2
11 157 19
11 183 20
11 184 12
11 207 8
11 219 12
11 227 4
11 235 18
11 239 3
11 268 20
11 286 17
11 289 1
11 292 9
11 293 18
11 309 20
11 325 20
11 343 4
11 349 11
11 357 16
11 365 4
11 385 13
12 23 19
12 25 4
12 41 17
12 58 5
12 64 14
12 88 11
12 111 5
12 112 17
12 117 3
12 133 4
12 139 6
12 151 1
12 165 3
12 171 1
12 174 19
12 185 8
12 197 15
12 200 1
12 201 17
12 225 4
12 229 13
12 236 7
12 247 6
12 254 4
12 259 15
12 265 9
12 284 10
12 291 1
12 297 9
12 324 15
12 340 7
12 353 19
12 360 4
12 366 4
12 390 7
12 394 16
13 15 5
13 17 7
13 28 13
13 32 2
13 43 18
13 46 4
13 72 5
13 73 3
13 74 8
13 86 20
13 89 15
13 92 10
13 116 19
13 117 12
13 118 14
13 120 16
13 124 20
13 127 7
13 137 4
13 139 19
13 150 1
13 160 12
13 167 8
13 172 19
13 180 18
13 184 17
13 187 16
13 193 14
13 196 15
13 203 14
13 204 10
13 209 14
13 218 6
13 219 11
13 225 16
13 227 18
13 238 13
13 246 15
13 247 8
13 257 10
13 277 13
13 289 3
13 297 16
13 306 10
13 318 6
13 329 3
13 332 20
13 344 3
13 347 20
13 351 9
13 371 17
13 382 16
13 384 11
13 387 15
13 390 8
14 15 3
14 26 7
14 32 13
14 41 14
14 43 16
14 52 18
14 55 5
14 79 7
14 80 5
14 83 20
14 100 9
14 105 6
14 107 16
14 111 6
14 115 9
14 130 15
14 138 15
14 144 11
14 147 16
14 149 9
14 155 9
14 163 1
14 164 19
14 166 14
14 184 13
14 197 17
14 204 4
14 210 10
14 218 5
14 231 18
14 234 18
14 249 19
14 252 17
14 261 8
14 283 9
14 287 18
14 297 14
14 304 4
14 313 14
14 315 8
14 316 17
14 323 5
14 331 8
14 334 12
14 367 6
14 381 18
14 382 15
14 392 18
14 393 13
14 394 1
15 22 13
15 25 9
15 42 14
15 49 9
15 60 14
15 63 2
15 69 11
15 87 16
15 97 7
15 116 1
15 118 19
15 147 4
15 151 6
15 163 10
15 167 2
15 187 18
15 194 6
15 206 4
15 211 13
15 232 19
15 234 11
15 251 8
15 268 6
15 272 5
15 297 10
15 322 8
15 324 6
15 339 16
15 341 7
15 348 8
15 356 16
15 364 2
15 367 14
15 377 16
15 378 7
15 386 12
15 387 16
15 388 1
15 389 19
15 394 10
15 399 10
16 46 8
16 56 19
16 59 19
16 78 8
16 105 20
16 111 4
16 118 20
16 124 20
16 135 17
16 147 6
16 160 18
16 168 9
16 175 7
16 180 2
16 182 7
16 187 19
16 191 15
16 192 2
16 198 11
16 229 3
16 232 20
16 235 7
16 248 7
16 263 12
16 273 4
16 283 13
16 287 8
16 292 14
16 294 6
16 317 11
16 321 6
16 323 6
16 335 18
16 339 16
16 341 10
16 343 10
16 344 11
16 347 1
16 353 8
16 359 14
16 368 1
17 23 4
17 29 20
17 30 1
17 40 1
17 41 2
17 47 13
17 48 10
17 58 9
17 65 10
17 68 18
17 72 11
17 84 5
17 90 7
17 104 14
17 117 11
17 121 18
17 144 5
17 156 17
17 159 19
17 166 16
17 178 16
17 182 19
17 198 2
17 200 6
17 213 10
17 235 7
17 248 8
17 249 1
17 278 11
17 288 15
17 299 18
17 333 18
17 344 16
17 348 19
17 360 4
17 370 1
17 371 5
17 378 17
17 380 1
18 31 7
18 62 8
18 69 17
18 74 17
18 76 14
18 78 13
18 94 3
18 99 7
18 103 6
18 113 4
18 115 8
18 117 17
18 121 9
18 134 11
18 172 14
18 178 6
18 195 17
18 208 15
18 210 7
18 213 4
18 221 7
18 229 18
18 254 17
18 255 12
18 260 12
18 261 3
18 265 1
18 267 2
18 289 17
18 304 9
18 309 7
18 323 18
18 330 5
18 366 12
18 384 19
18 385 18
18 389 6
18 391 6
19 25 9
19 32 4
19 47 20
19 62 11
19 67 4
19 73 8
19 80 2
19 93 20
19 95 14
19 112 6
19 126 20
19 133 3
19 143 3
19 147 11
19 156 4
19 178 4
19 182 12
19 184 11
19 188 7
19 224 3
19 226 14
19 229 8
19 262 10
19 270 9
19 283 4
19 284 8
19 289 5
19 307 12
19 328 20
19 349 3
19 364 10
19 376 14
19 377 6
20 26 14
20 31 14
20 59 1
20 60 7
20 65 20
20 91 15
20 106 20
20 111 9
20 112 17
20 115 13
20 127 17
20 139 4
20 140 14
20 145 5
20 146 4
20 150 10
20 157 1
20 188 11
20 213 20
20 227 19
20 248 10
20 251 3
20 260 9
20 283 10
20 284 1
20 286 18
20 288 18
20 305 18
20 306 1
20 307 16
20 310 14
20 313 2
20 336 16
20 349 9
20 358 19
20 378 2
20 381 2
20 385 2
21 33 2
21 63 18
21 85 1
21 114 13
21 138 1
21 142 7
21 143 3
21 156 4
21 160 4
21 168 8
21 184 15
21 200 17
21 222 5
21 224 12
21 227 13
21 228 12
21 230 2
21 236 4
21 241 6
21 247 20
21 259 1
21 284 9
21 315 4
21 328 18
21 356 2
21 382 13
21 389 6
21 397 17
22 25 15
22 26 7
22 28 14
22 34 5
22 39 3
22 43 20
22 44 1
22 54 8
22 65 16
22 75 20
22 78 13
22 87 3
22 95 4
22 96 1
22 107 7
22 110 2
22 125 19
22 127 16
22 130 18
22 135 5
22 153 3
22 156 14
22 157 5
22 161 7
22 166 8
22 193 11
22 200 5
22 201 17
22 211 18
22 212 19
22 219 10
22 224 11
22 240 18
22 256 11
22 265 18
22 269 5
22 271 4
22 277 5
22 291 4
22 302 18
22 306 10
22 312 16
22 314 12
22 316 13
22 347 13
22 365 17
22 373 2
22 374 11
22 379 14
22 392 19
22 393 17
22 400 6
23 32 7
23 37 4
23 44 9
23 54 6
23 55 14
23 61 14
23 66 14
23 74 17
23 76 19
23 79 19
23 92 10
23 103 12
23 129 12
23 152 13
23 155 14
23 188 20
23 198 12
23 202 12
23 205 3
23 215 16
23 221 13
23 238 16
23 246 10
23 256 3
23 259 13
23 267 8
23 302 11
23 306 10
23 324 4
23 332 14
23 336 11
23 338 9
23 341 9
23 373 14
23 383 1
24 37 4
24 38 8
24 42 15
24 62 3
24 76 12
24 79 13
24 94 3
24 95 6
24 96 10
24 123 15
24 128 16
24 147 7
24 157 8
24 169 15
24 178 2
24 179 5
24 190 1
24 197 8
24 205 19
24 213 9
24 240 18
24 241 5
24 244 2
24 251 5
24 272 11
24 292 16
24 294 11
24 318 15
24 352 5
24 356 4
24 365 10
24 385 6
25 26 5
25 35 8
25 38 17
25 52 20
25 53 17
25 87 5
25 101 18
25 109 14
25 114 1
25 134 1
25 141 12
25 151 5
25 155 15
25 158 15
25 159 16
25 167 9
25 175 4
25 192 7
25 232 20
25 239 6
25 254 18
25 255 1
25 260 3
25 265 10
25 268 18
25 289 10
25 298 12
25 302 14
25 307 3
25 316 17
25 364 16
25 371 1
25 385 17
25 389 19
26 38 14
26 49 20
26 53 16
26 58 15
26 60 7
26 61 3
26 68 14
26 79 11
26 84 7
26 90 1
26 96 9
26 103 18
26 105 6
26 115 11
26 119 9
26 157 5
26 169 2
26 177 7
26 185 14
26 187 20
26 207 11
26 225 19
26 236 16
26 244 2
26 250 8
26 267 20
26 279 7
26 281 9
26 287 3
26 312 6
26 313 4
26 347 5
26 352 11
26 377 12
26 382 10
26 385 10
26 391 14
27 30 9
27 39 20
27 51 7
27 56 10
27 57 16
27 77 13
27 100 20
27 125 13
27 127 2
27 152 8
27 156 17
27 185 17
27 196 17
27 215 2
27 216 7
27 228 13
27 248 15
27 275 19
27 280 17
27 319 18
27 324 12
27 345 11
27 346 8
27 347 16
27 348 5
27 357 17
27 361 18
27 394 12
27 397 6
27 400 12
28 42 5
28 47 15
28 53 3
28 61 4
28 62 12
28 66 12
28 79 20
28 105 6
28 106 10
28 125 9
28 133 10
28 158 16
28 164 18
28 190 16
28 200 12
28 203 2
28 220 16
28 221 15
28 231 17
28 239 8
28 241 1
28 245 7
28 248 11
28 253 3
28 278 7
28 304 1
28 308 19
28 346 13
28 353 15
28 362 18
28 363 15
28 374 1
29 30 13
29 33 19
29 44 7
29 50 6
29 113 1
29 127 9
29 128 11
29 151 11
29 161 11
29 171 4
29 175 5
29 181 11
29 187 9
29 201 20
29 203 3
29 218 6
29 244 14
29 250 18
29 255 7
29 267 3
29 284 3
29 295 20
29 296 9
29 311 14
29 322 17
29 332 8
29 333 17
29 348 7
29 359 9
29 384 6
29 388 1
29 393 19
30 37 7
30 54 4
30 59 9
30 90 11
30 112 9
30 116 17
30 118 6
30 128 8
30 141 8
30 143 2
30 161 20
30 164 18
30 166 1
30 175 6
30 178 18
30 182 4
30 188 16
30 191 17
30 193 18
30 199 2
30 206 2
30 217 12
30 218 8
30 238 15
30 241 10
30 245 9
30 260 9
30 270 12
30 284 10
30 300 3
30 302 16
30 321 10
30 324 16
30 338 18
30 349 3
30 373 16
30 374 16
30 382 8
30 387 20
30 392 12
30 395 12
30 397 20
30 399 18
31 37 3
31 42 12
31 50 3
31 92 14
31 93 5
31 113 7
31 133 2
31 135 15
31 140 18
31 146 11
31 150 6
31 159 16
31 160 2
31 162 16
31 172 19
31 187 17
31 188 4
31 189 1
31 225 1
31 228 11
31 235 9
31 251 5
31 263 20
31 278 12
31 289 16
31 291 14
31 312 19
31 316 9
31 331 19
31 332 17
31 338 2
31 347 10
31 351 4
31 369 13
31 390 4
32 36 11
32 39 16
32 43 11
32 71 7
32 83 14
32 99 19
32 102 17
32 106 10
32 131 15
32 132 1
32 133 20
32 147 6
32 159 11
32 162 18
32 182 8
32 184 4
32 203 9
32 210 2
32 214 5
32 222 5
32 241 18
32 262 9
32 276 7
32 278 19
32 298 14
32 300 3
32 305 5
32 313 15
32 315 11
32 323 11
32 329 2
32 335 17
32 336 2
32 339 7
32 347 18
32 348 16
32 349 7
32 354 12
32 385 12
32 398 12
33 37 15
33 39 3
33 42 8
33 51 13
33 57 20
33 67 13
33 79 17
33 101 15
33 111 1
33 129 3
33 154 7
33 174 14
33 176 19
33 183 11
33 192 2
33 193 20
33 194 2
33 202 19
33 208 19
33 210 17
33 215 6
33 228 10
33 245 19
33 265 14
33 269 18
33 279 13
33 294 7
33 324 11
33 339 8
33 346 13
33 362 9
33 366 12
33 369 7
33 372 6
33 393 20
34 60 6
34 63 8
34 67 13
34 71 11
34 73 14
34 83 18
34 92 10
34 102 14
34 112 1
34 130 13
34 151 20
34 173 12
34 184 16
34 189 10
34 194 1
34 197 1
34 201 18
34 225 7
34 253 16
34 265 2
34 278 18
34 318 1
34 322 10
34 329 12
34 330 20
34 335 7
34 387 3
34 396 2
35 55 17
35 56 10
35 57 6
35 66 16
35 77 7
35 87 15
35 101 20
35 102 9
35 106 11
35 111 17
35 120 12
35 130 3
35 173 17
35 178 8
35 180 15
35 195 9
35 196 7
35 215 16
35 216 18
35 218 18
35 224 9
35 225 15
35 249 13
35 254 13
35 262 14
35 266 15
35 267 13
35 270 1
35 286 5
35 300 3
35 303 20
35 355 13
35 359 20
35 360 12
35 371 18
35 375 5
35 380 8
35 391 5
36 49 12
36 52 8
36 53 4
36 60 3
36 67 7
36 77 2
36 80 19
36 96 1
36 99 12
36 105 6
36 109 10
36 122 10
36 123 20
36 124 15
36 133 6
36 162 17
36 169 12
36 193 13
36 196 19
36 208 10
36 211 16
36 231 20
36 243 12
36 272 9
36 293 13
36 297 11
36 317 2
36 324 10
36 336 19
36 360 3
36 365 4
36 389 3
36 398 7
37 44 20
37 45 18
37 64 17
37 71 17
37 98 7
37 99 3
37 123 4
37 202 5
37 206 9
37 213 16
37 218 11
37 224 10
37 226 19
37 227 1
37 231 17
37 242 19
37 244 20
37 263 1
37 265 17
37 267 14
37 270 16
37 286 17
37 301 3
37 326 19
37 345 14
37 360 10
37 374 17
37 375 11
37 380 1
38 44 7
38 52 1
38 79 12
38 85 15
38 109 1
38 120 9
38 143 2
38 147 12
38 160 4
38 189 9
38 200 20
38 205 6
38 208 12
38 214 12
38 222 20
38 237 18
38 257 16
38 261 12
38 274 3
38 280 20
38 304 7
38 321 10
38 326 11
38 327 1
38 328 7
38 335 13
38 336 5
38 347 17
38 348 15
38 364 12
38 366 8
38 371 12
38 382 7
38 385 16
39 40 6
39 53 8
39 63 6
39 64 13
39 75 11
39 87 6
39 91 16
39 112 1
39 127 9
39 145 7
39 148 3
39 161 2
39 174 13
39 177 1
39 189 20
39 221 2
39 233 14
39 252 11
39 262 5
39 266 20
39 274 6
39 275 17
39 278 2
39 280 2
39 297 16
39 299 3
39 318 8
39 323 1
39 333 4
39 356 7
39 363 2
39 372 5
39 376 7
39 380 5
39 384 3
39 387 11
39 393 17
39 395 11
40 50 16
40 71 6
40 72 12
40 105 5
40 125 12
40 132 20
40 137 15
40 146 7
40 147 10
40 148 15
40 160 3
40 165 2
40 184 13
40 190 2
40 199 15
40 204 15
40 208 20
40 210 4
40 213 11
40 225 14
40 239 13
40 245 11
40 247 11
40 248 11
40 260 19
40 273 13
40 275 7
40 285 5
40 291 4
40 294 16
40 302 18
40 329 12
40 337 12
40 359 8
40 363 9
40 366 8
40 370 15
40 389 9
41 75 12
41 91 11
41 92 5
41 97 15
41 104 17
41 106 6
41 107 7
41 111 10
41 128 14
41 131 5
41 140 12
41 175 2
41 202 11
41 216 17
41 232 6
41 243 17
41 255 13
41 256 7
41 258 17
41 269 5
41 272 1
41 273 11
41 303 5
41 311 1
41 332 20
41 335 7
41 343 15
41 361 4
41 363 8
41 368 1
41 379 7
41 381 15
41 383 2
41 399 20
42 45 11
42 60 4
42 67 18
42 78 4
42 80 1
42 83 12
42 88 12
42 104 4
42 105 6
42 120 7
42 151 7
42 153 14
42 154 10
42 176 8
42 180 6
42 191 2
42 194 20
42 196 10
42 202 13
42 207 7
42 209 7
42 214 2
42 221 18
42 236 6
42 261 2
42 274 9
42 291 19
42 294 3
42 295 13
42 296 16
42 297 6
42 304 15
42 315 14
42 322 13
42 325 9
42 328 12
42 330 15
42 334 3
42 339 11
42 360 17
42 365 2
42 369 16
43 50 19
43 55 6
43 79 20
43 81 18
43 82 11
43 85 10
43 94 10
43 125 17
43 126 5
43 136 6
43 139 10
43 140 10
43 149 18
43 165 1
43 175 14
43 191 10
43 204 1
43 205 14
43 212 14
43 222 4
43 223 17
43 226 6
43 239 11
43 240 1
43 241 11
43 242 5
43 259 20
43 266 2
43 267 14
43 281 13
43 292 13
43 296 6
43 306 14
43 310 3
43 319 6
43 320 6
43 321 15
43 329 2
43 333 6
43 343 13
43 375 7
43 388 1
43 393 20
44 50 11
44 63 12
44 67 4
44 77 7
44 88 17
44 93 6
44 95 8
44 104 15
44 105 16
44 108 9
44 116 10
44 122 12
44 124 19
44 146 8
44 152 4
44 157 1
44 158 9
44 168 11
44 189 10
44 206 12
44 213 2
44 219 13
44 223 12
44 234 6
44 238 2
44 262 3
44 265 15
44 268 20
44 275 17
44 276 2
44 313 2
44 328 1
44 349 18
44 351 10
44 355 15
44 365 8
44 374 11
44 375 18
44 386 7
44 398 20
45 47 10
45 58 4
45 95 14
45 108 3
45 137 17
45 138 16
45 147 15
45 153 6
45 166 18
45 208 4
45 240 10
45 243 1
45 252 5
45 254 11
45 255 7
45 260 13
45 264 11
45 266 18
45 268 9
45 271 3
45 294 9
45 299 12
45 344 17
45 369 20
45 383 20
45 394 15
45 398 12
46 48 19
46 50 17
46 58 6
46 108 6
46 111 18
46 122 8
46 135 10
46 166 1
46 170 6
46 171 3
46 173 14
46 197 14
46 228 8
46 236 10
46 242 1
46 245 10
46 248 16
46 249 6
46 263 6
46 267 16
46 272 13
46 275 4
46 277 19
46 288 19
46 300 9
46 317 9
46 338 16
46 348 15
46 360 13
46 368 20
46 374 6
46 376 7
46 388 13
46 399 1
47 78 18
47 92 13
47 114 2
47 118 4
47 122 17
47 132 14
47 159 2
47 164 19
47 184 10
47 203 4
47 206 18
47 232 11
47 241 12
47 246 17
47 263 17
47 289 15
47 294 16
47 299 18
47 300 17
47 304 18
47 319 15
47 329 20
47 335 10
47 353 4
47 358 16
47 374 8
48 57 9
48 59 5
48 60 20
48 68 8
48 77 11
48 83 17
48 84 19
48 87 7
48 93 5
48 101 8
48 110 20
48 112 2
48 116 7
48 128 20
48 147 9
48 151 9
48 158 17
48 170 10
48 182 15
48 190 15
48 192 13
48 202 3
48 244 16
48 271 1
48 283 20
48 300 15
48 307 16
48 315 9
48 319 12
48 322 5
48 328 17
48 333 15
48 354 3
48 359 15
48 366 11
48 379 8
48 397 15
49 56 19
49 59 8
49 84 12
49 87 3
49 88 11
49 93 8
49 118 8
49 139 17
49 146 4
49 155 2
49 157 18
49 158 20
49 168 13
49 185 10
49 208 8
49 209 19
49 217 19
49 225 18
49 226 20
49 244 3
49 291 15
49 295 8
49 298 12
49 304 9
49 313 20
49 315 4
49 366 1
49 377 19
49 398 6
50 52 4
50 53 8
50 54 9
50 60 11
50 82 14
50 94 5
50 104 10
50 129 4
50 132 16
50 134 6
50 142 11
50 143 12
50 144 18
50 147 16
50 148 11
50 156 16
50 158 3
50 159 15
50 171 10
50 182 19
50 183 3
50 189 13
50 203 6
50 204 18
50 208 3
50 210 18
50 231 3
50 253 1
50 254 1
50 258 9
50 265 11
50 292 11
50 306 6
50 319 5
50 327 11
50 333 4
50 368 14
50 375 4
50 392 3
50 393 15
51 56 1
51 61 6
51 75 18
51 85 16
51 88 17
51 95 19
51 96 4
51 116 3
51 120 20
51 132 2
51 134 18
51 140 8
51 161 10
51 171 4
51 181 12
51 185 3
51 201 6
51 203 13
51 215 19
51 216 8
51 217 16
51 219 13
51 227 10
51 236 8
51 239 17
51 252 9
51 258 3
51 259 4
51 266 18
51 280 13
51 291 7
51 329 18
51 337 8
51 341 1
51 349 9
51 350 19
51 351 6
51 353 16
51 354 16
51 362 10
51 378 17
51 379 1
51 380 2
51 387 20
51 390 7
52 72 7
52 88 10
52 112 9
52 118 16
52 121 20
52 138 2
52 167 20
52 192 19
52 197 14
52 201 12
52 231 19
52 237 1
52 244 2
52 266 1
52 287 6
52 290 4
52 294 15
52 312 12
52 330 16
53 66 4
53 73 9
53 82 8
53 88 11
53 95 16
53 130 13
53 135 19
53 140 20
53 150 14
53 152 6
53 154 13
53 172 14
53 180 18
53 184 7
53 201 17
53 207 17
53 220 19
53 226 4
53 228 17
53 254 8
53 255 8
53 276 20
53 306 14
53 314 6
53 316 11
53 360 17
53 365 11
53 368 7
53 388 5
54 56 15
54 60 19
54 63 3
54 67 7
54 69 6
54 81 1
54 84 14
54 85 8
54 86 7
54 100 6
54 124 9
54 150 10
54 160 16
54 168 12
54 172 18
54 173 2
54 191 2
54 195 6
54 201 1
54 205 16
54 223 10
54 231 6
54 239 19
54 246 9
54 254 1
54 270 10
54 271 16
54 276 18
54 288 15
54 290 7
54 291 11
54 293 18
54 300 5
54 309 18
54 310 8
54 317 4
54 322 2
54 339 6
54 351 19
54 365 11
54 370 16
54 387 7
55 58 11
55 67 6
55 68 13
55 93 6
55 122 7
55 125 16
55 136 13
55 144 5
55 146 20
55 158 9
55 172 3
55 173 5
55 186 1
55 189 10
55 190 17
55 196 10
55 213 13
55 216 16
55 217 17
55 227 6
55 237 17
55 244 17
55 257 5
55 264 3
55 267 16
55 284 14
55 319 10
55 320 4
55 326 18
55 351 3
55 371 1
55 375 1
55 389 8
56 62 12
56 67 7
56 74 9
56 75 18
56 81 1
56 82 7
56 114 2
56 119 6
56 141 3
56 150 5
56 172 15
56 178 8
56 181 4
56 210 13
56 218 7
56 249 14
56 268 1
56 273 18
56 275 4
56 279 8
56 281 18
56 287 7
56 301 11
56 307 1
56 310 1
56 330 14
56 345 12
56 375 3
56 396 12
57 59 6
57 81 8
57 88 14
57 92 4
57 93 6
57 95 18
57 116 20
57 120 16
57 129 2
57 148 11
57 163 3
57 165 12
57 177 1
57 191 15
57 192 20
57 201 16
57 219 16
57 245 8
57 250 19
57 258 18
57 262 19
57 265 11
57 267 15
57 273 4
57 275 12
57 307 16
57 335 4
57 340 4
57 343 4
57 350 16
57 373 17
57 381 8
58 65 16
58 78 19
58 82 16
58 88 7
58 121 2
58 123 10
58 130 7
58 134 10
58 147 4
58 161 3
58 162 18
58 168 16
58 169 6
58 209 5
58 213 5
58 221 3
58 222 8
58 228 2
58 235 2
58 239 15
58 270 9
58 297 12
58 304 11
58 318 3
58 321 13
58 326 8
58 355 5
58 360 16
58 400 7
59 71 2
59 75 2
59 80 6
59 86 2
59 93 11
59 94 19
59 101 6
59 110 9
59 111 18
59 121 10
59 123 11
59 125 9
59 129 18
59 143 4
59 152 14
59 156 5
59 162 6
59 194 8
59 198 12
59 202 8
59 205 11
59 208 6
59 210 4
59 211 1
59 219 11
59 234 12
59 238 4
59 248 11
59 250 3
59 288 3
59 296 20
59 298 15
59 309 2
59 318 11
59 324 8
59 329 18
59 335 10
59 350 7
59 360 12
59 371 7
59 374 7
59 381 3
59 387 4
59 394 3
60 67 3
60 74 2
60 82 14
60 85 15
60 86 2
60 94 20
60 96 18
60 98 6
60 101 12
60 117 18
60 134 12
60 138 11
60 140 18
60 146 4
60 148 10
60 172 15
60 174 20
60 180 9
60 190 9
60 196 20
60 202 20
60 207 3
60 213 12
60 220 12
60 238 17
60 244 13
60 246 19
60 247 6
60 248 1
60 252 5
60 254 13
60 256 8
60 263 8
60 267 19
60 273 11
60 291 9
60 322 5
60 329 12
60 380 19
61 78 16
61 96 20
61 98 1
61 102 8
61 108 3
61 111 20
61 129 3
61 131 18
61 137 13
61 140 10
61 158 6
61 161 18
61 169 3
61 178 20
61 180 4
61 189 1
61 210 10
61 211 11
61 213 2
61 216 20
61 221 5
61 231 17
61 243 14
61 251 7
61 261 10
61 266 19
61 301 5
61 305 20
61 320 3
61 329 7
61 345 16
61 350 2
61 363 6
61 374 18
61 375 10
62 68 15
62 71 20
62 72 4
62 74 18
62 87 1
62 115 5
62 131 19
62 136 8
62 142 8
62 146 14
62 176 11
62 177 14
62 183 13
62 184 5
62 214 1
62 227 2
62 250 15
62 285 6
62 289 7
62 296 7
62 308 6
62 318 18
62 321 10
62 338 9
62 363 18
62 383 6
62 386 4
63 74 1
63 76 1
63 77 17
63 79 19
63 80 7
63 114 20
63 120 7
63 128 3
63 133 10
63 136 8
63 140 8
63 152 11
63 153 16
63 154 13
63 160 12
63 165 14
63 167 19
63 196 5
63 219 1
63 230 7
63 235 4
63 243 1
63 249 9
63 261 20
63 274 1
63 282 8
63 288 17
63 323 5
63 348 13
63 351 8
63 352 9
63 356 16
63 358 20
63 374 12
63 375 17
63 378 9
63 393 12
63 398 19
64 87 10
64 92 16
64 108 3
64 113 15
64 116 7
64 119 9
64 121 13
64 130 10
64 143 7
64 148 15
64 150 20
64 152 17
64 166 14
64 170 11
64 179 9
64 182 2
64 189 19
64 211 16
64 217 13
64 231 8
64 248 5
64 255 17
64 257 8
64 261 18
64 270 14
64 274 15
64 277 20
64 285 3
64 292 4
64 316 3
64 326 1
64 335 4
64 340 10
64 368 6
64 378 16
64 395 5
64 398 3
65 69 5
65 80 12
65 83 5
65 87 16
65 109 8
65 127 8
65 130 3
65 133 13
65 140 11
65 141 10
65 154 12
65 161 14
65 183 10
65 199 14
65 212 7
65 275 20
65 289 14
65 305 8
65 307 8
65 328 20
65 331 1
65 336 20
65 352 13
65 354 1
65 376 5
65 383 14
65 386 13
65 391 16
65 392 19
65 394 12
65 397 19
66 69 10
66 70 17
66 87 2
66 92 10
66 115 8
66 118 20
66 128 2
66 143 11
66 157 7
66 160 11
66 170 3
66 173 15
66 190 18
66 198 20
66 202 13
66 203 5
66 204 1
66 207 19
66 216 5
66 260 1
66 266 15
66 297 4
66 303 14
66 309 2
66 311 3
66 317 15
66 323 18
66 330 20
66 333 11
66 334 17
66 340 16
66 352 10
66 374 8
66 383 7
66 399 2
67 91 11
67 102 17
67 114 2
67 137 9
67 150 10
67 152 14
67 202 11
67 207 13
67 222 6
67 223 19
67 225 4
67 234 17
67 238 4
67 249 18
67 296 1
67 297 3
67 302 14
67 308 8
67 314 9
67 315 18
67 324 17
67 340 17
67 342 11
67 343 9
67 352 19
67 354 2
67 356 19
67 374 14
67 378 12
67 381 4
67 383 20
68 78 18
68 83 9
68 85 4
68 86 8
68 87 10
68 97 1
68 118 13
68 140 6
68 166 6
68 180 7
68 201 6
68 213 14
68 216 17
68 222 3
68 236 14
68 242 16
68 258 17
68 261 3
68 264 3
68 280 15
68 281 6
68 284 13
68 294 2
68 297 18
68 313 12
68 316 20
68 325 20
68 331 14
68 339 11
68 347 16
68 350 2
68 389 2
68 390 9
69 73 14
69 89 6
69 122 12
69 123 8
69 151 16
69 163 17
69 168 11
69 187 3
69 190 14
69 193 8
69 198 6
69 205 7
69 226 18
69 262 13
69 271 11
69 276 14
69 311 3
69 316 3
69 327 4
69 331 2
69 338 3
69 339 13
69 340 4
69 349 17
69 351 5
69 354 5
69 356 3
69 359 9
69 370 6
69 391 7
70 77 17
70 139 14
70 161 8
70 187 19
70 190 7
70 201 19
70 212 17
70 217 17
70 220 5
70 236 8
70 243 2
70 253 8
70 262 8
70 268 3
70 280 6
70 298 10
70 299 5
70 305 6
70 313 12
70 318 2
70 326 6
70 335 15
70 344 18
70 346 1
70 358 16
70 385 20
71 79 5
71 80 6
71 81 13
71 91 12
71 99 19
71 145 19
71 147 8
71 158 12
71 165 10
71 194 7
71 198 4
71 204 17
71 209 1
71 233 14
71 235 2
71 239 3
71 245 18
71 250 5
71 256 1
71 269 4
71 289 1
71 308 1
71 352 2
71 361 9
71 371 10
71 381 16
71 382 17
71 394 20
72 76 6
72 86 14
72 87 8
72 96 9
72 100 1
72 117 1
72 129 20
72 136 20
72 149 4
72 151 7
72 154 10
72 155 17
72 187 20
72 193 4
72 198 16
72 199 12
72 210 13
72 213 5
72 223 19
72 234 11
72 250 1
72 258 4
72 260 1
72 262 1
72 275 13
72 278 12
72 305 1
72 306 5
72 323 5
72 326 2
72 329 6
72 331 11
72 332 2
72 342 3
72 358 20
72 374 9
72 380 2
72 398 9
73 86 17
73 89 15
73 90 13
73 94 4
73 107 6
73 114 11
73 124 13
73 141 7
73 147 5
73 153 17
73 158 10
73 175 7
73 184 2
73 204 10
73 205 18
73 231 3
73 248 9
73 257 3
73 262 16
73 272 4
73 308 9
73 330 10
73 333 4
73 334 5
73 335 8
73 340 13
73 350 17
73 365 15
73 397 3
73 398 16
74 77 4
74 78 1
74 79 20
74 80 16
74 81 10
74 85 13
74 97 2
74 98 15
74 102 6
74 111 13
74 122 19
74 125 12
74 128 15
74 129 11
74 167 19
74 168 7
74 179 14
74 188 15
74 204 19
74 207 9
74 230 8
74 231 4
74 236 4
74 240 3
74 243 7
74 248 3
74 252 2
74 253 7
74 272 7
74 277 16
74 289 17
74 292 8
74 296 7
74 301 5
74 314 13
74 326 11
74 328 14
74 346 4
74 352 19
74 356 8
74 357 8
74 367 3
74 384 18
74 387 1
75 80 4
75 91 11
75 92 15
75 104 1
75 106 13
75 122 13
75 125 19
75 143 7
75 146 10
75 149 15
75 158 10
75 163 9
75 173 19
75 176 15
75 181 3
75 187 14
75 190 5
75 197 17
75 208 8
75 230 15
75 234 5
75 248 13
75 255 17
75 262 3
75 266 3
75 300 17
75 306 5
75 310 19
75 319 14
75 325 1
75 329 15
75 346 20
75 355 1
75 394 19
75 395 3
76 80 13
76 85 17
76 89 4
76 90 16
76 95 4
76 108 18
76 114 14
76 121 7
76 125 1
76 134 13
76 135 11
76 140 16
76 141 6
76 143 16
76 148 8
76 156 7
76 169 14
76 178 16
76 192 3
76 197 2
76 215 19
76 222 17
76 225 20
76 232 3
76 233 2
76 242 1
76 262 3
76 273 4
76 302 15
76 309 9
76 314 16
76 315 2
76 317 16
76 321 13
76 326 7
76 327 13
76 341 20
76 346 15
76 369 11
76 372 3
76 386 17
77 86 14
77 100 6
77 108 2
77 109 2
77 133 3
77 143 5
77 146 18
77 152 1
77 162 15
77 170 12
77 177 8
77 184 14
77 185 3
77 186 15
77 205 18
77 206 3
77 216 1
77 240 8
77 244 8
77 249 16
77 262 15
77 283 3
77 289 15
77 294 4
77 297 2
77 304 6
77 315 17
77 329 4
77 335 17
77 363 5
77 366 4
77 373 13
77 377 11
77 380 12
77 387 7
78 84 1
78 104 12
78 107 11
78 129 15
78 135 18
78 142 15
78 149 14
78 165 4
78 175 1
78 177 18
78 185 16
78 205 14
78 212 8
78 214 6
78 223 17
78 273 7
78 274 9
78 294 11
78 311 9
78 312 4
78 318 13
78 320 8
78 325 5
78 336 14
78 357 17
78 367 6
78 378 18
78 387 5
79 82 5
79 85 8
79 93 6
79 99 15
79 102 19
79 104 13
79 107 2
79 108 8
79 111 8
79 113 19
79 116 1
79 125 12
79 129 17
79 139 17
79 172 3
79 185 10
79 195 17
79 222 10
79 240 17
79 243 16
79 258 3
79 264 10
79 265 13
79 266 9
79 268 1
79 277 11
79 281 18
79 299 3
79 302 1
79 307 12
79 309 18
79 321 16
79 350 4
79 356 15
79 382 20
80 86 3
80 111 14
80 116 6
80 141 7
80 151 14
80 157 4
80 167 11
80 182 8
80 183 2
80 188 5
80 196 3
80 248 15
80 255 6
80 263 16
80 271 18
80 280 8
80 301 9
80 322 14
80 362 9
80 377 19
80 386 16
80 387 16
81 88 3
81 104 14
81 115 4
81 152 9
81 156 1
81 163 4
81 164 11
81 191 7
81 193 19
81 194 7
81 197 10
81 205 8
81 207 4
81 226 16
81 255 7
81 289 20
81 299 19
81 301 12
81 313 8
81 322 16
81 332 16
81 348 5
81 365 19
81 368 2
81 375 20
81 387 14
81 397 5
81 399 6
82 90 11
82 99 3
82 112 4
82 116 2
82 123 2
82 124 3
82 178 3
82 183 11
82 186 19
82 195 16
82 200 5
82 204 9
82 213 2
82 235 9
82 236 17
82 237 3
82 251 2
82 256 19
82 262 20
82 278 5
82 297 11
82 298 4
82 304 15
82 308 20
82 313 6
82 315 20
82 329 3
82 340 15
82 341 4
82 347 13
82 355 20
82 376 18
82 385 20
82 393 11
82 398 1
82 400 16
83 96 8
83 100 10
83 120 3
83 132 20
83 143 17
83 146 10
83 150 6
83 152 12
83 156 1
83 159 1
83 160 12
83 200 10
83 222 20
83 227 15
83 230 9
83 245 20
83 253 20
83 258 5
83 269 14
83 270 19
83 271 18
83 283 2
83 291 3
83 306 11
83 325 16
83 332 13
83 335 3
83 344 12
83 350 3
83 358 20
83 400 17
84 86 1
84 98 6
84 117 13
84 125 6
84 152 9
84 163 4
84 182 4
84 191 17
84 200 2
84 245 14
84 264 14
84 266 9
84 285 14
84 288 10
84 321 12
84 326 19
84 332 17
84 345 5
84 347 10
84 366 14
84 381 15
84 392 5
84 397 5
85 90 5
85 93 8
85 97 20
85 106 20
85 108 14
85 113 19
85 125 15
85 135 11
85 151 14
85 162 3
85 175 19
85 177 16
85 181 16
85 189 8
85 192 6
85 200 6
85 208 16
85 210 11
85 214 9
85 229 14
85 236 5
85 249 19
85 255 1
85 263 3
85 309 12
85 318 4
85 331 15
85 332 14
85 338 11
85 342 19
85 377 5
85 388 16
85 398 11
86 94 16
86 104 15
86 105 10
86 108 1
86 122 20
86 140 12
86 141 13
86 148 17
86 155 14
86 158 7
86 172 18
86 180 19
86 182 15
86 190 19
86 192 12
86 194 5
86 197 13
86 208 4
86 248 20
86 249 11
86 254 13
86 256 4
86 265 2
86 293 14
86 307 14
86 309 10
86 311 7
86 367 16
86 368 20
86 369 10
87 100 12
87 103 15
87 106 12
87 121 12
87 122 11
87 130 4
87 137 11
87 142 15
87 148 4
87 150 15
87 155 13
87 166 16
87 183 16
87 184 13
87 187 16
87 200 5
87 204 6
87 205 5
87 212 12
87 226 11
87 236 17
87 274 10
87 281 11
87 302 1
87 308 17
87 309 4
87 314 17
87 318 14
87 326 20
87 342 17
87 343 3
87 344 10
87 346 6
87 347 6
87 350 20
87 352 19
87 353 19
87 359 6
87 372 9
87 377 10
87 382 9
87 388 16
87 393 11
88 104 3
88 112 11
88 120 18
88 149 15
88 180 8
88 186 7
88 188 9
88 192 12
88 198 10
88 200 2
88 201 19
88 204 6
88 212 13
88 219 8
88 230 19
88 234 3
88 245 11
88 249 3
88 274 4
88 277 3
88 314 15
88 321 6
88 342 3
88 347 12
88 353 2
88 354 7
88 387 12
89 93 17
89 100 1
89 112 15
89 117 16
89 150 19
89 174 16
89 177 4
89 181 8
89 188 16
89 212 13
89 221 16
89 235 16
89 251 4
89 272 20
89 280 20
89 297 7
89 301 12
89 312 19
89 317 17
89 337 15
89 338 2
89 361 2
89 363 19
89 368 3
89 375 8
89 376 6
89 397 15
89 400 7
90 91 5
90 95 10
90 97 17
90 106 19
90 120 18
90 123 13
90 139 14
90 141 20
90 151 3
90 152 1
90 164 10
90 178 16
90 179 4
90 191 20
90 193 1
90 201 7
90 204 12
90 213 8
90 216 19
90 246 15
90 251 7
90 252 10
90 262 17
90 272 5
90 291 15
90 303 7
90 329 12
90 339 12
90 341 12
90 348 17
90 362 15
90 381 7
90 388 5
91 111 10
91 140 13
91 144 11
91 158 16
91 160 3
91 166 1
91 179 8
91 197 7
91 201 9
91 204 7
91 208 18
91 214 2
91 221 17
91 224 10
91 225 16
91 243 19
91 252 6
91 254 10
91 258 8
91 259 17
91 265 18
91 274 16
91 281 10
91 289 9
91 297 19
91 320 7
91 324 7
91 335 13
91 349 12
91 362 19
91 374 5
91 382 5
91 393 14
91 397 6
92 98 11
92 104 18
92 113 3
92 114 12
92 123 9
92 154 7
92 169 14
92 189 20
92 205 3
92 211 20
92 216 16
92 217 7
92 241 11
92 252 5
92 266 18
92 272 18
92 284 3
92 285 16
92 287 10
92 298 19
92 304 15
92 319 12
92 330 19
92 352 20
92 371 15
92 383 18
92 390 16
92 396 16
92 397 17
92 400 2
93 99 9
93 111 16
93 124 17
93 134 7
93 141 10
93 149 11
93 154 20
93 175 5
93 183 18
93 188 11
93 189 17
93 207 20
93 209 6
93 210 6
93 237 2
93 238 12
93 241 19
93 245 9
93 247 18
93 254 20
93 257 2
93 279 18
93 282 1
93 291 6
93 294 18
93 311 7
93 319 2
93 338 8
93 345 12
93 383 8
93 386 12
93 392 15
94 104 1
94 113 16
94 130 15
94 132 9
94 151 14
94 192 6
94 193 18
94 200 7
94 210 16
94 217 13
94 229 7
94 230 9
94 240 19
94 243 16
94 253 20
94 260 16
94 264 6
94 277 13
94 294 2
94 301 9
94 325 19
94 326 8
94 330 15
94 331 6
94 338 3
94 362 18
94 384 17
94 385 15
94 393 19
95 102 4
95 114 8
95 115 18
95 120 14
95 162 12
95 163 2
95 215 13
95 222 19
95 227 13
95 233 4
95 250 10
95 253 7
95 289 13
95 293 18
95 323 5
95 324 13
95 331 15
95 341 6
95 345 2
95 351 2
95 356 3
95 381 8
96 101 4
96 123 3
96 127 6
96 129 18
96 156 15
96 165 13
96 167 19
96 193 6
96 207 14
96 218 19
96 219 5
96 232 3
96 233 7
96 234 1
96 244 9
96 248 18
96 252 16
96 254 16
96 263 15
96 264 7
96 266 20
96 268 4
96 291 4
96 294 3
96 297 15
96 300 11
96 317 18
96 323 8
96 345 6
96 359 18
96 363 3
96 372 13
96 376 10
96 378 12
96 382 9
96 383 12
96 387 3
96 388 7
97 105 13
97 106 9
97 111 3
97 131 2
97 139 4
97 150 4
97 152 3
97 153 8
97 157 6
97 158 11
97 167 3
97 170 3
97 172 14
97 175 8
97 192 12
97 194 1
97 195 17
97 205 3
97 213 17
97 214 20
97 221 15
97 237 7
97 239 20
97 248 13
97 279 8
97 285 13
97 298 15
97 332 1
97 335 3
97 339 20
97 356 20
97 373 16
97 394 18
97 398 4
97 399 4
98 102 4
98 115 14
98 118 12
98 119 18
98 125 16
98 126 15
98 127 19
98 136 13
98 138 19
98 140 7
98 144 6
98 145 20
98 152 5
98 168 17
98 199 1
98 204 5
98 208 16
98 235 7
98 245 4
98 254 2
98 267 2
98 275 19
98 277 3
98 291 9
98 301 3
98 310 18
98 315 10
98 326 12
98 341 18
98 342 14
98 355 6
98 369 13
98 370 12
98 380 10
98 391 14
98 395 4
98 398 13
99 101 8
99 102 6
99 108 11
99 110 4
99 111 8
99 128 8
99 146 3
99 161 11
99 165 9
99 168 6
99 174 12
99 178 5
99 179 14
99 184 2
99 199 1
99 220 3
99 243 6
99 248 13
99 251 17
99 260 9
99 283 14
99 286 3
99 299 2
99 303 13
99 308 15
99 317 4
99 319 19
99 333 1
99 354 12
99 361 6
99 364 12
99 381 9
100 133 7
100 135 12
100 147 1
100 163 12
100 164 14
100 165 6
100 193 2
100 194 11
100 198 19
100 231 2
100 242 1
100 255 20
100 263 13
100 284 17
100 289 2
100 304 20
100 307 16
100 322 18
100 323 9
100 333 2
100 375 11
100 378 2
100 383 17
100 399 19
101 116 14
101 117 2
101 125 11
101 128 5
101 148 12
101 185 10
101 195 7
101 205 14
101 209 2
101 212 3
101 213 3
101 248 6
101 249 8
101 255 19
101 271 19
101 276 17
101 298 18
101 303 14
101 309 16
101 312 10
101 322 15
101 323 4
101 360 8
101 361 12
101 384 13
101 386 10
101 390 18
101 396 19
102 110 1
102 114 17
102 124 5
102 132 6
102 145 10
102 149 4
102 151 17
102 152 5
102 154 8
102 156 1
102 157 2
102 159 9
102 160 12
102 164 12
102 170 2
102 175 3
102 181 3
102 182 15
102 197 3
102 202 20
102 207 18
102 232 8
102 277 4
102 284 13
102 297 16
102 298 13
102 309 16
102 318 5
102 324 7
102 341 9
102 343 3
102 349 11
102 350 6
102 356 7
102 397 4
103 121 7
103 122 8
103 127 20
103 130 5
103 152 18
103 158 20
103 159 6
103 182 16
103 191 10
103 207 16
103 218 7
103 226 3
103 231 19
103 244 7
103 263 12
103 270 10
103 272 11
103 280 6
103 299 4
103 301 20
103 302 12
103 312 12
103 313 18
103 332 18
103 337 12
103 339 18
103 349 15
103 357 6
103 359 19
103 362 13
103 373 9
103 382 12
103 386 12
103 395 11
103 399 4
104 105 13
104 109 3
104 113 10
104 123 7
104 128 3
104 129 19
104 134 7
104 141 14
104 142 15
104 149 2
104 157 7
104 165 19
104 171 12
104 182 18
104 204 12
104 217 20
104 229 5
104 231 4
104 235 9
104 242 3
104 275 17
104 300 9
104 333 17
104 335 7
104 338 1
104 341 10
104 346 14
104 353 9
104 355 19
104 361 7
104 372 13
105 116 15
105 119 2
105 133 4
105 200 10
105 211 5
105 221 2
105 229 7
105 235 7
105 236 1
105 253 20
105 255 2
105 257 9
105 258 4
105 272 4
105 279 14
105 281 8
105 296 2
105 302 19
105 307 6
105 308 12
105 314 10
105 324 13
105 335 8
105 338 18
105 342 12
105 348 4
105 349 16
105 362 7
105 363 1
105 364 13
105 366 19
105 370 16
105 384 3
105 386 3
105 394 19
105 395 10
106 124 4
106 129 1
106 142 3
106 144 17
106 165 15
106 168 19
106 170 5
106 182 2
106 184 1
106 185 16
106 204 12
106 236 2
106 250 5
106 254 3
106 262 5
106 269 12
106 279 20
106 281 18
106 291 1
106 297 10
106 301 9
106 308 4
106 309 17
106 316 11
106 324 18
106 349 6
106 351 14
106 357 11
106 371 11
106 384 20
106 391 15
106 398 5
107 135 15
107 144 11
107 146 11
107 155 2
107 180 16
107 189 3
107 191 11
107 192 2
107 205 1
107 213 8
107 221 20
107 224 5
107 230 2
107 234 16
107 258 1
107 260 18
107 268 6
107 273 8
107 281 5
107 290 4
107 293 10
107 296 12
107 303 7
107 311 17
107 313 18
107 315 11
107 332 11
107 333 4
107 359 11
107 387 14
107 393 3
108 111 5
108 121 14
108 127 17
108 128 13
108 129 20
108 136 14
108 137 1
108 147 1
108 160 14
108 161 2
108 163 18
108 167 19
108 169 11
108 175 11
108 181 6
108 188 2
108 189 8
108 207 1
108 213 16
108 233 12
108 240 18
108 241 5
108 245 2
108 255 7
108 260 16
108 266 13
108 272 11
108 275 15
108 286 18
108 287 6
108 290 2
108 293 14
108 298 11
108 311 7
108 381 18
108 388 10
108 395 9
109 110 1
109 112 18
109 116 16
109 144 12
109 149 12
109 174 16
109 177 16
109 178 18
109 179 1
109 197 17
109 198 13
109 220 6
109 236 20
109 244 20
109 247 19
109 248 17
109 252 14
109 291 9
109 299 12
109 326 8
109 331 8
109 338 18
109 341 12
109 346 8
109 351 17
109 359 5
109 375 4
109 381 8
109 387 15
109 389 7
109 399 8
110 131 19
110 155 7
110 156 3
110 164 5
110 179 4
110 197 17
110 207 20
110 210 11
110 222 20
110 227 13
110 228 12
110 229 4
110 235 13
110 236 10
110 238 9
110 245 16
110 264 3
110 269 18
110 291 3
110 297 11
110 301 5
110 302 19
110 306 14
110 308 6
110 335 9
110 340 18
110 359 17
110 375 18
110 391 3
111 113 16
111 127 6
111 136 9
111 168 16
111 169 2
111 175 5
111 179 11
111 187 16
111 192 6
111 216 15
111 228 6
111 240 5
111 258 16
111 260 19
111 272 11
111 273 7
111 277 9
111 287 2
111 294 7
111 306 11
111 311 14
111 312 11
111 317 2
111 318 16
111 323 4
111 334 2
111 357 5
111 358 17
111 373 16
111 382 17
111 395 16
112 119 4
112 129 3
112 158 19
112 184 5
112 191 8
112 197 7
112 205 16
112 212 3
112 214 4
112 216 17
112 224 15
112 237 16
112 245 4
112 262 5
112 266 14
112 273 6
112 275 13
112 290 1
112 311 14
112 315 5
112 339 11
112 346 5
112 355 12
112 356 13
112 362 18
112 366 7
112 372 15
112 376 2
112 377 2
112 380 7
112 381 6
112 383 8
113 114 14
113 133 9
113 150 14
113 158 18
113 179 11
113 183 8
113 186 18
113 206 17
113 211 13
113 212 3
113 213 18
113 238 4
113 240 13
113 242 6
113 246 1
113 251 2
113 267 20
113 305 11
113 311 9
113 333 12
113 335 8
113 344 18
113 367 6
113 369 15
113 373 6
113 391 16
113 393 9
114 119 9
114 120 5
114 139 18
114 180 2
114 182 10
114 191 7
114 216 7
114 250 3
114 254 5
114 287 8
114 311 13
114 323 8
114 325 3
114 342 16
114 344 14
114 350 18
114 362 12
114 379 1
114 384 18
114 389 9
114 391 8
114 397 14
115 122 20
115 128 3
115 140 9
115 154 10
115 161 7
115 163 8
115 169 13
115 197 1
115 213 7
115 220 1
115 229 12
115 256 14
115 268 6
115 295 14
115 307 9
115 311 19
115 315 17
115 325 16
115 326 9
115 338 15
115 339 4
115 341 6
115 351 10
115 354 2
115 360 18
115 367 6
115 385 19
115 395 18
115 400 19
116 119 12
116 120 18
116 132 13
116 136 4
116 138 20
116 144 16
116 147 8
116 177 15
116 182 5
116 188 7
116 207 7
116 210 7
116 211 14
116 235 14
116 241 10
116 249 18
116 250 9
116 261 1
116 264 1
116 273 6
116 278 6
116 281 11
116 291 5
116 301 10
116 302 10
116 319 6
116 321 14
116 323 14
116 333 18
116 339 3
116 345 14
116 352 19
116 367 4
116 371 12
116 381 2
117 161 12
117 163 9
117 166 2
117 174 4
117 195 11
117 202 15
117 209 9
117 222 17
117 225 3
117 235 16
117 258 18
117 261 4
117 290 15
117 291 20
117 304 9
117 310 16
117 351 5
117 352 1
117 356 7
117 371 2
117 377 2
117 386 4
118 128 19
118 129 7
118 140 15
118 147 4
118 151 3
118 155 12
118 156 4
118 158 16
118 159 8
118 161 19
118 171 20
118 173 13
118 189 11
118 214 4
118 252 15
118 253 18
118 264 7
118 280 4
118 282 15
118 293 2
118 306 8
118 311 12
118 313 4
118 315 19
118 316 16
118 349 4
118 350 17
118 352 20
118 356 18
118 371 3
118 373 8
118 375 12
118 385 15
118 394 18
119 127 18
119 151 19
119 168 7
119 172 7
119 177 19
119 185 5
119 186 3
119 195 11
119 202 17
119 213 9
119 216 13
119 223 20
119 226 20
119 239 8
119 248 17
119 287 16
119 304 3
119 313 11
119 314 7
119 321 1
119 328 19
119 329 2
119 351 10
119 363 8
119 372 2
119 386 18
119 387 4
119 398 20
119 400 20
120 128 6
120 147 16
120 159 14
120 174 20
120 209 18
120 215 14
120 223 14
120 225 5
120 231 9
120 243 9
120 257 8
120 290 1
120 309 15
120 321 12
120 329 8
120 331 4
120 354 11
120 367 14
120 369 12
120 372 12
120 377 19
120 384 7
121 125 20
121 130 7
121 148 13
121 159 13
121 162 5
121 194 10
121 217 19
121 219 19
121 234 5
121 245 12
121 251 4
121 282 12
121 292 17
121 304 5
121 311 4
121 314 15
121 333 19
121 341 9
122 124 4
122 139 11
122 146 12
122 177 6
122 178 12
122 190 15
122 195 4
122 206 10
122 209 18
122 244 14
122 248 14
122 254 15
122 260 4
122 262 20
122 263 4
122 265 4
122 266 9
122 268 7
122 290 1
122 310 14
122 337 17
122 349 9
122 357 20
122 394 14
123 124 11
123 128 4
123 146 15
123 147 9
123 173 2
123 182 14
123 183 5
123 192 14
123 194 2
123 236 17
123 273 4
123 277 8
123 278 2
123 279 11
123 281 3
123 300 17
123 320 18
123 365 18
123 372 8
123 377 19
123 384 12
123 395 2
124 126 18
124 146 1
124 147 3
124 154 8
124 161 11
124 164 17
124 165 4
124 187 19
124 191 16
124 203 18
124 225 7
124 235 5
124 241 20
124 249 10
124 268 14
124 271 17
124 275 2
124 276 11
124 279 14
124 286 10
124 290 1
124 298 19
124 300 16
124 320 13
124 327 20
124 333 16
124 380 16
124 399 5
125 135 11
125 137 3
125 141 16
125 145 1
125 153 11
125 159 11
125 168 9
125 169 18
125 196 12
125 208 9
125 214 11
125 218 10
125 226 15
125 228 3
125 230 13
125 239 5
125 246 3
125 249 5
125 261 5
125 274 7
125 277 7
125 281 15
125 287 8
125 320 20
125 322 8
125 329 16
125 342 17
125 347 1
125 350 13
125 351 7
125 360 15
125 380 5
125 391 13
126 153 20
126 167 15
126 177 20
126 182 17
126 184 12
126 187 8
126 248 4
126 258 5
126 262 13
126 268 20
126 281 3
126 284 1
126 285 18
126 287 17
126 293 10
126 301 15
126 304 20
126 312 3
126 320 18
126 323 2
126 336 13
126 341 12
126 371 20
126 373 20
126 378 13
127 131 18
127 133 10
127 158 5
127 164 17
127 188 1
127 200 12
127 212 9
127 219 11
127 231 9
127 245 19
127 256 11
127 265 2
127 325 17
127 328 16
127 340 10
127 345 5
127 348 18
127 351 12
127 365 2
127 378 1
127 380 2
128 137 4
128 151 14
128 163 5
128 164 7
128 191 17
128 198 9
128 208 6
128 212 14
128 228 14
128 234 9
128 247 16
128 249 17
128 255 14
128 291 16
128 308 2
128 312 5
128 315 7
128 339 16
128 342 8
128 355 2
128 371 15
128 385 12
128 397 7
129 130 10
129 137 10
129 140 3
129 142 19
129 166 8
129 171 1
129 180 9
129 183 11
129 185 3
129 188 1
129 199 17
129 211 14
129 212 4
129 231 18
129 238 5
129 260 15
129 277 16
129 288 2
129 318 9
129 354 20
129 364 11
129 372 3
129 373 17
129 376 17
129 379 15
129 388 13
129 395 19
130 143 2
130 149 20
130 166 3
130 173 15
130 185 15
130 187 13
130 189 7
130 190 15
130 202 6
130 204 8
130 210 3
130 212 19
130 219 4
130 240 9
130 274 4
130 285 3
130 300 20
130 301 3
130 303 16
130 313 8
130 318 3
130 320 15
130 345 5
130 350 10
130 353 10
130 354 2
130 355 7
130 358 2
130 367 8
130 386 8
131 132 2
131 141 17
131 161 1
131 176 16
131 184 7
131 191 2
131 205 9
131 218 12
131 227 17
131 244 4
131 249 13
131 259 11
131 266 18
131 275 15
131 279 10
131 282 13
131 284 4
131 286 15
131 302 1
131 312 20
131 324 6
131 335 14
131 338 1
131 340 7
131 341 20
131 358 20
131 375 3
131 387 13
132 133 2
132 137 1
132 140 15
132 153 19
132 164 13
132 166 18
132 167 19
132 170 18
132 183 3
132 185 1
132 191 8
132 200 11
132 216 5
132 226 17
132 232 13
132 238 8
132 241 8
132 252 20
132 264 18
132 265 6
132 271 16
132 319 3
132 339 13
132 350 13
132 352 9
132 353 15
132 380 19
132 396 4
133 137 20
133 144 6
133 147 14
133 148 13
133 151 6
133 163 10
133 164 19
133 174 14
133 229 11
133 232 20
133 242 15
133 248 8
133 250 19
133 264 15
133 268 10
133 271 3
133 303 9
133 311 15
133 317 2
133 321 12
133 332 19
133 354 14
133 359 18
133 370 10
133 378 2
133 397 3
133 399 11
134 156 3
134 160 17
134 166 1
134 167 5
134 171 12
134 177 9
134 184 4
134 204 17
134 215 7
134 237 17
134 246 6
134 251 12
134 277 18
134 279 17
134 280 10
134 282 13
134 294 16
134 296 1
134 308 6
134 346 3
134 362 19
134 374 11
134 376 8
134 379 2
134 381 9
134 387 2
135 173 19
135 182 8
135 190 5
135 191 10
135 199 6
135 201 9
135 204 1
135 208 13
135 209 17
135 220 5
135 235 7
135 243 13
135 244 15
135 245 12
135 252 16
135 255 2
135 271 20
135 280 17
135 295 6
135 301 15
135 302 13
135 311 4
135 322 8
135 336 3
135 345 11
135 357 9
135 370 15
136 147 17
136 152 2
136 168 17
136 179 5
136 184 20
136 185 13
136 192 6
136 198 10
136 199 17
136 237 5
136 239 4
136 241 15
136 251 2
136 263 5
136 264 16
136 269 12
136 271 16
136 286 18
136 288 19
136 290 2
136 292 6
136 299 2
136 305 11
136 306 13
136 308 5
136 312 10
136 315 8
136 316 2
136 333 13
136 344 11
136 354 16
136 360 1
136 371 2
136 372 5
136 375 4
136 396 16
137 176 17
137 182 19
137 197 5
137 205 2
137 218 4
137 220 12
137 224 16
137 231 14
137 244 3
137 266 14
137 280 1
137 288 18
137 305 4
137 314 20
137 327 16
137 332 2
137 348 1
137 359 20
137 366 16
137 381 7
137 388 16
137 398 5
138 139 9
138 151 4
138 152 5
138 155 9
138 165 18
138 209 19
138 213 8
138 217 12
138 218 12
138 227 13
138 243 11
138 262 4
138 267 11
138 271 10
138 293 4
138 303 20
138 324 13
138 339 3
138 341 16
138 346 7
138 351 17
138 364 8
138 375 8
138 381 17
138 389 11
139 149 19
139 166 19
139 178 18
139 182 17
139 191 9
139 195 16
139 202 12
139 207 1
139 217 13
139 219 9
139 222 7
139 238 15
139 272 4
139 275 8
139 287 15
139 288 18
139 296 6
139 300 15
139 330 15
139 333 2
139 358 6
139 363 13
139 369 20
139 376 7
139 382 14
139 386 17
139 391 8
140 144 12
140 152 11
140 171 19
140 175 10
140 186 6
140 187 14
140 202 11
140 205 13
140 206 20
140 207 3
140 225 14
140 232 5
140 235 4
140 237 16
140 243 16
140 261 3
140 265 13
140 271 12
140 272 15
140 285 10
140 306 20
140 308 7
140 311 18
140 325 13
140 336 5
140 346 7
140 354 6
140 356 6
140 361 10
140 362 13
140 374 20
140 388 1
141 143 13
141 147 14
141 157 1
141 167 14
141 172 15
141 179 4
141 190 16
141 195 10
141 210 2
141 212 5
141 221 10
141 225 15
141 230 12
141 233 16
141 234 18
141 239 19
141 257 15
141 274 1
141 278 12
141 286 12
141 287 6
141 298 3
141 308 8
141 311 11
141 337 5
141 345 6
141 368 10
142 144 5
142 156 9
142 161 3
142 169 8
142 205 16
142 217 20
142 227 3
142 231 1
142 233 11
142 242 14
142 257 15
142 263 4
142 267 14
142 269 19
142 283 5
142 288 13
142 293 4
142 295 8
142 296 2
142 297 6
142 298 11
142 299 3
142 300 7
142 304 3
142 305 19
142 311 17
142 328 16
142 342 19
142 363 14
142 372 4
142 373 9
142 377 16
142 390 4
143 166 19
143 172 11
143 176 17
143 181 18
143 189 4
143 205 18
143 207 5
143 215 1
143 232 4
143 244 18
143 257 4
143 258 10
143 260 13
143 264 2
143 266 2
143 277 15
143 284 19
143 286 1
143 290 9
143 300 6
143 301 11
143 306 3
143 310 19
143 318 6
143 333 13
143 361 16
143 369 10
143 370 19
143 381 10
143 385 10
143 390 9
143 398 20
144 145 19
144 150 10
144 167 16
144 187 3
144 192 16
144 200 12
144 202 12
144 206 19
144 216 12
144 246 15
144 249 18
144 261 14
144 299 14
144 303 19
144 304 14
144 306 20
144 338 6
144 351 19
144 357 11
144 375 9
144 385 9
144 400 10
145 168 5
145 178 8
145 191 17
145 199 11
145 216 9
145 218 5
145 222 10
145 240 1
145 243 16
145 250 18
145 275 18
145 276 4
145 280 15
145 286 17
145 307 19
145 320 19
145 340 10
145 349 14
145 375 16
145 396 5
145 397 16
146 176 15
146 190 2
146 204 3
146 219 5
146 222 16
146 230 17
146 240 1
146 253 8
146 262 13
146 265 13
146 266 19
146 275 12
146 276 17
146 301 18
146 304 1
146 317 19
146 338 15
146 346 12
146 370 8
146 398 1
147 151 11
147 154 14
147 159 20
147 173 13
147 190 14
147 210 6
147 213 1
147 229 2
147 231 18
147 233 4
147 248 7
147 255 3
147 263 10
147 274 15
147 275 20
147 285 6
147 294 17
147 319 10
147 321 17
147 325 9
147 332 11
147 365 10
147 388 9
147 391 4
148 154 19
148 156 3
148 160 1
148 165 12
148 175 12
148 180 10
148 185 11
148 187 12
148 193 3
148 215 1
148 246 12
148 255 19
148 281 6
148 284 6
148 319 5
148 330 8
148 338 1
148 339 3
148 341 4
148 351 19
148 355 12
148 359 1
148 366 1
148 373 11
148 396 15
149 198 19
149 206 17
149 209 6
149 211 13
149 212 5
149 254 11
149 273 4
149 313 14
149 329 16
149 330 9
149 331 14
149 352 16
149 384 7
149 388 6
150 153 3
150 155 3
150 156 6
150 162 2
150 165 15
150 184 15
150 195 8
150 200 10
150 222 2
150 225 18
150 230 10
150 231 15
150 269 7
150 270 16
150 272 18
150 279 17
150 284 20
150 325 17
150 330 4
150 338 6
150 349 10
150 362 6
150 369 3
150 396 17
151 161 8
151 166 3
151 178 4
151 185 16
151 202 20
151 240 1
151 268 19
151 287 13
151 290 4
151 295 15
151 309 19
151 313 7
151 319 4
151 329 18
151 330 19
151 342 9
151 346 14
151 349 15
151 366 16
151 370 18
151 372 10
151 377 5
151 381 13
151 394 16
152 162 8
152 163 11
152 169 15
152 170 12
152 175 2
152 180 3
152 183 15
152 191 17
152 198 12
152 203 14
152 209 18
152 224 16
152 229 2
152 231 16
152 242 9
152 260 19
152 273 15
152 282 2
152 286 7
152 296 3
152 320 3
152 344 7
152 346 5
152 359 3
152 369 5
152 378 16
152 379 11
152 386 4
152 395 4
152 399 17
153 162 14
153 172 6
153 178 4
153 180 19
153 191 18
153 204 15
153 212 2
153 223 10
153 231 6
153 240 3
153 246 18
153 250 9
153 252 11
153 257 17
153 298 17
153 305 19
153 306 8
153 324 13
153 332 1
153 346 5
153 349 20
153 352 10
153 371 1
153 389 1
153 395 1
154 155 15
154 161 13
154 177 9
154 193 17
154 210 16
154 217 2
154 243 8
154 251 12
154 268 18
154 280 16
154 292 15
154 299 17
154 308 8
154 326 1
154 348 7
154 359 19
154 366 19
154 371 1
154 377 5
154 396 16
154 400 13
155 163 18
155 175 19
155 191 4
155 202 3
155 207 18
155 220 17
155 231 1
155 273 12
155 289 12
155 296 8
155 343 18
155 344 16
155 356 6
155 359 17
155 362 9
155 375 10
155 383 7
155 389 15
155 400 10
156 159 15
156 189 18
156 190 6
156 197 12
156 213 3
156 232 17
156 243 16
156 267 2
156 276 16
156 290 10
156 291 16
156 296 8
156 299 19
156 302 7
156 306 8
156 310 2
156 342 11
156 343 13
156 347 11
156 350 4
156 359 1
156 370 20
156 377 13
156 397 2
157 162 6
157 165 1
157 177 10
157 203 18
157 219 2
157 226 19
157 238 19
157 261 10
157 278 1
157 284 2
157 285 11
157 299 18
157 302 17
157 305 6
157 312 20
157 318 1
157 342 20
157 344 6
157 346 20
157 351 1
157 364 18
157 366 2
157 374 20
157 385 6
158 167 13
158 181 17
158 183 16
158 190 14
158 209 18
158 210 4
158 218 13
158 230 12
158 265 9
158 268 19
158 278 10
158 289 7
158 291 3
158 292 2
158 293 5
158 318 15
158 319 11
158 335 1
158 337 20
158 349 6
158 358 18
158 359 16
158 368 16
158 391 6
159 165 17
159 172 13
159 178 11
159 183 3
159 184 12
159 193 14
159 219 14
159 221 12
159 229 16
159 234 15
159 236 15
159 256 9
159 258 20
159 267 12
159 271 5
159 276 13
159 325 13
159 327 18
159 330 18
159 335 6
159 339 9
159 362 8
159 365 5
159 366 1
159 379 6
159 385 20
159 399 2
160 170 19
160 192 7
160 209 18
160 214 5
160 228 15
160 229 9
160 231 16
160 235 2
160 241 7
160 244 5
160 247 15
160 250 2
160 254 14
160 268 6
160 273 1
160 283 9
160 306 10
160 311 11
160 326 4
160 339 15
160 340 9
160 348 7
160 359 2
160 372 13
160 378 20
160 381 19
161 162 1
161 166 2
161 179 10
161 181 16
161 182 2
161 207 14
161 214 16
161 227 5
161 238 1
161 264 18
161 267 17
161 270 19
161 281 18
161 285 7
161 288 10
161 293 6
161 302 4
161 305 14
161 307 10
161 313 14
161 350 18
161 359 14
161 364 15
161 387 2
161 388 9
161 392 4
162 164 5
162 198 12
162 199 20
162 209 8
162 219 6
162 225 1
162 253 8
162 256 14
162 258 15
162 261 18
162 265 6
162 266 16
162 268 8
162 273 16
162 274 1
162 282 17
162 285 2
162 311 5
162 314 7
162 315 19
162 318 5
162 348 13
162 362 14
162 373 10
162 386 4
162 397 13
163 175 15
163 187 14
163 193 20
163 234 13
163 236 9
163 258 13
163 270 17
163 272 12
163 275 20
163 277 7
163 281 18
163 286 6
163 295 16
163 296 10
163 302 1
163 304 15
163 307 20
163 315 6
163 317 11
163 324 4
163 347 19
163 357 8
163 358 12
163 364 17
163 372 7
163 388 20
163 400 8
164 187 5
164 190 4
164 199 7
164 204 19
164 218 12
164 225 1
164 228 18
164 245 2
164 250 10
164 251 1
164 259 4
164 265 11
164 279 9
164 293 9
164 299 2
164 301 15
164 302 5
164 304 12
164 312 10
164 334 13
164 335 10
164 342 11
164 354 13
164 357 1
164 359 17
164 361 17
164 369 16
164 370 17
164 376 6
164 380 4
164 387 18
164 398 2
165 181 5
165 190 12
165 202 4
165 207 4
165 230 16
165 241 7
165 243 2
165 245 1
165 250 10
165 251 11
165 254 10
165 263 5
165 269 20
165 312 3
165 316 8
165 317 2
165 328 20
165 344 14
165 367 2
165 377 13
165 379 20
165 381 19
165 389 4
166 176 1
166 180 9
166 187 15
166 189 6
166 204 15
166 211 19
166 216 7
166 218 20
166 240 1
166 242 20
166 247 4
166 250 15
166 253 14
166 261 18
166 264 15
166 270 17
166 271 11
166 286 11
166 300 20
166 307 13
166 316 17
166 323 1
166 331 9
166 334 13
166 342 6
166 346 14
166 347 19
166 349 18
166 367 7
166 378 1
166 382 8
166 393 15
166 397 10
167 186 4
167 199 13
167 225 14
167 229 4
167 239 1
167 244 20
167 248 17
167 266 2
167 273 19
167 292 17
167 301 20
167 312 10
167 322 14
167 342 20
167 352 17
167 362 9
167 395 5
168 176 2
168 196 14
168 218 16
168 240 8
168 241 6
168 242 17
168 243 10
168 259 18
168 274 12
168 277 6
168 278 11
168 286 9
168 298 12
168 312 18
168 317 8
168 362 18
168 369 4
168 380 11
168 400 4
169 175 10
169 176 15
169 193 14
169 227 5
169 230 18
169 234 9
169 251 3
169 259 13
169 260 4
169 267 9
169 309 12
169 311 18
169 314 3
169 316 5
169 320 5
169 342 1
169 346 9
169 347 10
169 350 12
169 353 13
169 363 19
169 368 5
169 371 13
169 375 6
169 380 7
170 183 20
170 192 12
170 207 4
170 222 19
170 223 3
170 228 12
170 236 20
170 256 12
170 266 10
170 269 12
170 272 1
170 291 5
170 297 2
170 307 11
170 312 4
170 326 15
170 329 9
170 341 10
170 349 12
170 358 10
170 375 17
170 376 13
170 384 12
170 395 15
171 176 13
171 200 2
171 204 7
171 223 1
171 225 20
171 234 3
171 235 6
171 239 7
171 253 14
171 257 4
171 268 19
171 273 7
171 275 19
171 283 20
171 300 10
171 307 13
171 315 5
171 360 3
171 362 17
171 366 5
171 369 19
171 379 4
171 386 11
172 189 6
172 193 17
172 201 17
172 209 12
172 216 13
172 223 3
172 228 9
172 234 15
172 237 17
172 240 10
172 249 13
172 250 2
172 258 7
172 289 12
172 304 10
172 306 12
172 308 11
172 311 2
172 322 3
172 329 20
172 336 19
172 346 5
172 377 15
172 379 16
172 383 19
172 386 17
172 389 15
172 393 2
173 199 17
173 205 11
173 212 14
173 225 20
173 248 10
173 258 16
173 261 1
173 263 13
173 281 7
173 300 18
173 327 3
173 333 7
173 335 4
173 339 9
173 352 15
173 368 19
173 384 12
173 397 10
174 189 14
174 192 13
174 193 20
174 199 18
174 200 10
174 230 20
174 233 14
174 267 8
174 271 15
174 274 19
174 278 13
174 292 8
174 294 8
174 305 18
174 314 3
174 320 15
174 331 13
174 370 8
174 384 16
174 387 3
174 390 19
175 213 10
175 222 3
175 234 17
175 235 1
175 239 11
175 240 8
175 243 6
175 248 18
175 249 4
175 279 19
175 282 7
175 288 11
175 302 9
175 339 12
175 345 2
175 350 10
175 381 14
175 382 3
175 392 3
176 188 6
176 190 8
176 191 9
176 198 19
176 224 15
176 232 7
176 235 10
176 238 9
176 255 14
176 256 9
176 266 2
176 270 19
176 272 13
176 285 12
176 287 6
176 291 16
176 292 6
176 312 11
176 319 13
176 322 20
176 325 18
176 328 8
176 346 15
176 351 10
176 353 6
176 356 14
176 365 6
176 372 15
176 379 14
176 389 7
176 394 2
177 180 20
177 181 8
177 209 19
177 211 16
177 225 6
177 234 8
177 236 15
177 244 20
177 246 7
177 255 13
177 265 5
177 270 19
177 287 14
177 292 18
177 308 16
177 312 14
177 326 7
177 329 16
177 332 16
177 335 16
177 342 14
177 345 15
177 352 19
177 356 9
177 358 13
177 365 15
177 368 5
177 381 7
177 384 3
177 397 1
178 193 4
178 215 15
178 223 13
178 230 6
178 231 8
178 235 3
178 245 5
178 254 2
178 265 5
178 270 1
178 271 16
178 280 8
178 288 20
178 294 4
178 308 4
178 323 1
178 332 4
178 345 6
178 359 6
178 362 15
178 367 11
178 375 8
178 379 19
178 385 19
178 389 17
178 397 13
179 183 5
179 184 1
179 202 19
179 220 16
179 222 10
179 230 11
179 234 1
179 273 2
179 277 3
179 285 13
179 294 15
179 296 18
179 297 15
179 306 18
179 313 2
179 315 4
179 337 2
179 346 8
179 350 19
179 355 19
179 363 9
179 367 16
179 375 2
179 381 11
179 395 7
180 185 11
180 195 20
180 204 18
180 219 13
180 222 14
180 236 17
180 237 17
180 247 15
180 261 18
180 271 9
180 293 7
180 296 17
180 321 15
180 355 2
180 379 11
180 393 17
180 400 10
181 188 10
181 200 1
181 231 8
181 236 16
181 247 15
181 250 15
181 272 11
181 273 15
181 287 17
181 332 16
181 355 8
181 359 20
181 360 20
181 376 14
181 399 19
182 205 4
182 214 19
182 222 10
182 224 12
182 227 19
182 239 19
182 241 7
182 243 5
182 244 13
182 250 15
182 256 10
182 261 18
182 263 5
182 267 10
182 270 18
182 299 5
182 314 4
182 326 16
182 327 13
182 328 6
182 341 17
182 342 14
182 347 14
182 350 4
182 379 15
182 383 6
182 390 11
182 400 20
183 184 13
183 190 17
183 193 16
183 208 2
183 241 10
183 266 5
183 278 3
183 299 14
183 307 11
183 308 18
183 310 18
183 318 20
183 331 2
183 334 7
183 347 3
183 349 18
183 350 10
183 352 11
183 381 3
183 395 15
184 185 15
184 203 19
184 205 19
184 206 9
184 217 10
184 218 6
184 221 10
184 230 3
184 232 16
184 233 2
184 235 14
184 242 9
184 264 19
184 268 3
184 272 3
184 275 15
184 286 1
184 294 5
184 304 19
184 314 15
184 315 10
184 345 3
184 352 9
184 358 13
184 376 19
184 382 8
184 392 6
184 397 1
185 199 9
185 201 3
185 207 10
185 214 13
185 223 10
185 228 13
185 238 1
185 239 19
185 303 3
185 312 12
185 331 16
185 334 20
185 335 4
185 363 19
185 369 1
185 400 7
186 225 8
186 227 7
186 233 16
186 238 2
186 259 6
186 273 11
186 288 13
186 298 18
186 303 15
186 306 12
186 307 2
186 316 10
186 322 3
186 329 19
186 331 19
186 353 16
186 357 19
186 358 7
186 374 13
186 392 1
187 194 8
187 202 13
187 208 20
187 225 4
187 229 15
187 232 5
187 240 12
187 264 12
187 268 1
187 279 14
187 289 9
187 325 15
187 360 20
187 365 7
187 367 20
187 369 17
187 374 6
187 377 2
187 384 6
188 194 17
188 197 12
188 199 6
188 209 12
188 214 18
188 216 11
188 228 7
188 232 7
188 235 12
188 237 4
188 242 13
188 247 7
188 248 18
188 253 16
188 260 15
188 264 10
188 271 16
188 286 4
188 287 5
188 296 6
188 300 14
188 301 18
188 321 8
188 323 14
188 360 17
188 366 17
188 388 4
188 399 1
189 195 6
189 201 12
189 221 6
189 229 2
189 259 5
189 270 14
189 272 10
189 289 5
189 297 15
189 299 2
189 302 15
189 311 5
189 314 2
189 320 18
189 321 11
189 344 19
189 347 13
189 355 2
190 209 11
190 210 11
190 221 18
190 226 18
190 228 3
190 230 7
190 238 17
190 241 18
190 244 16
190 264 11
190 276 9
190 290 10
190 295 15
190 301 3
190 316 12
190 325 7
190 328 7
190 330 2
190 349 20
190 350 7
190 353 8
190 356 20
190 364 18
190 371 2
190 373 4
190 400 7
191 211 6
191 217 19
191 222 13
191 228 16
191 252 2
191 270 9
191 282 6
191 286 7
191 300 15
191 303 6
191 330 12
191 342 8
191 365 5
191 377 12
191 381 16
191 392 13
191 395 13
192 193 6
192 199 15
192 209 3
192 212 3
192 226 18
192 227 6
192 231 14
192 237 4
192 241 7
192 259 17
192 265 7
192 291 3
192 298 6
192 314 8
192 317 14
192 324 13
192 333 3
192 336 18
192 376 2
192 380 18
192 381 13
193 195 13
193 198 9
193 199 20
193 205 5
193 208 19
193 211 18
193 212 19
193 219 2
193 227 11
193 228 6
193 236 1
193 241 12
193 269 3
193 299 11
193 305 20
193 317 17
193 319 11
193 324 18
193 328 3
193 331 7
193 357 15
193 361 4
193 390 11
193 393 13
193 394 12
194 209 13
194 212 12
194 226 7
194 227 17
194 231 15
194 273 15
194 279 5
194 282 11
194 287 16
194 291 15
194 310 4
194 312 10
194 324 15
194 332 16
194 339 20
194 345 7
194 356 8
194 357 5
194 364 19
194 373 9
194 385 12
194 395 1
194 398 5
195 214 2
195 234 5
195 246 20
195 250 8
195 252 9
195 285 13
195 286 20
195 296 9
195 297 10
195 304 20
195 314 1
195 320 17
195 328 9
195 329 14
195 345 4
195 348 15
195 368 5
195 383 18
195 395 17
196 199 12
196 212 19
196 231 2
196 233 1
196 249 9
196 256 5
196 268 15
196 271 4
196 277 17
196 294 19
196 314 9
196 319 9
196 333 4
196 337 7
196 343 13
196 348 13
196 356 18
196 368 4
196 379 9
196 396 16
196 397 15
197 206 3
197 218 8
197 225 7
197 228 18
197 241 15
197 244 10
197 280 12
197 283 14
197 290 8
197 310 12
197 315 7
197 318 17
197 325 13
197 344 1
197 357 16
197 361 20
197 362 13
197 378 3
197 395 11
198 216 11
198 217 14
198 228 10
198 251 9
198 255 10
198 256 3
198 259 9
198 265 6
198 267 6
198 277 16
198 279 9
198 281 3
198 288 15
198 289 8
198 293 12
198 311 8
198 312 11
198 323 6
198 356 17
198 370 3
198 371 11
198 380 4
198 391 8
199 201 3
199 231 12
199 234 19
199 265 15
199 269 6
199 272 7
199 287 1
199 325 10
199 343 3
199 344 11
199 352 1
199 382 13
199 385 20
199 391 17
200 201 5
200 205 14
200 239 14
200 249 6
200 281 11
200 286 8
200 287 5
200 291 1
200 296 5
200 298 11
200 318 14
200 326 14
200 340 20
200 342 3
200 351 5
200 366 5
200 396 14
201 206 19
201 213 16
201 214 17
201 235 8
201 241 20
201 251 19
201 252 20
201 268 15
201 271 15
201 278 6
201 288 17
201 299 14
201 314 8
201 330 14
201 341 13
201 342 12
201 343 14
201 353 2
201 360 11
201 369 1
201 371 5
201 389 20
201 393 11
201 400 9
202 203 16
202 233 11
202 235 3
202 236 8
202 270 7
202 271 3
202 274 1
202 284 6
202 291 4
202 293 6
202 305 10
202 316 16
202 328 10
202 341 17
202 352 11
202 360 1
202 364 6
202 378 3
202 382 16
202 393 16
203 204 17
203 211 17
203 215 8
203 221 12
203 225 15
203 241 5
203 247 9
203 259 7
203 265 12
203 271 4
203 279 4
203 285 18
203 292 3
203 293 8
203 303 1
203 306 12
203 310 18
203 312 19
203 316 3
203 325 14
203 363 16
203 382 7
203 388 2
203 394 6
204 218 7
204 221 18
204 226 16
204 235 16
204 260 3
204 271 12
204 283 18
204 287 9
204 295 19
204 296 10
204 298 8
204 299 4
204 307 9
204 320 5
204 352 20
204 367 5
204 378 20
204 380 12
204 389 18
204 393 7
204 394 4
205 207 4
205 209 6
205 213 15
205 221 17
205 237 9
205 238 4
205 242 7
205 248 8
205 255 1
205 259 6
205 260 10
205 261 17
205 272 15
205 281 13
205 286 14
205 293 14
205 302 12
205 326 10
205 361 8
205 385 19
205 397 1
206 258 12
206 262 18
206 268 5
206 284 14
206 317 19
206 321 15
206 330 9
206 345 16
206 346 6
206 354 9
206 359 15
206 369 16
206 375 20
206 383 9
206 386 4
206 388 14
206 390 12
206 397 14
207 215 19
207 220 4
207 225 11
207 230 16
207 253 7
207 266 11
207 278 19
207 302 18
207 308 20
207 326 7
207 343 3
207 346 19
207 347 19
207 353 11
207 377 14
207 384 9
207 390 9
207 395 11
208 210 5
208 222 1
208 226 10
208 230 12
208 241 6
208 245 9
208 270 8
208 281 2
208 287 6
208 317 1
208 319 11
208 334 16
208 354 2
208 356 11
208 370 3
208 373 9
208 378 11
208 388 4
208 398 1
209 212 10
209 220 4
209 233 1
209 240 8
209 256 17
209 257 8
209 266 12
209 281 13
209 287 4
209 296 14
209 301 11
209 308 11
209 319 20
209 328 15
209 345 8
209 362 18
209 363 19
209 366 14
209 376 5
209 377 4
209 379 6
209 385 17
209 388 2
209 391 20
209 394 5
209 396 15
210 224 11
210 235 5
210 242 12
210 257 15
210 279 11
210 292 1
210 294 8
210 321 15
210 330 15
210 331 3
210 339 2
210 350 12
210 365 2
210 374 6
210 393 5
211 212 11
211 216 1
211 217 10
211 220 19
211 221 10
211 226 9
211 234 14
211 245 5
211 246 2
211 255 17
211 272 13
211 276 17
211 301 14
211 309 5
211 310 19
211 321 13
211 329 17
211 331 17
211 336 10
211 339 17
211 340 1
211 364 3
211 378 18
211 381 12
211 392 9
211 399 10
212 224 8
212 225 7
212 231 6
212 232 19
212 257 15
212 265 6
212 268 6
212 270 7
212 272 16
212 284 18
212 297 10
212 298 7
212 301 20
212 302 19
212 304 7
212 323 20
212 340 19
212 343 7
212 344 9
212 359 15
212 387 13
212 390 19
212 397 16
213 240 2
213 247 18
213 258 9
213 260 5
213 262 10
213 281 18
213 286 12
213 296 9
213 298 8
213 313 16
213 321 10
213 326 4
213 343 14
213 344 7
213 347 5
213 351 16
213 360 10
213 376 20
213 384 1
213 390 2
213 391 6
213 392 14
214 244 8
214 246 4
214 252 18
214 254 5
214 256 12
214 262 19
214 266 6
214 272 5
214 276 7
214 282 2
214 301 19
214 311 7
214 322 17
214 333 5
214 345 10
214 351 17
214 369 8
214 400 7
215 223 2
215 224 10
215 226 15
215 229 7
215 257 20
215 259 12
215 266 4
215 287 5
215 295 17
215 296 1
215 312 5
215 316 14
215 318 1
215 320 16
215 339 1
215 351 14
215 353 12
215 368 14
215 369 20
215 394 5
215 398 15
215 399 19
216 231 19
216 238 5
216 290 20
216 294 14
216 316 6
216 318 5
216 320 10
216 352 16
216 353 6
216 357 9
216 366 7
216 383 1
216 386 9
216 393 10
216 394 16
217 223 11
217 228 17
217 229 5
217 237 5
217 256 8
217 275 16
217 281 14
217 293 3
217 302 16
217 308 7
217 314 8
217 333 14
217 335 19
217 352 4
217 359 7
217 366 7
217 374 14
217 378 17
218 220 11
218 229 8
218 233 18
218 241 13
218 261 16
218 281 2
218 293 7
218 313 20
218 320 19
218 321 5
218 326 6
218 331 9
218 332 1
218 335 19
218 345 9
218 355 10
218 377 7
218 379 16
218 391 8
218 394 3
218 396 13
218 400 13
219 227 8
219 228 8
219 250 12
219 251 4
219 260 20
219 265 15
219 276 2
219 290 4
219 302 1
219 304 3
219 305 11
219 307 19
219 312 8
219 313 14
219 318 19
219 319 6
219 322 4
219 343 11
219 373 20
219 386 14
220 231 10
220 234 11
220 242 18
220 268 17
220 269 8
220 270 6
220 271 2
220 273 3
220 274 14
220 279 3
220 284 15
220 298 15
220 300 16
220 301 6
220 303 20
220 304 19
220 307 14
220 308 14
220 326 20
220 336 5
220 338 14
220 348 18
220 352 8
220 356 16
220 368 7
220 390 1
221 223 5
221 233 3
221 252 16
221 257 18
221 265 7
221 275 16
221 277 11
221 279 16
221 293 2
221 304 16
221 308 6
221 318 12
221 326 2
221 328 8
221 330 6
221 333 1
221 353 16
221 369 17
221 381 5
221 383 20
221 385 16
221 387 20
221 399 11
222 223 19
222 242 1
222 247 7
222 250 13
222 256 19
222 269 15
222 272 12
222 302 20
222 307 19
222 309 9
222 311 12
222 313 18
222 342 9
222 346 17
222 361 13
222 363 3
222 364 5
222 375 20
222 386 19
222 389 17
222 397 17
223 234 7
223 240 7
223 267 12
223 291 10
223 296 8
223 298 7
223 299 19
223 325 9
223 355 5
223 371 12
223 372 9
223 380 2
223 384 3
223 395 9
224 226 6
224 237 20
224 240 16
224 289 18
224 292 5
224 293 11
224 303 8
224 316 11
224 327 13
224 339 9
224 344 14
224 356 11
224 357 3
224 359 16
224 368 20
224 370 20
224 391 13
224 397 19
224 399 12
225 235 7
225 238 20
225 246 8
225 253 17
225 261 20
225 262 4
225 268 6
225 289 14
225 291 18
225 306 19
225 331 12
225 340 11
225 341 3
225 345 3
225 354 15
225 356 3
225 370 12
225 371 12
225 384 20
225 386 4
225 388 13
226 234 2
226 237 17
226 241 16
226 248 6
226 251 2
226 253 16
226 263 1
226 265 1
226 269 5
226 270 12
226 271 11
226 315 14
226 366 9
226 374 15
226 392 2
227 229 7
227 232 6
227 248 12
227 255 10
227 256 20
227 257 14
227 264 5
227 293 1
227 295 13
227 301 16
227 303 1
227 306 5
227 307 15
227 324 19
227 325 15
227 328 3
227 353 5
227 355 6
227 358 8
227 363 19
227 391 7
227 396 16
227 398 11
228 233 18
228 234 1
228 238 4
228 241 10
228 251 19
228 253 13
228 272 8
228 287 2
228 301 17
228 315 18
228 319 6
228 323 20
228 336 7
228 340 3
228 346 11
228 355 10
228 358 4
228 361 7
228 370 13
228 379 1
228 387 12
228 388 20
228 400 7
229 230 2
229 235 15
229 240 14
229 247 4
229 255 6
229 279 10
229 285 7
229 294 5
229 298 9
229 299 20
229 322 20
229 323 8
229 343 19
229 345 19
229 352 1
229 353 5
229 365 5
229 374 8
229 380 15
229 393 4
230 237 14
230 243 16
230 258 8
230 278 6
230 290 19
230 300 9
230 301 17
230 323 6
230 349 15
230 350 19
230 359 6
230 360 2
230 386 5
230 389 13
231 236 17
231 245 1
231 247 2
231 256 2
231 279 11
231 299 8
231 303 8
231 304 8
231 308 9
231 316 6
231 318 10
231 331 11
231 361 14
231 375 4
231 379 11
231 400 17
232 246 9
232 254 20
232 256 15
232 271 16
232 277 20
232 280 1
232 286 3
232 292 13
232 302 5
232 310 14
232 311 3
232 312 3
232 338 5
232 352 3
232 354 11
232 359 13
232 362 16
232 372 11
232 374 19
232 375 1
232 389 4
232 391 17
232 399 12
233 241 5
233 251 10
233 263 2
233 270 5
233 280 5
233 296 9
233 318 8
233 334 15
233 339 11
233 352 15
233 354 14
233 355 10
233 361 14
233 363 4
233 364 17
233 382 15
233 391 17
233 397 6
233 400 10
234 239 12
234 240 18
234 255 20
234 256 19
234 257 8
234 262 9
234 266 4
234 268 10
234 279 1
234 301 13
234 306 1
234 308 9
234 321 6
234 332 18
234 340 9
234 345 11
234 363 19
234 395 11
234 398 5
235 239 16
235 244 17
235 246 6
235 250 11
235 258 9
235 260 9
235 263 13
235 331 6
235 342 12
235 346 9
235 354 9
235 358 17
235 370 1
235 380 19
235 389 6
235 390 3
235 392 3
236 256 12
236 259 9
236 275 17
236 279 15
236 289 15
236 299 18
236 303 5
236 310 7
236 314 11
236 320 8
236 322 2
236 345 15
236 359 14
236 373 17
236 390 4
237 250 20
237 256 2
237 260 8
237 268 16
237 278 19
237 318 19
237 321 7
237 323 4
237 335 3
237 346 14
237 347 9
237 356 18
237 362 20
237 366 15
237 372 20
237 376 5
237 385 6
237 399 13
238 252 19
238 256 5
238 265 7
238 275 11
238 286 10
238 301 8
238 311 10
238 321 17
238 341 17
238 348 17
238 360 3
238 376 3
238 394 5
239 241 8
239 298 19
239 300 19
239 304 5
239 305 8
239 310 13
239 326 3
239 338 10
239 355 20
239 356 15
239 359 4
239 364 7
239 368 5
239 374 1
239 378 3
239 387 8
239 395 3
239 396 4
239 399 10
240 244 17
240 258 15
240 271 17
240 276 13
240 278 5
240 284 5
240 292 14
240 336 4
240 341 13
240 347 19
240 372 8
240 379 4
240 387 8
240 389 16
240 393 7
241 265 17
241 298 3
241 303 5
241 321 14
241 322 14
241 338 12
241 345 13
241 369 19
241 385 9
241 391 18
241 392 18
242 258 17
242 262 6
242 269 7
242 299 1
242 305 18
242 312 19
242 332 13
242 343 4
242 352 7
242 390 20
243 246 1
243 253 18
243 271 3
243 278 18
243 279 3
243 294 14
243 295 1
243 296 11
243 313 14
243 321 4
243 326 20
243 327 7
243 333 3
243 335 12
243 350 12
243 355 17
243 361 9
243 366 4
243 369 2
243 385 16
243 389 8
243 392 10
244 250 13
244 287 10
244 290 1
244 300 11
244 305 1
244 311 15
244 320 11
244 332 6
244 359 6
244 372 10
244 375 13
244 384 17
244 389 3
244 391 6
245 276 19
245 291 15
245 301 4
245 317 3
245 324 9
245 346 12
245 350 2
245 358 19
245 375 17
245 377 5
245 383 9
245 400 11
246 252 18
246 254 1
246 256 8
246 282 12
246 301 3
246 303 1
246 304 1
246 327 4
246 379 12
247 260 17
247 277 8
247 305 18
247 319 16
247 321 6
247 335 1
247 344 5
247 374 11
247 376 19
247 377 8
247 380 10
247 384 15
247 399 4
248 256 10
248 264 16
248 265 19
248 272 9
248 275 1
248 292 11
248 297 4
248 303 19
248 309 10
248 332 18
248 333 16
248 336 20
248 341 8
248 346 15
248 354 20
248 371 7
248 388 16
248 395 9
248 397 1
249 257 13
249 263 12
249 279 1
249 280 4
249 281 12
249 284 9
249 291 9
249 297 15
249 301 1
249 312 10
249 327 15
249 337 10
249 339 9
249 356 20
249 360 5
249 361 6
249 391 3
250 273 20
250 317 20
250 322 8
250 326 5
250 330 10
250 335 19
250 344 4
250 346 14
250 351 3
250 367 17
250 376 13
250 383 17
250 385 13
250 392 6
251 256 4
251 263 15
251 267 9
251 280 18
251 286 6
251 292 1
251 295 17
251 303 3
251 325 7
251 345 2
251 346 15
251 373 10
251 380 19
251 382 15
251 386 10
251 397 9
252 303 3
252 311 1
252 312 12
252 314 13
252 317 9
252 365 13
252 372 1
252 389 3
253 264 13
253 284 1
253 286 13
253 291 10
253 293 7
253 294 4
253 327 2
253 339 4
253 341 12
253 347 15
253 353 16
253 379 3
253 387 15
253 400 20
254 258 14
254 260 12
254 268 16
254 280 2
254 287 11
254 289 13
254 293 20
254 297 13
254 298 19
254 300 20
254 307 9
254 326 12
254 341 1
254 348 1
254 351 2
254 362 17
254 396 13
255 269 11
255 278 4
255 280 20
255 281 20
255 298 8
255 301 17
255 304 19
255 323 19
255 331 7
255 333 10
255 369 20
255 370 6
255 379 4
255 388 19
256 257 2
256 265 7
256 277 6
256 278 9
256 280 19
256 284 15
256 300 11
256 328 11
256 344 18
256 347 6
256 357 5
256 361 14
256 365 2
256 371 6
256 385 14
256 387 17
256 397 13
256 399 17
257 267 18
257 277 8
257 295 5
257 296 6
257 314 16
257 315 15
257 331 18
257 334 16
257 350 12
257 353 6
257 359 5
257 369 7
257 385 12
257 390 19
258 267 1
258 271 12
258 280 1
258 281 12
258 283 6
258 336 7
258 339 13
258 350 12
258 357 2
258 361 17
258 368 18
258 371 1
258 378 1
259 265 10
259 279 12
259 283 13
259 296 17
259 298 13
259 317 3
259 319 10
259 323 17
259 357 4
259 362 15
259 380 7
259 385 6
259 395 9
260 264 10
260 269 18
260 294 8
260 299 12
260 301 20
260 313 5
260 315 14
260 328 16
260 335 7
260 338 18
260 362 3
260 366 13
260 373 7
260 382 5
260 391 4
260 399 6
261 269 19
261 278 16
261 289 14
261 295 11
261 298 11
261 310 4
261 318 18
261 342 18
261 344 2
261 353 1
261 378 7
261 385 10
261 390 6
261 398 13
262 284 11
262 287 5
262 289 4
262 290 19
262 306 5
262 314 5
262 326 1
262 338 18
262 351 20
262 357 9
262 360 17
262 376 1
262 396 10
263 264 10
263 273 13
263 290 14
263 303 12
263 305 17
263 312 14
263 314 19
263 322 20
263 323 4
263 324 2
263 338 5
263 341 12
263 346 12
263 372 16
263 395 20
263 397 14
263 400 15
264 266 3
264 277 9
264 282 10
264 285 5
264 286 16
264 290 4
264 293 8
264 296 3
264 299 4
264 304 3
264 343 11
264 346 1
264 357 9
264 380 7
264 383 2
264 385 11
264 386 9
264 392 19
264 395 10
265 271 15
265 274 11
265 287 9
265 295 8
265 310 8
265 315 5
265 316 15
265 336 17
265 337 4
265 341 3
265 342 18
265 352 20
265 357 17
265 396 3
266 272 18
266 293 12
266 295 17
266 296 9
266 310 8
266 320 7
266 330 10
266 355 20
266 361 17
266 363 1
266 364 13
266 365 12
266 387 14
266 392 19
266 395 11
267 279 11
267 295 11
267 305 17
267 306 1
267 318 8
267 323 7
267 354 5
267 355 11
267 359 16
267 367 15
267 371 10
267 373 18
267 387 12
267 390 17
267 391 16
268 273 14
268 274 19
268 285 6
268 286 8
268 293 20
268 294 10
268 297 10
268 321 4
268 337 16
268 340 11
268 348 2
268 349 7
268 365 12
268 394 20
268 395 1
269 282 12
269 292 5
269 293 3
269 301 7
269 324 14
269 351 17
269 360 1
269 366 17
269 367 8
269 384 15
269 386 14
269 395 3
270 272 3
270 279 12
270 289 16
270 310 20
270 316 7
270 334 20
270 351 11
270 358 7
270 369 18
270 370 7
270 384 17
270 388 9
270 395 6
270 400 1
271 275 6
271 283 15
271 289 14
271 293 12
271 295 8
271 316 2
271 321 11
271 325 10
271 326 7
271 333 2
271 340 10
271 346 4
271 358 20
271 368 5
271 370 12
271 377 16
271 378 18
272 279 15
272 287 20
272 298 8
272 307 19
272 312 17
272 353 18
272 354 7
272 381 17
272 400 8
273 280 19
273 316 13
273 327 15
273 331 11
273 335 5
273 336 19
273 353 14
273 361 9
273 364 12
273 374 9
273 381 6
273 382 16
273 383 20
273 389 14
273 392 15
273 394 4
273 397 16
273 400 1
274 279 5
274 283 10
274 292 4
274 313 17
274 318 16
274 321 3
274 326 10
274 335 15
274 352 3
274 357 16
274 361 1
274 367 7
274 392 18
274 396 8
275 300 20
275 301 6
275 308 9
275 328 2
275 340 3
275 342 19
275 352 3
275 365 20
275 371 6
275 373 11
275 378 5
275 379 18
275 393 14
275 395 18
276 277 4
276 282 19
276 302 4
276 313 10
276 315 16
276 327 13
276 336 5
276 339 5
276 364 10
276 365 18
276 369 1
276 374 8
276 392 6
276 398 8
276 399 12
277 288 8
277 302 1
277 306 17
277 327 17
277 345 4
277 348 18
277 349 11
277 368 8
277 380 18
277 389 8
278 281 1
278 301 4
278 310 13
278 320 11
278 326 5
278 332 7
278 349 16
278 351 10
278 354 2
278 355 13
278 358 10
278 359 5
278 362 15
278 374 12
278 383 9
279 304 12
279 331 8
279 346 14
279 353 3
279 357 19
279 366 9
279 367 4
279 393 5
279 398 18
280 284 5
280 292 19
280 300 17
280 339 8
280 354 4
280 360 19
280 366 14
280 372 14
280 373 20
280 374 9
280 380 13
280 385 4
280 388 10
280 389 10
280 390 17
280 395 9
281 295 15
281 307 7
281 345 7
281 366 14
281 368 19
281 388 13
282 284 10
282 300 5
282 303 9
282 308 7
282 311 12
282 315 11
282 344 7
282 362 18
282 369 20
282 373 19
282 376 20
282 386 3
282 387 9
283 287 11
283 291 20
283 298 5
283 321 1
283 333 2
283 334 7
283 354 7
283 364 18
283 373 18
283 386 12
283 392 6
283 398 19
284 286 16
284 287 5
284 291 19
284 298 4
284 303 7
284 307 20
284 308 12
284 311 6
284 316 15
284 322 15
284 323 15
284 325 11
284 329 5
284 347 5
284 364 17
284 377 13
284 390 17
284 396 7
284 398 11
285 292 20
285 295 19
285 316 3
285 335 16
285 338 12
285 359 9
285 372 9
285 378 16
285 380 20
285 395 19
286 298 16
286 304 7
286 333 4
286 345 15
286 349 12
286 356 20
286 359 20
286 377 9
286 383 17
286 388 15
287 301 14
287 305 3
287 316 9
287 368 20
287 375 20
287 385 11
287 399 1
287 400 10
288 290 14
288 296 1
288 311 17
288 325 14
288 334 3
288 361 4
288 364 2
288 377 2
288 381 4
288 385 14
288 388 5
289 295 14
289 305 4
289 347 15
289 356 12
289 357 2
289 369 12
289 372 1
289 381 2
289 386 2
289 388 8
290 300 9
290 310 17
290 312 13
290 316 6
290 337 17
290 340 5
290 341 7
290 352 1
290 360 13
290 372 2
290 374 3
290 392 19
290 400 4
291 298 12
291 327 11
291 333 9
291 345 2
291 348 6
291 355 8
292 314 9
292 324 14
292 329 4
292 347 8
292 353 15
292 357 18
292 359 16
292 360 6
292 384 13
292 391 5
292 396 17
292 397 4
293 337 6
293 347 10
293 353 2
293 356 3
293 358 6
293 361 8
293 368 10
293 372 20
293 375 14
293 386 1
293 390 13
293 397 6
293 399 4
294 298 3
294 305 20
294 307 5
294 308 8
294 312 17
294 329 7
294 333 13
294 382 7
295 312 14
295 319 18
295 345 9
295 350 1
295 351 5
295 352 9
295 354 11
295 373 1
295 376 10
295 381 13
295 386 13
295 388 2
295 398 16
296 302 7
296 313 12
296 319 14
296 345 11
296 357 10
296 360 19
296 377 19
296 383 20
296 389 2
296 391 7
296 393 4
296 396 11
297 301 6
297 322 9
297 328 1
297 339 1
297 344 8
297 361 18
297 367 17
297 374 1
297 377 9
297 385 1
297 390 15
297 398 8
298 306 13
298 313 18
298 349 11
298 352 11
298 357 19
298 364 10
298 368 6
299 310 4
299 317 20
299 319 11
299 324 19
299 328 1
299 332 18
299 334 6
299 338 9
299 344 17
299 360 10
299 362 15
299 364 17
299 368 11
299 389 9
300 303 9
300 309 15
300 321 9
300 327 1
300 334 13
300 336 14
300 358 8
300 359 15
300 371 11
300 380 19
300 397 10
301 309 20
301 318 16
301 339 9
301 370 1
301 381 15
301 392 1
302 318 10
302 329 4
302 333 9
302 335 9
302 337 5
302 353 5
302 364 19
302 366 19
302 368 14
302 371 7
302 376 15
302 389 13
303 315 6
303 321 15
303 324 8
303 344 17
303 357 4
303 372 5
303 373 17
303 384 5
303 386 3
303 391 10
303 392 10
303 396 19
303 397 3
304 308 18
304 318 11
304 319 8
304 321 10
304 349 3
304 352 4
304 355 12
304 357 17
304 358 17
304 361 10
305 324 18
305 328 16
305 329 1
305 336 1
305 351 15
305 353 7
305 357 6
305 365 1
305 376 15
305 377 15
305 387 2
305 396 12
305 397 8
305 398 8
306 330 20
306 345 18
306 352 8
306 353 18
306 381 16
306 383 12
307 314 19
307 317 14
307 329 8
307 330 11
307 358 3
307 370 13
307 378 20
307 385 5
307 397 1
307 398 16
308 309 2
308 318 4
308 321 16
308 322 16
308 325 15
308 334 10
308 343 14
308 344 3
308 346 16
308 350 7
308 356 2
308 368 19
308 371 8
308 393 16
308 395 9
309 327 4
309 329 7
309 330 19
309 333 11
309 348 8
309 354 11
309 357 14
309 358 3
309 361 10
309 362 2
309 365 5
309 370 11
309 371 14
309 375 16
309 376 19
309 385 15
309 389 2
309 393 13
310 316 11
310 332 9
310 346 17
310 352 12
310 364 5
310 365 2
310 367 17
310 371 14
310 396 14
311 329 17
311 330 20
311 374 7
311 379 18
311 384 4
311 393 7
312 313 8
312 321 17
312 339 4
312 349 17
312 351 4
312 364 18
312 390 20
312 400 9
313 314 3
313 337 3
313 364 2
313 384 10
314 323 4
314 353 15
314 354 2
314 358 19
314 375 12
314 393 1
314 399 8
314 400 13
315 317 18
315 318 12
315 329 5
315 351 2
315 365 4
315 380 19
315 398 12
315 400 1
316 329 3
316 330 13
316 339 8
316 351 19
316 354 1
316 358 10
316 371 16
317 322 3
317 346 5
317 350 18
317 388 12
317 389 18
317 390 14
317 394 4
318 330 12
318 344 13
318 345 16
318 354 3
318 355 5
318 367 15
318 368 1
318 372 14
318 374 3
318 377 2
318 386 5
318 396 10
319 350 12
319 356 6
319 359 9
319 365 18
320 322 3
320 327 9
320 330 5
320 333 6
320 334 5
320 339 2
320 340 12
320 343 17
320 345 5
320 346 12
320 354 12
320 365 5
320 368 14
320 376 18
320 379 9
320 393 3
321 324 5
321 332 18
321 339 8
321 350 10
321 360 11
321 371 19
321 395 8
322 324 7
322 325 17
322 329 19
322 334 1
322 343 17
322 350 14
322 356 6
322 361 4
322 364 12
322 388 6
322 391 11
322 398 14
323 331 4
323 379 13
323 382 3
323 384 3
323 386 12
323 393 9
323 395 16
324 326 14
324 331 9
324 340 9
324 344 18
324 351 8
324 357 11
324 360 2
324 371 4
324 376 7
324 395 13
325 332 5
325 335 9
325 344 11
325 346 6
325 358 19
325 365 8
325 369 11
325 370 8
325 374 8
325 377 7
325 380 19
325 400 1
326 338 18
326 357 5
326 381 20
326 386 12
326 393 12
326 394 2
327 330 13
327 353 16
327 364 7
327 381 12
327 388 13
327 394 11
328 329 18
328 342 20
328 350 19
328 352 18
328 390 19
328 391 20
329 350 9
329 354 15
329 370 11
329 373 16
329 380 4
329 396 12
330 343 19
330 367 4
330 372 14
330 398 2
330 400 10
331 341 4
331 346 7
331 360 11
331 362 12
331 365 8
331 376 10
331 381 15
331 382 12
331 392 8
331 393 5
331 400 16
332 347 3
332 363 7
332 375 20
333 338 1
333 350 19
333 358 17
333 361 1
333 367 10
333 379 19
333 389 4
333 397 5
334 343 8
334 345 6
334 346 13
334 361 2
334 366 11
334 368 4
335 340 17
335 349 16
335 375 16
335 384 19
335 397 3
335 400 2
336 338 4
336 342 7
336 343 17
336 352 7
336 357 9
336 365 6
336 383 11
336 387 18
336 399 6
337 339 11
337 346 13
337 352 4
337 354 19
337 383 2
337 387 2
337 395 9
338 342 13
338 345 7
338 346 20
338 362 3
338 372 11
338 382 19
338 386 8
338 387 12
338 398 4
339 360 17
339 366 7
339 371 19
339 380 8
339 389 16
339 398 3
340 351 10
340 368 4
340 377 8
340 385 9
340 389 6
340 397 12
341 348 7
341 376 12
341 382 1
341 386 1
341 392 12
341 399 10
342 356 18
342 367 17
342 372 4
343 349 18
343 350 15
343 373 2
343 388 10
344 363 6
344 375 19
344 384 4
344 388 7
344 391 14
344 399 5
345 351 9
345 356 18
345 380 6
345 381 8
345 397 3
346 350 18
346 362 18
346 369 14
346 387 15
346 388 3
346 390 4
346 396 4
347 365 8
347 367 13
347 373 2
347 397 10
348 357 1
348 363 16
348 378 9
348 384 4
348 391 7
349 353 15
349 354 16
349 363 4
349 377 3
349 383 3
349 386 8
349 396 17
350 366 14
350 371 4
350 374 9
350 391 12
350 396 10
350 399 10
351 352 14
351 359 6
351 362 1
351 363 1
351 378 16
351 385 20
351 390 15
352 359 4
352 381 2
352 382 17
353 357 16
353 362 18
353 369 17
353 388 14
353 392 1
354 355 7
354 358 13
354 361 17
354 393 13
354 398 12
355 370 4
355 381 8
355 384 1
355 396 12
355 400 6
356 361 4
356 369 13
356 375 11
356 393 4
356 394 11
356 395 17
357 366 3
357 377 17
357 390 15
357 396 13
357 399 6
358 362 12
358 373 1
358 376 15
358 396 13
359 372 3
359 374 15
359 375 14
359 376 6
359 391 2
360 367 18
360 387 13
360 389 2
360 394 5
360 398 9
361 368 7
361 369 14
361 370 9
361 382 12
361 383 17
361 392 7
361 397 17
362 365 6
362 367 15
362 374 8
362 376 11
362 381 15
362 386 9
362 397 14
363 364 1
363 366 18
363 369 12
363 370 12
363 382 9
363 386 2
363 396 11
363 400 18
364 379 18
365 385 12
365 396 16
366 368 6
366 376 14
366 381 12
366 388 14
366 389 15
366 396 5
366 399 15
367 370 4
368 374 12
368 382 1
368 385 5
369 371 6
369 386 17
369 391 10
369 397 7
369 398 14
370 372 6
370 373 15
370 381 19
371 374 9
371 382 16
371 397 20
372 382 9
373 383 6
373 385 20
374 398 10
375 376 20
375 378 19
375 382 8
375 388 19
377 380 12
377 398 1
378 381 7
379 393 4
380 393 7
381 383 2
381 393 19
382 399 20
383 390 17
383 400 12
384 387 13
385 387 8
385 389 17
385 397 17
385 399 2
387 395 16
387 400 15
388 393 6
390 391 11
390 394 17
392 399 17
393 394 10
394 395 13
394 400 2
396 397 7
397 398 18
