50 240
1 9 2
1 12 17
1 15 1
1 31 31
1 38 17
1 39 16
1 43 28
1 45 40
2 5 8
2 10 7
2 13 40
2 16 9
2 18 20
2 19 14
2 20 31
2 26 16
2 27 10
2 30 23
2 31 19
2 33 38
2 34 3
2 35 2
2 36 7
2 40 13
2 41 1
3 13 23
3 14 10
3 15 19
3 16 5
3 17 38
3 18 23
3 20 3
3 23 33
3 28 13
3 29 3
3 30 5
3 31 17
3 34 8
4 9 9
4 10 27
4 19 7
4 26 37
4 34 11
4 36 22
4 45 4
4 49 5
5 9 21
5 20 39
5 21 23
5 22 8
5 25 11
5 28 36
5 43 30
5 45 11
5 47 20
5 50 24
6 9 26
6 11 32
6 19 7
6 20 17
6 21 35
6 22 40
6 23 21
6 25 40
6 29 27
6 33 34
6 34 11
6 38 32
6 44 28
6 50 2
7 12 38
7 14 3
7 15 8
7 20 11
7 28 24
7 29 30
7 30 32
7 32 21
7 33 1
7 37 28
7 41 1
7 42 34
7 50 30
8 12 23
8 15 3
8 25 14
8 31 18
8 38 28
8 40 28
8 42 38
8 46 25
9 21 17
9 24 40
9 31 21
9 42 12
9 47 11
9 50 35
10 15 25
10 17 27
10 24 40
10 28 40
10 36 15
10 39 18
10 42 16
10 46 27
10 50 19
11 17 26
11 23 1
11 26 23
11 28 37
11 35 11
11 39 4
12 15 17
12 36 29
12 39 39
12 41 6
12 50 24
13 15 32
13 20 28
13 26 19
13 32 31
13 33 25
13 37 10
13 38 15
14 20 24
14 33 12
14 44 31
15 18 21
15 20 5
15 22 5
15 25 4
15 26 1
15 27 8
15 29 31
15 33 21
15 40 29
15 50 32
16 27 17
16 28 5
16 39 14
16 40 30
17 20 5
17 21 7
17 27 24
17 30 5
17 36 11
17 37 14
18 19 1
18 24 5
18 25 38
18 34 9
18 37 40
18 42 14
19 21 34
19 28 25
19 31 13
19 34 33
19 38 14
19 41 6
19 46 5
19 50 22
20 37 14
21 22 24
21 26 9
21 29 39
21 36 14
21 39 27
21 44 21
21 48 36
22 26 23
22 29 39
22 33 13
22 34 3
22 38 10
23 26 11
23 32 16
23 36 40
23 37 32
23 41 2
24 37 7
24 39 2
24 41 23
24 45 6
25 44 30
26 32 21
26 36 23
26 42 2
26 43 14
26 44 22
26 45 7
26 47 30
27 30 30
27 31 25
27 36 35
27 37 2
27 48 7
28 45 13
28 48 9
29 31 17
29 34 26
29 43 39
29 44 29
29 45 40
29 48 9
30 32 18
30 33 31
30 44 5
30 45 37
30 47 15
31 33 28
31 36 32
31 43 15
31 45 18
31 46 5
32 37 30
32 39 17
32 42 37
32 44 31
32 45 22
32 49 33
33 34 37
33 45 24
33 46 33
34 39 31
34 42 27
35 41 5
35 47 19
36 37 19
36 43 4
36 48 15
36 50 39
37 40 15
40 42 6
41 46 36
41 49 34
42 44 2
42 49 29
43 49 32
43 50 38
46 47 14
