50 234
1 16 97
1 19 68
1 23 50
1 28 28
1 42 72
1 45 84
1 50 18
2 3 62
2 5 126
2 7 135
2 10 60
2 18 141
2 25 105
2 28 119
2 29 76
2 31 91
2 33 117
3 10 144
3 16 86
3 17 121
3 20 140
3 21 61
3 23 30
3 25 139
3 37 136
3 48 149
4 5 104
4 9 155
4 19 136
4 20 104
4 24 12
4 27 136
4 29 153
4 33 88
4 35 144
4 40 121
4 48 79
5 7 17
5 9 51
5 10 23
5 20 135
5 21 54
5 24 127
5 26 108
5 34 102
5 35 44
5 36 152
5 37 3
6 7 109
6 13 18
6 22 113
6 29 141
6 30 53
6 35 75
6 40 134
7 12 143
7 14 139
7 26 95
7 28 39
8 12 2
8 47 94
8 50 51
9 16 104
9 19 74
9 21 11
9 23 3
9 41 56
9 42 122
9 48 8
9 50 160
10 11 97
10 14 152
10 24 57
10 26 33
10 33 58
10 39 149
11 12 157
11 16 25
11 17 154
11 20 158
11 38 4
11 42 17
12 19 70
12 25 30
12 31 47
12 35 155
12 37 106
12 41 32
12 42 57
12 49 67
13 15 140
13 18 154
13 19 60
13 30 14
13 34 6
13 40 98
13 43 149
13 46 117
14 26 22
14 27 39
14 28 59
14 30 128
14 33 138
14 39 124
14 42 121
14 45 108
14 47 11
14 50 1
15 17 62
15 21 155
15 24 68
15 29 96
15 32 142
15 37 46
15 38 125
15 42 19
15 43 66
15 45 2
15 47 3
16 25 31
16 27 130
16 28 124
16 37 121
16 44 53
16 48 68
16 50 42
17 21 151
17 24 137
17 27 19
17 33 146
17 41 78
17 43 106
17 45 105
17 46 120
17 49 37
18 21 151
18 22 80
18 24 42
18 26 119
18 30 52
18 32 85
18 38 16
18 39 119
18 40 86
19 46 133
19 48 49
19 49 50
20 24 23
20 27 144
20 32 49
20 36 140
20 50 25
21 25 91
21 32 133
21 35 13
21 39 119
21 47 25
21 50 28
22 23 36
22 30 28
22 32 83
22 37 118
22 42 122
22 47 89
22 50 102
23 24 127
23 31 111
23 34 111
23 37 18
23 44 90
23 46 94
24 33 60
24 40 43
24 43 136
25 29 19
25 31 23
25 32 67
25 34 23
25 39 6
25 42 152
25 49 25
25 50 148
26 34 102
26 38 85
26 41 110
26 44 143
26 45 2
26 48 103
27 29 18
27 39 24
27 40 11
27 47 32
28 30 110
28 32 114
28 36 78
28 43 91
29 31 66
29 32 118
29 42 86
29 50 50
30 37 21
30 41 96
30 46 10
30 48 139
31 40 75
31 44 153
31 50 62
32 39 86
32 40 36
32 43 128
32 47 35
32 48 28
33 35 129
33 50 108
34 35 84
34 36 56
34 47 4
34 48 142
34 50 11
35 36 75
35 49 147
36 38 62
36 47 98
36 49 75
37 47 57
37 48 85
38 42 42
40 45 109
41 45 112
41 50 41
42 46 63
42 47 82
43 49 92
45 49 88
