50 518
1 3 9
1 7 21
1 8 34
1 9 10
1 14 4
1 17 38
1 18 39
1 21 20
1 22 2
1 25 7
1 28 1
1 36 23
1 38 17
1 39 11
1 40 28
1 41 14
1 43 12
1 47 20
1 50 5
2 3 17
2 4 8
2 7 23
2 9 33
2 12 1
2 13 29
2 14 10
2 18 14
2 20 26
2 22 31
2 25 25
2 27 5
2 29 6
2 31 20
2 32 36
2 34 13
2 36 23
2 37 39
2 38 8
2 39 32
2 41 23
2 42 19
2 44 15
2 45 4
2 46 38
2 50 28
3 4 8
3 6 3
3 7 16
3 8 26
3 10 13
3 12 28
3 15 31
3 20 14
3 21 26
3 22 24
3 24 11
3 28 20
3 30 15
3 32 7
3 33 20
3 35 20
3 36 24
3 37 22
3 38 8
3 40 34
3 44 31
3 46 5
3 47 8
3 49 14
4 5 29
4 6 6
4 8 10
4 9 15
4 10 22
4 12 28
4 13 18
4 14 30
4 20 35
4 29 34
4 30 7
4 31 8
4 32 1
4 38 38
4 41 23
4 42 11
4 43 37
4 45 14
4 48 30
4 49 37
5 6 3
5 8 11
5 13 28
5 15 21
5 18 28
5 20 36
5 25 10
5 28 16
5 33 28
5 34 16
5 37 18
5 39 16
5 40 26
5 42 39
5 48 23
5 49 11
5 50 6
6 7 25
6 8 36
6 10 20
6 20 16
6 22 24
6 26 37
6 27 8
6 33 11
6 35 7
6 36 17
6 38 28
6 41 20
6 44 10
6 46 25
6 47 28
6 49 27
7 12 23
7 14 14
7 17 8
7 19 30
7 22 25
7 26 31
7 28 33
7 30 8
7 31 5
7 32 5
7 33 33
7 36 35
7 37 1
7 39 9
7 40 8
7 44 28
7 48 18
7 50 15
8 9 23
8 10 30
8 11 16
8 12 5
8 13 10
8 17 32
8 19 21
8 20 13
8 26 1
8 27 39
8 28 35
8 29 10
8 30 19
8 31 13
8 32 15
8 33 29
8 36 26
8 38 4
8 41 39
8 43 38
8 44 34
8 46 23
8 49 40
9 10 4
9 11 13
9 13 15
9 14 33
9 16 6
9 20 11
9 21 24
9 22 38
9 25 23
9 27 12
9 28 32
9 29 1
9 31 24
9 32 25
9 35 1
9 36 9
9 39 34
9 41 22
9 44 26
9 45 22
9 46 17
10 13 14
10 14 14
10 17 1
10 18 3
10 19 19
10 21 31
10 23 28
10 24 15
10 29 36
10 30 8
10 34 15
10 36 20
10 41 15
10 42 10
10 45 38
10 50 20
11 12 11
11 13 14
11 15 9
11 17 19
11 18 35
11 20 35
11 24 15
11 26 38
11 28 39
11 34 18
11 35 31
11 37 33
11 39 15
11 41 9
11 44 26
11 46 16
11 49 7
12 13 32
12 16 7
12 18 12
12 24 12
12 25 12
12 31 4
12 32 8
12 39 14
12 41 1
12 42 20
12 43 6
12 47 20
12 49 36
12 50 36
13 14 16
13 15 24
13 18 21
13 19 32
13 20 15
13 21 22
13 22 14
13 23 13
13 27 38
13 28 7
13 30 39
13 32 32
13 35 35
13 36 14
13 38 13
13 39 21
13 40 15
13 46 36
13 47 2
13 48 34
13 49 37
14 16 15
14 18 1
14 22 14
14 23 24
14 25 22
14 26 19
14 27 39
14 34 12
14 36 27
14 41 18
14 42 9
14 44 30
14 45 11
14 48 3
14 50 27
15 17 4
15 18 10
15 19 4
15 20 19
15 21 18
15 22 31
15 26 25
15 27 13
15 29 29
15 30 14
15 31 14
15 32 27
15 36 1
15 40 33
15 43 4
15 44 22
15 46 37
15 48 8
16 18 29
16 19 28
16 23 17
16 25 30
16 31 35
16 32 3
16 34 6
16 36 2
16 40 2
16 43 37
16 45 34
16 49 37
17 18 23
17 22 34
17 23 19
17 27 34
17 28 11
17 29 20
17 31 21
17 32 2
17 37 39
17 39 8
17 41 12
17 46 36
17 48 17
18 19 37
18 21 15
18 22 28
18 30 9
18 34 31
18 35 7
18 38 33
18 44 22
18 46 14
18 50 11
19 20 33
19 21 23
19 22 33
19 24 21
19 28 33
19 30 21
19 31 29
19 36 25
19 40 30
19 41 38
19 42 31
19 44 25
19 46 3
19 47 1
19 48 12
19 49 15
20 22 27
20 23 30
20 24 34
20 26 35
20 27 21
20 29 25
20 30 37
20 32 1
20 33 31
20 35 32
20 39 36
20 46 14
20 48 29
20 50 29
21 23 9
21 24 36
21 26 11
21 27 2
21 31 5
21 32 16
21 34 16
21 37 22
21 40 27
21 41 34
21 42 11
21 46 3
22 25 31
22 26 31
22 28 17
22 31 32
22 32 38
22 34 37
22 35 22
22 39 20
22 40 33
22 42 25
22 49 31
23 24 8
23 27 38
23 29 21
23 30 27
23 31 36
23 33 15
23 34 13
23 35 19
23 38 26
23 39 20
23 42 4
23 46 39
24 26 23
24 32 3
24 36 36
24 37 37
24 39 27
24 41 18
24 42 12
24 47 6
24 48 22
25 34 33
25 35 31
25 37 1
25 39 17
25 41 2
25 44 40
25 47 14
25 48 6
25 49 25
26 32 36
26 34 27
26 35 23
26 36 11
26 37 18
26 39 25
26 40 21
26 41 13
26 43 21
26 46 9
26 48 23
26 50 29
27 32 27
27 38 38
27 40 36
27 43 34
27 46 18
27 47 6
27 49 20
28 29 13
28 30 22
28 33 17
28 34 17
28 35 4
28 37 37
28 42 38
28 48 1
29 31 21
29 32 28
29 35 18
29 36 11
29 40 25
29 44 4
29 46 30
30 31 11
30 36 25
30 38 9
30 41 19
30 42 1
30 43 14
30 46 11
30 48 4
30 50 32
31 32 5
31 33 27
31 34 15
31 35 24
31 36 39
31 47 38
31 48 28
32 33 9
32 36 24
32 41 27
32 43 21
32 46 8
33 34 27
33 37 37
33 38 39
33 39 37
33 42 37
34 38 39
34 45 5
34 47 4
34 50 5
35 36 22
35 39 32
35 42 22
35 43 27
35 44 35
35 45 10
35 49 34
36 37 38
36 38 3
36 40 26
36 41 34
36 43 32
36 44 20
36 47 10
36 50 13
37 39 32
37 40 34
37 42 19
37 43 25
37 44 16
37 48 6
37 49 18
37 50 10
38 39 8
38 41 36
38 44 38
38 46 8
39 40 28
39 43 10
39 44 36
40 45 25
40 48 30
41 46 17
41 48 4
41 49 17
42 46 27
42 50 18
43 44 2
43 45 35
43 46 12
43 48 17
43 49 11
44 48 29
45 46 23
45 47 23
45 49 19
45 50 29
46 48 28
46 49 32
47 48 11
47 49 3
