200 1018
1 7 1
1 9 5
1 29 4
1 33 3
1 34 4
1 70 5
1 78 1
1 87 3
1 88 3
1 92 2
1 97 2
1 123 1
1 147 2
1 155 1
1 185 2
1 193 2
2 18 2
2 21 2
2 31 5
2 49 1
2 56 4
2 62 4
2 85 2
2 102 5
2 158 4
2 175 3
2 186 1
3 30 2
3 43 5
3 71 1
3 72 3
3 76 4
3 80 5
3 91 3
3 96 3
3 129 3
3 143 4
3 163 1
3 184 4
3 189 4
4 12 5
4 13 3
4 18 5
4 19 4
4 32 1
4 42 1
4 52 5
4 101 3
4 139 1
4 168 3
4 185 5
5 11 1
5 24 5
5 76 4
5 77 3
5 98 3
5 99 5
5 133 5
5 178 4
6 11 3
6 38 2
6 90 5
6 94 4
6 107 3
6 175 5
7 24 5
7 39 4
7 86 3
7 91 2
7 111 5
7 145 2
7 172 4
7 173 1
7 181 3
7 186 3
7 191 4
7 199 1
8 43 2
8 57 5
8 82 1
8 84 3
8 85 1
8 114 4
8 115 3
8 119 2
8 177 4
8 181 1
8 183 3
9 11 5
9 32 2
9 37 2
9 38 3
9 49 3
9 77 2
9 83 1
9 87 1
9 113 1
9 132 3
9 157 4
9 170 2
9 180 1
9 187 5
10 17 2
10 28 5
10 48 2
10 88 1
10 102 1
10 113 1
10 116 4
10 127 4
10 156 3
10 174 5
10 179 2
11 22 3
11 33 4
11 34 5
11 105 5
11 118 4
11 121 1
11 132 1
11 144 2
11 174 4
12 20 2
12 46 5
12 51 5
12 57 1
12 68 3
12 79 3
12 105 2
12 139 5
12 176 4
12 180 1
12 198 4
13 76 2
13 86 2
13 92 1
13 121 3
13 143 3
13 146 2
13 172 4
13 174 4
13 195 5
14 39 4
14 51 1
14 66 1
14 74 4
14 124 4
14 135 2
14 149 2
14 176 2
14 199 1
15 22 2
15 32 4
15 40 2
15 84 3
15 107 3
15 120 3
15 127 3
15 138 1
15 152 4
15 153 5
15 180 4
15 181 5
15 185 4
15 193 1
15 198 2
16 46 5
16 74 3
16 75 5
16 105 3
16 112 4
16 117 2
16 144 2
16 160 3
16 170 2
16 174 5
16 196 1
17 20 4
17 22 5
17 50 3
17 64 2
17 65 3
17 73 1
17 77 2
17 81 4
17 101 3
17 103 3
17 111 3
17 125 5
17 135 4
17 152 3
17 170 4
18 21 5
18 26 4
18 62 5
18 68 1
18 72 3
18 79 5
18 86 2
18 131 2
18 169 4
18 181 4
19 72 5
19 78 4
19 80 3
19 116 5
19 127 1
19 128 2
19 132 4
20 40 3
20 65 5
20 94 5
20 99 3
20 115 4
20 151 4
21 32 2
21 46 5
21 59 1
21 79 2
21 92 5
21 104 2
21 128 3
21 150 5
21 158 1
21 167 3
21 199 1
22 48 5
22 51 5
22 91 5
22 101 1
22 130 2
22 131 1
22 172 5
22 180 2
23 63 4
23 73 1
23 99 5
23 104 4
23 119 1
23 120 3
23 124 1
23 143 4
23 190 1
24 56 2
24 57 1
24 61 1
24 76 3
24 89 5
24 119 2
24 159 4
24 160 5
24 165 1
25 31 2
25 45 5
25 66 1
25 75 1
25 79 4
25 92 4
25 103 4
25 150 1
25 171 4
25 183 5
26 43 5
26 48 2
26 64 1
26 70 3
26 75 4
26 76 2
26 98 5
26 170 2
26 200 4
27 34 2
27 40 1
27 56 1
27 67 5
27 68 2
27 82 2
27 85 1
27 109 1
27 115 4
27 117 4
27 125 5
27 157 5
27 182 4
28 35 5
28 38 1
28 39 1
28 42 5
28 75 4
28 88 4
28 136 3
28 141 1
28 149 2
28 158 4
28 163 1
29 35 2
29 44 2
29 45 1
29 54 3
29 59 4
29 87 5
29 129 4
29 134 2
29 154 3
29 164 1
29 174 4
30 38 2
30 69 2
30 107 1
30 119 5
30 129 5
30 130 5
30 135 1
30 144 4
30 163 5
31 32 1
31 50 4
31 63 1
31 71 1
31 94 3
31 98 2
31 104 5
31 110 3
31 124 3
31 126 4
31 151 4
31 173 5
32 56 1
32 90 2
32 96 1
32 123 3
32 132 4
32 154 3
32 156 3
32 198 4
32 199 2
33 59 4
33 61 4
33 62 5
33 74 3
33 88 5
33 98 2
33 145 4
33 161 1
33 170 4
33 185 4
34 36 5
34 49 3
34 67 4
34 74 1
34 87 2
34 95 2
34 129 5
34 131 4
34 157 1
34 163 4
34 169 4
34 192 3
35 47 5
35 71 1
35 101 2
35 113 4
35 146 5
35 186 2
36 38 3
36 42 5
36 60 2
36 122 2
36 123 4
36 125 2
36 144 5
37 39 2
37 43 2
37 58 4
37 95 4
37 126 1
37 130 2
37 144 1
37 175 4
37 186 5
37 193 2
37 197 2
38 56 1
38 69 1
38 72 5
38 91 3
38 112 3
38 113 1
38 158 2
38 159 2
38 162 5
39 42 1
39 77 2
39 102 5
39 115 1
39 132 5
39 138 1
39 141 5
39 199 1
40 58 2
40 86 4
40 143 5
40 158 4
40 159 2
40 180 2
41 80 3
41 98 4
41 119 4
41 160 3
41 165 5
41 191 1
42 69 5
42 87 2
42 90 5
42 113 5
42 120 5
42 121 1
42 140 4
42 152 4
42 193 2
43 76 4
43 142 2
43 143 4
44 67 3
44 92 1
44 106 5
44 137 3
44 199 5
45 92 5
45 94 5
45 98 5
45 124 1
45 127 1
45 142 1
45 148 1
45 186 4
45 200 2
46 124 5
46 144 1
46 145 4
46 168 2
47 90 1
47 141 1
47 142 4
47 151 4
47 170 1
47 171 2
47 188 3
48 79 5
48 85 4
48 97 1
48 129 2
48 139 2
48 179 5
49 55 3
49 62 5
49 74 2
49 77 2
49 90 3
49 125 3
49 160 2
49 172 2
49 185 1
49 193 2
50 63 3
50 64 4
50 80 4
50 127 3
50 129 3
50 131 5
50 146 5
50 156 3
50 175 5
51 54 3
51 62 2
51 70 3
51 81 5
51 86 1
51 96 2
51 112 5
51 121 3
51 152 5
51 170 4
51 197 5
51 200 4
52 56 5
52 59 2
52 89 1
52 143 5
52 153 4
52 159 2
52 199 2
53 55 1
53 96 4
53 124 2
53 139 4
53 144 5
53 146 3
53 163 2
53 183 3
54 99 4
54 147 4
54 175 1
55 73 1
55 90 2
55 127 5
55 147 5
55 167 4
55 175 5
56 83 2
56 95 1
56 121 1
56 128 2
56 174 5
56 199 2
57 81 2
57 86 3
57 112 3
57 121 2
57 170 1
58 70 1
58 71 3
58 92 4
58 108 1
58 109 3
58 110 1
58 148 3
58 160 2
58 161 5
58 169 5
58 190 4
58 191 3
59 65 4
59 74 5
59 110 1
59 118 2
59 135 4
59 148 5
59 177 4
59 195 5
60 61 2
60 75 1
60 99 2
60 120 2
60 132 1
60 177 4
60 199 3
61 100 3
61 140 5
61 145 2
61 150 5
62 71 1
62 98 4
62 102 4
62 106 2
62 112 5
62 136 2
62 154 1
62 186 5
62 194 1
63 69 3
63 71 5
63 78 1
63 113 2
63 147 4
64 72 2
64 82 4
64 101 4
64 104 2
64 119 3
65 74 2
65 84 2
65 95 5
65 105 5
65 119 1
65 141 1
65 164 1
65 192 4
65 196 2
66 129 5
66 138 2
66 168 1
66 185 4
67 99 5
67 154 4
67 183 5
67 200 1
68 84 3
68 125 5
68 128 1
68 137 1
68 154 2
68 158 5
68 181 1
68 195 4
69 95 5
69 121 4
69 145 4
69 155 3
69 179 3
69 187 5
70 72 4
70 82 1
70 128 2
70 132 2
70 170 3
70 197 4
71 110 2
71 113 5
71 118 1
71 134 3
72 94 4
72 100 1
72 116 4
72 117 3
72 136 4
72 146 1
72 165 2
72 166 4
72 197 3
73 103 1
73 133 1
73 149 2
73 173 3
73 178 3
73 186 2
73 187 5
74 88 2
74 121 3
74 143 5
74 153 1
74 189 5
74 198 3
75 96 2
75 107 4
75 117 1
75 136 1
75 153 3
75 158 3
75 159 4
75 165 1
75 181 4
75 191 1
76 77 2
76 79 4
76 81 5
76 98 5
76 99 2
76 101 1
76 106 2
76 108 5
76 154 4
76 160 5
76 176 4
76 178 5
77 81 5
77 102 2
77 126 2
77 155 2
78 153 3
78 156 3
78 190 4
80 90 3
80 98 1
80 107 3
80 136 2
80 140 5
80 156 3
80 180 4
80 184 4
81 122 1
81 145 1
81 148 5
81 182 3
81 187 5
81 191 5
82 90 3
82 110 3
82 129 1
82 142 2
82 153 2
82 173 2
82 188 3
83 107 3
83 132 3
83 133 4
83 141 2
83 151 2
83 171 3
83 179 1
83 189 2
84 92 1
84 103 4
84 106 2
84 169 5
85 114 4
85 145 4
85 173 5
85 178 1
86 87 2
86 147 1
86 180 5
86 190 2
87 92 4
87 95 1
87 106 1
87 117 4
87 149 5
87 154 4
87 200 5
88 108 5
88 109 3
88 138 3
88 174 4
88 189 5
89 103 2
89 116 5
89 148 2
89 166 1
89 169 2
89 180 4
90 116 4
90 145 4
90 146 4
90 162 1
90 168 3
90 179 4
90 183 4
91 107 5
91 110 2
91 120 4
91 122 2
91 154 1
91 186 4
91 200 3
92 117 3
92 139 3
92 172 1
93 110 3
93 127 5
93 156 4
93 167 2
93 181 1
93 185 3
93 189 3
94 103 5
94 118 4
94 195 1
95 168 1
95 187 4
96 109 3
96 111 1
96 113 1
96 133 3
96 137 5
96 141 5
96 172 5
96 181 3
96 184 3
97 113 1
97 131 4
97 190 5
97 191 3
98 113 3
98 132 1
98 175 1
98 176 4
98 186 5
98 200 4
99 133 2
99 136 5
99 156 2
99 179 5
99 196 3
100 154 2
100 176 3
101 135 1
101 151 3
101 155 4
101 156 1
101 173 4
101 184 5
101 191 3
102 104 1
102 109 4
102 115 2
102 135 5
102 160 3
102 171 2
102 181 5
102 187 3
102 200 3
103 105 2
103 110 2
103 124 1
103 154 4
103 199 2
104 127 5
104 136 3
104 166 1
104 172 4
105 118 1
105 122 2
105 166 3
105 169 4
105 184 1
105 190 1
105 191 2
105 192 1
106 122 5
106 162 2
106 172 2
106 183 4
106 184 5
106 193 2
107 115 5
107 129 1
107 130 3
107 142 4
107 182 4
108 134 2
108 145 1
108 151 2
108 165 2
109 123 3
109 142 5
109 199 5
110 132 1
110 146 2
111 122 1
111 158 5
111 174 1
111 177 2
111 187 5
112 116 5
112 156 5
112 189 3
113 129 4
113 163 2
113 193 2
113 195 2
115 127 4
115 159 2
115 164 5
115 182 2
115 183 2
115 192 4
115 195 2
116 126 3
116 169 4
116 193 4
117 143 5
117 195 5
118 138 1
118 145 5
118 148 5
118 178 3
118 179 3
118 188 3
119 123 5
119 177 3
119 182 2
119 196 1
119 197 3
120 146 2
120 153 3
120 188 3
120 191 3
121 132 2
121 166 1
121 167 2
121 174 3
121 194 4
122 150 2
122 166 4
123 130 3
123 147 1
123 181 1
123 186 4
123 189 2
124 137 4
124 138 4
124 146 5
124 194 4
124 200 4
125 127 3
125 133 3
125 134 2
125 180 4
126 139 2
126 183 3
126 191 1
126 195 3
127 170 5
127 191 4
128 150 1
128 155 3
128 163 5
128 198 4
129 133 1
129 147 1
129 148 4
129 153 1
129 157 1
130 134 1
130 151 2
130 161 5
130 167 4
131 189 1
132 138 4
132 149 1
132 151 1
132 153 2
133 141 3
134 142 3
134 166 3
134 175 1
134 179 3
134 181 5
135 141 3
135 153 5
135 154 4
135 171 5
135 186 4
137 138 3
137 162 4
137 170 2
137 187 4
137 198 3
138 139 4
139 140 4
139 144 2
139 152 3
139 188 5
140 150 1
140 152 1
141 169 4
141 181 4
142 167 4
143 187 2
144 166 3
146 167 5
146 175 2
146 200 1
147 156 4
147 200 3
148 168 5
149 162 4
149 178 3
150 175 4
151 158 3
151 159 2
151 170 2
151 176 5
151 179 4
152 181 4
152 184 5
153 157 2
153 164 4
153 185 4
153 198 2
154 155 4
154 180 5
154 192 3
155 165 3
155 179 4
156 194 3
157 187 3
157 196 5
158 183 4
159 179 4
159 187 4
159 195 1
160 161 1
160 162 3
161 192 5
162 167 2
162 176 2
162 186 3
162 190 5
163 176 5
163 188 2
163 194 1
165 184 2
165 198 4
166 182 3
166 186 5
166 196 3
167 169 4
168 185 2
168 193 1
168 197 1
169 175 3
170 197 4
171 189 3
171 193 4
172 179 5
173 175 4
174 189 1
175 183 1
175 191 4
175 200 3
176 182 1
178 179 3
180 192 3
180 198 2
181 185 1
182 197 2
183 195 1
184 199 3
185 198 3
186 197 2
187 191 5
189 194 4
191 200 2
197 198 5
197 199 1
198 199 1
