200 7945
1 2 18
1 3 154
1 12 31
1 13 153
1 18 46
1 19 2
1 21 9
1 22 118
1 23 42
1 25 94
1 26 40
1 27 129
1 35 54
1 36 69
1 47 114
1 50 127
1 54 130
1 58 33
1 59 19
1 62 60
1 64 92
1 65 18
1 68 25
1 69 104
1 74 105
1 77 140
1 82 129
1 86 118
1 88 14
1 90 41
1 91 150
1 92 138
1 93 153
1 94 131
1 97 29
1 104 13
1 106 100
1 113 2
1 114 29
1 115 75
1 117 83
1 121 120
1 122 18
1 126 102
1 131 109
1 134 37
1 136 105
1 138 154
1 141 128
1 145 148
1 147 124
1 148 52
1 152 100
1 159 109
1 161 53
1 162 75
1 167 122
1 169 53
1 171 144
1 172 10
1 173 96
1 174 42
1 175 2
1 176 125
1 177 48
1 181 8
1 187 157
1 192 145
1 194 135
1 197 26
1 198 158
2 3 30
2 5 129
2 7 104
2 8 78
2 10 91
2 12 81
2 14 14
2 20 94
2 21 75
2 22 94
2 23 134
2 26 119
2 27 124
2 28 86
2 30 101
2 31 17
2 36 148
2 37 139
2 39 107
2 45 145
2 50 109
2 51 14
2 54 25
2 61 78
2 62 14
2 65 104
2 71 11
2 72 25
2 73 41
2 79 147
2 81 139
2 85 130
2 87 64
2 90 125
2 100 107
2 101 53
2 104 62
2 106 35
2 109 101
2 119 18
2 122 129
2 128 24
2 129 46
2 130 70
2 132 142
2 133 19
2 135 122
2 139 98
2 141 144
2 142 33
2 143 91
2 146 67
2 147 12
2 151 85
2 152 20
2 155 117
2 158 157
2 164 39
2 165 95
2 171 38
2 173 34
2 180 100
2 182 97
2 185 130
2 187 144
2 190 123
2 193 80
2 195 43
2 196 125
3 4 123
3 6 17
3 7 3
3 9 137
3 13 37
3 17 104
3 18 26
3 25 143
3 26 34
3 27 123
3 30 62
3 31 16
3 41 42
3 46 103
3 57 37
3 64 156
3 66 2
3 69 24
3 72 78
3 75 24
3 76 36
3 77 136
3 78 124
3 82 35
3 85 86
3 88 68
3 92 160
3 94 33
3 99 54
3 100 76
3 101 102
3 108 106
3 109 14
3 110 14
3 111 125
3 113 102
3 114 85
3 120 120
3 121 118
3 123 133
3 124 136
3 128 13
3 132 53
3 134 53
3 135 58
3 136 110
3 139 27
3 143 72
3 144 104
3 145 15
3 146 45
3 151 79
3 152 15
3 154 113
3 155 35
3 160 31
3 168 28
3 169 49
3 171 94
3 172 27
3 173 61
3 175 151
3 176 102
3 180 71
3 181 124
3 186 83
3 187 65
3 188 133
3 193 156
3 196 118
3 197 33
3 198 101
3 199 47
3 200 28
4 6 151
4 7 78
4 8 52
4 9 63
4 10 135
4 15 63
4 19 87
4 20 18
4 22 93
4 23 160
4 24 121
4 30 41
4 31 142
4 33 96
4 34 28
4 36 82
4 38 73
4 39 145
4 46 34
4 48 105
4 52 81
4 53 17
4 55 44
4 61 3
4 69 76
4 70 4
4 71 83
4 76 58
4 78 81
4 81 153
4 84 67
4 87 40
4 88 116
4 89 147
4 94 23
4 97 22
4 98 81
4 99 113
4 104 95
4 106 116
4 107 21
4 108 96
4 115 17
4 117 126
4 120 23
4 122 156
4 123 66
4 124 120
4 125 16
4 127 2
4 130 88
4 133 33
4 136 147
4 145 4
4 147 7
4 149 116
4 150 101
4 151 123
4 158 108
4 161 8
4 164 25
4 171 132
4 174 3
4 177 98
4 179 60
4 185 43
4 188 123
4 195 101
4 196 143
4 197 143
5 9 90
5 14 121
5 16 29
5 17 32
5 20 35
5 24 10
5 25 146
5 26 57
5 29 44
5 30 60
5 31 148
5 33 22
5 35 15
5 37 44
5 38 32
5 40 150
5 41 50
5 43 148
5 46 106
5 47 146
5 48 130
5 49 40
5 52 110
5 54 49
5 57 87
5 58 128
5 59 12
5 62 69
5 64 24
5 67 84
5 68 47
5 70 23
5 72 2
5 76 34
5 78 135
5 79 15
5 80 88
5 83 34
5 84 51
5 87 146
5 88 120
5 91 65
5 97 88
5 98 34
5 101 31
5 102 73
5 109 145
5 110 120
5 111 79
5 112 103
5 114 31
5 115 97
5 118 64
5 120 144
5 122 24
5 123 80
5 125 96
5 130 82
5 131 112
5 133 53
5 134 34
5 137 14
5 139 57
5 140 50
5 145 9
5 146 150
5 147 157
5 151 8
5 154 10
5 159 61
5 166 9
5 167 37
5 168 134
5 169 122
5 174 84
5 176 21
5 178 58
5 179 128
5 180 99
5 182 98
5 186 55
5 187 27
5 189 9
5 192 143
5 193 86
5 194 101
5 195 62
5 199 6
6 11 49
6 15 102
6 18 85
6 23 82
6 24 11
6 26 24
6 30 30
6 32 100
6 33 66
6 36 14
6 39 33
6 41 132
6 43 132
6 46 26
6 47 25
6 48 127
6 54 148
6 56 125
6 57 28
6 60 49
6 65 74
6 67 70
6 69 95
6 71 153
6 72 117
6 77 118
6 80 158
6 81 54
6 82 12
6 84 27
6 85 160
6 89 51
6 90 41
6 91 153
6 93 93
6 94 81
6 98 43
6 99 27
6 104 18
6 107 9
6 108 120
6 111 133
6 114 151
6 117 133
6 118 42
6 119 100
6 120 60
6 121 97
6 122 21
6 131 137
6 132 89
6 135 101
6 138 36
6 141 135
6 143 137
6 145 89
6 146 122
6 147 84
6 150 141
6 152 37
6 153 27
6 156 89
6 157 63
6 161 85
6 163 64
6 165 19
6 168 74
6 171 4
6 172 130
6 175 114
6 180 66
6 187 53
6 189 76
6 192 11
6 196 84
7 9 80
7 10 14
7 13 130
7 19 22
7 20 50
7 23 108
7 24 43
7 26 93
7 29 40
7 32 74
7 39 113
7 40 43
7 41 20
7 47 159
7 54 60
7 55 20
7 58 150
7 61 63
7 65 152
7 67 67
7 68 11
7 71 67
7 73 66
7 75 121
7 76 95
7 79 128
7 81 155
7 82 104
7 84 129
7 85 89
7 87 111
7 93 149
7 94 93
7 95 107
7 98 73
7 100 84
7 104 23
7 105 69
7 109 68
7 110 149
7 111 136
7 112 104
7 113 18
7 114 68
7 116 11
7 117 52
7 119 142
7 120 108
7 121 19
7 125 146
7 126 157
7 127 16
7 128 74
7 131 74
7 133 96
7 137 105
7 138 55
7 141 42
7 146 57
7 147 69
7 151 38
7 152 38
7 153 157
7 154 19
7 162 42
7 164 120
7 166 119
7 168 51
7 169 36
7 170 139
7 175 77
7 176 17
7 180 30
7 181 101
7 185 2
7 189 37
7 190 143
7 192 101
7 193 130
7 194 97
7 195 52
7 198 123
8 9 136
8 11 4
8 12 118
8 13 9
8 14 49
8 15 36
8 22 155
8 25 54
8 27 153
8 30 9
8 33 86
8 35 28
8 38 91
8 46 76
8 49 3
8 50 56
8 56 145
8 61 31
8 62 32
8 63 9
8 66 153
8 67 120
8 68 44
8 70 56
8 71 111
8 72 6
8 75 84
8 76 7
8 77 121
8 80 98
8 81 105
8 85 6
8 90 112
8 92 88
8 93 53
8 94 7
8 96 98
8 97 3
8 102 155
8 105 113
8 106 105
8 107 53
8 108 11
8 109 52
8 113 100
8 114 33
8 117 90
8 127 147
8 128 114
8 130 9
8 134 21
8 135 97
8 136 121
8 138 89
8 139 136
8 141 86
8 143 134
8 144 2
8 147 89
8 148 49
8 149 7
8 150 110
8 153 96
8 156 17
8 158 154
8 161 25
8 162 123
8 165 152
8 166 67
8 167 87
8 168 133
8 170 39
8 171 111
8 177 111
8 179 126
8 184 147
8 186 123
8 188 128
8 189 12
8 191 27
8 195 75
8 197 63
8 200 153
9 10 105
9 12 5
9 13 25
9 18 155
9 22 7
9 23 147
9 28 113
9 37 21
9 42 152
9 43 42
9 44 92
9 47 12
9 48 44
9 53 29
9 54 73
9 60 13
9 63 103
9 68 134
9 69 119
9 71 104
9 73 108
9 75 5
9 76 115
9 77 153
9 78 7
9 79 19
9 80 122
9 81 95
9 82 36
9 83 109
9 86 13
9 87 8
9 91 158
9 99 35
9 100 144
9 101 5
9 106 18
9 107 47
9 116 145
9 117 97
9 118 111
9 119 40
9 122 65
9 123 128
9 124 31
9 125 138
9 126 91
9 127 143
9 135 72
9 138 152
9 140 43
9 141 129
9 143 13
9 145 101
9 146 55
9 151 129
9 152 113
9 155 100
9 156 63
9 157 157
9 159 95
9 160 89
9 161 77
9 162 113
9 163 158
9 164 118
9 167 74
9 171 79
9 172 45
9 175 7
9 178 7
9 179 34
9 181 159
9 184 99
9 186 20
9 189 152
9 191 106
9 192 128
9 193 54
10 11 137
10 13 126
10 15 91
10 16 27
10 17 81
10 20 129
10 21 125
10 26 36
10 28 34
10 29 147
10 33 158
10 35 129
10 37 139
10 44 77
10 46 67
10 48 147
10 49 106
10 52 67
10 53 137
10 54 56
10 56 37
10 58 11
10 60 148
10 61 67
10 64 16
10 67 46
10 68 34
10 70 36
10 71 135
10 72 13
10 74 3
10 75 73
10 77 86
10 79 117
10 80 132
10 83 28
10 86 131
10 91 147
10 93 132
10 94 83
10 95 75
10 100 76
10 101 48
10 102 151
10 104 52
10 105 141
10 107 31
10 110 80
10 111 38
10 113 103
10 114 6
10 117 53
10 119 67
10 120 160
10 121 65
10 122 100
10 123 157
10 125 89
10 126 160
10 130 124
10 134 21
10 135 149
10 138 93
10 140 122
10 141 152
10 142 3
10 143 100
10 145 58
10 146 72
10 148 154
10 149 72
10 150 19
10 151 135
10 153 85
10 157 83
10 161 51
10 162 54
10 168 44
10 169 115
10 170 88
10 172 34
10 175 88
10 176 108
10 181 28
10 182 34
10 183 35
10 184 155
10 186 21
10 189 17
10 194 4
10 200 110
11 12 6
11 15 135
11 16 158
11 19 57
11 25 25
11 26 142
11 27 23
11 28 127
11 29 157
11 36 7
11 37 113
11 38 5
11 42 48
11 45 135
11 47 84
11 50 69
11 57 129
11 58 151
11 60 142
11 61 74
11 62 76
11 65 145
11 66 58
11 67 91
11 73 76
11 74 75
11 75 135
11 79 9
11 82 152
11 84 27
11 86 54
11 89 60
11 90 5
11 92 9
11 95 74
11 96 10
11 99 52
11 102 41
11 103 14
11 107 53
11 109 91
11 110 131
11 112 47
11 116 65
11 125 129
11 127 11
11 133 32
11 141 138
11 143 115
11 149 12
11 150 127
11 151 1
11 153 46
11 154 63
11 158 95
11 159 120
11 160 6
11 165 131
11 166 1
11 167 85
11 168 145
11 169 59
11 171 28
11 172 158
11 177 86
11 179 3
11 182 71
11 183 134
11 187 120
11 188 154
11 189 119
11 192 16
11 193 52
11 195 76
11 196 82
11 197 122
11 198 69
11 199 1
11 200 10
12 13 148
12 15 5
12 23 66
12 25 98
12 28 107
12 31 24
12 32 1
12 33 79
12 35 70
12 41 156
12 42 149
12 44 110
12 45 87
12 48 1
12 51 110
12 53 21
12 59 9
12 64 60
12 67 68
12 69 92
12 71 103
12 73 7
12 75 19
12 80 25
12 81 96
12 85 43
12 88 135
12 89 89
12 91 131
12 93 31
12 103 57
12 108 28
12 109 35
12 115 11
12 116 141
12 119 16
12 120 130
12 123 114
12 124 23
12 133 3
12 134 49
12 137 152
12 141 116
12 146 124
12 147 117
12 151 101
12 152 119
12 153 7
12 155 61
12 156 104
12 157 77
12 158 85
12 159 75
12 160 13
12 161 132
12 165 94
12 171 109
12 176 155
12 177 18
12 178 79
12 181 60
12 186 101
12 191 75
12 193 53
12 195 18
12 196 36
12 197 17
13 16 88
13 18 54
13 20 145
13 23 4
13 28 149
13 32 137
13 34 136
13 36 45
13 38 21
13 39 140
13 41 154
13 48 48
13 50 85
13 53 89
13 59 95
13 61 43
13 62 34
13 63 10
13 65 89
13 71 143
13 74 130
13 79 21
13 80 56
13 84 89
13 90 140
13 91 68
13 94 26
13 98 9
13 102 107
13 103 23
13 104 47
13 109 47
13 112 12
13 115 143
13 122 89
13 123 1
13 124 45
13 128 117
13 132 134
13 133 21
13 137 54
13 139 133
13 141 92
13 143 100
13 148 107
13 152 90
13 154 93
13 155 80
13 159 85
13 160 62
13 162 118
13 163 30
13 164 113
13 170 11
13 173 64
13 176 25
13 177 45
13 178 9
13 179 5
13 180 34
13 182 79
13 186 87
13 187 31
13 188 43
13 191 64
13 192 102
13 195 39
13 196 105
13 200 36
14 15 38
14 18 2
14 19 56
14 22 146
14 27 9
14 28 8
14 29 126
14 30 51
14 33 56
14 35 42
14 36 11
14 40 15
14 43 124
14 47 5
14 49 16
14 50 82
14 51 86
14 52 157
14 54 62
14 56 52
14 59 158
14 63 140
14 67 72
14 68 57
14 70 100
14 71 42
14 72 33
14 73 26
14 74 50
14 75 45
14 78 150
14 80 35
14 83 134
14 89 34
14 92 152
14 94 52
14 100 116
14 101 150
14 104 149
14 105 121
14 106 99
14 108 5
14 110 141
14 111 146
14 112 96
14 113 100
14 115 107
14 116 69
14 119 66
14 120 50
14 122 36
14 130 112
14 131 22
14 132 103
14 133 22
14 136 11
14 140 58
14 141 60
14 142 115
14 145 49
14 147 41
14 149 56
14 150 135
14 151 142
14 156 55
14 158 16
14 161 15
14 163 101
14 165 105
14 167 95
14 170 111
14 176 119
14 179 137
14 180 69
14 183 150
14 188 93
14 189 151
14 190 56
14 191 61
14 192 91
15 16 29
15 17 111
15 18 44
15 21 65
15 23 135
15 25 33
15 30 140
15 31 102
15 32 34
15 39 79
15 40 111
15 43 133
15 46 49
15 49 142
15 50 132
15 51 20
15 53 113
15 56 79
15 57 68
15 59 109
15 62 21
15 63 25
15 66 95
15 67 3
15 71 140
15 73 2
15 74 44
15 78 126
15 79 86
15 80 42
15 82 126
15 83 107
15 84 36
15 86 38
15 87 86
15 92 56
15 93 1
15 95 16
15 97 107
15 98 57
15 100 40
15 103 94
15 105 39
15 113 66
15 115 4
15 116 40
15 118 141
15 119 90
15 122 17
15 124 71
15 129 122
15 135 118
15 137 84
15 138 58
15 140 114
15 141 50
15 146 145
15 147 69
15 151 116
15 152 39
15 154 160
15 155 118
15 158 36
15 162 37
15 163 130
15 169 22
15 170 83
15 172 150
15 173 118
15 177 2
15 178 34
15 181 127
15 183 60
15 184 64
15 185 118
15 186 107
15 187 7
15 188 34
15 190 108
15 191 99
15 192 74
15 193 47
15 197 36
15 200 113
16 17 10
16 26 141
16 29 51
16 33 44
16 40 27
16 41 51
16 42 92
16 43 22
16 44 31
16 47 37
16 48 156
16 49 159
16 51 8
16 53 123
16 55 3
16 56 84
16 57 7
16 61 65
16 68 3
16 71 59
16 75 111
16 77 122
16 78 25
16 80 134
16 82 144
16 83 153
16 89 136
16 92 124
16 95 150
16 96 117
16 97 60
16 98 134
16 101 64
16 102 9
16 103 133
16 104 38
16 105 88
16 107 40
16 108 142
16 111 1
16 113 135
16 117 146
16 120 155
16 124 20
16 125 114
16 128 123
16 132 16
16 138 144
16 142 7
16 144 61
16 145 97
16 148 27
16 153 131
16 156 60
16 159 23
16 160 91
16 166 98
16 168 131
16 169 83
16 174 143
16 178 91
16 180 75
16 184 160
16 188 141
16 191 68
16 194 10
16 200 68
17 21 140
17 25 85
17 31 39
17 34 50
17 36 81
17 42 72
17 43 119
17 45 140
17 46 126
17 49 55
17 52 77
17 54 46
17 55 30
17 59 79
17 70 82
17 73 30
17 75 118
17 76 53
17 80 32
17 81 66
17 83 117
17 84 69
17 86 31
17 87 46
17 89 49
17 90 95
17 91 145
17 93 131
17 97 77
17 99 81
17 101 68
17 102 86
17 103 140
17 105 102
17 112 122
17 113 123
17 115 132
17 117 76
17 118 146
17 119 136
17 123 13
17 124 32
17 125 79
17 131 72
17 132 6
17 133 47
17 134 110
17 136 97
17 137 49
17 138 116
17 142 94
17 143 80
17 145 145
17 148 14
17 151 35
17 152 100
17 153 22
17 157 30
17 163 41
17 165 44
17 168 42
17 169 118
17 171 33
17 172 86
17 173 119
17 177 134
17 178 9
17 179 7
17 181 7
17 186 58
17 189 52
17 190 18
17 193 25
17 194 21
17 195 71
17 197 157
17 198 6
17 199 81
18 19 127
18 21 67
18 28 100
18 31 13
18 32 136
18 33 53
18 37 64
18 41 54
18 42 83
18 43 16
18 45 33
18 47 58
18 49 99
18 51 85
18 54 63
18 55 151
18 56 131
18 57 10
18 58 82
18 61 14
18 62 93
18 63 54
18 64 89
18 65 91
18 68 87
18 69 56
18 73 74
18 80 16
18 81 102
18 82 129
18 89 82
18 90 60
18 94 124
18 100 141
18 104 46
18 105 36
18 106 108
18 109 155
18 111 92
18 113 5
18 115 65
18 118 30
18 119 98
18 122 99
18 123 106
18 125 155
18 129 101
18 133 24
18 134 17
18 135 139
18 136 82
18 138 155
18 140 153
18 141 66
18 142 113
18 144 72
18 152 99
18 154 85
18 155 91
18 160 37
18 162 29
18 165 127
18 169 117
18 172 60
18 174 91
18 175 42
18 178 106
18 180 80
18 183 67
18 188 115
18 190 132
18 191 143
18 197 155
18 200 68
19 20 122
19 21 100
19 23 111
19 24 129
19 25 31
19 26 21
19 29 156
19 30 158
19 31 135
19 34 110
19 35 33
19 37 100
19 39 41
19 40 93
19 44 125
19 45 46
19 50 112
19 62 115
19 64 42
19 65 23
19 70 92
19 76 132
19 80 139
19 89 156
19 90 34
19 92 120
19 95 142
19 97 49
19 101 10
19 104 136
19 107 84
19 108 94
19 110 104
19 111 95
19 112 92
19 119 109
19 127 1
19 128 28
19 129 112
19 131 51
19 132 142
19 135 49
19 137 73
19 138 99
19 144 102
19 146 146
19 152 55
19 153 125
19 157 80
19 158 35
19 160 112
19 162 151
19 165 33
19 173 86
19 181 134
19 183 83
19 186 81
19 199 157
19 200 38
20 22 58
20 24 159
20 27 125
20 28 151
20 29 137
20 36 67
20 39 126
20 40 100
20 46 79
20 47 82
20 53 76
20 54 15
20 58 72
20 62 52
20 65 106
20 75 141
20 77 50
20 83 18
20 86 147
20 88 30
20 90 93
20 96 115
20 97 60
20 98 129
20 99 48
20 103 113
20 104 156
20 106 116
20 110 36
20 111 47
20 113 92
20 116 38
20 121 146
20 122 34
20 123 38
20 125 128
20 129 49
20 135 92
20 138 96
20 139 62
20 141 61
20 142 6
20 143 46
20 147 47
20 149 135
20 151 87
20 152 152
20 154 38
20 156 158
20 157 15
20 159 121
20 165 129
20 167 89
20 170 60
20 172 105
20 174 35
20 175 13
20 178 37
20 179 113
20 180 76
20 186 75
20 191 48
20 194 100
20 195 99
20 197 101
21 22 138
21 23 118
21 25 59
21 26 152
21 28 143
21 30 150
21 31 40
21 35 137
21 37 48
21 39 67
21 40 58
21 42 121
21 43 5
21 44 24
21 48 20
21 49 32
21 51 122
21 58 17
21 59 30
21 64 39
21 69 29
21 76 158
21 79 18
21 81 4
21 85 101
21 87 117
21 90 116
21 91 50
21 94 125
21 95 79
21 98 87
21 99 51
21 101 102
21 102 149
21 104 109
21 109 135
21 118 152
21 119 28
21 120 144
21 121 65
21 127 68
21 129 42
21 132 113
21 139 94
21 141 38
21 146 154
21 148 122
21 154 157
21 158 53
21 160 66
21 165 15
21 168 147
21 171 44
21 174 79
21 180 13
21 181 64
21 183 154
21 184 135
21 186 110
21 188 155
21 192 149
21 193 98
21 200 98
22 23 27
22 24 51
22 26 136
22 28 123
22 30 70
22 33 145
22 34 117
22 35 30
22 36 11
22 40 87
22 44 96
22 47 33
22 48 132
22 49 100
22 53 96
22 55 68
22 58 49
22 61 61
22 64 22
22 65 60
22 68 85
22 69 23
22 70 88
22 75 160
22 79 45
22 80 158
22 82 30
22 88 41
22 91 13
22 93 93
22 95 140
22 101 37
22 102 123
22 104 28
22 105 27
22 111 48
22 114 74
22 119 22
22 125 77
22 127 64
22 135 109
22 138 22
22 139 77
22 143 78
22 147 102
22 151 139
22 154 12
22 159 141
22 160 10
22 162 13
22 165 52
22 166 54
22 169 12
22 171 24
22 172 137
22 175 7
22 176 9
22 180 95
22 185 72
22 186 37
22 188 140
22 194 113
22 195 69
22 196 102
22 199 23
23 24 28
23 26 32
23 28 102
23 29 88
23 31 45
23 34 107
23 40 101
23 43 144
23 47 28
23 49 143
23 52 32
23 54 87
23 56 62
23 58 97
23 60 8
23 61 127
23 62 119
23 64 9
23 65 130
23 68 107
23 69 134
23 72 17
23 77 9
23 83 85
23 84 149
23 85 112
23 87 156
23 88 88
23 90 35
23 99 101
23 102 111
23 110 12
23 113 18
23 116 76
23 117 13
23 118 159
23 119 151
23 120 117
23 122 108
23 123 142
23 127 134
23 128 155
23 129 113
23 130 12
23 132 6
23 135 127
23 136 131
23 138 51
23 139 111
23 141 153
23 142 126
23 146 99
23 150 51
23 152 141
23 155 90
23 156 28
23 157 50
23 159 8
23 162 132
23 163 25
23 166 119
23 167 122
23 168 157
23 177 122
23 179 155
23 180 99
23 184 121
23 186 70
23 189 132
23 191 152
23 192 146
23 193 34
23 197 21
24 27 121
24 29 73
24 32 147
24 33 17
24 34 11
24 36 63
24 38 19
24 40 87
24 50 115
24 53 49
24 55 21
24 57 121
24 59 4
24 64 31
24 70 82
24 71 152
24 77 149
24 78 84
24 79 147
24 83 13
24 85 159
24 86 149
24 87 116
24 92 16
24 93 57
24 94 136
24 96 41
24 102 81
24 108 35
24 109 49
24 113 48
24 115 95
24 116 127
24 117 142
24 120 5
24 122 90
24 126 126
24 129 105
24 130 64
24 136 101
24 140 11
24 141 130
24 143 16
24 145 4
24 146 108
24 147 132
24 148 135
24 149 119
24 159 106
24 162 105
24 166 121
24 169 51
24 171 7
24 172 124
24 174 6
24 175 4
24 176 85
24 179 53
24 180 92
24 181 139
24 182 72
24 183 32
24 184 155
24 185 11
24 186 133
25 27 113
25 30 86
25 32 87
25 34 66
25 37 86
25 41 120
25 42 116
25 45 92
25 46 90
25 47 56
25 49 50
25 54 111
25 56 37
25 59 80
25 65 128
25 68 143
25 71 67
25 72 89
25 73 73
25 78 67
25 81 71
25 84 88
25 85 89
25 89 92
25 90 48
25 92 111
25 93 155
25 94 157
25 95 117
25 96 138
25 97 2
25 101 3
25 105 95
25 106 115
25 108 14
25 109 130
25 111 151
25 112 55
25 114 158
25 119 74
25 125 157
25 126 24
25 127 154
25 128 38
25 130 65
25 135 87
25 137 6
25 139 10
25 142 97
25 143 57
25 151 88
25 154 131
25 155 50
25 158 3
25 159 70
25 163 3
25 165 150
25 166 75
25 167 10
25 169 45
25 170 38
25 171 92
25 172 28
25 173 55
25 174 8
25 177 153
25 179 136
25 180 75
25 187 104
25 190 101
25 193 134
25 195 11
25 200 9
26 30 48
26 31 150
26 33 84
26 36 154
26 37 50
26 38 115
26 39 79
26 40 143
26 46 66
26 47 65
26 51 51
26 55 2
26 56 81
26 61 127
26 64 57
26 65 54
26 67 49
26 75 142
26 76 118
26 79 91
26 81 42
26 83 94
26 86 51
26 88 86
26 94 40
26 95 21
26 97 3
26 98 8
26 101 144
26 102 132
26 103 3
26 106 51
26 107 60
26 108 118
26 112 50
26 113 99
26 114 4
26 118 119
26 119 6
26 124 52
26 126 29
26 128 129
26 134 19
26 135 20
26 137 66
26 139 133
26 140 118
26 144 23
26 145 40
26 148 120
26 149 135
26 152 101
26 154 131
26 155 132
26 158 22
26 161 92
26 164 43
26 166 105
26 168 21
26 169 68
26 172 131
26 175 91
26 177 9
26 178 91
26 183 138
26 186 140
26 190 1
26 192 122
26 200 137
27 28 34
27 33 100
27 34 149
27 35 7
27 38 67
27 42 23
27 43 100
27 46 104
27 48 146
27 49 102
27 54 42
27 55 147
27 57 1
27 60 60
27 64 108
27 65 45
27 68 31
27 71 45
27 72 136
27 84 22
27 89 74
27 91 60
27 97 75
27 98 19
27 100 28
27 101 114
27 103 28
27 104 79
27 105 51
27 106 130
27 107 58
27 109 90
27 110 84
27 119 134
27 120 132
27 121 158
27 122 54
27 123 29
27 126 112
27 127 148
27 128 21
27 132 115
27 135 12
27 136 128
27 137 37
27 139 58
27 140 3
27 142 49
27 147 28
27 148 54
27 151 93
27 152 4
27 154 79
27 155 8
27 159 113
27 160 126
27 163 100
27 165 55
27 167 91
27 172 5
27 174 119
27 175 144
27 176 24
27 177 57
27 179 128
27 182 39
27 187 144
27 189 137
27 190 98
27 191 117
27 192 134
27 193 92
27 195 73
27 199 91
28 30 75
28 34 123
28 40 136
28 47 18
28 51 74
28 52 16
28 54 11
28 55 130
28 56 155
28 58 141
28 60 140
28 70 41
28 74 49
28 77 138
28 79 45
28 80 110
28 85 110
28 86 15
28 88 88
28 90 135
28 92 135
28 93 59
28 94 127
28 95 134
28 102 30
28 105 11
28 110 124
28 111 35
28 112 73
28 113 13
28 115 95
28 119 16
28 122 57
28 127 53
28 132 2
28 137 11
28 139 106
28 141 41
28 142 60
28 143 113
28 145 84
28 146 86
28 148 89
28 153 63
28 155 67
28 156 129
28 162 126
28 163 33
28 164 140
28 165 26
28 168 60
28 169 83
28 170 36
28 172 142
28 176 5
28 177 131
28 178 50
28 181 68
28 183 155
28 184 48
28 188 91
28 193 65
28 199 130
29 35 28
29 38 53
29 42 18
29 43 19
29 46 12
29 49 138
29 50 19
29 57 127
29 58 141
29 60 123
29 62 68
29 64 57
29 68 29
29 70 151
29 71 80
29 73 145
29 74 47
29 75 117
29 78 133
29 79 98
29 80 122
29 81 24
29 82 156
29 86 149
29 89 47
29 90 58
29 93 88
29 94 83
29 99 68
29 101 132
29 108 75
29 113 149
29 115 72
29 116 152
29 117 89
29 119 14
29 127 66
29 128 17
29 129 60
29 130 98
29 131 122
29 132 56
29 135 97
29 136 51
29 139 99
29 145 86
29 146 49
29 148 121
29 152 139
29 156 97
29 159 6
29 160 95
29 161 140
29 164 65
29 166 77
29 167 112
29 168 25
29 170 75
29 171 81
29 172 142
29 174 99
29 176 126
29 178 87
29 180 81
29 181 38
29 183 23
29 184 142
29 185 111
29 192 68
29 195 42
29 197 61
29 200 26
30 33 108
30 35 141
30 42 13
30 43 41
30 44 114
30 46 116
30 48 54
30 50 103
30 52 135
30 53 135
30 54 2
30 58 62
30 59 159
30 60 85
30 62 138
30 63 78
30 66 99
30 69 144
30 70 28
30 71 13
30 74 152
30 76 19
30 78 42
30 79 72
30 84 124
30 85 65
30 90 28
30 96 112
30 99 139
30 101 154
30 103 108
30 104 160
30 106 129
30 107 21
30 109 107
30 112 2
30 115 41
30 118 8
30 119 71
30 120 37
30 121 133
30 126 113
30 130 156
30 131 49
30 134 4
30 137 131
30 139 98
30 141 39
30 143 157
30 144 112
30 145 110
30 148 124
30 150 121
30 153 12
30 155 110
30 156 84
30 159 77
30 161 116
30 163 31
30 164 82
30 165 114
30 167 149
30 175 90
30 178 63
30 179 131
30 181 22
30 183 35
30 184 122
30 190 40
30 192 103
30 194 102
30 196 22
30 197 113
31 33 107
31 34 65
31 36 117
31 39 132
31 42 131
31 46 8
31 48 40
31 52 133
31 56 83
31 64 6
31 67 72
31 69 150
31 70 138
31 73 72
31 76 59
31 80 47
31 81 106
31 83 49
31 84 57
31 86 53
31 87 10
31 89 88
31 90 8
31 92 27
31 93 152
31 94 53
31 95 110
31 96 156
31 101 134
31 102 57
31 105 57
31 108 49
31 113 144
31 114 12
31 115 99
31 118 66
31 121 87
31 124 47
31 125 85
31 128 146
31 129 85
31 130 58
31 132 18
31 135 13
31 136 118
31 137 52
31 143 6
31 145 70
31 147 88
31 150 155
31 151 124
31 152 24
31 156 23
31 157 39
31 158 86
31 169 158
31 171 60
31 181 91
31 184 18
31 185 25
31 189 36
31 191 140
31 195 88
31 196 57
31 197 138
31 198 34
32 33 89
32 35 33
32 37 8
32 42 79
32 43 67
32 50 139
32 51 58
32 53 65
32 55 134
32 56 120
32 57 2
32 63 76
32 66 98
32 67 102
32 73 65
32 74 112
32 76 14
32 77 102
32 80 40
32 87 1
32 89 65
32 90 114
32 96 121
32 99 145
32 104 80
32 105 119
32 106 98
32 108 69
32 109 109
32 110 159
32 113 103
32 116 55
32 117 138
32 118 151
32 120 86
32 122 92
32 126 67
32 127 80
32 128 134
32 129 11
32 132 5
32 135 94
32 137 34
32 140 98
32 141 121
32 144 68
32 147 37
32 149 151
32 154 77
32 158 156
32 163 138
32 164 46
32 165 20
32 172 84
32 173 80
32 174 74
32 175 110
32 177 125
32 178 59
32 181 97
32 183 100
32 185 133
32 188 103
32 191 93
32 195 72
32 197 47
32 200 70
33 34 144
33 39 54
33 41 58
33 44 79
33 47 93
33 50 137
33 52 78
33 55 153
33 58 117
33 59 20
33 60 136
33 61 68
33 64 107
33 68 140
33 69 159
33 70 77
33 71 60
33 72 27
33 75 72
33 79 109
33 81 8
33 82 145
33 85 2
33 95 53
33 97 110
33 99 12
33 100 56
33 102 28
33 105 107
33 106 91
33 107 73
33 111 88
33 117 108
33 120 20
33 121 24
33 124 51
33 126 118
33 129 88
33 130 8
33 131 2
33 134 152
33 135 158
33 136 90
33 139 144
33 140 113
33 145 91
33 146 59
33 147 18
33 149 112
33 151 124
33 153 139
33 156 152
33 158 143
33 161 111
33 172 58
33 174 139
33 179 155
33 181 99
33 184 78
33 185 29
33 186 89
33 190 7
33 191 20
33 193 12
33 196 26
33 200 156
34 35 80
34 36 158
34 38 101
34 39 5
34 40 135
34 41 39
34 45 151
34 48 88
34 53 137
34 62 74
34 65 111
34 66 94
34 68 12
34 69 138
34 70 3
34 71 69
34 72 75
34 76 132
34 81 70
34 82 57
34 84 117
34 87 116
34 89 122
34 96 59
34 99 44
34 101 139
34 105 77
34 111 65
34 112 96
34 113 110
34 116 151
34 117 77
34 119 139
34 129 31
34 130 71
34 138 38
34 149 18
34 150 23
34 151 23
34 155 33
34 156 8
34 158 76
34 160 131
34 168 110
34 169 46
34 170 56
34 172 94
34 175 74
34 184 118
34 186 129
34 187 37
34 191 47
34 199 41
35 37 10
35 44 147
35 46 24
35 51 133
35 52 104
35 53 61
35 55 4
35 58 22
35 59 2
35 60 65
35 64 68
35 66 91
35 70 108
35 74 95
35 78 144
35 80 43
35 82 63
35 90 156
35 92 121
35 96 86
35 100 22
35 101 143
35 110 19
35 111 29
35 114 65
35 115 159
35 116 105
35 118 73
35 119 65
35 121 121
35 126 72
35 129 66
35 132 117
35 134 134
35 135 145
35 144 117
35 146 67
35 147 70
35 148 94
35 149 15
35 150 127
35 151 81
35 152 37
35 159 72
35 162 19
35 165 71
35 174 49
35 176 48
35 178 145
35 183 148
35 185 8
35 186 140
35 190 96
35 191 4
35 196 105
35 197 64
35 198 56
35 199 88
36 39 46
36 45 58
36 46 44
36 49 99
36 51 109
36 52 120
36 54 116
36 58 96
36 60 80
36 61 47
36 65 151
36 67 4
36 68 69
36 78 1
36 80 123
36 82 92
36 89 103
36 90 120
36 91 143
36 99 101
36 100 9
36 101 95
36 104 70
36 106 5
36 111 119
36 116 133
36 118 8
36 120 49
36 126 39
36 127 117
36 128 117
36 129 35
36 130 62
36 131 90
36 132 54
36 135 80
36 139 141
36 144 80
36 145 117
36 154 42
36 157 41
36 159 4
36 160 52
36 161 39
36 162 79
36 163 87
36 175 134
36 177 42
36 180 93
36 181 21
36 184 143
36 185 149
36 187 108
36 189 35
36 193 1
36 196 54
36 197 118
37 41 64
37 42 135
37 45 46
37 47 152
37 48 61
37 50 46
37 52 2
37 59 91
37 62 110
37 69 145
37 71 58
37 72 8
37 76 109
37 78 48
37 86 70
37 87 1
37 89 29
37 93 131
37 94 55
37 95 54
37 96 126
37 97 101
37 99 129
37 105 84
37 108 44
37 110 118
37 114 93
37 115 71
37 116 130
37 120 148
37 121 68
37 122 147
37 125 104
37 127 65
37 134 143
37 139 23
37 141 121
37 144 7
37 147 155
37 149 81
37 151 92
37 152 73
37 155 88
37 158 8
37 160 71
37 161 21
37 164 3
37 166 51
37 169 130
37 172 51
37 174 143
37 176 9
37 178 40
37 181 146
37 183 6
37 184 134
37 185 115
37 186 87
37 187 22
37 190 115
37 191 137
37 198 141
38 39 44
38 40 121
38 46 20
38 47 104
38 51 33
38 59 121
38 60 7
38 63 150
38 67 129
38 69 115
38 70 72
38 71 38
38 75 130
38 76 108
38 79 24
38 80 94
38 83 28
38 84 140
38 86 75
38 88 136
38 92 118
38 95 128
38 96 129
38 104 112
38 105 84
38 108 143
38 113 74
38 115 69
38 117 111
38 122 143
38 126 68
38 128 32
38 132 70
38 133 71
38 139 22
38 146 88
38 147 128
38 150 66
38 152 33
38 158 154
38 159 109
38 160 53
38 161 57
38 164 15
38 165 97
38 170 129
38 173 8
38 176 35
38 186 130
38 188 65
38 189 157
38 192 31
38 194 42
38 195 132
39 42 98
39 44 60
39 45 81
39 48 16
39 50 95
39 51 75
39 52 142
39 55 125
39 57 95
39 58 154
39 60 109
39 63 105
39 66 89
39 67 99
39 70 114
39 73 94
39 77 101
39 80 132
39 81 48
39 83 44
39 84 156
39 88 116
39 89 26
39 90 62
39 91 106
39 94 27
39 95 102
39 96 111
39 98 52
39 99 66
39 102 75
39 103 137
39 104 120
39 107 27
39 111 4
39 114 58
39 116 66
39 118 149
39 120 32
39 121 32
39 123 154
39 124 29
39 126 30
39 127 21
39 130 62
39 131 135
39 132 24
39 134 26
39 136 148
39 142 156
39 144 5
39 149 79
39 150 117
39 151 98
39 152 144
39 154 60
39 158 92
39 164 64
39 165 46
39 168 76
39 172 1
39 174 160
39 181 106
39 182 92
39 185 86
39 187 27
39 197 143
40 46 153
40 49 141
40 50 80
40 51 140
40 52 138
40 61 30
40 62 130
40 66 147
40 69 125
40 71 51
40 72 50
40 74 108
40 77 63
40 80 118
40 83 7
40 86 151
40 87 121
40 89 35
40 90 137
40 91 112
40 98 153
40 103 15
40 104 125
40 107 60
40 110 58
40 114 10
40 115 135
40 116 58
40 117 38
40 119 160
40 120 39
40 121 148
40 122 5
40 123 78
40 126 72
40 128 120
40 131 28
40 132 98
40 133 103
40 136 88
40 145 146
40 146 32
40 148 24
40 149 127
40 150 134
40 153 85
40 156 132
40 158 132
40 164 143
40 166 19
40 168 57
40 169 89
40 170 58
40 173 24
40 174 116
40 177 16
40 179 71
40 180 29
40 183 132
40 187 115
40 188 35
40 189 103
40 193 34
40 195 65
40 197 93
40 199 76
40 200 75
41 44 149
41 46 143
41 47 136
41 48 160
41 52 135
41 53 27
41 58 115
41 59 127
41 60 4
41 63 48
41 64 21
41 66 124
41 67 39
41 70 73
41 71 156
41 75 76
41 76 160
41 78 32
41 81 41
41 82 49
41 85 8
41 86 93
41 88 88
41 93 131
41 96 111
41 97 85
41 98 132
41 100 86
41 101 95
41 103 61
41 104 121
41 111 29
41 113 19
41 117 111
41 121 64
41 122 68
41 124 41
41 128 84
41 131 67
41 139 24
41 141 64
41 142 136
41 146 3
41 154 4
41 157 118
41 158 84
41 160 19
41 161 94
41 165 70
41 166 53
41 169 54
41 170 60
41 175 3
41 177 38
41 181 110
41 184 96
41 187 33
41 188 142
41 189 71
41 191 27
41 194 101
41 195 105
41 198 129
41 199 29
41 200 51
42 43 86
42 46 68
42 48 71
42 52 47
42 53 97
42 54 134
42 55 91
42 56 139
42 58 17
42 59 57
42 60 60
42 62 42
42 64 11
42 65 83
42 67 1
42 68 105
42 69 151
42 71 62
42 79 129
42 81 105
42 82 96
42 83 109
42 86 33
42 88 52
42 90 3
42 91 2
42 92 142
42 93 64
42 96 9
42 97 89
42 99 44
42 101 146
42 102 108
42 104 123
42 106 59
42 107 14
42 108 67
42 109 101
42 111 30
42 118 134
42 122 18
42 123 43
42 124 11
42 127 1
42 128 92
42 130 104
42 131 80
42 133 86
42 134 94
42 135 43
42 136 36
42 137 140
42 139 84
42 141 31
42 145 133
42 147 27
42 149 46
42 152 122
42 153 39
42 159 22
42 160 47
42 161 81
42 163 80
42 164 21
42 167 32
42 171 101
42 172 93
42 173 137
42 174 63
42 175 26
42 179 2
42 181 2
42 189 114
42 190 4
42 192 12
42 193 73
42 194 134
42 196 56
42 197 106
42 198 16
42 200 70
43 53 64
43 55 9
43 58 97
43 62 91
43 64 55
43 65 154
43 75 155
43 77 11
43 79 89
43 80 104
43 81 46
43 83 94
43 87 138
43 88 111
43 90 79
43 91 113
43 98 52
43 99 41
43 102 32
43 103 151
43 105 63
43 107 138
43 109 120
43 113 128
43 116 39
43 119 59
43 120 68
43 121 112
43 123 130
43 125 106
43 127 19
43 131 67
43 132 110
43 133 116
43 134 119
43 137 135
43 138 5
43 139 57
43 140 75
43 142 115
43 145 87
43 147 125
43 148 10
43 149 149
43 150 129
43 151 110
43 155 33
43 157 132
43 158 118
43 159 70
43 162 51
43 165 93
43 166 64
43 167 138
43 169 24
43 171 114
43 172 130
43 174 149
43 175 95
43 177 110
43 181 84
43 183 3
43 184 107
43 185 141
43 188 69
43 189 76
43 191 3
43 194 109
43 196 137
43 197 108
44 46 142
44 48 65
44 50 52
44 51 12
44 54 23
44 56 32
44 59 78
44 61 122
44 62 56
44 63 126
44 65 120
44 67 133
44 70 153
44 73 41
44 75 24
44 78 157
44 81 68
44 84 152
44 87 145
44 92 63
44 100 35
44 101 64
44 102 138
44 103 10
44 106 84
44 108 146
44 110 68
44 112 133
44 114 27
44 116 120
44 117 27
44 120 47
44 122 131
44 123 6
44 124 108
44 125 35
44 130 115
44 131 141
44 132 48
44 134 141
44 135 97
44 136 24
44 138 111
44 139 136
44 142 106
44 148 55
44 149 53
44 150 32
44 153 145
44 160 153
44 161 142
44 162 66
44 163 94
44 168 76
44 169 90
44 170 58
44 172 43
44 174 38
44 177 10
44 180 98
44 182 51
44 184 84
44 187 24
44 188 108
44 189 130
44 192 91
44 193 62
44 197 104
44 200 116
45 52 38
45 55 99
45 56 58
45 58 107
45 60 6
45 63 19
45 66 146
45 67 51
45 68 152
45 70 55
45 74 136
45 77 26
45 79 15
45 81 117
45 82 84
45 85 114
45 88 110
45 91 24
45 92 54
45 94 66
45 98 4
45 100 98
45 101 81
45 103 53
45 105 135
45 106 63
45 108 133
45 111 96
45 112 78
45 113 118
45 115 114
45 117 142
45 118 12
45 119 95
45 123 36
45 126 58
45 127 120
45 130 6
45 132 160
45 134 131
45 136 123
45 140 105
45 144 29
45 145 70
45 152 91
45 155 67
45 159 50
45 160 126
45 164 138
45 166 35
45 175 80
45 176 152
45 177 143
45 180 6
45 181 114
45 185 57
45 187 26
45 188 70
45 189 80
45 192 14
45 196 24
45 198 105
45 200 70
46 47 122
46 49 74
46 50 122
46 51 85
46 54 90
46 57 130
46 61 55
46 63 75
46 65 7
46 69 71
46 70 65
46 76 70
46 78 150
46 79 96
46 80 8
46 81 160
46 82 32
46 86 30
46 87 85
46 93 37
46 95 123
46 97 133
46 100 142
46 103 117
46 105 94
46 107 135
46 108 6
46 113 118
46 114 136
46 119 140
46 120 98
46 124 3
46 125 124
46 126 76
46 127 61
46 128 150
46 133 145
46 134 41
46 136 148
46 137 118
46 138 63
46 148 91
46 150 150
46 152 114
46 153 155
46 155 63
46 159 99
46 161 21
46 164 56
46 169 73
46 170 9
46 172 113
46 173 59
46 174 6
46 175 90
46 176 100
46 180 153
46 181 127
46 182 130
46 183 147
46 184 141
46 185 94
46 188 131
46 192 4
46 196 15
46 197 38
46 198 122
47 48 115
47 52 17
47 54 38
47 55 37
47 56 88
47 57 39
47 61 100
47 63 98
47 64 157
47 65 88
47 66 16
47 67 160
47 70 159
47 75 127
47 85 70
47 88 114
47 89 142
47 90 76
47 93 115
47 98 124
47 102 10
47 107 61
47 108 66
47 110 17
47 115 30
47 118 73
47 120 151
47 121 136
47 122 84
47 126 17
47 128 8
47 129 103
47 131 12
47 135 125
47 138 99
47 139 7
47 140 138
47 145 122
47 149 80
47 150 119
47 153 104
47 155 68
47 156 26
47 158 126
47 171 97
47 181 121
47 182 104
47 184 141
47 186 115
47 187 149
47 190 147
47 194 127
48 50 55
48 56 53
48 57 79
48 64 99
48 65 27
48 66 64
48 69 50
48 72 31
48 74 125
48 75 121
48 78 118
48 81 14
48 82 143
48 90 16
48 92 125
48 94 98
48 95 129
48 101 46
48 102 136
48 104 110
48 107 41
48 109 14
48 111 124
48 112 30
48 117 22
48 123 83
48 125 29
48 126 140
48 130 40
48 132 127
48 134 115
48 138 95
48 146 113
48 152 66
48 155 149
48 156 75
48 158 138
48 160 115
48 167 111
48 168 10
48 170 118
48 173 107
48 175 90
48 184 92
48 185 139
48 188 90
48 189 58
48 191 11
48 192 136
48 196 108
49 52 140
49 56 134
49 57 22
49 59 28
49 61 158
49 63 3
49 65 73
49 72 60
49 74 12
49 83 108
49 84 116
49 85 57
49 86 82
49 89 107
49 90 100
49 91 39
49 97 117
49 99 100
49 100 113
49 101 14
49 104 123
49 110 38
49 111 50
49 122 122
49 126 154
49 127 15
49 129 130
49 131 136
49 138 69
49 139 101
49 145 21
49 146 26
49 152 151
49 154 144
49 155 145
49 159 115
49 163 106
49 164 55
49 165 28
49 168 134
49 172 59
49 175 136
49 176 64
49 178 117
49 182 63
49 186 152
49 187 103
49 191 95
49 192 12
49 194 157
49 196 44
49 199 81
50 51 116
50 52 30
50 55 27
50 57 135
50 58 101
50 60 64
50 61 99
50 62 79
50 63 83
50 66 101
50 70 102
50 73 86
50 74 43
50 77 85
50 82 31
50 83 1
50 85 58
50 88 89
50 93 109
50 97 61
50 99 156
50 100 67
50 101 60
50 102 105
50 107 32
50 109 59
50 114 156
50 116 39
50 122 112
50 123 52
50 125 16
50 130 47
50 133 103
50 134 123
50 137 151
50 138 56
50 139 146
50 141 156
50 144 7
50 147 81
50 149 57
50 151 107
50 152 43
50 153 65
50 154 58
50 156 31
50 157 99
50 159 65
50 160 151
50 161 145
50 163 80
50 164 160
50 169 97
50 170 91
50 176 152
50 189 64
50 196 156
50 197 76
51 53 100
51 54 34
51 55 156
51 57 63
51 58 66
51 60 82
51 63 37
51 65 149
51 67 127
51 68 157
51 69 137
51 72 121
51 74 122
51 75 58
51 77 79
51 79 31
51 81 17
51 85 145
51 87 136
51 90 115
51 92 130
51 93 16
51 94 31
51 95 45
51 96 113
51 97 149
51 105 9
51 107 9
51 109 139
51 111 88
51 113 17
51 115 32
51 116 36
51 117 12
51 124 134
51 126 107
51 130 80
51 133 94
51 135 156
51 139 45
51 141 62
51 143 102
51 144 109
51 145 19
51 146 31
51 150 73
51 151 41
51 153 4
51 155 41
51 156 5
51 158 73
51 161 45
51 166 45
51 167 123
51 169 33
51 170 106
51 171 35
51 173 79
51 174 17
51 177 139
51 179 56
51 180 106
51 182 11
51 188 108
51 189 60
51 191 13
51 199 4
52 54 98
52 57 10
52 58 107
52 60 77
52 61 86
52 63 157
52 64 94
52 68 38
52 70 23
52 73 133
52 79 60
52 80 43
52 81 142
52 86 38
52 87 100
52 90 88
52 91 65
52 93 121
52 94 72
52 95 22
52 96 70
52 98 121
52 99 1
52 100 43
52 101 155
52 106 52
52 107 11
52 111 51
52 112 84
52 113 78
52 115 129
52 118 59
52 119 17
52 121 18
52 124 133
52 129 55
52 136 134
52 138 15
52 141 1
52 144 50
52 145 119
52 146 64
52 151 127
52 154 33
52 157 6
52 159 20
52 160 153
52 163 12
52 164 33
52 168 78
52 172 69
52 175 17
52 176 117
52 177 130
52 185 49
52 186 87
52 199 141
53 54 2
53 56 140
53 57 90
53 58 132
53 60 103
53 62 81
53 64 18
53 68 82
53 69 71
53 70 122
53 74 40
53 76 88
53 78 155
53 82 114
53 84 152
53 85 99
53 86 44
53 87 157
53 90 12
53 92 34
53 98 72
53 99 44
53 102 5
53 106 147
53 113 19
53 115 22
53 116 36
53 117 73
53 119 123
53 123 143
53 125 4
53 134 33
53 138 156
53 141 51
53 142 155
53 144 59
53 147 33
53 154 49
53 159 36
53 160 81
53 161 97
53 163 13
53 164 54
53 167 9
53 169 4
53 171 105
53 173 125
53 174 72
53 175 97
53 176 101
53 177 149
53 179 137
53 180 135
53 181 99
53 182 131
53 183 107
53 186 78
53 195 113
53 196 82
53 197 74
54 56 48
54 57 3
54 58 11
54 61 160
54 65 24
54 66 22
54 67 96
54 70 59
54 75 23
54 83 97
54 85 39
54 86 97
54 87 123
54 88 22
54 89 31
54 95 150
54 99 112
54 101 79
54 102 21
54 103 89
54 105 84
54 109 41
54 110 56
54 112 122
54 116 84
54 117 30
54 118 23
54 119 68
54 120 93
54 121 86
54 125 23
54 127 128
54 136 17
54 137 7
54 140 157
54 146 105
54 149 156
54 150 151
54 151 156
54 153 17
54 154 116
54 155 76
54 156 128
54 157 133
54 160 147
54 163 42
54 165 6
54 166 96
54 171 110
54 174 100
54 178 86
54 181 87
54 182 156
54 188 110
54 190 24
54 192 86
55 60 70
55 61 33
55 67 19
55 69 8
55 76 122
55 78 12
55 79 84
55 82 8
55 85 21
55 87 126
55 88 110
55 92 86
55 94 54
55 95 152
55 101 32
55 104 95
55 106 152
55 107 33
55 111 135
55 113 24
55 116 23
55 120 3
55 121 115
55 129 121
55 132 139
55 134 151
55 135 44
55 140 18
55 147 43
55 151 119
55 152 6
55 155 24
55 156 110
55 157 109
55 160 2
55 164 98
55 165 44
55 168 86
55 169 47
55 170 129
55 174 39
55 176 107
55 179 98
55 180 147
55 182 42
55 187 48
55 188 55
55 189 108
55 190 119
55 191 153
55 192 81
55 193 85
55 194 88
55 197 94
55 199 147
56 62 16
56 64 34
56 66 53
56 67 77
56 70 10
56 72 17
56 75 93
56 76 125
56 78 124
56 83 75
56 84 24
56 85 143
56 86 103
56 91 68
56 92 146
56 93 19
56 97 158
56 98 119
56 99 106
56 103 81
56 104 68
56 106 139
56 107 42
56 109 29
56 115 69
56 117 63
56 120 17
56 122 60
56 124 146
56 126 160
56 137 115
56 139 154
56 142 25
56 146 25
56 147 5
56 151 69
56 157 32
56 158 103
56 161 41
56 162 109
56 163 60
56 164 8
56 166 140
56 167 121
56 171 125
56 175 77
56 177 13
56 182 59
56 185 79
56 189 37
56 191 48
56 192 159
56 195 35
56 196 50
56 200 137
57 58 118
57 59 7
57 61 86
57 62 76
57 63 150
57 65 2
57 66 100
57 69 90
57 71 104
57 74 89
57 75 35
57 79 131
57 81 62
57 82 10
57 83 5
57 85 74
57 86 102
57 90 159
57 92 124
57 98 102
57 99 110
57 100 2
57 102 50
57 104 88
57 108 26
57 112 112
57 114 66
57 116 75
57 118 1
57 120 101
57 123 147
57 125 40
57 127 82
57 130 49
57 131 114
57 133 128
57 137 58
57 138 147
57 141 138
57 147 104
57 148 95
57 150 78
57 151 131
57 153 109
57 155 41
57 156 72
57 158 37
57 161 12
57 164 38
57 169 120
57 172 11
57 177 24
57 179 82
57 182 72
57 192 68
57 194 3
57 195 57
57 197 105
57 198 83
57 199 124
58 60 127
58 61 56
58 63 124
58 64 104
58 67 121
58 68 151
58 72 140
58 74 74
58 75 68
58 76 76
58 77 48
58 79 50
58 85 13
58 90 11
58 91 29
58 94 42
58 99 112
58 100 131
58 103 38
58 105 39
58 106 132
58 108 101
58 110 55
58 112 30
58 114 104
58 118 22
58 120 122
58 122 31
58 123 158
58 126 9
58 127 113
58 130 13
58 131 69
58 132 8
58 134 84
58 144 57
58 148 27
58 149 122
58 150 103
58 152 78
58 154 51
58 155 48
58 157 20
58 161 99
58 163 16
58 165 103
58 166 49
58 167 112
58 169 26
58 173 67
58 177 89
58 179 138
58 182 21
58 184 39
58 185 151
58 186 88
58 188 120
58 190 66
58 193 123
58 196 141
58 200 12
59 60 135
59 63 17
59 64 45
59 65 142
59 68 34
59 69 57
59 70 15
59 75 89
59 76 131
59 77 83
59 79 107
59 80 87
59 82 17
59 84 148
59 87 69
59 88 9
59 89 136
59 92 58
59 96 38
59 97 131
59 98 74
59 100 76
59 104 37
59 105 136
59 106 77
59 107 83
59 110 58
59 111 54
59 114 82
59 120 142
59 123 1
59 126 143
59 127 42
59 129 134
59 137 11
59 145 30
59 147 56
59 151 97
59 154 141
59 155 112
59 156 158
59 157 27
59 160 54
59 161 158
59 166 75
59 168 116
59 170 58
59 177 59
59 179 75
59 182 100
59 184 34
59 185 25
59 186 126
59 187 148
59 194 51
59 198 62
60 61 21
60 67 50
60 68 85
60 70 28
60 71 133
60 72 40
60 73 106
60 79 37
60 81 4
60 82 131
60 85 59
60 87 152
60 88 14
60 92 48
60 94 34
60 95 17
60 96 16
60 98 151
60 99 69
60 103 17
60 104 47
60 105 11
60 110 138
60 114 152
60 115 45
60 116 72
60 118 123
60 119 55
60 120 146
60 122 135
60 131 79
60 133 8
60 135 135
60 137 26
60 138 84
60 140 51
60 141 145
60 143 40
60 145 42
60 147 152
60 150 104
60 151 104
60 152 144
60 153 78
60 154 60
60 155 65
60 159 35
60 161 97
60 162 135
60 164 87
60 168 124
60 170 25
60 171 135
60 172 32
60 173 159
60 174 139
60 179 138
60 180 43
60 183 13
60 187 85
60 188 49
60 189 71
60 192 155
60 193 44
60 196 22
60 197 31
60 198 129
61 67 125
61 70 2
61 73 21
61 77 58
61 80 27
61 83 96
61 88 152
61 95 60
61 96 120
61 97 13
61 101 100
61 102 122
61 105 30
61 107 56
61 113 121
61 114 137
61 117 10
61 118 19
61 119 88
61 120 102
61 123 129
61 125 3
61 128 142
61 130 29
61 135 50
61 136 73
61 137 24
61 138 82
61 141 24
61 142 9
61 143 31
61 146 128
61 147 92
61 148 47
61 149 8
61 151 103
61 153 122
61 158 69
61 160 14
61 164 123
61 165 43
61 167 50
61 169 133
61 172 91
61 174 3
61 175 93
61 180 35
61 181 78
61 182 85
61 184 65
61 186 111
61 187 103
61 190 154
61 191 80
61 194 135
61 196 63
61 198 147
61 200 86
62 65 18
62 68 78
62 69 151
62 70 48
62 72 145
62 74 119
62 77 108
62 78 115
62 80 21
62 82 135
62 86 49
62 87 25
62 88 39
62 89 28
62 90 155
62 91 84
62 92 101
62 93 45
62 94 137
62 99 22
62 102 53
62 103 155
62 105 80
62 107 138
62 110 38
62 112 52
62 115 15
62 116 1
62 117 38
62 118 39
62 119 93
62 120 14
62 125 32
62 127 101
62 131 150
62 132 147
62 135 12
62 136 153
62 140 24
62 141 122
62 142 102
62 143 35
62 145 49
62 146 36
62 147 141
62 148 99
62 149 71
62 151 55
62 152 22
62 155 132
62 156 17
62 158 29
62 160 109
62 163 39
62 171 128
62 174 122
62 180 29
62 181 86
62 182 109
62 184 136
62 185 36
62 186 104
62 189 145
62 191 155
62 194 13
62 195 3
62 196 51
62 200 91
63 64 53
63 65 94
63 66 49
63 70 35
63 72 98
63 73 51
63 77 77
63 78 59
63 80 103
63 86 41
63 87 110
63 89 85
63 90 85
63 91 154
63 92 56
63 93 83
63 94 16
63 95 64
63 96 68
63 98 41
63 102 60
63 107 40
63 111 80
63 113 150
63 114 57
63 118 77
63 121 79
63 122 73
63 123 24
63 124 138
63 129 65
63 130 146
63 133 83
63 138 55
63 141 39
63 142 97
63 148 137
63 158 139
63 159 62
63 161 14
63 162 70
63 166 106
63 168 144
63 171 61
63 172 64
63 175 34
63 176 117
63 177 21
63 180 83
63 183 150
63 187 67
63 188 21
63 189 73
63 190 93
63 195 65
63 196 49
63 197 8
63 199 80
63 200 113
64 66 116
64 69 84
64 70 74
64 73 118
64 77 19
64 78 120
64 80 154
64 82 79
64 83 107
64 84 157
64 86 11
64 87 1
64 89 45
64 91 56
64 94 68
64 95 42
64 96 127
64 97 63
64 99 129
64 100 62
64 106 95
64 112 131
64 113 66
64 115 149
64 116 34
64 117 76
64 119 153
64 121 24
64 122 72
64 123 137
64 124 17
64 125 150
64 127 83
64 130 101
64 133 159
64 136 79
64 137 29
64 138 32
64 142 83
64 145 2
64 147 124
64 148 75
64 151 36
64 154 11
64 155 30
64 156 21
64 161 66
64 163 90
64 167 134
64 168 31
64 173 95
64 177 96
64 178 34
64 180 82
64 181 70
64 183 36
64 184 158
64 185 160
64 186 42
64 188 151
64 190 99
64 192 10
64 194 80
64 197 72
65 68 29
65 70 17
65 71 6
65 73 46
65 74 120
65 77 102
65 82 61
65 84 27
65 86 93
65 89 65
65 91 47
65 96 54
65 99 119
65 101 127
65 106 16
65 107 84
65 110 102
65 113 103
65 116 95
65 124 159
65 127 30
65 129 141
65 135 136
65 137 157
65 142 5
65 143 98
65 144 72
65 145 2
65 151 82
65 152 34
65 156 53
65 158 67
65 160 72
65 171 65
65 173 122
65 176 102
65 177 145
65 181 51
65 184 83
65 186 151
65 191 111
65 192 16
65 196 27
65 197 11
65 198 35
65 199 124
66 68 122
66 69 27
66 70 140
66 75 44
66 77 116
66 82 122
66 86 44
66 90 132
66 92 149
66 94 84
66 95 150
66 96 80
66 98 144
66 101 160
66 105 102
66 109 34
66 110 108
66 112 25
66 113 136
66 115 143
66 118 138
66 121 27
66 122 21
66 124 97
66 128 87
66 130 82
66 131 53
66 132 95
66 133 142
66 134 146
66 136 4
66 138 129
66 143 107
66 144 91
66 145 63
66 146 138
66 148 40
66 150 39
66 151 33
66 153 73
66 157 24
66 160 48
66 161 89
66 165 74
66 166 24
66 173 131
66 175 3
66 179 103
66 180 107
66 181 130
66 185 53
66 189 73
66 190 87
66 194 44
66 197 91
66 198 115
66 199 35
67 68 113
67 70 141
67 71 70
67 73 125
67 74 48
67 75 160
67 80 104
67 82 140
67 86 88
67 87 152
67 91 23
67 94 141
67 95 3
67 99 96
67 101 123
67 102 144
67 105 31
67 110 37
67 112 47
67 113 104
67 114 78
67 116 10
67 118 9
67 122 36
67 125 72
67 129 10
67 130 8
67 132 143
67 133 4
67 134 84
67 140 126
67 143 50
67 146 128
67 147 96
67 148 65
67 150 88
67 151 64
67 153 77
67 155 17
67 159 31
67 160 131
67 163 15
67 165 30
67 168 73
67 169 67
67 172 112
67 175 12
67 176 111
67 179 29
67 182 79
67 183 154
67 187 143
67 188 48
67 191 73
67 193 130
67 195 53
67 196 73
67 197 68
67 198 140
67 200 26
68 69 21
68 70 8
68 74 79
68 76 17
68 83 106
68 84 147
68 86 46
68 88 80
68 93 76
68 95 70
68 98 41
68 99 134
68 101 114
68 106 25
68 111 90
68 113 41
68 114 11
68 118 4
68 122 144
68 125 18
68 126 16
68 128 104
68 130 128
68 132 4
68 134 140
68 135 121
68 136 98
68 143 54
68 144 87
68 145 130
68 149 82
68 152 32
68 153 66
68 161 45
68 164 35
68 165 105
68 166 70
68 169 39
68 171 132
68 172 28
68 173 10
68 176 70
68 180 144
68 182 54
68 184 121
68 187 27
68 189 49
68 190 138
68 193 10
68 195 12
68 197 61
69 70 118
69 72 36
69 73 130
69 74 142
69 77 48
69 79 88
69 80 34
69 85 108
69 87 147
69 88 113
69 89 62
69 91 6
69 95 29
69 96 109
69 98 132
69 99 6
69 101 82
69 106 84
69 111 100
69 112 83
69 113 58
69 116 98
69 120 10
69 121 87
69 128 94
69 130 120
69 131 146
69 134 7
69 135 52
69 137 30
69 138 53
69 139 53
69 141 64
69 142 121
69 144 105
69 145 23
69 147 19
69 148 76
69 151 134
69 153 24
69 155 146
69 157 67
69 159 60
69 161 43
69 162 78
69 163 28
69 166 117
69 170 8
69 172 58
69 176 148
69 177 9
69 182 53
69 183 133
69 184 35
69 185 62
69 192 158
69 193 122
69 194 60
69 196 158
69 197 89
69 200 42
70 72 70
70 74 86
70 77 144
70 81 63
70 83 60
70 84 7
70 86 12
70 89 81
70 91 92
70 92 81
70 94 21
70 103 36
70 104 78
70 107 93
70 108 148
70 111 46
70 114 17
70 120 117
70 124 94
70 128 71
70 129 64
70 131 26
70 132 9
70 134 1
70 136 155
70 138 57
70 140 21
70 141 10
70 143 20
70 144 63
70 147 106
70 149 18
70 151 150
70 152 30
70 156 42
70 158 45
70 159 54
70 161 121
70 165 93
70 169 113
70 172 56
70 173 10
70 174 15
70 177 131
70 178 141
70 181 92
70 185 37
70 186 116
70 191 50
70 199 133
71 72 4
71 80 58
71 84 155
71 87 52
71 88 87
71 91 69
71 100 14
71 101 107
71 104 120
71 105 38
71 108 56
71 110 121
71 111 104
71 113 122
71 115 142
71 117 21
71 118 6
71 120 153
71 121 17
71 123 40
71 124 5
71 128 127
71 129 76
71 130 27
71 134 157
71 137 122
71 139 119
71 141 78
71 145 147
71 146 26
71 148 30
71 151 144
71 157 121
71 159 31
71 160 135
71 165 142
71 166 9
71 167 120
71 169 141
71 170 94
71 171 64
71 174 152
71 175 45
71 176 61
71 177 17
71 178 17
71 179 51
71 182 92
71 185 139
71 188 35
71 195 50
72 75 52
72 86 69
72 88 132
72 90 19
72 92 55
72 93 137
72 94 64
72 96 121
72 97 101
72 100 151
72 102 33
72 103 91
72 104 39
72 105 46
72 110 96
72 111 114
72 112 54
72 114 57
72 116 110
72 118 106
72 119 143
72 121 133
72 126 2
72 128 151
72 130 54
72 131 108
72 132 8
72 134 99
72 136 46
72 139 14
72 141 101
72 144 129
72 147 150
72 151 46
72 152 50
72 156 37
72 159 127
72 164 140
72 166 49
72 167 131
72 169 73
72 170 133
72 171 80
72 172 37
72 174 16
72 178 127
72 181 9
72 183 37
72 184 137
72 185 72
72 186 78
72 189 79
72 190 150
72 193 130
72 195 109
72 196 68
72 199 37
73 74 101
73 77 118
73 78 99
73 79 50
73 82 78
73 85 86
73 87 55
73 89 47
73 90 4
73 95 52
73 100 37
73 102 136
73 103 85
73 106 3
73 107 117
73 110 128
73 112 79
73 115 79
73 121 136
73 122 122
73 127 122
73 130 134
73 131 73
73 132 14
73 133 63
73 134 81
73 137 72
73 142 64
73 143 36
73 144 151
73 147 156
73 148 30
73 149 26
73 150 123
73 153 43
73 156 113
73 161 29
73 163 62
73 167 149
73 168 128
73 171 99
73 172 99
73 173 154
73 175 11
73 176 63
73 178 126
73 183 61
73 186 109
73 189 148
73 193 116
73 198 116
73 199 79
74 75 110
74 78 45
74 82 85
74 85 59
74 94 34
74 95 71
74 98 111
74 100 48
74 103 149
74 107 15
74 114 130
74 117 24
74 118 62
74 122 129
74 124 132
74 126 128
74 129 16
74 133 145
74 140 47
74 144 86
74 147 110
74 150 41
74 154 134
74 156 41
74 157 145
74 161 26
74 162 61
74 163 32
74 164 46
74 165 97
74 170 44
74 171 144
74 175 43
74 176 66
74 183 58
74 184 102
74 185 68
74 186 140
74 187 46
74 194 111
74 196 94
75 76 96
75 78 149
75 86 152
75 89 27
75 90 155
75 96 45
75 97 45
75 103 64
75 104 45
75 105 122
75 106 120
75 108 8
75 110 135
75 112 149
75 114 130
75 117 25
75 123 115
75 124 23
75 130 17
75 131 21
75 132 31
75 133 74
75 134 42
75 135 120
75 136 25
75 138 51
75 141 91
75 145 66
75 147 128
75 149 95
75 150 3
75 152 104
75 161 19
75 163 42
75 164 95
75 165 47
75 166 149
75 172 118
75 173 25
75 174 32
75 176 54
75 179 60
75 180 84
75 181 72
75 183 95
75 184 40
75 186 120
75 190 93
75 192 9
75 193 140
75 196 133
75 197 24
76 79 46
76 80 48
76 84 65
76 87 106
76 88 59
76 89 34
76 90 149
76 91 9
76 93 25
76 95 137
76 100 151
76 105 23
76 107 37
76 111 108
76 113 138
76 114 158
76 115 93
76 118 75
76 122 49
76 123 98
76 124 140
76 127 90
76 128 140
76 130 33
76 133 148
76 137 52
76 141 57
76 142 1
76 145 99
76 146 29
76 147 5
76 149 15
76 152 71
76 154 47
76 155 111
76 156 17
76 158 123
76 159 48
76 161 46
76 162 89
76 167 82
76 169 11
76 170 110
76 171 150
76 172 100
76 175 4
76 176 155
76 177 96
76 179 101
76 181 29
76 186 61
76 194 7
76 195 94
76 197 48
76 198 47
77 79 35
77 80 53
77 81 47
77 84 20
77 85 51
77 87 68
77 88 125
77 90 131
77 91 91
77 92 55
77 94 86
77 95 108
77 96 18
77 99 135
77 100 84
77 101 92
77 102 84
77 103 103
77 105 29
77 108 103
77 109 141
77 111 49
77 118 29
77 119 94
77 120 89
77 122 148
77 124 127
77 125 84
77 132 141
77 134 9
77 138 97
77 142 55
77 144 103
77 145 115
77 147 99
77 148 30
77 151 157
77 154 40
77 155 51
77 159 11
77 160 129
77 162 74
77 163 153
77 166 141
77 168 142
77 170 67
77 175 105
77 178 13
77 179 8
77 180 43
77 182 14
77 187 143
77 191 86
77 192 120
77 193 78
77 198 124
78 79 142
78 86 104
78 88 88
78 89 19
78 92 150
78 94 60
78 95 19
78 97 68
78 99 138
78 101 32
78 104 110
78 109 131
78 112 81
78 113 98
78 115 141
78 118 145
78 122 24
78 124 131
78 127 48
78 129 157
78 132 36
78 136 77
78 140 117
78 143 111
78 144 77
78 145 148
78 146 156
78 147 90
78 149 145
78 150 122
78 152 84
78 155 141
78 163 124
78 164 71
78 165 57
78 169 117
78 172 78
78 174 51
78 176 144
78 179 32
78 181 107
78 184 52
78 187 158
78 189 52
78 190 71
78 193 25
78 198 135
78 199 107
79 81 145
79 84 10
79 85 83
79 86 124
79 88 78
79 90 35
79 91 109
79 93 11
79 94 139
79 97 86
79 99 17
79 103 123
79 104 103
79 105 115
79 109 66
79 111 1
79 112 130
79 119 126
79 120 32
79 121 59
79 125 51
79 126 11
79 128 117
79 129 132
79 131 110
79 132 40
79 133 59
79 139 108
79 143 84
79 144 135
79 146 120
79 147 33
79 150 121
79 151 12
79 152 16
79 153 75
79 158 121
79 159 86
79 160 27
79 162 125
79 166 51
79 170 16
79 173 32
79 182 120
79 183 69
79 184 43
79 188 34
79 189 65
79 190 143
79 191 68
79 194 56
79 196 10
79 197 101
79 198 39
80 85 23
80 86 52
80 87 130
80 89 94
80 90 47
80 91 90
80 92 96
80 93 17
80 94 146
80 96 8
80 105 151
80 106 32
80 109 66
80 113 111
80 116 160
80 117 51
80 121 134
80 130 16
80 132 67
80 133 156
80 135 157
80 140 150
80 147 21
80 152 130
80 153 19
80 154 135
80 158 58
80 159 111
80 162 135
80 163 92
80 167 40
80 171 44
80 178 126
80 179 91
80 183 153
80 184 60
80 185 64
80 192 93
80 194 153
80 200 55
81 83 84
81 87 9
81 91 131
81 95 137
81 101 156
81 102 4
81 106 112
81 108 19
81 115 108
81 123 107
81 128 23
81 130 91
81 138 46
81 139 126
81 140 89
81 141 25
81 143 56
81 144 36
81 145 90
81 146 100
81 147 147
81 148 66
81 154 69
81 156 158
81 158 4
81 160 88
81 161 64
81 162 78
81 164 41
81 166 95
81 167 66
81 168 146
81 170 138
81 172 4
81 176 38
81 177 52
81 180 125
81 187 121
81 189 68
81 194 50
81 196 58
81 197 56
81 199 108
81 200 113
82 83 4
82 84 152
82 86 19
82 88 117
82 89 121
82 91 15
82 109 127
82 110 122
82 122 29
82 123 84
82 124 109
82 125 5
82 126 6
82 128 54
82 129 67
82 130 133
82 132 137
82 135 19
82 140 2
82 141 85
82 142 126
82 144 72
82 145 35
82 147 49
82 150 53
82 151 39
82 153 80
82 155 75
82 157 33
82 160 152
82 161 41
82 162 86
82 164 39
82 167 92
82 168 103
82 170 114
82 171 41
82 172 122
82 173 13
82 176 28
82 177 140
82 181 159
82 192 136
82 195 19
82 197 11
83 86 145
83 87 33
83 89 99
83 90 138
83 95 54
83 96 44
83 97 105
83 103 32
83 106 64
83 108 157
83 110 88
83 113 128
83 114 70
83 117 24
83 118 74
83 120 56
83 121 148
83 122 71
83 123 45
83 124 111
83 130 33
83 133 27
83 135 87
83 139 150
83 141 107
83 144 25
83 145 150
83 148 148
83 150 155
83 151 71
83 153 106
83 155 134
83 156 13
83 158 47
83 159 42
83 161 64
83 162 63
83 163 160
83 174 110
83 177 22
83 182 57
83 183 66
83 185 104
83 189 53
83 193 122
83 194 67
83 196 111
83 198 43
84 87 98
84 88 67
84 89 19
84 90 121
84 91 48
84 92 1
84 93 130
84 95 104
84 98 26
84 100 66
84 103 25
84 105 16
84 108 54
84 115 109
84 117 94
84 120 56
84 123 140
84 126 5
84 130 15
84 131 134
84 132 58
84 135 43
84 136 155
84 137 141
84 138 27
84 142 115
84 144 86
84 148 3
84 149 117
84 154 45
84 157 47
84 159 113
84 160 36
84 161 140
84 163 79
84 164 98
84 171 14
84 173 65
84 178 132
84 179 62
84 183 10
84 184 158
84 185 118
84 187 133
84 189 14
84 193 150
84 197 58
84 199 29
85 87 157
85 90 8
85 91 59
85 92 152
85 93 159
85 94 116
85 95 75
85 101 143
85 102 152
85 108 90
85 113 31
85 114 16
85 118 127
85 119 92
85 122 56
85 123 135
85 124 33
85 125 136
85 126 128
85 128 72
85 130 76
85 131 71
85 133 10
85 134 118
85 136 32
85 139 73
85 142 45
85 143 104
85 144 65
85 149 125
85 152 137
85 153 139
85 160 38
85 163 150
85 169 82
85 170 43
85 172 84
85 175 129
85 177 157
85 178 38
85 181 159
85 182 108
85 183 103
85 184 10
85 185 152
85 187 153
85 191 6
85 193 21
85 195 66
85 200 79
86 91 133
86 92 79
86 100 150
86 101 139
86 103 54
86 104 145
86 105 126
86 106 101
86 108 150
86 109 91
86 110 112
86 116 143
86 118 122
86 120 19
86 122 60
86 124 125
86 125 51
86 126 140
86 134 18
86 136 54
86 139 83
86 140 46
86 142 80
86 143 53
86 144 95
86 148 32
86 149 105
86 153 126
86 161 93
86 163 117
86 166 28
86 171 64
86 172 39
86 178 157
86 181 137
86 182 48
86 183 93
86 184 56
86 185 63
86 186 128
86 188 69
86 190 72
86 191 98
86 192 41
86 194 70
86 195 30
86 196 137
86 197 152
86 198 49
86 199 61
86 200 63
87 89 133
87 90 42
87 92 113
87 93 118
87 100 59
87 101 136
87 108 78
87 112 120
87 115 96
87 118 94
87 121 78
87 125 86
87 129 110
87 130 156
87 133 106
87 136 89
87 137 62
87 138 148
87 144 100
87 147 9
87 148 35
87 151 139
87 153 97
87 154 2
87 157 2
87 158 97
87 169 149
87 176 62
87 177 65
87 178 52
87 185 40
87 186 139
87 190 151
87 197 58
87 198 156
88 95 42
88 96 84
88 97 63
88 102 75
88 106 10
88 107 156
88 108 153
88 110 3
88 113 103
88 118 154
88 121 57
88 123 146
88 125 114
88 129 103
88 130 134
88 136 4
88 139 64
88 143 28
88 146 49
88 151 86
88 152 32
88 155 35
88 157 127
88 158 100
88 160 65
88 161 119
88 163 128
88 168 144
88 169 68
88 171 57
88 175 8
88 178 37
88 179 85
88 182 11
88 185 137
88 187 134
88 188 70
88 190 8
88 192 36
88 195 34
88 197 93
88 198 32
88 199 28
89 90 28
89 91 61
89 95 125
89 97 134
89 98 94
89 99 157
89 100 22
89 102 1
89 103 160
89 105 70
89 109 40
89 111 85
89 112 24
89 113 121
89 114 28
89 115 23
89 120 71
89 125 66
89 126 100
89 127 28
89 129 112
89 131 102
89 132 13
89 133 135
89 136 100
89 139 134
89 140 20
89 141 91
89 145 142
89 147 66
89 151 102
89 152 113
89 156 4
89 158 34
89 160 31
89 161 101
89 164 147
89 165 137
89 166 160
89 167 84
89 168 97
89 174 8
89 175 51
89 176 102
89 178 125
89 180 61
89 181 64
89 183 62
89 185 4
89 186 142
89 190 105
89 191 25
89 193 132
89 198 43
89 200 10
90 97 51
90 99 150
90 100 65
90 103 149
90 104 80
90 107 133
90 111 102
90 116 42
90 119 45
90 121 32
90 122 37
90 124 73
90 125 56
90 129 11
90 132 118
90 142 39
90 143 158
90 144 46
90 145 109
90 147 61
90 149 117
90 152 21
90 154 34
90 155 70
90 157 86
90 160 88
90 161 82
90 165 82
90 168 62
90 169 5
90 187 128
90 192 72
90 195 102
91 92 50
91 93 56
91 96 86
91 98 103
91 99 54
91 102 74
91 104 42
91 105 43
91 108 79
91 109 46
91 110 63
91 112 19
91 116 2
91 118 84
91 120 107
91 121 18
91 122 125
91 123 73
91 125 105
91 127 143
91 130 92
91 131 95
91 133 105
91 135 1
91 137 46
91 140 17
91 145 36
91 147 137
91 149 34
91 152 137
91 154 146
91 157 120
91 161 111
91 163 100
91 168 119
91 169 152
91 170 99
91 171 79
91 173 11
91 174 116
91 177 79
91 180 159
91 182 16
91 184 42
91 185 127
91 186 37
91 187 24
91 188 51
91 189 32
91 191 16
91 194 100
91 195 44
91 196 107
91 198 40
92 93 37
92 95 18
92 99 112
92 101 125
92 104 59
92 105 82
92 107 96
92 109 147
92 115 115
92 121 156
92 122 133
92 123 45
92 124 145
92 125 49
92 132 115
92 133 103
92 142 73
92 143 14
92 151 159
92 153 133
92 156 124
92 158 52
92 160 87
92 163 128
92 165 124
92 166 132
92 167 116
92 169 8
92 172 127
92 174 10
92 177 126
92 179 94
92 183 8
92 184 131
92 188 119
92 190 37
92 191 132
92 192 132
92 194 58
92 195 128
92 197 130
92 200 144
93 95 16
93 97 46
93 99 61
93 103 33
93 105 10
93 109 69
93 112 59
93 113 130
93 114 19
93 115 95
93 117 109
93 119 151
93 123 127
93 124 59
93 127 25
93 128 101
93 129 14
93 130 97
93 131 39
93 135 20
93 136 136
93 138 13
93 140 76
93 143 98
93 149 55
93 151 76
93 153 138
93 158 80
93 160 2
93 161 113
93 164 160
93 169 38
93 171 88
93 173 9
93 175 98
93 178 150
93 187 130
93 189 139
93 193 80
93 195 109
93 197 152
93 198 81
94 95 43
94 99 137
94 100 111
94 102 33
94 104 25
94 107 80
94 111 121
94 113 81
94 115 53
94 116 57
94 118 130
94 121 46
94 123 110
94 127 119
94 129 33
94 130 122
94 134 151
94 140 158
94 142 6
94 145 137
94 148 117
94 152 104
94 153 56
94 154 71
94 158 67
94 161 73
94 162 70
94 163 26
94 172 30
94 173 35
94 174 142
94 176 57
94 177 26
94 179 95
94 180 148
94 183 152
94 184 51
94 185 110
94 186 11
94 187 75
94 188 54
94 193 116
94 195 101
95 102 86
95 108 85
95 111 107
95 113 109
95 114 140
95 115 26
95 116 138
95 121 92
95 122 105
95 123 111
95 124 83
95 130 69
95 136 156
95 139 127
95 141 58
95 143 44
95 147 71
95 149 150
95 151 137
95 154 53
95 158 34
95 159 78
95 161 67
95 164 39
95 169 143
95 172 11
95 174 44
95 186 103
95 188 65
95 189 39
95 190 26
95 191 158
95 192 31
95 194 55
95 198 106
95 199 51
96 97 27
96 100 44
96 105 126
96 106 157
96 107 121
96 111 76
96 117 41
96 118 142
96 121 117
96 123 53
96 125 25
96 128 83
96 130 63
96 134 41
96 135 8
96 139 59
96 140 69
96 141 113
96 142 83
96 144 80
96 146 109
96 147 49
96 149 77
96 151 128
96 152 146
96 158 115
96 163 149
96 165 69
96 166 116
96 170 122
96 174 63
96 175 109
96 181 58
96 182 149
96 185 86
96 187 152
96 188 10
96 189 84
96 192 68
96 197 74
96 198 121
97 99 43
97 100 155
97 101 14
97 102 129
97 105 56
97 107 124
97 108 77
97 111 20
97 112 70
97 113 65
97 114 113
97 120 130
97 122 30
97 125 144
97 129 35
97 132 45
97 138 92
97 139 137
97 142 12
97 143 92
97 146 32
97 150 153
97 158 4
97 160 129
97 162 160
97 163 58
97 164 103
97 165 138
97 168 34
97 169 109
97 171 115
97 173 75
97 177 35
97 179 114
97 181 76
97 182 121
97 183 28
97 184 26
97 190 108
97 192 42
97 193 73
98 102 142
98 107 24
98 108 31
98 109 76
98 110 31
98 111 124
98 112 146
98 113 34
98 116 36
98 119 108
98 120 40
98 121 18
98 122 72
98 125 66
98 127 118
98 131 127
98 137 80
98 140 101
98 144 134
98 149 156
98 150 64
98 154 82
98 162 154
98 165 66
98 166 123
98 167 109
98 169 102
98 171 25
98 172 133
98 174 69
98 177 122
98 178 21
98 180 31
98 182 156
98 188 140
98 189 80
98 193 130
98 196 129
98 200 137
99 100 51
99 102 63
99 103 73
99 108 105
99 110 117
99 111 11
99 116 132
99 117 43
99 120 64
99 121 38
99 122 34
99 130 12
99 133 131
99 135 23
99 136 108
99 138 118
99 140 145
99 142 54
99 143 24
99 145 140
99 147 20
99 148 73
99 150 66
99 152 11
99 153 43
99 155 48
99 158 75
99 159 107
99 161 13
99 164 60
99 165 37
99 166 37
99 168 52
99 169 14
99 170 24
99 171 118
99 173 124
99 174 118
99 176 67
99 180 139
99 181 93
99 182 55
99 183 22
99 184 44
99 185 86
99 187 100
99 190 127
99 194 129
99 195 64
99 196 156
99 197 151
99 200 7
100 101 60
100 102 3
100 105 83
100 106 91
100 108 56
100 110 102
100 111 28
100 116 25
100 119 26
100 124 40
100 127 122
100 129 74
100 131 136
100 132 6
100 134 37
100 135 19
100 140 62
100 144 49
100 145 114
100 146 135
100 152 15
100 154 38
100 155 93
100 156 37
100 158 9
100 160 142
100 161 93
100 168 39
100 169 93
100 170 53
100 174 109
100 176 77
100 177 26
100 181 93
100 183 83
100 184 34
100 186 151
100 188 31
100 189 52
100 190 49
100 195 36
100 199 95
100 200 92
101 102 39
101 103 123
101 107 130
101 108 7
101 111 89
101 114 66
101 116 119
101 117 141
101 121 150
101 137 30
101 142 103
101 143 44
101 144 84
101 145 143
101 147 39
101 148 4
101 149 29
101 150 2
101 152 144
101 155 40
101 156 17
101 157 72
101 162 88
101 164 83
101 166 145
101 168 123
101 171 77
101 174 12
101 183 116
101 186 101
101 192 129
101 193 44
101 195 150
101 198 85
101 199 69
102 105 13
102 110 55
102 112 88
102 114 77
102 121 36
102 122 139
102 123 21
102 124 139
102 125 134
102 127 11
102 130 51
102 131 56
102 133 87
102 135 122
102 136 112
102 141 98
102 142 146
102 144 99
102 146 138
102 147 51
102 149 19
102 150 26
102 151 101
102 155 138
102 157 49
102 158 82
102 160 113
102 162 148
102 163 100
102 164 75
102 169 131
102 170 46
102 171 151
102 175 95
102 176 158
102 177 70
102 179 128
102 180 145
102 181 78
102 182 113
102 184 82
102 188 102
102 191 9
102 192 12
102 196 138
103 104 99
103 113 135
103 114 44
103 118 28
103 123 111
103 124 2
103 125 23
103 127 153
103 130 57
103 134 23
103 136 57
103 137 116
103 138 128
103 139 11
103 141 73
103 142 46
103 147 7
103 150 47
103 151 104
103 153 66
103 158 54
103 166 13
103 167 21
103 169 140
103 172 24
103 176 15
103 181 116
103 182 5
103 183 85
103 184 139
103 188 85
103 189 111
103 191 125
103 194 87
103 195 103
103 197 139
104 106 109
104 110 63
104 118 68
104 119 37
104 120 42
104 121 1
104 122 33
104 123 20
104 124 43
104 126 40
104 128 62
104 130 96
104 133 24
104 137 33
104 139 62
104 140 65
104 141 46
104 145 158
104 146 57
104 154 20
104 155 31
104 156 102
104 162 145
104 163 104
104 165 110
104 168 92
104 173 67
104 174 49
104 175 70
104 176 36
104 177 122
104 179 75
104 181 14
104 182 147
104 183 98
104 184 88
104 186 138
104 189 103
104 190 66
104 191 5
104 193 62
104 197 97
105 108 60
105 110 141
105 111 119
105 114 37
105 115 66
105 121 101
105 123 50
105 126 122
105 127 113
105 128 56
105 134 125
105 142 90
105 144 71
105 145 61
105 146 85
105 148 38
105 149 76
105 153 151
105 154 22
105 157 5
105 159 8
105 160 119
105 164 65
105 165 66
105 166 145
105 167 22
105 168 42
105 169 114
105 171 110
105 177 157
105 178 80
105 180 88
105 181 19
105 184 130
105 185 7
105 188 38
105 190 101
105 192 154
105 198 132
105 199 104
105 200 140
106 108 60
106 110 12
106 114 147
106 115 13
106 116 129
106 119 32
106 120 56
106 122 14
106 126 82
106 131 124
106 132 160
106 134 83
106 135 39
106 137 121
106 141 80
106 144 152
106 151 118
106 152 50
106 154 47
106 160 127
106 161 67
106 162 127
106 164 56
106 165 42
106 169 62
106 180 123
106 185 109
106 186 24
106 189 77
106 193 154
106 197 158
107 111 48
107 113 152
107 115 28
107 119 122
107 120 76
107 124 113
107 125 48
107 129 151
107 132 5
107 136 80
107 137 132
107 139 42
107 144 11
107 147 30
107 150 132
107 153 82
107 154 5
107 155 24
107 160 30
107 161 29
107 162 65
107 164 64
107 165 34
107 168 85
107 171 106
107 172 77
107 173 10
107 174 50
107 176 87
107 178 16
107 181 62
107 184 79
107 187 112
107 189 128
107 191 14
107 192 100
107 194 12
107 199 102
107 200 4
108 109 156
108 115 121
108 116 39
108 118 26
108 119 153
108 125 47
108 128 82
108 131 128
108 133 32
108 134 157
108 136 67
108 147 129
108 152 139
108 153 44
108 154 5
108 157 109
108 159 148
108 161 125
108 163 74
108 170 35
108 172 150
108 173 7
108 182 41
108 186 59
108 192 84
108 193 76
108 194 50
108 195 40
108 196 70
108 197 39
108 199 30
109 110 85
109 111 80
109 113 18
109 114 138
109 115 86
109 119 41
109 125 82
109 131 137
109 132 142
109 138 18
109 141 26
109 142 82
109 143 106
109 144 148
109 148 100
109 151 37
109 155 47
109 157 86
109 163 7
109 171 113
109 173 75
109 178 39
109 179 52
109 185 6
109 187 112
109 189 97
109 191 18
109 192 58
109 193 143
109 194 5
109 195 80
109 198 113
109 200 111
110 112 79
110 113 37
110 117 21
110 119 23
110 123 145
110 124 30
110 126 107
110 127 38
110 128 56
110 129 157
110 133 15
110 135 86
110 136 120
110 137 101
110 139 8
110 142 136
110 143 138
110 145 119
110 146 110
110 148 156
110 154 33
110 155 26
110 163 33
110 164 29
110 165 26
110 167 12
110 170 31
110 171 108
110 173 87
110 175 117
110 178 143
110 180 23
110 181 126
110 183 135
110 187 73
110 190 119
110 194 79
110 195 146
110 197 120
110 198 110
110 199 64
111 112 71
111 113 11
111 114 74
111 118 66
111 121 96
111 122 94
111 124 152
111 125 57
111 127 103
111 128 41
111 129 95
111 137 73
111 138 11
111 143 123
111 144 124
111 150 124
111 155 81
111 156 75
111 161 36
111 163 74
111 166 40
111 167 69
111 168 69
111 172 75
111 174 136
111 176 10
111 179 63
111 181 46
111 186 120
111 193 89
111 195 136
111 196 159
111 197 23
111 199 115
111 200 124
112 113 60
112 119 28
112 120 51
112 122 27
112 123 132
112 132 37
112 135 154
112 137 3
112 142 71
112 145 7
112 146 35
112 147 72
112 152 19
112 156 7
112 158 14
112 159 52
112 160 84
112 163 20
112 164 121
112 165 26
112 167 6
112 171 158
112 173 154
112 174 114
112 180 50
112 181 104
112 182 136
112 183 29
112 184 24
112 187 135
112 188 60
112 192 92
112 196 59
112 198 138
113 114 51
113 115 109
113 125 124
113 126 91
113 128 66
113 129 7
113 131 51
113 132 95
113 135 85
113 136 49
113 140 60
113 145 80
113 147 45
113 148 139
113 149 68
113 152 121
113 155 92
113 157 59
113 158 132
113 160 82
113 162 5
113 164 43
113 165 54
113 167 55
113 168 154
113 177 23
113 179 99
113 180 36
113 181 40
113 184 131
113 185 31
113 186 138
113 189 60
113 192 90
113 195 32
113 196 48
113 199 89
113 200 41
114 115 60
114 121 46
114 124 84
114 130 15
114 133 74
114 139 142
114 144 109
114 146 25
114 147 87
114 152 62
114 155 130
114 158 93
114 160 114
114 164 34
114 165 129
114 166 47
114 167 3
114 168 48
114 169 5
114 171 104
114 172 26
114 174 37
114 176 150
114 178 136
114 180 2
114 181 156
114 182 62
114 183 63
114 186 5
114 187 63
114 191 148
114 193 89
114 194 4
114 195 54
114 196 136
114 199 120
114 200 21
115 119 84
115 120 123
115 122 40
115 123 144
115 124 154
115 125 154
115 127 157
115 130 70
115 133 149
115 140 21
115 143 35
115 144 148
115 145 74
115 147 36
115 148 90
115 150 158
115 154 81
115 155 144
115 156 90
115 159 139
115 162 139
115 167 9
115 170 83
115 173 64
115 177 154
115 178 160
115 180 106
115 181 63
115 182 113
115 183 129
115 185 69
115 187 14
115 188 149
115 193 12
115 196 131
115 198 32
115 200 99
116 119 20
116 124 81
116 125 109
116 127 83
116 128 8
116 129 66
116 130 23
116 135 90
116 140 72
116 143 40
116 146 116
116 148 51
116 151 63
116 152 56
116 158 132
116 160 96
116 162 143
116 168 138
116 173 6
116 175 3
116 182 74
116 183 120
116 184 113
116 185 151
116 189 97
116 193 28
116 200 130
117 118 12
117 120 28
117 127 61
117 132 63
117 134 130
117 135 61
117 137 49
117 138 29
117 142 23
117 144 40
117 151 124
117 153 54
117 154 145
117 156 138
117 159 148
117 160 83
117 161 134
117 166 72
117 167 120
117 168 87
117 170 28
117 172 94
117 174 91
117 178 157
117 179 34
117 180 13
117 182 27
117 185 15
117 187 84
117 190 20
117 191 108
117 195 9
117 197 90
117 198 126
117 199 6
118 121 81
118 126 92
118 128 106
118 129 142
118 134 107
118 138 48
118 139 142
118 145 54
118 153 128
118 156 1
118 159 3
118 160 38
118 164 22
118 165 27
118 172 27
118 173 158
118 174 26
118 175 118
118 179 105
118 180 22
118 181 13
118 184 33
118 189 132
118 190 123
118 195 154
118 196 104
118 199 17
119 120 79
119 124 99
119 125 61
119 129 23
119 130 31
119 137 133
119 142 120
119 143 84
119 146 82
119 147 49
119 152 92
119 156 45
119 161 146
119 163 53
119 164 103
119 166 31
119 167 105
119 171 56
119 172 152
119 175 4
119 177 40
119 179 76
119 181 50
119 182 20
119 183 91
119 185 17
119 187 37
119 188 96
119 190 18
119 192 130
119 193 138
119 194 26
119 195 52
119 197 156
119 198 122
119 199 11
120 123 12
120 124 54
120 125 29
120 128 52
120 130 33
120 131 66
120 136 71
120 137 54
120 138 14
120 140 160
120 141 158
120 142 149
120 144 149
120 150 39
120 155 126
120 160 68
120 161 70
120 165 116
120 166 24
120 168 111
120 171 54
120 174 91
120 179 133
120 184 87
120 185 131
120 187 83
120 191 47
120 192 90
120 193 71
120 195 44
120 197 135
120 198 158
120 199 121
120 200 66
121 122 39
121 124 57
121 126 80
121 129 32
121 131 154
121 132 144
121 137 43
121 139 101
121 141 40
121 143 125
121 148 119
121 149 131
121 150 151
121 152 76
121 153 17
121 154 37
121 155 97
121 156 28
121 157 8
121 158 121
121 160 112
121 167 77
121 168 25
121 171 158
121 172 45
121 173 89
121 180 136
121 181 108
121 182 123
121 183 22
121 184 144
121 189 103
121 194 60
122 123 74
122 124 127
122 126 94
122 127 52
122 130 121
122 131 88
122 133 48
122 136 63
122 137 85
122 141 159
122 151 63
122 158 140
122 161 1
122 162 127
122 166 9
122 168 70
122 169 92
122 170 92
122 175 76
122 180 96
122 182 96
122 184 104
122 187 54
122 188 88
122 189 89
122 196 124
122 197 73
122 199 44
123 127 156
123 129 148
123 130 106
123 134 71
123 138 3
123 139 12
123 148 48
123 150 123
123 151 25
123 152 19
123 154 147
123 157 63
123 158 148
123 160 3
123 161 112
123 162 35
123 166 81
123 169 47
123 175 68
123 176 7
123 178 59
123 179 135
123 181 125
123 182 113
123 183 40
123 184 51
123 187 147
123 193 153
123 195 37
123 196 48
123 197 24
124 126 134
124 127 8
124 128 74
124 129 122
124 131 87
124 134 72
124 135 56
124 136 124
124 138 121
124 139 122
124 146 18
124 147 2
124 148 49
124 153 43
124 155 91
124 157 52
124 164 118
124 165 27
124 167 68
124 169 144
124 170 128
124 173 19
124 176 13
124 178 69
124 179 37
124 183 98
124 185 107
124 187 81
124 188 151
124 190 100
124 191 28
124 196 26
124 200 47
125 126 5
125 127 155
125 130 81
125 133 94
125 134 118
125 138 87
125 139 4
125 140 41
125 141 125
125 142 141
125 143 27
125 149 108
125 155 11
125 158 146
125 161 24
125 165 51
125 166 58
125 169 43
125 170 81
125 173 131
125 180 87
125 181 74
125 183 69
125 184 23
125 185 134
125 187 76
125 190 155
125 198 154
125 200 20
126 127 146
126 131 103
126 134 120
126 136 159
126 140 102
126 141 144
126 144 157
126 148 87
126 152 72
126 155 41
126 157 117
126 158 155
126 161 105
126 162 42
126 163 9
126 166 145
126 167 104
126 168 105
126 173 104
126 177 84
126 178 52
126 180 40
126 182 156
126 183 73
126 184 149
126 186 40
126 188 66
126 189 2
126 190 97
126 191 23
126 196 87
126 199 30
127 128 158
127 130 37
127 131 119
127 132 106
127 133 22
127 134 64
127 137 56
127 139 125
127 140 102
127 143 140
127 145 31
127 147 154
127 148 50
127 152 23
127 156 28
127 158 97
127 161 77
127 163 127
127 164 147
127 165 57
127 171 123
127 173 48
127 175 72
127 176 110
127 180 133
127 182 97
127 183 42
127 185 50
127 187 67
127 189 31
127 190 105
127 191 46
127 197 138
127 199 92
127 200 99
128 131 121
128 134 37
128 140 113
128 144 37
128 150 67
128 152 37
128 156 83
128 159 138
128 163 77
128 164 15
128 166 119
128 176 115
128 177 8
128 180 94
128 194 78
128 195 108
128 196 147
128 200 23
129 130 131
129 137 64
129 139 25
129 140 12
129 144 37
129 147 100
129 152 14
129 153 157
129 154 118
129 159 88
129 160 150
129 161 61
129 162 122
129 168 113
129 175 63
129 176 134
129 177 38
129 181 70
129 182 157
129 184 117
129 187 4
129 188 79
129 190 65
129 191 17
129 193 125
129 196 73
129 197 15
130 133 139
130 134 16
130 146 11
130 147 7
130 149 143
130 151 11
130 152 59
130 153 92
130 156 68
130 157 85
130 158 57
130 160 45
130 168 9
130 172 2
130 179 10
130 184 127
130 185 96
130 190 90
130 191 121
130 192 40
130 194 149
130 196 96
130 197 17
130 198 52
130 200 117
131 134 12
131 135 53
131 140 152
131 141 92
131 142 25
131 145 17
131 147 150
131 148 89
131 149 106
131 150 15
131 154 91
131 156 12
131 164 150
131 166 135
131 167 70
131 168 5
131 169 21
131 170 144
131 171 18
131 174 15
131 175 13
131 178 147
131 180 11
131 184 90
131 188 125
131 189 4
131 192 140
131 194 56
132 136 100
132 137 6
132 140 144
132 143 54
132 144 60
132 145 97
132 149 13
132 152 148
132 154 156
132 156 97
132 163 138
132 174 108
132 182 7
132 185 112
132 188 142
132 190 90
132 193 72
132 195 9
133 134 100
133 136 148
133 137 92
133 139 151
133 141 64
133 144 142
133 148 28
133 153 31
133 154 67
133 155 122
133 156 18
133 162 19
133 164 47
133 166 27
133 171 140
133 173 86
133 177 134
133 178 96
133 181 140
133 184 154
133 186 118
133 192 158
133 197 27
133 199 44
133 200 120
134 135 94
134 136 41
134 137 25
134 140 81
134 141 94
134 143 114
134 145 143
134 148 93
134 151 81
134 153 145
134 157 117
134 158 143
134 161 90
134 162 100
134 166 135
134 167 66
134 176 97
134 177 160
134 179 3
134 184 6
134 187 5
134 189 28
134 191 47
134 194 136
134 196 136
134 198 144
135 136 139
135 147 150
135 149 52
135 154 144
135 155 112
135 159 91
135 161 14
135 162 76
135 166 105
135 169 73
135 170 63
135 171 145
135 172 136
135 175 135
135 181 73
135 183 126
135 184 42
135 187 133
135 189 69
135 192 40
135 194 23
135 195 124
135 198 95
135 199 1
135 200 156
136 137 138
136 140 61
136 141 110
136 144 108
136 147 79
136 152 80
136 154 116
136 157 132
136 160 148
136 166 60
136 167 45
136 168 57
136 170 13
136 171 146
136 177 128
136 178 15
136 179 154
136 180 22
136 187 135
136 188 62
136 193 63
136 195 80
136 196 72
136 198 64
137 140 87
137 144 37
137 146 115
137 147 116
137 148 65
137 149 48
137 151 150
137 153 13
137 154 74
137 158 37
137 161 83
137 162 127
137 164 23
137 166 132
137 171 33
137 176 1
137 180 67
137 182 98
137 185 33
137 186 126
137 190 144
137 191 106
137 194 116
138 139 19
138 144 157
138 145 82
138 147 23
138 148 135
138 152 122
138 153 127
138 156 42
138 157 35
138 159 14
138 164 149
138 167 114
138 168 105
138 169 117
138 170 120
138 175 117
138 177 101
138 178 34
138 182 7
138 183 38
138 184 160
138 187 75
138 191 38
138 192 13
138 195 96
138 197 127
138 200 118
139 142 74
139 145 41
139 147 160
139 153 9
139 154 42
139 156 128
139 157 114
139 159 16
139 160 57
139 161 124
139 170 58
139 175 127
139 185 141
139 187 59
139 188 93
139 191 22
139 194 18
139 195 121
139 196 157
139 199 42
140 142 7
140 143 135
140 144 66
140 146 74
140 151 21
140 158 145
140 159 130
140 160 34
140 162 22
140 163 65
140 166 55
140 167 141
140 169 87
140 173 139
140 175 157
140 177 124
140 178 125
140 180 72
140 184 126
140 185 55
140 188 137
140 191 97
140 192 153
140 200 14
141 142 2
141 145 129
141 146 124
141 153 66
141 157 52
141 162 29
141 163 77
141 166 125
141 168 129
141 169 17
141 171 77
141 173 33
141 174 10
141 176 69
141 178 101
141 184 152
141 189 50
141 195 48
141 198 148
141 199 20
142 146 81
142 148 149
142 149 74
142 154 96
142 155 42
142 156 91
142 157 93
142 158 57
142 160 58
142 161 34
142 162 34
142 163 75
142 168 156
142 174 2
142 175 119
142 176 105
142 178 24
142 181 104
142 182 30
142 183 101
142 185 31
142 187 118
142 191 50
142 192 54
142 193 48
142 194 95
143 146 11
143 149 59
143 150 76
143 152 21
143 154 70
143 159 150
143 161 101
143 162 146
143 164 5
143 169 71
143 170 68
143 171 16
143 174 72
143 178 102
143 179 151
143 180 105
143 181 154
143 183 66
143 186 88
143 187 99
143 190 140
143 191 127
143 193 6
143 196 21
143 198 3
143 200 15
144 145 23
144 149 89
144 153 143
144 159 157
144 160 31
144 165 54
144 167 7
144 171 19
144 172 111
144 176 87
144 178 104
144 179 59
144 185 149
144 187 139
144 189 65
144 191 118
144 193 80
144 194 68
145 146 28
145 150 22
145 152 42
145 157 90
145 160 39
145 163 138
145 164 45
145 166 8
145 169 113
145 171 55
145 174 61
145 176 126
145 179 66
145 181 119
145 182 142
145 184 16
145 185 96
145 191 58
145 192 81
145 193 39
145 197 124
145 198 76
145 199 14
145 200 56
146 147 17
146 149 33
146 153 127
146 156 60
146 159 103
146 161 41
146 162 28
146 163 134
146 164 124
146 167 35
146 169 124
146 172 70
146 175 50
146 177 137
146 178 5
146 179 105
146 183 69
146 190 144
146 194 100
146 197 142
146 198 152
146 200 136
147 151 98
147 153 69
147 155 144
147 160 91
147 164 1
147 165 122
147 168 56
147 169 111
147 170 70
147 178 158
147 179 57
147 181 78
147 183 57
147 184 96
147 185 60
147 186 128
147 188 46
147 190 135
147 191 3
147 193 97
147 197 102
147 200 53
148 152 117
148 153 39
148 156 111
148 159 139
148 160 61
148 165 130
148 167 65
148 169 81
148 170 65
148 175 154
148 177 11
148 180 8
148 181 154
148 182 20
148 183 141
148 185 136
148 187 86
148 191 60
148 192 138
148 193 42
148 194 127
148 196 42
149 154 52
149 160 137
149 167 153
149 172 22
149 173 76
149 176 90
149 177 66
149 178 14
149 179 57
149 182 71
149 185 138
149 187 142
149 189 50
149 199 2
150 154 33
150 155 75
150 156 160
150 157 45
150 158 45
150 159 68
150 160 150
150 161 110
150 169 100
150 170 101
150 172 146
150 173 16
150 174 144
150 177 113
150 178 35
150 179 144
150 180 58
150 182 1
150 184 3
150 186 42
150 191 150
150 193 106
150 195 153
150 197 61
150 198 8
150 199 68
150 200 73
151 161 52
151 162 64
151 163 47
151 165 136
151 171 52
151 172 140
151 173 106
151 174 27
151 181 132
151 182 67
151 184 144
151 186 37
151 189 49
151 197 136
151 198 142
152 153 37
152 154 14
152 157 88
152 161 160
152 165 113
152 167 43
152 168 54
152 169 67
152 172 107
152 177 151
152 178 66
152 179 112
152 180 112
152 181 5
152 182 110
152 183 124
152 189 72
152 193 21
152 194 104
152 198 59
152 199 88
152 200 96
153 155 148
153 159 15
153 160 38
153 163 34
153 170 132
153 173 52
153 179 50
153 182 13
153 186 66
153 187 136
153 194 86
153 199 39
153 200 114
154 156 146
154 159 17
154 161 124
154 162 45
154 166 45
154 168 48
154 169 102
154 170 145
154 173 90
154 178 1
154 179 69
154 183 22
154 185 143
154 186 33
154 189 115
154 193 70
154 196 80
154 198 154
154 199 92
155 156 152
155 159 15
155 161 98
155 165 18
155 166 149
155 170 79
155 172 151
155 173 144
155 174 72
155 180 156
155 184 83
155 187 41
155 188 5
155 189 119
155 193 71
156 157 143
156 158 4
156 162 133
156 163 149
156 165 10
156 177 35
156 180 5
156 183 86
156 184 155
156 190 98
156 194 32
156 197 114
156 199 81
157 160 33
157 162 137
157 164 96
157 170 138
157 176 27
157 178 57
157 180 35
157 183 14
157 184 129
157 185 14
157 191 107
157 193 40
157 196 29
157 200 113
158 159 54
158 163 103
158 164 18
158 168 101
158 170 146
158 171 155
158 173 139
158 175 68
158 178 96
158 181 122
158 182 100
158 184 18
158 186 8
158 188 107
158 189 84
158 191 128
158 198 25
158 199 46
159 162 111
159 166 133
159 167 44
159 168 155
159 171 7
159 172 20
159 173 20
159 174 51
159 175 133
159 176 25
159 182 74
159 192 22
159 196 146
159 197 159
159 200 51
160 163 136
160 165 122
160 166 71
160 168 54
160 169 103
160 170 72
160 171 17
160 177 85
160 181 13
160 187 108
160 191 100
160 196 115
160 200 65
161 164 45
161 169 8
161 170 12
161 171 70
161 175 20
161 178 159
161 180 116
161 181 110
161 182 40
161 184 145
161 185 96
161 186 29
161 192 88
161 193 86
161 195 57
161 196 146
161 197 17
161 199 59
161 200 142
162 164 147
162 165 125
162 167 114
162 169 21
162 172 72
162 174 128
162 175 153
162 176 36
162 177 61
162 178 17
162 183 14
162 184 142
162 188 24
162 189 29
162 190 80
162 196 32
162 200 65
163 165 23
163 167 69
163 173 100
163 176 87
163 180 16
163 185 54
163 186 113
163 187 160
163 189 75
163 192 110
163 195 107
163 196 59
163 197 47
164 165 79
164 169 7
164 170 111
164 172 78
164 174 95
164 176 74
164 177 54
164 183 134
164 187 123
164 188 56
164 192 104
164 193 47
164 199 74
165 167 155
165 174 23
165 179 71
165 185 107
165 187 151
165 189 159
165 193 138
165 197 18
165 199 125
165 200 129
166 167 51
166 169 26
166 179 88
166 183 34
166 186 128
166 187 140
166 193 61
166 196 44
166 199 104
166 200 10
167 168 99
167 169 45
167 171 157
167 172 123
167 176 35
167 182 123
167 183 7
167 187 141
167 188 56
167 192 18
167 193 39
167 197 23
167 198 41
167 199 18
168 171 105
168 174 84
168 175 10
168 180 109
168 184 19
168 186 61
168 189 105
168 191 30
168 192 39
168 193 53
168 195 1
168 197 126
168 199 46
168 200 157
169 170 105
169 171 110
169 174 37
169 175 56
169 176 33
169 179 69
169 182 44
169 186 123
169 190 86
169 191 61
169 192 117
169 194 60
169 196 127
169 197 133
169 200 32
170 177 120
170 178 73
170 180 1
170 182 134
170 183 133
170 187 48
170 191 149
170 193 144
170 195 49
170 196 46
171 175 7
171 176 91
171 177 1
171 178 145
171 179 130
171 181 39
171 183 128
171 184 30
171 185 97
171 189 13
171 195 80
171 196 112
171 199 68
172 177 23
172 182 31
172 183 25
172 184 9
172 188 136
172 189 32
172 192 21
172 196 109
172 197 1
172 198 18
173 175 111
173 177 14
173 178 128
173 179 146
173 185 65
173 186 55
173 187 146
173 190 136
173 191 59
173 196 60
173 197 113
173 200 104
174 180 121
174 181 102
174 182 16
174 184 145
174 189 142
174 191 100
174 196 31
174 198 97
174 200 30
175 177 39
175 178 54
175 188 3
175 189 95
175 191 119
175 192 100
175 198 149
175 199 143
175 200 105
176 178 90
176 183 124
176 184 19
176 186 84
176 187 11
176 188 114
176 190 107
176 191 146
176 192 109
176 194 10
177 179 36
177 181 111
177 183 114
177 185 101
177 186 11
177 187 160
177 190 30
177 192 99
177 197 67
177 199 56
178 179 150
178 181 69
178 183 149
178 186 64
178 188 60
178 190 88
178 195 39
178 197 128
178 198 90
178 199 80
179 180 50
179 184 101
179 185 88
179 186 131
179 190 96
179 191 88
179 192 104
179 197 16
180 182 4
180 184 155
180 189 59
180 190 12
180 197 59
180 198 66
180 199 122
181 182 95
181 185 56
181 186 99
181 188 120
181 191 137
181 193 35
181 196 20
181 198 34
181 200 68
182 183 88
182 185 122
182 186 103
182 188 42
182 189 96
182 190 96
182 191 140
182 192 38
182 195 44
182 200 3
183 184 84
183 185 115
183 186 89
183 189 140
183 195 23
183 196 51
183 198 20
183 199 127
183 200 150
184 186 7
184 188 38
184 190 140
184 192 73
184 193 59
184 199 60
185 186 21
185 190 95
185 193 81
185 194 154
185 198 58
185 200 34
186 187 32
186 188 87
186 190 81
186 198 78
186 199 96
186 200 18
187 191 56
187 192 129
187 194 14
187 195 96
188 190 42
188 191 104
188 193 159
188 195 53
188 196 79
189 191 90
189 193 123
189 194 17
189 198 110
189 199 40
189 200 137
190 191 135
190 193 69
190 196 25
190 197 8
190 198 84
190 199 36
191 192 133
191 194 116
191 196 14
191 198 53
191 200 47
192 193 138
192 194 61
192 196 53
192 197 129
192 199 64
193 194 131
193 196 121
193 197 89
193 199 60
194 195 24
194 197 33
194 198 83
194 199 73
194 200 139
195 196 152
195 197 125
195 198 135
196 197 147
196 200 90
197 198 100
