100 4012
1 2 6
1 3 9
1 4 9
1 5 14
1 7 9
1 8 17
1 9 7
1 10 20
1 11 19
1 12 12
1 13 11
1 14 4
1 16 3
1 17 1
1 18 20
1 19 17
1 20 9
1 21 12
1 22 7
1 23 18
1 24 5
1 25 20
1 26 5
1 27 14
1 29 12
1 31 16
1 32 11
1 33 6
1 34 2
1 35 20
1 36 12
1 37 18
1 38 9
1 39 20
1 40 3
1 41 1
1 42 13
1 44 12
1 46 15
1 48 13
1 49 19
1 51 15
1 52 8
1 55 18
1 56 9
1 57 1
1 58 9
1 59 3
1 60 5
1 61 17
1 62 13
1 63 19
1 64 19
1 65 17
1 67 15
1 68 19
1 69 15
1 70 7
1 71 14
1 72 18
1 74 20
1 75 11
1 77 14
1 78 6
1 79 6
1 80 2
1 81 19
1 83 9
1 84 12
1 85 20
1 86 15
1 89 19
1 90 20
1 91 18
1 92 12
1 93 1
1 94 9
1 95 9
1 96 17
1 97 19
1 98 9
1 99 11
1 100 3
2 3 3
2 4 20
2 5 3
2 6 12
2 7 11
2 8 20
2 9 5
2 11 4
2 12 15
2 13 19
2 14 10
2 16 17
2 17 3
2 18 8
2 19 19
2 21 16
2 22 4
2 23 19
2 24 12
2 25 14
2 26 7
2 27 16
2 28 17
2 29 8
2 30 4
2 31 17
2 32 16
2 34 15
2 35 5
2 36 12
2 37 19
2 38 18
2 39 6
2 40 17
2 41 12
2 42 7
2 43 15
2 44 14
2 45 12
2 47 14
2 49 2
2 50 18
2 51 8
2 52 17
2 53 6
2 54 8
2 55 6
2 58 16
2 59 17
2 61 14
2 62 14
2 63 7
2 64 15
2 65 1
2 66 18
2 67 14
2 68 2
2 69 20
2 71 5
2 72 20
2 73 20
2 74 10
2 75 17
2 76 19
2 77 13
2 78 18
2 79 12
2 80 19
2 81 2
2 83 7
2 84 2
2 87 11
2 88 15
2 91 4
2 92 14
2 94 14
2 97 2
2 98 2
2 99 7
3 4 9
3 6 18
3 7 19
3 8 19
3 9 4
3 10 6
3 11 5
3 14 11
3 15 7
3 16 2
3 17 20
3 18 2
3 19 20
3 21 7
3 23 12
3 24 15
3 26 16
3 27 11
3 28 9
3 29 1
3 31 16
3 32 3
3 33 16
3 34 12
3 35 4
3 37 2
3 38 9
3 40 19
3 41 12
3 42 17
3 43 4
3 45 5
3 46 13
3 47 6
3 48 11
3 49 2
3 50 19
3 51 6
3 52 20
3 53 9
3 54 12
3 55 17
3 56 5
3 57 13
3 58 19
3 59 17
3 60 19
3 61 10
3 62 16
3 64 9
3 65 6
3 66 18
3 67 3
3 68 4
3 69 4
3 70 9
3 71 17
3 72 18
3 73 14
3 74 7
3 75 18
3 76 16
3 77 2
3 78 10
3 79 14
3 81 14
3 82 10
3 83 14
3 84 5
3 85 11
3 87 19
3 90 15
3 91 6
3 92 8
3 93 17
3 95 19
3 96 2
3 98 13
3 99 15
3 100 7
4 5 20
4 6 18
4 7 8
4 8 14
4 10 12
4 11 4
4 13 18
4 14 16
4 15 2
4 16 13
4 18 1
4 19 12
4 21 5
4 22 5
4 23 5
4 24 20
4 26 4
4 27 9
4 28 16
4 31 12
4 32 9
4 34 11
4 35 16
4 36 5
4 37 4
4 38 12
4 40 11
4 41 20
4 42 3
4 43 1
4 44 19
4 45 5
4 46 8
4 49 14
4 50 5
4 51 11
4 52 3
4 54 20
4 55 20
4 56 17
4 57 1
4 59 1
4 62 18
4 63 20
4 66 5
4 67 8
4 68 15
4 69 2
4 70 6
4 71 16
4 73 7
4 74 2
4 75 14
4 77 5
4 78 13
4 79 18
4 80 1
4 82 13
4 84 18
4 85 15
4 86 13
4 87 7
4 88 8
4 89 14
4 90 7
4 91 12
4 92 5
4 93 6
4 96 1
4 97 7
4 98 16
4 99 11
4 100 1
5 6 20
5 7 3
5 8 4
5 12 7
5 13 11
5 14 16
5 16 9
5 17 9
5 18 5
5 19 9
5 21 19
5 23 20
5 24 18
5 25 13
5 26 4
5 27 13
5 28 6
5 29 3
5 30 4
5 31 16
5 32 17
5 33 11
5 34 16
5 35 15
5 36 11
5 37 9
5 38 5
5 39 1
5 41 4
5 42 16
5 43 6
5 44 20
5 45 9
5 46 18
5 47 15
5 48 16
5 50 15
5 53 9
5 54 16
5 55 20
5 56 19
5 57 8
5 58 6
5 59 14
5 60 15
5 61 5
5 62 8
5 63 20
5 64 15
5 65 15
5 66 8
5 67 18
5 69 20
5 70 11
5 71 7
5 73 14
5 74 20
5 75 8
5 76 1
5 77 4
5 78 8
5 79 3
5 80 7
5 81 4
5 82 13
5 83 1
5 84 15
5 86 15
5 87 19
5 88 7
5 89 6
5 90 2
5 92 16
5 93 16
5 94 17
5 95 10
5 96 10
5 97 1
5 100 18
6 10 2
6 11 13
6 12 3
6 13 19
6 14 11
6 15 4
6 16 20
6 18 13
6 19 3
6 20 6
6 21 15
6 22 9
6 23 5
6 24 19
6 25 12
6 26 15
6 27 5
6 29 7
6 30 4
6 31 14
6 32 15
6 34 9
6 35 17
6 36 4
6 37 9
6 38 17
6 39 10
6 40 3
6 41 5
6 42 7
6 43 8
6 44 17
6 45 18
6 46 11
6 47 4
6 48 17
6 50 5
6 51 15
6 53 17
6 54 11
6 55 17
6 56 20
6 57 9
6 58 10
6 59 11
6 60 5
6 61 13
6 62 11
6 63 8
6 64 5
6 66 8
6 67 1
6 68 14
6 69 18
6 70 2
6 72 8
6 73 7
6 74 10
6 75 13
6 76 6
6 77 13
6 78 4
6 79 5
6 80 12
6 82 14
6 83 1
6 84 20
6 85 17
6 86 6
6 87 5
6 88 15
6 89 16
6 90 2
6 91 12
6 92 7
6 93 17
6 94 3
6 96 1
6 97 12
6 98 3
6 99 7
6 100 4
7 8 3
7 10 10
7 13 11
7 14 12
7 15 20
7 16 14
7 17 4
7 18 13
7 19 16
7 20 20
7 21 9
7 22 11
7 24 6
7 29 1
7 30 15
7 31 18
7 32 16
7 33 2
7 34 6
7 35 2
7 36 17
7 37 8
7 38 1
7 39 5
7 40 16
7 42 2
7 45 13
7 46 10
7 47 4
7 48 17
7 49 16
7 51 16
7 52 8
7 53 13
7 54 6
7 55 3
7 56 2
7 57 11
7 60 5
7 61 12
7 63 4
7 64 17
7 66 20
7 67 1
7 68 2
7 69 7
7 70 2
7 72 14
7 74 8
7 75 1
7 76 17
7 77 1
7 78 11
7 79 18
7 80 15
7 81 4
7 82 11
7 83 9
7 84 3
7 85 18
7 86 20
7 87 7
7 88 16
7 89 18
7 90 15
7 91 12
7 93 3
7 94 14
7 95 16
7 96 13
7 98 16
7 99 11
7 100 13
8 9 18
8 11 19
8 12 14
8 13 19
8 14 11
8 15 15
8 16 17
8 17 7
8 18 3
8 20 17
8 21 17
8 22 4
8 23 8
8 24 2
8 25 2
8 27 17
8 28 10
8 29 16
8 30 5
8 31 17
8 32 2
8 33 12
8 34 8
8 35 2
8 36 6
8 37 15
8 40 9
8 41 11
8 42 17
8 44 13
8 45 11
8 46 4
8 48 17
8 49 6
8 50 7
8 51 9
8 52 14
8 53 1
8 54 6
8 55 13
8 56 5
8 57 18
8 58 11
8 59 11
8 60 2
8 61 2
8 62 16
8 64 7
8 65 14
8 66 16
8 68 4
8 69 11
8 71 18
8 72 17
8 73 5
8 74 19
8 75 17
8 76 9
8 77 17
8 78 2
8 79 12
8 80 4
8 81 15
8 82 8
8 83 6
8 84 1
8 88 11
8 89 9
8 91 13
8 92 8
8 93 19
8 94 7
8 95 8
8 96 16
8 97 20
9 12 2
9 13 20
9 14 10
9 15 12
9 16 1
9 17 9
9 18 17
9 19 12
9 20 15
9 21 18
9 22 10
9 23 14
9 24 19
9 26 8
9 27 2
9 28 1
9 29 17
9 30 20
9 31 18
9 33 6
9 35 10
9 36 9
9 37 11
9 38 11
9 39 2
9 40 19
9 41 11
9 42 2
9 43 6
9 44 17
9 45 4
9 46 19
9 47 3
9 48 2
9 51 1
9 52 14
9 53 13
9 54 3
9 55 2
9 57 15
9 59 5
9 60 10
9 62 14
9 63 10
9 64 2
9 67 1
9 68 19
9 71 9
9 72 14
9 73 19
9 74 20
9 75 9
9 76 5
9 77 2
9 78 8
9 79 12
9 80 4
9 81 5
9 82 7
9 83 4
9 84 20
9 85 1
9 86 3
9 88 17
9 89 18
9 90 5
9 91 11
9 94 14
9 95 14
9 96 16
9 99 4
10 11 4
10 12 15
10 14 5
10 15 6
10 16 17
10 17 5
10 18 20
10 19 10
10 20 3
10 21 13
10 22 19
10 24 4
10 25 15
10 26 13
10 27 4
10 28 10
10 29 1
10 30 11
10 31 3
10 32 4
10 33 12
10 37 2
10 38 20
10 39 13
10 40 9
10 41 16
10 42 3
10 43 6
10 44 11
10 45 15
10 46 5
10 47 20
10 48 17
10 50 17
10 51 9
10 52 9
10 53 12
10 54 18
10 56 15
10 57 6
10 59 13
10 62 8
10 64 9
10 66 12
10 67 7
10 68 14
10 69 1
10 71 12
10 72 1
10 73 14
10 74 15
10 75 5
10 76 20
10 77 6
10 78 17
10 80 9
10 81 1
10 82 15
10 83 17
10 84 4
10 85 8
10 86 20
10 87 16
10 89 12
10 90 6
10 91 20
10 92 8
10 94 11
10 95 3
10 97 19
10 100 10
11 12 12
11 13 2
11 14 8
11 15 5
11 16 20
11 17 9
11 18 12
11 21 9
11 22 3
11 24 16
11 25 4
11 26 13
11 27 15
11 28 20
11 29 4
11 30 11
11 31 2
11 32 3
11 33 12
11 34 12
11 35 11
11 36 5
11 38 20
11 39 12
11 40 16
11 41 9
11 42 5
11 43 8
11 44 6
11 45 9
11 46 14
11 49 16
11 50 17
11 51 15
11 53 12
11 54 12
11 55 3
11 56 18
11 57 8
11 59 11
11 60 13
11 61 17
11 63 10
11 64 7
11 66 17
11 67 15
11 68 17
11 69 17
11 70 4
11 71 16
11 73 10
11 75 8
11 78 7
11 80 14
11 82 13
11 83 17
11 84 16
11 85 1
11 86 7
11 87 18
11 88 20
11 89 8
11 90 19
11 91 2
11 92 12
11 93 7
11 94 7
11 96 7
11 97 1
11 98 7
11 100 20
12 13 2
12 14 19
12 15 5
12 16 3
12 17 19
12 18 11
12 19 12
12 22 14
12 23 17
12 24 16
12 26 13
12 27 15
12 28 4
12 30 5
12 31 16
12 32 11
12 35 3
12 37 18
12 38 6
12 39 8
12 40 15
12 41 19
12 44 9
12 45 8
12 46 1
12 47 5
12 48 1
12 49 1
12 50 1
12 51 13
12 53 6
12 55 13
12 56 11
12 57 12
12 59 19
12 60 20
12 61 9
12 62 19
12 64 19
12 65 6
12 67 8
12 68 2
12 69 17
12 71 7
12 72 13
12 73 9
12 74 20
12 75 1
12 76 14
12 78 19
12 79 7
12 80 19
12 83 19
12 84 15
12 85 10
12 86 9
12 88 11
12 90 2
12 91 15
12 93 18
12 94 17
12 95 10
12 97 4
12 99 10
13 14 17
13 15 14
13 16 11
13 17 16
13 18 14
13 22 2
13 23 16
13 24 19
13 25 9
13 26 13
13 28 16
13 29 7
13 30 19
13 31 20
13 32 19
13 34 16
13 35 8
13 36 4
13 38 5
13 39 16
13 40 19
13 41 4
13 42 2
13 43 8
13 45 14
13 46 20
13 47 10
13 48 5
13 49 3
13 50 14
13 51 6
13 53 9
13 54 10
13 55 6
13 56 18
13 57 13
13 59 17
13 60 17
13 61 8
13 62 15
13 63 5
13 64 9
13 65 15
13 66 8
13 67 6
13 68 1
13 69 6
13 70 4
13 72 10
13 73 17
13 74 4
13 76 9
13 78 19
13 79 9
13 80 11
13 81 19
13 82 14
13 83 20
13 84 2
13 85 18
13 86 4
13 90 5
13 91 11
13 92 20
13 93 19
13 94 16
13 95 3
13 96 12
13 97 7
13 99 10
13 100 20
14 15 8
14 16 13
14 17 10
14 18 19
14 19 2
14 20 15
14 22 7
14 23 11
14 24 5
14 26 10
14 27 1
14 29 5
14 30 15
14 31 12
14 32 9
14 33 16
14 34 13
14 35 16
14 36 1
14 37 12
14 38 6
14 40 6
14 41 12
14 42 12
14 44 6
14 45 7
14 46 20
14 48 12
14 49 9
14 50 16
14 51 7
14 52 1
14 53 1
14 55 16
14 57 12
14 58 7
14 59 8
14 60 5
14 61 11
14 63 14
14 64 15
14 67 18
14 68 12
14 69 19
14 70 2
14 71 9
14 72 4
14 75 7
14 76 20
14 77 7
14 78 8
14 79 18
14 80 5
14 81 1
14 84 19
14 86 2
14 87 11
14 88 3
14 89 13
14 91 3
14 92 1
14 94 12
14 95 16
14 96 12
14 97 19
14 98 8
14 99 14
14 100 4
15 16 20
15 18 4
15 19 4
15 20 9
15 21 6
15 22 17
15 23 17
15 24 9
15 25 12
15 27 13
15 28 7
15 29 3
15 30 3
15 31 9
15 32 8
15 33 10
15 34 11
15 35 17
15 36 13
15 37 14
15 38 1
15 39 16
15 40 2
15 41 4
15 42 19
15 43 1
15 44 4
15 45 18
15 46 7
15 47 20
15 49 11
15 50 20
15 51 8
15 52 17
15 53 13
15 55 14
15 56 16
15 57 2
15 58 13
15 59 19
15 60 1
15 61 1
15 62 19
15 63 18
15 65 2
15 66 10
15 67 5
15 69 5
15 70 16
15 73 17
15 74 16
15 75 10
15 76 2
15 77 16
15 78 9
15 79 16
15 80 8
15 81 18
15 82 20
15 83 2
15 84 20
15 85 9
15 86 20
15 87 19
15 88 15
15 89 17
15 91 7
15 94 15
15 96 17
15 97 20
15 98 5
15 99 14
15 100 16
16 17 17
16 18 12
16 19 4
16 20 11
16 21 13
16 22 9
16 23 11
16 24 10
16 25 7
16 26 2
16 27 7
16 30 3
16 31 4
16 32 13
16 33 19
16 34 15
16 35 13
16 36 8
16 37 11
16 38 2
16 39 12
16 40 18
16 41 11
16 42 14
16 43 4
16 44 2
16 45 12
16 46 5
16 47 7
16 48 7
16 49 20
16 50 17
16 52 16
16 53 19
16 54 7
16 56 20
16 57 6
16 58 18
16 59 4
16 60 3
16 61 15
16 62 4
16 63 14
16 65 18
16 66 10
16 67 3
16 68 7
16 69 6
16 71 6
16 72 8
16 73 17
16 74 14
16 75 11
16 76 12
16 77 16
16 78 8
16 80 3
16 83 12
16 84 2
16 85 9
16 86 18
16 87 13
16 88 2
16 89 6
16 90 7
16 91 2
16 92 13
16 93 8
16 94 20
16 95 13
16 98 9
16 99 16
16 100 20
17 18 7
17 19 2
17 20 9
17 22 11
17 24 11
17 25 19
17 26 3
17 27 7
17 28 6
17 30 11
17 31 5
17 32 2
17 33 4
17 34 9
17 35 12
17 37 19
17 38 12
17 39 2
17 41 14
17 42 12
17 43 1
17 44 1
17 45 8
17 47 5
17 48 10
17 49 2
17 50 5
17 51 2
17 53 20
17 55 17
17 56 12
17 57 1
17 58 11
17 59 4
17 62 1
17 63 13
17 64 18
17 65 4
17 66 11
17 67 7
17 68 14
17 69 19
17 70 13
17 72 19
17 73 18
17 75 19
17 77 7
17 78 5
17 79 2
17 80 2
17 81 2
17 82 19
17 83 2
17 84 20
17 86 4
17 87 17
17 88 18
17 89 8
17 91 5
17 92 8
17 94 5
17 95 3
17 96 20
17 97 13
17 98 4
17 99 5
17 100 13
18 19 1
18 20 11
18 21 5
18 22 8
18 23 7
18 24 3
18 25 13
18 26 18
18 27 13
18 28 9
18 29 19
18 30 5
18 31 7
18 33 18
18 35 11
18 36 18
18 37 14
18 38 7
18 39 20
18 41 10
18 42 14
18 43 7
18 44 10
18 45 20
18 47 17
18 48 6
18 49 1
18 50 16
18 52 1
18 53 6
18 54 11
18 55 20
18 56 1
18 58 16
18 59 10
18 62 20
18 63 2
18 64 5
18 65 10
18 66 1
18 67 5
18 68 4
18 69 17
18 70 19
18 71 13
18 72 20
18 73 5
18 74 14
18 75 13
18 76 1
18 77 19
18 79 19
18 80 9
18 81 8
18 82 9
18 83 2
18 84 2
18 85 4
18 86 19
18 87 8
18 88 18
18 89 11
18 91 6
18 92 7
18 93 7
18 94 11
18 95 1
18 98 14
18 100 8
19 20 1
19 21 9
19 22 6
19 23 5
19 25 11
19 26 1
19 27 14
19 28 16
19 29 11
19 30 12
19 31 5
19 33 19
19 34 15
19 35 17
19 36 1
19 37 15
19 38 7
19 40 13
19 41 18
19 42 12
19 43 20
19 44 16
19 45 7
19 46 20
19 47 18
19 49 18
19 50 19
19 51 6
19 52 20
19 54 6
19 55 14
19 57 16
19 58 15
19 59 3
19 60 11
19 61 6
19 62 12
19 65 11
19 68 3
19 69 10
19 70 11
19 71 6
19 72 14
19 73 4
19 76 16
19 77 10
19 79 9
19 80 4
19 81 10
19 82 9
19 83 7
19 85 2
19 86 3
19 87 8
19 88 7
19 89 5
19 90 2
19 91 2
19 93 4
19 94 2
19 95 16
19 96 7
19 97 13
19 98 18
19 99 14
19 100 1
20 21 5
20 22 5
20 23 9
20 24 9
20 25 19
20 26 17
20 27 18
20 28 1
20 29 14
20 30 12
20 31 14
20 32 9
20 33 6
20 34 13
20 35 20
20 36 20
20 37 4
20 38 6
20 39 6
20 40 9
20 43 15
20 44 10
20 46 13
20 47 17
20 48 16
20 49 10
20 51 19
20 53 9
20 54 6
20 55 9
20 56 15
20 58 9
20 59 12
20 60 6
20 61 4
20 62 11
20 63 13
20 65 12
20 66 13
20 67 6
20 70 10
20 71 7
20 72 1
20 73 15
20 74 1
20 75 6
20 76 18
20 77 3
20 78 20
20 79 19
20 80 15
20 81 2
20 83 1
20 84 14
20 85 1
20 86 3
20 88 16
20 89 10
20 90 1
20 92 13
20 94 1
20 95 18
20 96 18
20 97 3
20 98 20
20 99 19
21 22 15
21 23 10
21 24 17
21 25 14
21 27 20
21 28 9
21 29 12
21 31 5
21 32 10
21 33 15
21 34 1
21 35 11
21 36 7
21 37 14
21 38 3
21 39 20
21 40 5
21 41 12
21 42 19
21 43 17
21 44 17
21 45 1
21 46 13
21 47 19
21 48 4
21 49 16
21 50 6
21 51 2
21 52 11
21 55 9
21 56 7
21 57 6
21 60 8
21 61 5
21 62 2
21 64 1
21 67 11
21 69 17
21 70 2
21 71 11
21 73 9
21 75 19
21 76 11
21 77 9
21 79 16
21 80 7
21 83 19
21 85 18
21 87 6
21 88 3
21 89 8
21 90 13
21 92 15
21 93 1
21 95 2
21 96 20
21 97 2
21 98 7
21 100 10
22 23 5
22 24 19
22 25 1
22 26 7
22 27 6
22 29 11
22 30 20
22 31 9
22 32 19
22 33 18
22 34 20
22 35 12
22 36 6
22 37 14
22 39 5
22 40 10
22 43 6
22 46 4
22 47 16
22 48 10
22 50 14
22 53 8
22 54 11
22 55 2
22 57 8
22 58 7
22 59 4
22 60 7
22 61 11
22 62 4
22 63 11
22 64 17
22 66 18
22 67 9
22 68 9
22 69 9
22 70 6
22 71 8
22 72 4
22 73 16
22 74 7
22 75 9
22 77 12
22 78 7
22 79 15
22 80 15
22 81 4
22 82 4
22 83 3
22 84 20
22 85 16
22 86 11
22 87 9
22 88 19
22 90 18
22 91 12
22 93 6
22 98 1
23 25 2
23 26 3
23 27 12
23 29 20
23 30 4
23 32 10
23 33 14
23 34 20
23 35 13
23 36 2
23 37 4
23 38 19
23 39 8
23 40 8
23 41 4
23 43 14
23 44 3
23 45 19
23 46 5
23 48 14
23 50 9
23 51 6
23 52 19
23 53 8
23 54 10
23 55 10
23 56 9
23 58 7
23 59 11
23 60 7
23 61 6
23 62 19
23 63 15
23 64 5
23 65 10
23 66 13
23 67 11
23 70 1
23 71 8
23 74 13
23 75 3
23 76 3
23 77 15
23 78 11
23 79 15
23 80 9
23 81 6
23 83 3
23 84 13
23 86 7
23 87 19
23 88 3
23 89 1
23 90 20
23 91 16
23 92 13
23 93 9
23 94 4
23 97 11
23 98 10
23 99 4
23 100 12
24 25 7
24 26 16
24 28 12
24 29 12
24 30 8
24 31 2
24 32 15
24 33 10
24 34 4
24 35 12
24 36 15
24 37 1
24 38 14
24 39 9
24 40 9
24 41 15
24 42 5
24 43 8
24 44 20
24 45 4
24 46 4
24 47 14
24 51 4
24 52 17
24 54 6
24 55 15
24 56 5
24 57 17
24 58 4
24 59 18
24 60 7
24 61 10
24 62 10
24 65 14
24 66 9
24 67 9
24 68 14
24 69 17
24 72 6
24 73 2
24 74 13
24 75 7
24 76 14
24 77 20
24 80 20
24 81 18
24 82 19
24 83 18
24 84 10
24 86 13
24 87 3
24 88 14
24 89 3
24 90 5
24 91 11
24 92 3
24 93 8
24 94 1
24 95 4
24 96 4
24 97 6
24 98 10
24 99 12
24 100 5
25 26 15
25 27 6
25 28 16
25 29 19
25 30 7
25 31 1
25 32 14
25 33 20
25 34 19
25 35 19
25 36 16
25 37 16
25 38 19
25 39 19
25 41 5
25 43 11
25 45 11
25 46 19
25 47 17
25 48 11
25 49 13
25 53 3
25 54 4
25 55 18
25 56 17
25 57 6
25 58 14
25 59 10
25 61 1
25 62 16
25 63 15
25 65 2
25 66 18
25 67 17
25 68 9
25 70 18
25 71 7
25 73 19
25 74 5
25 75 20
25 76 8
25 77 6
25 78 13
25 79 18
25 80 8
25 81 6
25 82 3
25 84 6
25 85 19
25 87 14
25 88 3
25 89 13
25 90 15
25 91 13
25 92 6
25 94 4
25 95 7
25 97 20
25 98 14
25 99 16
25 100 16
26 27 3
26 28 8
26 29 2
26 30 13
26 31 13
26 32 6
26 33 2
26 35 19
26 36 13
26 37 13
26 38 18
26 39 6
26 40 13
26 41 12
26 42 16
26 43 15
26 44 7
26 45 9
26 46 14
26 47 20
26 48 11
26 49 16
26 50 1
26 51 19
26 52 7
26 53 18
26 54 16
26 55 9
26 56 15
26 57 19
26 58 9
26 60 14
26 61 14
26 62 11
26 63 12
26 65 7
26 66 16
26 67 12
26 68 15
26 69 9
26 70 11
26 71 5
26 72 17
26 73 3
26 74 8
26 75 20
26 76 2
26 78 14
26 79 15
26 82 18
26 83 1
26 84 14
26 85 12
26 86 17
26 87 5
26 88 13
26 89 12
26 91 4
26 93 9
26 94 16
26 95 16
26 96 20
26 97 9
26 98 18
26 99 13
27 28 17
27 29 11
27 30 19
27 32 18
27 33 18
27 34 1
27 35 6
27 36 14
27 37 17
27 38 15
27 40 19
27 43 19
27 44 19
27 45 19
27 46 5
27 47 2
27 49 12
27 50 12
27 53 8
27 54 15
27 55 14
27 56 5
27 57 13
27 58 3
27 59 4
27 60 15
27 61 3
27 62 4
27 64 19
27 65 8
27 66 1
27 67 5
27 68 13
27 69 1
27 70 11
27 72 14
27 73 14
27 74 11
27 75 20
27 77 10
27 79 9
27 80 9
27 81 18
27 82 4
27 83 7
27 84 16
27 86 6
27 87 17
27 88 3
27 90 2
27 92 15
27 93 12
27 94 2
27 95 18
27 96 12
27 97 1
27 98 16
27 100 18
28 31 8
28 32 2
28 33 11
28 34 8
28 35 9
28 36 17
28 37 11
28 38 7
28 39 6
28 40 11
28 41 1
28 42 20
28 43 16
28 44 2
28 46 20
28 47 20
28 48 9
28 50 4
28 52 9
28 53 8
28 54 10
28 56 10
28 57 4
28 58 10
28 60 2
28 61 9
28 62 5
28 63 19
28 65 20
28 66 18
28 67 14
28 68 12
28 70 11
28 73 13
28 74 6
28 76 16
28 77 11
28 78 17
28 79 11
28 81 14
28 82 6
28 84 11
28 86 10
28 88 17
28 89 2
28 90 16
28 91 2
28 92 13
28 93 2
28 96 10
28 98 1
28 99 5
28 100 3
29 30 17
29 31 6
29 33 5
29 34 17
29 35 17
29 36 11
29 37 8
29 39 9
29 40 17
29 41 17
29 42 15
29 43 11
29 44 5
29 45 8
29 46 18
29 47 19
29 48 20
29 49 4
29 50 17
29 51 4
29 52 13
29 53 15
29 54 14
29 56 10
29 57 10
29 58 2
29 60 16
29 61 2
29 62 16
29 63 11
29 64 19
29 65 11
29 66 10
29 67 19
29 68 9
29 70 3
29 71 6
29 72 16
29 73 5
29 74 4
29 76 8
29 77 14
29 78 10
29 79 20
29 81 3
29 82 8
29 83 13
29 84 20
29 85 11
29 86 20
29 87 11
29 90 7
29 92 14
29 93 14
29 94 1
29 95 13
29 96 14
29 97 6
29 98 8
29 99 17
29 100 14
30 31 17
30 33 7
30 34 3
30 35 8
30 37 10
30 38 15
30 40 11
30 41 3
30 42 20
30 43 20
30 45 20
30 46 17
30 47 11
30 48 20
30 49 16
30 50 4
30 51 3
30 52 4
30 53 14
30 54 13
30 55 4
30 56 17
30 57 17
30 60 1
30 61 11
30 62 3
30 63 3
30 64 18
30 65 6
30 66 11
30 67 3
30 68 3
30 71 6
30 72 18
30 73 5
30 74 4
30 76 9
30 77 4
30 78 11
30 81 16
30 82 8
30 83 17
30 84 19
30 85 8
30 86 19
30 87 18
30 88 18
30 89 7
30 90 8
30 92 4
30 93 5
30 94 3
30 95 13
30 96 3
30 97 6
30 98 4
30 99 12
31 34 5
31 35 10
31 36 6
31 37 10
31 38 3
31 39 13
31 40 16
31 41 3
31 42 14
31 43 5
31 44 4
31 45 12
31 46 16
31 47 20
31 48 20
31 49 1
31 53 7
31 54 16
31 55 13
31 56 6
31 58 9
31 59 15
31 61 1
31 62 17
31 63 18
31 64 9
31 65 9
31 66 10
31 67 2
31 68 9
31 69 6
31 70 10
31 71 11
31 72 8
31 73 1
31 75 16
31 76 14
31 78 8
31 79 9
31 80 9
31 81 9
31 82 7
31 83 5
31 85 8
31 86 19
31 87 18
31 88 9
31 89 14
31 90 13
31 92 3
31 93 11
31 94 18
31 95 20
31 96 6
31 97 10
31 98 17
31 99 8
31 100 5
32 35 19
32 36 14
32 37 4
32 38 4
32 39 12
32 40 12
32 41 6
32 42 8
32 43 5
32 44 15
32 45 8
32 46 15
32 47 19
32 48 14
32 49 4
32 50 5
32 52 8
32 54 13
32 55 12
32 56 15
32 57 3
32 58 3
32 62 11
32 63 6
32 65 4
32 66 10
32 67 17
32 68 6
32 69 10
32 70 20
32 71 5
32 72 3
32 73 11
32 74 1
32 75 9
32 76 9
32 77 4
32 78 17
32 79 14
32 80 11
32 81 10
32 82 7
32 84 15
32 85 12
32 87 13
32 88 11
32 89 12
32 90 8
32 91 13
32 92 2
32 93 19
32 94 4
32 95 6
32 98 13
32 100 9
33 34 19
33 35 15
33 36 8
33 37 16
33 38 18
33 39 19
33 42 1
33 43 12
33 44 4
33 45 17
33 46 1
33 47 14
33 48 17
33 49 10
33 50 16
33 52 10
33 54 19
33 57 1
33 58 7
33 59 8
33 60 3
33 61 18
33 62 8
33 63 17
33 65 18
33 66 9
33 67 13
33 68 9
33 70 12
33 71 8
33 72 14
33 73 11
33 74 14
33 75 15
33 76 5
33 77 7
33 78 3
33 79 13
33 80 19
33 84 20
33 85 1
33 86 20
33 87 1
33 89 18
33 91 15
33 92 16
33 93 12
33 94 4
33 95 12
33 96 1
33 97 5
33 98 17
33 100 8
34 35 4
34 37 17
34 38 10
34 39 2
34 40 9
34 41 17
34 43 13
34 44 15
34 45 18
34 46 9
34 47 7
34 48 14
34 49 15
34 50 4
34 51 20
34 52 7
34 53 6
34 54 8
34 55 4
34 56 13
34 57 13
34 59 3
34 61 6
34 63 12
34 64 2
34 65 14
34 66 18
34 67 19
34 68 4
34 69 3
34 70 8
34 71 2
34 72 16
34 73 7
34 74 14
34 75 8
34 76 12
34 77 2
34 79 3
34 82 5
34 83 2
34 84 1
34 85 2
34 86 18
34 87 8
34 88 16
34 89 1
34 91 3
34 92 6
34 93 1
34 94 19
34 95 12
34 96 4
34 97 2
34 98 14
34 99 20
34 100 1
35 37 16
35 39 14
35 40 13
35 41 13
35 42 13
35 43 6
35 44 9
35 45 16
35 47 6
35 48 9
35 49 9
35 50 12
35 51 15
35 55 4
35 56 17
35 57 10
35 58 16
35 59 11
35 60 14
35 61 4
35 62 5
35 63 6
35 64 20
35 65 16
35 66 4
35 67 9
35 68 12
35 69 3
35 74 2
35 75 6
35 77 13
35 79 6
35 80 1
35 81 12
35 82 14
35 83 12
35 84 7
35 86 8
35 87 8
35 88 1
35 89 20
35 90 4
35 91 5
35 92 2
35 93 3
35 95 12
35 96 19
35 98 20
35 99 9
35 100 8
36 37 11
36 38 7
36 39 19
36 40 18
36 41 12
36 42 20
36 43 5
36 44 14
36 45 17
36 46 4
36 47 1
36 48 5
36 49 19
36 50 12
36 52 11
36 53 13
36 54 20
36 55 1
36 56 14
36 57 18
36 58 7
36 60 9
36 63 2
36 64 9
36 65 2
36 66 19
36 67 12
36 68 18
36 70 13
36 71 19
36 72 13
36 73 9
36 74 18
36 76 4
36 78 5
36 79 20
36 82 10
36 83 6
36 84 13
36 86 10
36 87 14
36 88 11
36 89 11
36 91 7
36 92 14
36 94 12
36 95 9
36 97 11
36 98 7
36 99 20
37 39 11
37 40 20
37 41 8
37 42 5
37 43 6
37 44 9
37 45 10
37 47 11
37 49 1
37 50 11
37 52 18
37 53 19
37 54 1
37 55 13
37 57 10
37 58 18
37 62 12
37 63 18
37 64 6
37 65 19
37 66 9
37 67 8
37 68 12
37 69 9
37 70 13
37 71 17
37 72 2
37 73 19
37 74 13
37 75 2
37 76 14
37 77 18
37 78 10
37 79 14
37 80 20
37 81 7
37 83 3
37 84 13
37 85 12
37 86 6
37 87 5
37 90 11
37 91 16
37 93 1
37 94 5
37 95 15
37 96 14
37 97 18
37 99 16
37 100 15
38 39 6
38 41 10
38 42 6
38 43 4
38 44 10
38 45 16
38 46 13
38 47 6
38 48 3
38 49 3
38 50 17
38 52 8
38 53 20
38 54 4
38 55 12
38 56 13
38 57 11
38 58 13
38 59 18
38 60 20
38 61 17
38 63 14
38 65 16
38 66 9
38 67 11
38 69 17
38 70 2
38 71 5
38 72 7
38 73 9
38 74 16
38 75 9
38 76 2
38 77 17
38 78 18
38 80 2
38 82 17
38 83 6
38 84 5
38 85 6
38 86 6
38 87 4
38 88 9
38 89 8
38 90 11
38 91 20
38 92 20
38 93 17
38 94 7
38 97 14
38 98 7
38 99 8
39 40 5
39 41 5
39 42 1
39 43 9
39 44 10
39 45 12
39 46 5
39 49 1
39 50 16
39 51 12
39 52 20
39 54 18
39 57 2
39 58 20
39 60 5
39 61 4
39 62 20
39 63 16
39 64 19
39 65 19
39 68 18
39 69 13
39 70 13
39 71 7
39 72 7
39 73 10
39 74 7
39 75 10
39 76 5
39 77 11
39 78 5
39 79 10
39 80 2
39 81 16
39 82 19
39 83 7
39 84 16
39 85 8
39 86 18
39 88 9
39 89 2
39 90 17
39 92 16
39 93 9
39 95 15
39 97 15
39 98 2
39 99 10
39 100 15
40 41 19
40 42 7
40 43 7
40 44 20
40 45 12
40 46 15
40 48 4
40 49 15
40 50 11
40 51 9
40 52 13
40 53 19
40 54 4
40 55 10
40 56 13
40 57 12
40 58 10
40 59 2
40 61 7
40 64 17
40 65 8
40 66 11
40 67 20
40 68 3
40 70 4
40 71 10
40 72 1
40 73 3
40 74 20
40 75 7
40 77 16
40 78 4
40 79 19
40 80 3
40 82 20
40 83 12
40 84 8
40 86 6
40 87 2
40 88 17
40 89 2
40 90 1
40 91 10
40 92 17
40 93 3
40 94 19
40 96 7
40 97 14
40 98 1
40 100 2
41 42 11
41 43 11
41 44 10
41 45 11
41 46 14
41 47 10
41 48 9
41 49 20
41 50 1
41 51 7
41 52 14
41 54 5
41 55 9
41 56 2
41 57 2
41 58 9
41 59 2
41 60 6
41 61 16
41 62 20
41 64 3
41 67 10
41 68 2
41 69 17
41 70 11
41 71 4
41 72 14
41 73 1
41 74 20
41 75 12
41 76 2
41 77 20
41 78 20
41 80 20
41 83 10
41 84 4
41 85 11
41 86 6
41 89 12
41 90 10
41 92 20
41 93 4
41 94 15
41 95 5
41 97 18
41 98 14
41 100 8
42 43 9
42 44 10
42 46 3
42 47 1
42 48 20
42 49 9
42 50 13
42 51 3
42 52 20
42 53 20
42 54 9
42 56 2
42 57 15
42 58 3
42 59 15
42 60 11
42 61 9
42 62 3
42 63 13
42 64 2
42 65 1
42 66 3
42 69 7
42 70 5
42 71 17
42 73 16
42 74 5
42 75 15
42 76 3
42 77 3
42 78 19
42 79 6
42 81 12
42 82 13
42 83 20
42 85 13
42 86 20
42 87 5
42 88 11
42 89 4
42 90 3
42 91 18
42 93 11
42 94 6
42 95 12
42 96 2
42 97 10
42 98 19
42 99 18
42 100 19
43 44 15
43 46 13
43 48 14
43 49 1
43 50 2
43 51 3
43 52 20
43 53 9
43 54 6
43 55 1
43 56 13
43 58 11
43 60 16
43 61 1
43 62 5
43 63 13
43 64 6
43 65 20
43 66 14
43 67 11
43 68 10
43 70 15
43 71 7
43 72 9
43 74 5
43 77 20
43 78 20
43 82 11
43 83 5
43 84 20
43 85 7
43 86 13
43 87 8
43 88 10
43 89 14
43 90 9
43 91 7
43 92 3
43 93 5
43 94 18
43 95 2
43 96 13
43 97 6
43 98 9
43 99 3
43 100 3
44 45 11
44 46 6
44 47 1
44 48 14
44 49 5
44 50 9
44 51 20
44 52 6
44 54 2
44 56 10
44 57 16
44 58 2
44 59 2
44 60 17
44 61 8
44 62 18
44 63 12
44 65 2
44 66 6
44 67 2
44 68 6
44 69 14
44 70 10
44 71 20
44 72 16
44 73 15
44 74 2
44 75 11
44 76 8
44 78 15
44 79 18
44 80 9
44 81 14
44 82 16
44 84 15
44 85 1
44 87 13
44 88 20
44 89 7
44 92 12
44 93 17
44 94 3
44 95 5
44 96 13
44 97 6
44 98 12
44 99 13
44 100 4
45 47 1
45 48 16
45 49 11
45 51 11
45 52 7
45 53 7
45 54 18
45 55 16
45 57 6
45 58 19
45 59 9
45 61 15
45 62 6
45 63 11
45 64 3
45 66 18
45 67 9
45 68 1
45 69 17
45 70 8
45 71 17
45 72 6
45 73 13
45 74 9
45 75 17
45 76 14
45 77 11
45 79 6
45 81 19
45 82 1
45 83 4
45 84 4
45 85 8
45 86 3
45 87 20
45 88 4
45 89 8
45 90 20
45 91 11
45 92 16
45 93 5
45 94 13
45 95 12
45 96 7
45 97 8
45 98 17
45 99 4
45 100 11
46 47 6
46 48 6
46 49 16
46 50 14
46 51 10
46 52 7
46 53 4
46 54 14
46 55 3
46 56 3
46 57 17
46 58 17
46 59 17
46 60 11
46 61 10
46 63 19
46 65 4
46 66 19
46 67 18
46 68 16
46 69 17
46 70 7
46 71 5
46 73 12
46 74 2
46 76 6
46 77 5
46 78 3
46 80 13
46 81 15
46 82 13
46 83 19
46 84 1
46 86 7
46 87 2
46 88 12
46 89 2
46 90 5
46 91 3
46 92 14
46 93 9
46 94 7
46 95 15
46 96 10
46 97 8
46 98 9
46 99 15
47 48 4
47 49 8
47 51 15
47 52 2
47 53 3
47 54 20
47 55 11
47 56 13
47 57 17
47 58 8
47 60 15
47 61 10
47 63 14
47 65 18
47 66 5
47 67 19
47 68 13
47 69 6
47 70 1
47 72 11
47 73 18
47 74 4
47 75 3
47 76 16
47 77 20
47 78 19
47 79 7
47 81 18
47 82 20
47 83 3
47 84 14
47 86 6
47 87 12
47 88 15
47 92 12
47 94 7
47 95 15
47 96 19
47 97 1
47 98 4
47 100 8
48 50 13
48 51 3
48 52 20
48 53 1
48 54 17
48 55 11
48 56 20
48 57 9
48 58 20
48 59 10
48 60 15
48 61 6
48 62 17
48 63 5
48 64 6
48 65 12
48 66 19
48 67 8
48 68 7
48 69 12
48 71 16
48 72 2
48 74 10
48 76 1
48 77 13
48 78 4
48 79 8
48 80 4
48 81 14
48 82 7
48 83 12
48 84 18
48 85 3
48 87 12
48 88 7
48 90 8
48 91 12
48 92 13
48 93 11
48 94 9
48 95 5
48 96 9
48 97 12
48 99 17
48 100 15
49 50 6
49 53 8
49 55 9
49 56 9
49 57 20
49 58 12
49 60 20
49 61 14
49 63 12
49 64 14
49 65 10
49 66 19
49 67 9
49 68 8
49 69 10
49 70 1
49 71 18
49 72 17
49 73 4
49 74 20
49 76 5
49 77 20
49 79 20
49 80 7
49 81 14
49 82 6
49 83 5
49 84 7
49 85 20
49 86 20
49 87 17
49 90 9
49 91 8
49 92 10
49 94 2
49 95 8
49 96 5
49 98 12
49 99 12
49 100 19
50 51 20
50 52 8
50 53 6
50 54 20
50 55 19
50 56 6
50 57 10
50 58 9
50 59 18
50 60 17
50 61 12
50 62 14
50 63 10
50 64 6
50 65 12
50 67 19
50 68 19
50 69 15
50 70 13
50 71 11
50 72 4
50 73 16
50 74 8
50 76 6
50 77 3
50 78 3
50 79 4
50 80 17
50 81 19
50 82 8
50 83 3
50 85 19
50 86 10
50 87 17
50 88 11
50 89 10
50 90 11
50 91 15
50 92 10
50 93 2
50 94 1
50 95 9
50 97 9
50 98 18
50 99 8
50 100 12
51 52 10
51 53 17
51 54 2
51 55 2
51 56 3
51 57 18
51 58 9
51 59 9
51 60 17
51 63 7
51 64 9
51 66 17
51 67 1
51 68 20
51 69 3
51 70 5
51 72 13
51 74 11
51 75 19
51 76 20
51 77 11
51 78 19
51 79 15
51 80 10
51 81 10
51 82 8
51 83 11
51 85 9
51 86 8
51 87 19
51 88 8
51 89 18
51 90 11
51 91 9
51 92 3
51 93 12
51 94 12
51 95 9
51 96 15
51 97 13
51 98 3
51 99 17
51 100 16
52 53 6
52 54 13
52 55 12
52 57 12
52 58 11
52 59 9
52 60 8
52 61 20
52 62 7
52 63 18
52 64 7
52 66 3
52 67 8
52 68 11
52 69 17
52 71 4
52 72 5
52 73 2
52 74 1
52 75 1
52 78 19
52 79 13
52 80 9
52 81 9
52 82 16
52 83 12
52 84 15
52 85 11
52 86 16
52 87 20
52 89 5
52 90 20
52 91 17
52 92 5
52 93 2
52 94 13
52 95 9
52 96 20
52 97 5
52 98 20
52 99 1
53 54 11
53 55 8
53 56 18
53 57 14
53 58 17
53 60 16
53 61 1
53 62 12
53 63 1
53 64 13
53 68 14
53 69 12
53 70 10
53 71 19
53 72 16
53 73 4
53 75 5
53 76 2
53 77 12
53 78 7
53 79 9
53 81 8
53 82 16
53 83 9
53 84 2
53 85 19
53 86 18
53 88 12
53 91 17
53 92 16
53 93 20
53 94 5
53 97 13
53 98 13
54 55 5
54 58 20
54 59 12
54 60 12
54 61 2
54 62 6
54 63 15
54 64 11
54 66 17
54 67 6
54 68 2
54 69 12
54 70 17
54 71 14
54 72 6
54 74 11
54 75 2
54 76 14
54 77 2
54 78 15
54 79 8
54 80 7
54 81 11
54 83 8
54 86 11
54 89 20
54 90 11
54 92 2
54 94 9
54 95 14
54 96 12
54 98 16
54 99 13
54 100 11
55 56 10
55 57 17
55 58 3
55 59 16
55 60 9
55 61 6
55 62 10
55 63 11
55 64 6
55 66 17
55 67 6
55 68 11
55 69 4
55 71 2
55 72 17
55 73 13
55 74 19
55 76 7
55 77 14
55 78 2
55 79 19
55 82 2
55 83 4
55 84 4
55 85 17
55 86 3
55 87 16
55 88 11
55 90 20
55 91 14
55 92 13
55 93 1
55 95 15
55 96 19
55 97 8
55 98 2
55 99 7
56 57 4
56 58 6
56 59 6
56 60 7
56 62 2
56 63 2
56 64 7
56 65 15
56 66 13
56 68 16
56 70 2
56 71 20
56 72 18
56 73 15
56 74 20
56 76 17
56 78 15
56 79 11
56 81 19
56 82 1
56 83 19
56 85 16
56 86 17
56 87 18
56 88 13
56 89 14
56 90 2
56 91 20
56 92 19
56 93 9
56 96 7
56 97 15
56 98 2
56 99 3
56 100 17
57 58 3
57 59 2
57 60 9
57 61 16
57 62 12
57 66 2
57 67 1
57 68 17
57 69 18
57 70 16
57 72 15
57 73 16
57 74 20
57 78 20
57 79 15
57 80 3
57 82 20
57 87 19
57 88 3
57 89 13
57 91 10
57 92 2
57 95 20
57 96 9
57 97 16
57 98 19
57 99 8
58 59 16
58 60 7
58 61 10
58 62 1
58 63 4
58 65 8
58 66 11
58 67 7
58 68 4
58 69 10
58 71 14
58 73 14
58 74 3
58 77 13
58 78 16
58 80 10
58 83 14
58 85 9
58 86 15
58 87 9
58 88 16
58 89 20
58 90 8
58 91 10
58 95 3
58 96 8
58 97 10
58 98 4
58 99 7
58 100 19
59 60 20
59 61 9
59 62 2
59 63 18
59 64 3
59 65 6
59 66 7
59 67 20
59 68 19
59 70 3
59 71 17
59 74 13
59 75 9
59 76 5
59 77 4
59 78 6
59 79 9
59 80 9
59 82 20
59 83 19
59 84 14
59 87 19
59 88 18
59 89 3
59 90 17
59 91 14
59 93 9
59 95 10
59 96 10
59 97 6
59 98 4
59 99 20
59 100 8
60 61 5
60 62 14
60 63 1
60 64 15
60 65 13
60 66 15
60 67 17
60 68 18
60 69 7
60 70 16
60 71 17
60 72 2
60 73 9
60 75 15
60 76 18
60 77 20
60 79 1
60 81 13
60 83 14
60 84 9
60 85 15
60 86 12
60 87 20
60 88 19
60 89 9
60 90 18
60 91 4
60 92 5
60 93 14
60 94 19
60 95 10
60 96 5
60 97 20
60 98 6
60 99 14
60 100 14
61 62 5
61 63 4
61 64 8
61 65 7
61 68 2
61 69 9
61 70 20
61 71 19
61 72 6
61 75 2
61 76 10
61 78 18
61 79 4
61 80 10
61 81 2
61 82 5
61 83 16
61 84 6
61 85 3
61 86 7
61 87 2
61 88 9
61 89 19
61 90 5
61 91 5
61 92 5
61 93 2
61 94 20
61 96 13
61 98 1
61 99 12
62 63 13
62 64 12
62 65 14
62 66 18
62 67 14
62 68 19
62 70 19
62 71 1
62 72 19
62 73 4
62 74 11
62 75 8
62 76 2
62 78 17
62 79 15
62 80 13
62 81 17
62 83 19
62 84 11
62 85 20
62 87 8
62 88 17
62 89 4
62 90 1
62 91 7
62 92 19
62 93 2
62 94 6
62 95 17
62 96 7
62 97 4
62 98 14
62 99 8
62 100 10
63 65 15
63 66 20
63 67 11
63 68 1
63 69 2
63 70 5
63 72 10
63 73 6
63 74 2
63 75 10
63 77 9
63 78 4
63 79 5
63 80 2
63 81 19
63 82 3
63 84 5
63 88 10
63 89 17
63 92 19
63 93 13
63 94 19
63 95 11
63 96 18
63 98 14
63 99 9
63 100 19
64 65 6
64 66 18
64 67 19
64 68 12
64 69 14
64 70 12
64 71 10
64 72 8
64 73 19
64 75 7
64 76 4
64 79 4
64 81 18
64 82 19
64 83 15
64 84 2
64 85 11
64 86 16
64 87 15
64 89 4
64 90 2
64 91 5
64 92 2
64 93 3
64 94 11
64 95 5
64 96 7
64 97 4
64 98 16
64 99 4
64 100 9
65 66 4
65 69 1
65 71 2
65 72 8
65 73 14
65 74 17
65 75 3
65 76 17
65 77 16
65 78 19
65 79 3
65 80 18
65 82 14
65 83 6
65 84 11
65 85 15
65 88 10
65 89 18
65 92 17
65 93 9
65 94 9
65 96 3
65 98 17
65 99 5
65 100 1
66 67 4
66 68 5
66 69 14
66 70 18
66 71 7
66 72 17
66 74 16
66 75 15
66 76 4
66 77 17
66 78 12
66 79 16
66 80 16
66 81 16
66 82 2
66 84 13
66 85 16
66 86 1
66 87 11
66 88 1
66 89 11
66 90 2
66 91 8
66 93 3
66 94 6
66 96 5
66 97 12
66 98 8
66 99 15
66 100 7
67 68 2
67 69 18
67 70 11
67 71 13
67 73 17
67 74 13
67 75 3
67 76 9
67 77 20
67 79 3
67 81 4
67 82 11
67 83 13
67 84 19
67 85 12
67 86 19
67 87 7
67 88 3
67 89 2
67 90 4
67 92 13
67 93 15
67 94 16
67 95 5
67 97 11
67 98 19
67 100 7
68 69 16
68 70 8
68 71 9
68 72 10
68 73 15
68 74 18
68 75 8
68 76 16
68 77 9
68 79 14
68 82 19
68 83 20
68 86 17
68 87 10
68 88 7
68 89 4
68 90 6
68 92 20
68 93 8
68 94 17
68 96 3
68 98 14
68 99 11
69 70 8
69 71 5
69 72 6
69 73 17
69 75 3
69 76 1
69 77 6
69 79 13
69 80 10
69 81 18
69 82 3
69 83 16
69 84 7
69 86 15
69 87 20
69 90 16
69 91 11
69 92 6
69 93 11
69 94 13
69 95 13
69 96 15
69 97 7
69 98 5
69 99 10
69 100 12
70 71 3
70 73 11
70 74 3
70 78 2
70 79 9
70 80 17
70 81 15
70 82 13
70 84 5
70 88 11
70 89 11
70 90 4
70 91 17
70 92 9
70 93 19
70 94 3
70 95 18
70 96 19
70 97 3
70 98 16
70 99 14
70 100 7
71 72 19
71 74 4
71 76 13
71 77 3
71 79 15
71 80 4
71 81 8
71 82 8
71 83 20
71 84 20
71 85 19
71 88 8
71 89 4
71 90 5
71 91 11
71 92 1
71 93 3
71 94 3
71 95 3
71 96 15
71 97 15
71 98 12
71 99 4
71 100 2
72 73 13
72 74 2
72 75 18
72 76 15
72 77 8
72 78 7
72 79 8
72 81 11
72 82 14
72 83 10
72 84 17
72 85 12
72 86 12
72 87 11
72 88 12
72 89 18
72 90 5
72 92 19
72 93 17
72 94 12
72 95 11
72 96 8
72 97 4
72 98 12
72 99 13
72 100 13
73 74 18
73 75 15
73 76 5
73 77 15
73 78 19
73 79 6
73 80 17
73 81 20
73 82 5
73 83 13
73 84 8
73 85 4
73 86 16
73 89 12
73 90 5
73 91 5
73 92 16
73 93 17
73 94 19
73 95 2
73 96 19
73 98 12
73 99 12
73 100 9
74 75 14
74 78 20
74 79 14
74 80 10
74 81 18
74 82 16
74 83 17
74 85 20
74 86 19
74 87 7
74 88 4
74 89 11
74 90 12
74 91 3
74 92 17
74 93 12
74 94 20
74 95 18
74 96 7
74 97 13
74 98 9
74 99 9
74 100 7
75 76 19
75 77 9
75 81 18
75 82 13
75 83 2
75 84 10
75 85 6
75 86 15
75 87 4
75 88 17
75 89 19
75 90 10
75 91 12
75 92 15
75 93 15
75 95 7
75 96 3
75 97 8
75 99 11
75 100 6
76 79 11
76 80 19
76 81 19
76 82 3
76 84 10
76 86 2
76 87 9
76 89 6
76 90 11
76 91 20
76 93 11
76 94 7
76 95 9
76 96 8
76 98 18
76 99 16
77 78 8
77 79 4
77 81 2
77 82 4
77 84 13
77 87 16
77 88 9
77 90 13
77 91 16
77 92 4
77 93 18
77 94 8
77 95 5
77 96 7
77 98 16
77 99 13
78 79 2
78 82 17
78 83 3
78 85 13
78 86 12
78 87 20
78 88 15
78 89 20
78 90 2
78 91 4
78 92 7
78 93 15
78 94 19
78 95 10
78 96 11
78 97 1
78 98 19
78 99 6
78 100 16
79 80 11
79 81 4
79 82 17
79 83 6
79 84 5
79 85 1
79 87 19
79 88 7
79 89 4
79 91 8
79 92 12
79 93 12
79 94 15
79 96 19
79 97 10
79 100 13
80 82 18
80 83 1
80 85 20
80 86 17
80 87 3
80 89 2
80 90 16
80 91 1
80 92 17
80 93 16
80 94 1
80 96 14
80 97 13
80 99 19
80 100 5
81 82 14
81 83 20
81 84 17
81 85 1
81 87 20
81 88 5
81 89 15
81 90 3
81 91 3
81 92 11
81 93 2
81 94 6
81 95 16
81 97 15
81 98 17
81 100 20
82 83 2
82 84 11
82 85 8
82 87 14
82 88 8
82 89 16
82 90 6
82 91 20
82 92 9
82 93 2
82 94 20
82 95 10
82 96 18
82 97 6
82 98 10
82 99 9
82 100 3
83 85 14
83 86 11
83 88 15
83 89 8
83 90 6
83 91 10
83 92 9
83 93 6
83 94 4
83 95 6
83 96 5
83 97 7
83 98 4
84 85 11
84 86 19
84 87 11
84 88 10
84 89 8
84 90 6
84 91 18
84 92 5
84 94 12
84 96 6
84 98 8
84 100 2
85 86 15
85 87 20
85 90 17
85 92 19
85 93 15
85 95 11
85 96 20
85 97 10
85 98 10
85 99 16
85 100 3
86 87 6
86 88 8
86 89 15
86 90 7
86 91 1
86 92 14
86 93 5
86 94 1
86 95 10
86 96 5
86 97 15
86 98 8
86 99 18
86 100 13
87 88 4
87 93 14
87 94 2
87 96 3
87 97 20
87 98 6
87 99 12
87 100 1
88 89 18
88 90 2
88 92 20
88 93 15
88 95 8
88 96 1
88 97 16
88 99 15
88 100 12
89 90 7
89 91 16
89 92 2
89 93 14
89 94 18
89 95 6
89 97 1
89 98 15
89 99 19
89 100 20
90 91 13
90 92 7
90 93 10
90 94 9
90 95 4
90 96 11
90 97 14
90 98 11
90 99 16
90 100 12
91 93 18
91 94 17
91 95 7
91 96 17
91 97 14
91 98 12
91 99 13
92 93 8
92 94 9
92 95 7
92 98 2
92 100 14
93 94 10
93 95 2
93 96 8
93 99 19
93 100 3
94 95 16
94 96 19
94 97 6
94 98 1
94 99 15
95 96 4
95 98 3
95 99 5
96 98 15
96 99 11
96 100 7
97 98 7
97 99 15
97 100 12
98 100 3
99 100 19
