100 997
1 10 3
1 12 1
1 19 1
1 21 1
1 30 4
1 31 5
1 32 5
1 35 2
1 60 4
1 62 2
1 64 5
1 74 4
1 76 4
2 3 2
2 4 3
2 10 5
2 21 4
2 22 3
2 25 2
2 28 5
2 36 5
2 38 2
2 52 3
2 59 3
2 60 3
2 61 4
2 65 3
2 71 2
2 77 4
2 81 2
2 86 3
2 100 3
3 6 4
3 7 1
3 10 1
3 12 1
3 22 1
3 24 1
3 28 5
3 34 2
3 44 4
3 49 2
3 50 1
3 51 5
3 55 2
3 59 5
3 60 3
3 63 5
3 73 3
3 75 3
3 77 4
3 83 4
3 87 1
3 88 3
3 93 5
3 100 1
4 7 1
4 21 2
4 26 4
4 32 2
4 33 1
4 38 1
4 46 2
4 55 1
4 56 3
4 64 3
4 68 3
4 69 1
4 72 3
4 75 3
4 78 5
4 79 5
4 81 4
4 93 1
4 97 4
5 9 1
5 33 5
5 35 3
5 38 2
5 39 3
5 46 2
5 48 5
5 53 3
5 57 5
5 65 1
5 68 2
5 78 5
5 82 5
5 85 1
5 91 2
5 93 1
6 11 5
6 17 1
6 18 1
6 21 4
6 31 4
6 36 2
6 42 3
6 47 1
6 50 3
6 68 1
6 74 5
6 77 5
6 78 5
6 87 3
6 88 1
6 96 1
7 8 1
7 13 5
7 15 2
7 19 4
7 20 2
7 21 2
7 22 2
7 23 5
7 27 5
7 34 2
7 35 3
7 37 2
7 63 1
7 68 3
7 75 2
7 81 1
7 82 2
7 86 2
7 92 1
7 94 4
8 10 1
8 20 4
8 21 5
8 22 3
8 26 4
8 29 2
8 40 2
8 42 5
8 53 1
8 59 3
8 61 2
8 69 3
8 70 2
8 76 5
8 79 1
8 80 5
8 82 1
8 84 5
8 86 1
8 93 4
8 95 2
8 98 3
8 99 1
8 100 1
9 16 4
9 22 1
9 27 4
9 29 2
9 32 1
9 35 5
9 38 1
9 41 5
9 43 4
9 48 3
9 53 5
9 60 4
9 78 3
9 84 4
9 90 4
9 92 2
9 98 5
10 14 5
10 22 1
10 26 4
10 33 4
10 34 3
10 41 3
10 59 4
10 62 1
10 73 3
10 74 3
10 80 2
10 81 5
10 84 3
10 87 1
10 96 5
11 13 4
11 16 1
11 19 4
11 24 5
11 26 3
11 31 1
11 40 2
11 42 2
11 50 5
11 57 1
11 58 5
11 64 3
11 68 2
11 71 4
11 80 3
11 86 5
12 13 1
12 15 1
12 16 3
12 33 1
12 44 4
12 53 2
12 61 2
12 65 3
12 68 4
12 79 5
12 82 1
12 85 1
12 95 4
12 99 1
13 21 1
13 23 4
13 39 1
13 45 3
13 52 4
13 53 2
13 62 5
13 63 1
13 65 2
13 66 2
13 72 2
13 82 1
13 86 1
13 93 3
13 100 3
14 18 3
14 21 2
14 22 1
14 26 5
14 29 4
14 44 1
14 48 1
14 50 2
14 58 2
14 68 4
14 74 2
14 77 5
14 83 4
14 91 3
14 94 1
14 95 4
14 97 1
14 98 1
14 100 1
15 18 5
15 29 2
15 30 2
15 32 5
15 35 4
15 50 5
15 58 1
15 60 3
15 67 4
15 70 1
15 75 3
15 80 4
15 90 2
15 94 1
15 98 4
15 100 5
16 19 3
16 27 3
16 28 2
16 35 3
16 42 5
16 47 5
16 49 2
16 50 4
16 56 5
16 57 4
16 64 4
16 65 5
16 67 1
16 72 1
16 81 5
16 85 3
16 89 1
16 94 3
17 18 3
17 19 4
17 20 3
17 25 2
17 29 4
17 32 2
17 42 3
17 43 3
17 46 1
17 47 1
17 50 1
17 57 1
17 60 2
17 67 5
17 68 1
17 76 4
17 80 5
17 81 5
17 83 1
17 84 3
17 86 3
17 89 5
17 90 1
17 92 1
17 93 2
18 24 1
18 29 1
18 32 1
18 39 2
18 50 3
18 53 4
18 56 4
18 58 2
18 65 5
18 68 4
18 74 4
18 79 3
18 80 4
18 83 3
18 84 2
18 85 2
18 92 5
18 95 3
18 96 3
18 98 4
19 20 2
19 28 2
19 31 3
19 32 1
19 36 1
19 37 2
19 38 2
19 39 2
19 40 1
19 41 5
19 44 2
19 47 2
19 52 2
19 55 2
19 68 2
19 74 5
19 78 4
19 81 1
19 85 1
19 87 4
19 89 4
19 93 3
20 43 2
20 46 3
20 52 3
20 56 4
20 60 1
20 61 3
20 68 1
20 75 2
20 81 1
20 91 2
20 93 1
20 94 3
20 95 1
20 100 5
21 32 2
21 36 3
21 45 1
21 48 2
21 49 4
21 64 5
21 74 5
21 89 4
21 92 5
21 95 1
21 99 2
22 25 1
22 29 1
22 44 3
22 45 2
22 48 3
22 50 3
22 51 3
22 59 3
22 61 4
22 65 1
22 82 1
22 95 5
23 25 3
23 34 5
23 36 2
23 37 2
23 39 5
23 47 2
23 48 4
23 53 4
23 58 4
23 63 1
23 66 4
23 69 1
23 72 4
23 77 2
23 79 3
23 84 4
23 86 1
23 91 1
23 94 4
23 97 4
23 99 1
24 28 2
24 31 2
24 32 1
24 33 3
24 39 1
24 41 3
24 42 4
24 47 5
24 58 4
24 61 2
24 62 1
24 64 4
24 69 5
24 87 5
24 89 4
24 92 2
24 94 4
24 95 3
24 98 5
24 100 2
25 38 4
25 41 2
25 42 5
25 43 1
25 52 4
25 53 4
25 59 5
25 63 3
25 64 4
25 68 1
25 71 5
25 75 5
25 92 5
25 95 4
25 98 5
26 32 1
26 34 5
26 36 3
26 50 1
26 51 5
26 61 2
26 63 2
26 65 2
26 69 4
26 72 5
26 75 1
26 76 5
26 90 3
26 92 4
26 94 4
26 95 5
26 96 5
27 36 3
27 41 1
27 42 1
27 50 3
27 55 5
27 63 4
27 65 1
27 66 2
27 68 1
27 73 5
27 74 2
27 82 1
27 86 4
27 90 4
27 96 1
27 97 1
27 100 5
28 31 3
28 38 1
28 40 5
28 42 2
28 44 3
28 46 4
28 49 5
28 50 5
28 56 2
28 64 2
28 69 2
28 80 5
28 82 1
28 84 2
28 86 3
28 87 1
28 88 1
28 100 1
29 43 4
29 45 3
29 70 2
29 73 4
29 78 1
29 82 2
29 84 5
29 87 3
29 91 1
29 93 3
30 33 5
30 35 1
30 40 5
30 45 4
30 47 5
30 53 4
30 55 5
30 57 4
30 58 2
30 63 1
30 66 4
30 75 2
30 80 1
30 85 2
30 90 5
30 93 2
30 95 5
31 53 1
31 54 4
31 59 2
31 67 2
31 82 5
31 83 2
31 86 1
31 87 1
31 98 2
32 39 2
32 56 1
32 58 4
32 60 3
32 61 5
32 78 5
32 81 4
32 84 5
32 85 2
32 86 1
32 93 4
32 99 3
33 34 5
33 42 2
33 45 5
33 49 5
33 52 4
33 55 1
33 59 1
33 60 5
33 62 2
33 63 1
33 66 1
33 77 2
33 85 2
33 96 5
33 98 5
33 99 3
33 100 5
34 35 3
34 39 5
34 44 1
34 45 1
34 48 3
34 50 2
34 51 4
34 54 3
34 56 3
34 66 2
34 69 5
34 72 5
34 80 4
34 87 1
34 89 4
35 37 2
35 41 5
35 44 4
35 46 3
35 65 5
35 68 2
35 69 5
35 70 2
35 71 4
35 75 5
35 86 4
35 91 3
35 93 1
35 94 2
35 100 2
36 38 3
36 51 4
36 59 3
36 60 3
36 73 5
36 77 2
36 80 2
36 91 2
36 93 5
36 98 5
37 39 4
37 40 5
37 41 2
37 43 1
37 44 3
37 46 2
37 50 1
37 52 1
37 57 3
37 60 4
37 62 1
37 66 1
37 79 1
37 81 3
37 96 2
38 39 1
38 52 2
38 76 2
38 81 3
38 87 3
38 88 1
38 89 4
38 91 3
38 93 2
38 100 5
39 47 2
39 54 5
39 59 1
39 60 3
39 61 5
39 63 2
39 66 1
39 67 2
39 68 3
39 81 3
39 85 4
39 93 1
40 46 4
40 49 3
40 63 1
40 68 1
40 72 2
40 81 1
40 86 3
40 87 2
40 94 4
40 95 1
40 96 5
40 97 4
41 46 2
41 51 4
41 53 5
41 57 2
41 58 3
41 72 3
41 86 3
41 87 2
41 90 5
41 93 2
41 100 3
42 45 2
42 49 5
42 56 5
42 58 5
42 62 1
42 64 2
42 65 1
42 71 3
42 74 1
42 79 3
42 80 3
42 82 2
42 88 5
42 98 1
42 100 3
43 45 4
43 52 1
43 55 4
43 66 1
43 73 2
43 74 3
43 77 5
43 78 5
43 94 1
43 97 2
43 98 2
44 48 4
44 55 3
44 62 1
44 63 1
44 65 3
44 71 5
44 76 3
44 82 1
44 85 2
45 46 4
45 49 3
45 50 3
45 56 2
45 60 2
45 62 5
45 68 2
45 69 2
45 73 4
45 75 5
45 78 4
45 83 5
45 93 2
45 95 3
46 52 1
46 54 5
46 59 5
46 75 4
46 77 4
46 78 4
46 80 3
46 81 4
46 83 3
46 85 2
46 90 1
46 98 5
47 57 4
47 65 5
47 77 2
47 80 2
47 89 3
47 90 4
47 93 1
47 98 1
47 100 4
48 53 2
48 54 3
48 61 5
48 62 1
48 76 4
48 81 3
48 89 4
48 97 2
49 51 5
49 63 3
49 66 4
49 69 5
49 74 5
50 54 3
50 66 3
50 68 3
50 85 3
50 92 2
51 53 4
51 54 2
51 65 3
51 67 2
51 75 5
51 92 5
51 94 2
52 56 3
52 63 1
52 69 1
52 81 5
52 86 1
52 91 5
52 94 5
52 97 4
53 64 5
53 66 1
53 67 5
53 71 3
53 79 3
53 90 2
53 95 5
54 58 4
54 59 1
54 69 2
54 72 4
54 73 5
54 80 2
54 86 2
54 88 2
54 92 1
54 99 4
55 56 3
55 61 2
55 64 1
55 78 3
55 94 1
55 96 3
55 98 4
56 60 1
56 66 5
56 68 2
56 71 2
56 72 5
56 84 2
56 85 5
56 89 4
56 95 4
56 97 1
57 59 2
57 60 1
57 63 4
57 68 2
57 69 5
57 71 4
57 73 3
57 76 1
57 80 2
57 82 1
57 84 1
57 86 2
57 95 2
57 100 3
58 65 5
58 70 5
58 73 2
58 78 3
58 79 4
58 83 4
58 86 3
59 75 5
59 77 3
59 84 1
59 86 2
59 87 2
59 92 5
59 93 3
60 66 2
60 74 4
60 78 2
60 85 3
60 93 5
60 99 1
61 74 1
61 83 1
61 86 4
61 87 4
61 93 5
61 96 2
61 98 4
62 64 3
62 70 2
62 88 1
62 89 5
62 93 2
62 96 1
63 64 5
63 68 4
63 78 1
63 79 1
63 80 5
63 86 4
63 88 3
63 90 4
64 69 2
64 72 5
64 76 1
64 97 3
65 70 3
65 77 5
65 79 4
65 91 5
65 96 3
65 99 5
66 79 4
66 84 5
66 86 4
66 89 1
66 90 1
67 70 3
67 71 3
67 74 5
67 76 3
67 79 1
67 81 4
67 93 5
67 94 5
67 97 4
67 100 1
68 72 4
68 76 5
68 80 3
68 81 5
68 87 3
68 88 5
68 89 1
68 96 4
69 70 3
69 71 4
69 72 2
69 74 5
69 76 1
69 88 1
69 89 4
69 90 4
69 92 3
69 95 1
69 99 3
70 71 4
70 77 1
70 78 5
70 79 5
70 82 3
70 90 1
70 92 4
70 95 3
70 96 2
71 73 3
71 91 2
71 96 3
71 98 4
72 78 1
72 80 2
72 82 3
73 81 3
73 86 4
73 87 3
73 90 3
73 91 5
73 92 5
73 93 2
73 95 4
74 81 3
74 83 4
74 84 3
74 85 4
74 96 4
74 98 1
74 99 3
75 78 5
75 80 3
75 89 3
75 90 2
75 93 4
76 77 4
76 78 2
76 82 2
76 89 1
77 79 5
77 80 1
77 84 2
77 96 3
77 100 5
78 79 4
78 81 3
78 90 2
78 95 3
78 96 1
78 100 3
79 80 5
79 82 3
79 86 3
79 93 3
79 94 2
79 96 3
79 99 1
79 100 3
80 86 2
80 94 5
81 82 2
81 85 2
81 90 1
81 97 4
81 100 5
82 90 4
82 97 2
83 84 5
83 95 3
83 98 4
84 90 1
84 95 4
85 86 1
85 98 2
86 88 2
86 89 5
86 92 3
86 98 5
86 99 1
87 88 2
87 90 5
87 92 4
88 90 2
89 93 1
89 94 5
89 98 4
89 100 2
90 93 5
90 97 5
90 98 5
90 99 1
90 100 1
91 95 1
92 94 2
93 94 2
94 96 2
94 98 4
95 98 1
96 99 5
96 100 1
97 100 3
98 100 5
