50 133
1 11 5
1 16 4
1 42 5
2 10 1
2 17 5
2 45 1
3 26 5
3 32 4
3 44 5
4 24 3
4 30 1
4 32 2
4 36 1
4 43 3
5 6 5
5 27 4
5 36 3
5 41 5
5 48 2
5 49 5
6 9 5
6 42 1
6 48 4
7 18 2
7 27 1
7 32 3
8 25 3
8 30 4
8 31 5
8 40 4
8 41 5
8 45 5
8 47 3
8 49 2
9 14 2
9 26 4
9 27 1
9 41 2
9 42 3
9 44 1
10 40 5
10 49 2
11 43 4
11 49 4
12 14 2
12 33 3
12 38 4
12 46 2
13 18 1
13 22 5
13 23 3
13 38 4
14 15 5
14 22 1
14 31 5
15 27 1
15 34 4
16 24 1
16 25 4
16 34 2
16 41 1
16 49 2
17 25 1
17 26 3
17 27 4
17 30 4
17 34 3
17 37 1
17 50 5
18 21 3
18 24 3
18 33 3
18 41 3
19 20 4
19 29 5
19 35 5
19 36 2
19 43 5
20 25 1
20 30 1
20 31 2
20 33 1
20 34 5
20 46 1
20 49 4
21 30 1
21 37 5
21 39 1
21 46 2
22 28 2
22 33 1
22 48 4
23 41 4
23 44 1
23 48 3
24 29 4
24 41 2
24 47 2
24 49 1
24 50 2
25 26 5
25 31 3
25 39 5
25 41 3
25 45 3
26 34 2
26 36 5
26 37 5
26 42 4
27 28 5
27 29 1
28 41 5
29 35 1
29 50 3
30 32 5
30 41 5
31 32 4
31 41 5
32 42 4
32 43 1
32 44 1
33 40 3
33 45 5
35 45 4
36 38 3
36 42 1
38 39 4
39 41 3
39 47 1
39 50 2
41 50 5
43 47 2
46 49 2
