50 253
1 4 5
1 15 5
1 22 1
1 27 4
1 31 4
1 35 1
1 36 2
1 38 5
1 40 5
1 43 2
2 7 2
2 8 3
2 12 3
2 15 4
2 25 4
2 37 1
2 44 4
3 10 2
3 14 1
3 16 3
3 22 4
3 38 5
3 42 3
3 44 5
4 5 3
4 7 3
4 8 1
4 9 5
4 11 3
4 25 1
4 27 2
4 31 1
4 32 3
4 36 3
4 37 2
4 41 1
4 44 2
4 48 2
5 8 1
5 9 2
5 20 1
5 21 3
5 23 5
5 24 3
5 25 2
5 26 1
5 31 1
5 37 2
5 40 5
5 47 2
6 8 1
6 17 5
6 20 1
6 31 3
6 32 3
6 33 3
6 34 3
6 43 3
6 44 4
6 45 2
6 46 5
6 48 3
7 14 3
7 19 4
7 28 3
7 30 4
7 34 2
7 38 2
7 44 3
7 48 2
7 49 5
8 10 3
8 11 1
8 15 2
8 17 3
8 20 2
8 25 2
8 33 1
8 39 1
8 42 3
8 47 5
9 26 5
9 34 2
9 37 3
9 38 1
9 49 2
9 50 5
10 13 2
10 14 3
10 16 2
10 22 2
10 23 3
10 24 2
10 25 4
10 30 4
10 31 4
10 38 1
10 41 2
10 47 3
10 48 2
11 17 5
11 20 2
11 29 4
11 32 3
11 37 2
12 32 3
12 35 2
12 37 4
12 40 5
12 46 4
12 49 3
13 17 4
13 21 2
13 23 5
13 25 1
13 33 3
13 40 1
13 48 2
13 49 5
14 25 5
14 37 2
14 38 4
14 45 2
14 48 2
14 50 5
15 19 1
15 23 5
15 43 4
15 48 5
16 24 5
16 26 1
16 32 3
16 36 2
16 40 5
16 42 3
16 46 3
17 18 3
17 23 1
17 31 1
17 40 3
17 42 1
17 46 2
17 50 2
18 22 2
18 25 4
18 33 1
18 34 3
18 37 4
18 40 4
18 42 1
18 47 5
19 24 4
19 26 1
19 29 4
19 46 1
19 47 2
19 50 1
20 21 2
20 26 3
20 28 1
20 30 2
20 37 4
20 41 1
20 42 1
21 25 1
21 29 5
21 33 2
21 37 1
21 41 4
21 50 3
22 24 5
22 28 1
22 33 3
22 35 2
22 39 4
22 43 2
22 46 1
22 47 1
23 24 2
23 33 1
23 39 1
23 48 3
24 25 4
24 31 2
24 32 1
24 43 5
25 34 3
25 40 5
25 41 3
25 45 3
25 49 1
26 27 2
26 42 1
26 45 4
26 48 5
27 29 3
27 35 1
27 40 3
27 41 2
27 46 2
27 49 5
28 32 2
28 38 1
28 39 4
28 50 1
29 32 4
29 36 1
29 37 5
29 38 3
29 48 1
29 50 1
30 38 3
30 41 2
30 47 3
31 41 5
31 44 1
31 47 3
31 49 1
32 34 2
32 44 5
32 46 3
32 48 3
32 49 4
32 50 2
33 35 1
33 43 2
34 37 3
34 38 1
34 44 1
34 47 2
35 36 1
35 40 4
35 45 2
36 38 5
36 45 2
36 47 2
36 48 1
37 48 1
38 40 3
38 41 3
38 42 2
39 43 5
40 45 2
40 46 2
41 42 1
41 43 5
41 47 2
41 50 4
43 47 3
44 49 2
47 48 2
47 49 4
48 49 4
