100 995
1 3 11
1 6 13
1 8 9
1 9 7
1 16 12
1 20 12
1 26 18
1 37 12
1 39 15
1 41 8
1 59 8
1 64 17
1 70 20
1 72 2
1 73 10
1 77 6
1 78 7
1 93 18
2 8 8
2 10 20
2 26 10
2 36 20
2 37 1
2 38 6
2 39 9
2 40 16
2 43 14
2 47 7
2 58 6
2 71 9
2 73 20
2 79 10
2 88 8
2 89 14
2 91 17
2 92 9
2 93 9
3 5 7
3 8 4
3 19 12
3 39 6
3 42 3
3 43 4
3 57 5
3 64 14
3 68 6
3 69 1
3 75 10
3 84 5
3 85 1
3 90 8
3 92 14
3 94 1
3 96 6
3 97 19
3 100 8
4 6 5
4 12 16
4 13 14
4 15 3
4 23 1
4 24 5
4 27 16
4 31 9
4 33 5
4 40 11
4 44 3
4 55 10
4 58 7
4 73 17
4 77 1
4 78 12
4 86 1
4 88 7
5 13 20
5 16 12
5 19 7
5 24 17
5 27 16
5 28 6
5 29 7
5 40 12
5 47 20
5 49 17
5 60 8
5 62 18
5 77 6
5 80 20
5 82 9
5 89 2
5 91 6
5 95 12
6 11 16
6 17 8
6 26 4
6 33 12
6 34 17
6 38 18
6 39 3
6 43 4
6 47 6
6 50 8
6 51 17
6 53 18
6 57 2
6 59 19
6 60 7
6 64 11
6 67 6
6 78 5
6 84 2
6 86 3
6 88 1
6 89 13
6 92 16
6 93 2
6 94 17
7 8 1
7 24 19
7 25 10
7 28 3
7 31 15
7 35 12
7 42 20
7 43 16
7 44 19
7 51 7
7 52 15
7 54 5
7 59 8
7 83 5
7 85 1
7 87 19
7 99 13
8 9 10
8 11 7
8 12 5
8 13 16
8 16 19
8 22 8
8 23 10
8 26 10
8 29 5
8 35 15
8 39 9
8 46 15
8 48 13
8 62 7
8 66 15
8 71 19
8 73 14
8 84 7
8 85 18
8 88 7
8 90 3
8 96 2
8 98 9
9 15 18
9 22 5
9 24 17
9 25 14
9 27 10
9 37 7
9 41 11
9 49 1
9 62 16
9 64 6
9 67 10
9 68 7
9 69 16
9 74 9
9 79 5
9 80 17
9 83 20
9 87 7
9 88 18
9 94 3
9 95 20
9 98 5
10 12 9
10 13 12
10 21 9
10 24 10
10 25 2
10 33 1
10 34 17
10 37 14
10 42 6
10 45 6
10 48 7
10 49 11
10 55 10
10 68 5
10 72 20
10 76 11
10 82 10
10 97 10
10 100 15
11 15 10
11 18 15
11 21 3
11 23 19
11 31 8
11 34 17
11 43 3
11 54 4
11 58 11
11 66 8
11 70 7
11 71 7
11 74 14
11 80 16
11 82 10
11 83 12
11 85 1
11 87 13
11 91 8
11 98 10
12 14 19
12 16 7
12 30 8
12 35 3
12 44 18
12 45 10
12 46 6
12 51 14
12 54 5
12 55 8
12 58 20
12 63 5
12 81 14
12 83 1
12 86 6
12 93 2
12 95 4
13 22 20
13 26 16
13 29 14
13 41 6
13 45 18
13 46 20
13 66 9
13 67 18
13 71 19
13 91 6
13 96 4
14 18 2
14 22 5
14 24 15
14 35 16
14 43 20
14 44 15
14 45 9
14 46 4
14 48 3
14 53 6
14 60 6
14 61 20
14 63 19
14 64 20
14 69 9
14 72 2
14 86 11
14 99 2
14 100 16
15 20 16
15 25 7
15 26 13
15 30 5
15 46 17
15 50 8
15 59 12
15 65 9
15 66 14
15 74 17
15 77 10
15 81 1
15 85 16
15 87 5
15 96 5
15 100 9
16 17 2
16 20 6
16 22 19
16 29 17
16 38 19
16 39 2
16 41 13
16 47 20
16 50 9
16 59 9
16 79 19
16 86 1
17 25 3
17 37 18
17 38 10
17 44 16
17 46 6
17 53 13
17 54 12
17 55 13
17 57 12
17 71 6
17 80 19
17 83 14
17 88 19
17 96 1
18 22 10
18 26 19
18 32 12
18 37 4
18 41 3
18 43 20
18 47 7
18 49 16
18 54 5
18 61 5
18 64 17
18 68 19
18 69 10
18 70 11
18 74 12
18 75 4
18 76 6
18 97 7
18 98 9
18 100 18
19 20 14
19 31 8
19 34 11
19 40 19
19 50 9
19 57 18
19 65 10
19 71 5
19 72 5
19 74 11
19 78 2
19 79 11
19 87 13
19 88 15
19 96 14
20 32 9
20 33 11
20 38 4
20 39 12
20 48 14
20 51 14
20 55 10
20 64 9
20 71 7
20 73 20
20 75 18
20 77 5
20 80 14
20 82 9
20 88 17
20 89 16
20 99 2
21 23 19
21 27 20
21 28 16
21 42 5
21 46 19
21 49 9
21 50 4
21 59 15
21 67 20
21 72 5
21 80 19
21 86 8
21 87 5
21 89 2
21 92 8
21 93 6
21 97 16
22 23 4
22 24 7
22 28 13
22 32 9
22 38 14
22 40 6
22 41 16
22 43 5
22 57 10
22 60 1
22 62 3
22 74 16
22 82 18
22 83 4
22 89 20
22 90 9
22 92 20
22 93 9
22 100 11
23 24 6
23 26 14
23 29 2
23 37 14
23 39 9
23 46 5
23 48 9
23 49 2
23 51 7
23 72 13
23 74 14
23 79 20
23 83 11
23 84 4
23 86 2
23 87 14
23 94 5
23 99 12
24 25 10
24 31 5
24 34 7
24 38 1
24 45 9
24 51 10
24 55 19
24 59 17
24 65 17
24 69 10
24 71 10
24 72 16
24 73 8
24 75 15
24 80 20
24 81 2
24 82 8
24 83 8
24 93 4
24 99 18
25 26 5
25 31 13
25 39 4
25 49 18
25 57 5
25 58 13
25 68 8
25 73 4
25 76 18
25 85 11
25 87 19
25 91 1
26 32 10
26 33 11
26 37 20
26 38 10
26 39 13
26 51 13
26 58 18
26 60 13
26 69 19
26 70 14
26 76 9
26 79 10
26 83 3
26 96 15
27 36 10
27 37 14
27 38 8
27 39 19
27 55 6
27 56 19
27 61 2
27 63 4
27 72 12
27 74 3
27 76 1
27 78 3
27 82 5
27 86 9
27 87 3
27 88 7
27 95 9
27 96 19
27 97 16
28 40 1
28 41 12
28 55 20
28 59 10
28 60 17
28 62 4
28 74 18
28 81 7
28 84 14
28 98 10
29 31 18
29 32 8
29 33 7
29 36 1
29 39 8
29 42 1
29 52 16
29 57 20
29 59 11
29 77 10
29 84 7
29 90 17
29 91 4
29 96 11
29 98 17
30 34 6
30 43 6
30 47 5
30 56 12
30 57 3
30 67 14
30 68 12
30 70 5
30 72 4
30 74 7
30 84 18
30 92 17
30 95 13
30 97 20
30 98 5
31 32 1
31 43 18
31 45 3
31 46 1
31 49 8
31 66 15
31 77 13
31 79 9
31 80 6
31 81 6
31 83 6
31 86 1
31 93 15
31 94 15
31 96 12
32 34 7
32 35 10
32 38 1
32 40 4
32 55 1
32 69 18
32 72 8
32 75 13
32 82 9
32 83 20
32 86 12
32 92 14
32 100 18
33 35 14
33 38 12
33 40 5
33 51 14
33 53 14
33 55 14
33 56 15
33 61 11
33 67 3
33 83 17
33 85 13
33 92 4
33 100 9
34 47 1
34 54 13
34 61 7
34 63 7
34 67 6
34 69 20
34 71 18
34 74 16
34 82 19
34 87 20
34 92 11
34 94 6
34 96 9
34 98 7
34 100 2
35 41 8
35 44 2
35 46 5
35 49 19
35 52 15
35 54 15
35 55 3
35 60 7
35 63 4
35 69 19
35 80 8
35 83 15
35 84 3
35 92 3
35 98 10
36 38 19
36 41 1
36 55 9
36 63 15
36 66 11
36 67 5
36 68 17
36 69 18
36 71 5
36 90 4
36 99 12
37 49 4
37 52 3
37 53 13
37 66 17
37 74 12
37 77 2
37 84 1
37 91 2
37 97 10
37 98 12
38 49 16
38 55 11
38 56 18
38 57 15
38 61 18
38 67 5
38 72 11
38 84 4
38 85 9
38 93 19
38 96 15
38 98 1
38 100 8
39 42 4
39 43 18
39 48 8
39 51 3
39 53 19
39 54 2
39 67 20
39 71 2
39 78 14
39 92 15
39 95 20
40 41 14
40 42 11
40 44 3
40 47 20
40 60 20
40 63 15
40 78 19
40 79 6
40 80 12
40 82 15
40 83 1
40 86 7
40 87 12
40 89 12
40 94 10
40 95 16
40 96 8
40 100 4
41 44 10
41 47 20
41 48 1
41 50 12
41 52 4
41 53 19
41 62 9
41 64 12
41 67 5
41 75 8
41 87 8
41 90 10
41 92 13
41 97 14
41 98 1
42 48 4
42 49 11
42 55 14
42 59 17
42 63 5
42 72 3
42 73 20
42 80 11
42 83 3
42 100 8
43 51 19
43 54 2
43 59 3
43 64 16
43 68 13
43 69 1
43 74 10
43 76 7
43 96 10
43 98 7
44 49 1
44 50 9
44 53 6
44 60 5
44 72 11
44 74 3
44 78 3
44 80 10
44 81 2
44 82 8
44 85 6
44 86 15
44 91 17
44 93 5
44 95 20
45 50 8
45 65 20
45 71 11
45 74 13
45 90 16
45 91 10
45 93 9
45 95 13
45 100 8
46 48 12
46 50 5
46 51 20
46 54 13
46 56 5
46 58 13
46 76 14
46 78 12
46 79 19
46 82 16
46 89 18
46 94 19
46 95 11
46 96 16
47 72 9
47 74 14
47 75 17
47 79 6
47 83 7
47 85 19
47 97 4
48 49 10
48 61 9
48 80 17
48 82 12
48 85 7
48 86 16
48 99 2
49 52 11
49 55 4
49 58 17
49 64 2
49 65 15
49 72 4
50 57 8
50 67 20
50 70 9
50 72 12
50 78 11
50 86 2
50 94 16
50 96 19
50 99 9
51 54 14
51 59 6
51 64 5
51 70 3
51 74 1
51 77 8
51 79 9
51 82 16
51 83 13
51 91 11
51 92 20
51 94 9
52 53 16
52 58 7
52 65 9
52 66 19
52 67 14
52 70 5
52 77 9
52 79 6
52 80 18
52 81 13
52 82 8
52 90 7
52 92 16
52 97 17
52 98 3
52 99 14
53 61 20
53 64 10
53 69 20
53 70 8
53 72 5
53 73 10
53 76 15
53 80 13
53 82 9
53 85 5
53 87 14
53 89 12
54 62 15
54 64 3
54 66 1
54 81 4
54 100 12
55 57 14
55 62 9
55 72 8
55 77 3
55 86 7
55 87 4
55 100 3
56 58 12
56 69 11
56 75 8
56 81 11
56 83 10
56 86 11
56 88 16
56 100 13
57 63 10
57 67 4
57 81 14
57 82 6
57 83 11
57 84 3
57 87 8
57 89 18
57 90 10
57 99 13
57 100 18
58 59 6
58 69 4
58 70 13
58 73 4
58 75 20
58 78 17
58 80 2
58 86 13
58 88 14
58 92 16
58 94 1
58 98 8
59 66 12
59 74 6
59 76 14
59 91 16
59 92 14
59 97 5
60 63 4
60 68 19
60 73 9
60 77 2
60 78 14
60 80 12
60 87 8
60 91 10
60 92 5
60 98 9
61 62 17
61 63 18
61 81 15
61 83 14
61 85 14
61 89 7
61 95 6
62 65 4
62 68 8
62 85 19
62 94 18
62 100 13
63 66 3
63 72 5
63 80 2
63 82 13
63 83 7
63 84 14
63 92 1
63 97 5
64 66 18
64 68 8
64 81 4
64 82 7
64 83 1
64 84 1
64 92 18
64 96 5
64 97 3
65 67 4
65 78 16
65 80 1
65 83 10
65 84 11
65 91 8
65 96 18
65 100 1
66 81 12
66 83 15
66 84 20
66 86 18
66 89 16
66 92 4
67 69 5
67 70 15
67 79 10
67 88 6
67 94 12
67 100 5
68 83 8
68 84 9
68 96 15
69 70 3
69 78 4
69 81 16
69 82 15
69 83 11
69 86 4
69 92 1
69 98 14
69 99 7
70 71 10
70 80 6
70 81 9
70 82 13
70 86 9
70 88 1
70 90 15
70 91 6
70 95 11
70 99 6
71 76 19
71 80 20
71 83 18
71 84 8
71 86 10
71 93 3
72 74 16
72 76 17
72 82 17
72 87 10
72 92 12
73 74 20
73 85 15
73 87 15
73 88 3
73 96 15
73 98 2
73 99 17
74 75 14
74 78 17
74 94 3
75 82 8
75 95 17
75 96 7
76 80 18
76 83 12
76 84 7
76 87 12
76 99 13
77 79 1
77 94 2
78 85 9
78 86 11
78 87 5
78 92 12
79 91 11
79 92 12
79 94 7
79 97 6
80 82 6
80 83 3
80 87 10
80 89 7
80 92 5
80 97 17
81 84 3
81 86 19
81 95 6
81 98 12
82 87 2
82 96 3
83 91 6
83 98 13
84 90 11
84 92 20
84 98 14
86 89 7
86 91 4
86 99 17
87 89 20
87 92 2
87 99 12
88 91 1
90 91 20
90 97 2
91 97 2
92 97 4
94 100 18
95 100 14
96 100 2
99 100 16
