100 1046
1 7 3
1 14 1
1 22 4
1 36 6
1 38 9
1 39 8
1 40 3
1 41 1
1 43 1
1 47 8
1 50 6
1 55 3
1 61 4
1 68 6
1 73 4
1 77 6
1 80 1
1 82 4
1 84 1
1 86 1
1 87 9
1 89 8
1 92 5
1 93 2
1 98 9
2 4 9
2 7 4
2 9 3
2 12 3
2 29 10
2 30 4
2 35 9
2 41 3
2 44 8
2 46 10
2 49 1
2 52 2
2 53 1
2 55 2
2 56 3
2 73 3
2 75 10
2 81 8
2 84 5
2 85 3
2 92 10
2 94 8
3 4 6
3 16 6
3 28 4
3 33 1
3 40 5
3 42 7
3 43 8
3 45 4
3 55 3
3 57 4
3 62 1
3 70 1
3 73 2
3 79 10
3 81 5
3 90 3
3 100 2
4 10 6
4 13 6
4 14 9
4 15 7
4 18 9
4 22 7
4 26 8
4 30 6
4 33 10
4 34 7
4 43 10
4 53 6
4 54 6
4 55 6
4 65 9
4 67 4
4 68 10
4 70 4
4 75 7
4 76 1
4 78 7
4 81 4
4 85 1
4 86 7
4 93 5
4 96 4
4 97 9
5 6 2
5 16 8
5 23 5
5 24 5
5 27 2
5 29 2
5 31 5
5 40 5
5 44 6
5 51 1
5 60 6
5 62 6
5 64 2
5 67 9
5 75 1
5 77 7
5 83 3
5 84 2
5 90 4
5 98 5
5 100 6
6 11 8
6 17 6
6 18 3
6 25 9
6 34 10
6 40 3
6 42 2
6 44 7
6 48 7
6 49 3
6 50 9
6 51 2
6 52 3
6 53 3
6 58 4
6 62 9
6 65 5
6 66 3
6 68 7
6 69 5
6 76 5
6 77 9
6 78 9
6 84 5
6 89 8
6 91 1
6 93 3
7 15 7
7 17 10
7 27 8
7 30 4
7 39 2
7 40 10
7 44 3
7 52 9
7 65 10
7 74 3
7 76 3
7 78 7
7 91 6
7 93 4
7 97 6
8 10 9
8 11 3
8 15 6
8 20 4
8 22 9
8 29 10
8 31 7
8 34 3
8 45 3
8 59 1
8 65 9
8 70 9
8 74 4
8 77 7
8 82 8
8 87 4
8 88 2
8 95 3
8 100 10
9 12 7
9 24 6
9 31 3
9 33 9
9 35 5
9 37 8
9 41 9
9 45 6
9 46 6
9 48 4
9 55 1
9 70 1
9 74 6
9 76 3
9 77 4
9 82 3
9 91 2
9 96 4
9 99 6
10 12 3
10 13 9
10 14 7
10 17 6
10 21 10
10 44 4
10 46 9
10 65 5
10 71 6
10 74 7
10 79 9
10 88 7
10 90 1
10 91 3
10 93 3
10 94 3
10 95 7
10 97 4
11 13 2
11 20 5
11 28 4
11 31 3
11 35 3
11 43 5
11 45 5
11 47 5
11 52 1
11 62 2
11 71 1
11 75 5
11 77 1
11 82 2
11 87 7
11 89 2
11 93 8
11 97 1
11 99 6
12 13 7
12 14 1
12 15 2
12 16 8
12 17 10
12 18 9
12 29 5
12 30 7
12 33 6
12 36 5
12 43 10
12 46 5
12 54 6
12 59 10
12 71 10
12 78 5
12 80 5
12 83 1
12 87 5
12 97 4
12 99 9
13 15 7
13 16 5
13 27 4
13 28 6
13 37 2
13 44 1
13 54 7
13 55 3
13 78 3
13 79 4
13 89 7
13 91 10
13 94 1
13 99 3
14 17 6
14 19 2
14 20 5
14 22 2
14 23 10
14 32 3
14 35 6
14 38 2
14 39 4
14 41 10
14 44 10
14 46 6
14 48 10
14 49 1
14 52 1
14 55 8
14 57 9
14 60 3
14 62 2
14 64 8
14 67 6
14 71 7
14 82 8
14 84 10
14 92 5
14 93 8
15 18 1
15 19 1
15 30 4
15 31 9
15 54 1
15 57 6
15 60 6
15 65 2
15 70 3
15 81 4
15 86 1
15 91 8
15 93 6
15 97 3
16 18 5
16 29 3
16 42 5
16 45 6
16 46 3
16 47 8
16 51 2
16 52 5
16 60 1
16 61 9
16 65 6
16 68 8
16 80 9
16 83 1
16 84 2
16 88 6
17 18 7
17 26 10
17 28 3
17 29 4
17 51 3
17 52 10
17 67 7
17 74 4
17 93 10
17 97 6
17 98 4
18 19 7
18 21 5
18 45 6
18 51 1
18 54 8
18 57 1
18 58 4
18 64 7
18 66 1
18 71 7
18 73 6
18 79 5
18 84 9
18 96 4
18 99 10
19 21 8
19 25 2
19 39 10
19 43 5
19 52 8
19 54 10
19 56 5
19 61 7
19 64 1
19 71 3
19 76 7
19 77 6
19 86 9
19 87 10
19 91 9
19 97 5
20 25 1
20 27 5
20 29 4
20 34 1
20 40 3
20 45 5
20 49 9
20 51 3
20 53 6
20 54 2
20 55 10
20 57 3
20 59 6
20 60 5
20 64 6
20 65 9
20 74 2
20 75 1
20 76 5
20 88 8
20 91 3
20 94 9
21 22 7
21 23 5
21 26 6
21 32 10
21 34 4
21 35 8
21 37 7
21 41 3
21 50 10
21 58 1
21 60 5
21 70 5
21 72 1
21 78 6
21 82 7
21 83 3
21 89 7
21 91 5
21 93 1
21 95 4
22 26 4
22 28 10
22 35 3
22 37 7
22 56 8
22 61 10
22 62 7
22 63 3
22 69 10
22 82 9
22 88 8
22 92 7
22 95 9
23 24 1
23 26 1
23 32 8
23 36 5
23 38 4
23 48 1
23 54 5
23 65 2
23 68 3
23 75 3
23 79 7
23 85 2
23 88 2
23 92 8
23 96 9
23 97 7
24 32 2
24 40 6
24 41 5
24 45 4
24 46 2
24 54 2
24 56 6
24 58 6
24 60 7
24 61 5
24 72 8
24 73 3
24 83 2
24 86 4
24 87 5
24 90 10
24 93 6
24 96 5
24 97 3
24 98 10
24 100 10
25 33 7
25 42 7
25 44 4
25 53 1
25 55 6
25 63 3
25 64 8
25 69 10
25 71 5
25 79 8
25 83 7
25 86 4
25 97 10
26 48 8
26 56 7
26 59 8
26 61 9
26 63 2
26 66 2
26 77 10
26 79 9
26 82 1
26 83 4
26 89 10
27 28 10
27 51 6
27 53 8
27 57 5
27 61 3
27 68 5
27 70 2
27 73 2
27 76 9
27 79 9
27 83 7
27 86 1
27 92 6
27 99 4
28 30 6
28 32 8
28 33 6
28 34 1
28 36 7
28 37 6
28 42 1
28 47 8
28 53 4
28 58 10
28 59 9
28 60 6
28 61 5
28 66 3
28 72 2
28 74 2
28 75 1
28 82 3
28 88 6
28 92 2
28 95 2
28 100 9
29 32 4
29 36 7
29 43 9
29 63 6
29 66 7
29 70 7
29 85 7
29 87 1
29 91 3
29 97 9
30 32 6
30 37 6
30 38 2
30 41 7
30 45 8
30 49 10
30 55 1
30 59 7
30 62 4
30 64 4
30 68 3
30 71 1
30 77 4
30 87 2
30 90 7
31 34 9
31 38 6
31 39 8
31 40 6
31 41 4
31 43 5
31 49 10
31 50 7
31 51 10
31 54 5
31 56 5
31 60 2
31 67 1
31 68 5
31 72 2
31 83 2
31 90 8
31 91 8
31 93 8
31 100 7
32 36 10
32 37 3
32 43 3
32 48 2
32 53 5
32 63 3
32 65 10
32 73 10
32 75 8
32 86 7
33 40 7
33 53 7
33 57 9
33 59 7
33 66 9
33 69 3
33 71 3
33 72 10
33 77 5
33 84 9
33 89 4
33 94 10
33 96 1
34 42 7
34 43 2
34 44 10
34 51 10
34 56 9
34 58 3
34 59 3
34 63 8
34 64 2
34 65 10
34 68 4
34 70 7
34 72 8
34 74 5
34 82 6
34 83 7
34 90 6
34 94 6
34 98 1
35 37 8
35 42 4
35 46 1
35 47 10
35 52 3
35 53 10
35 55 8
35 57 9
35 61 4
35 65 10
35 69 3
35 71 3
35 77 3
35 84 7
35 85 8
35 92 6
35 96 5
35 100 3
36 45 3
36 47 6
36 52 9
36 53 8
36 54 3
36 59 4
36 61 10
36 67 5
36 80 4
36 85 1
36 92 8
36 93 3
36 94 5
36 97 8
36 100 3
37 43 4
37 48 5
37 59 10
37 65 1
37 74 2
37 82 4
37 85 6
38 40 3
38 44 2
38 45 7
38 47 9
38 50 10
38 51 1
38 54 3
38 65 8
38 68 9
38 75 4
38 77 4
38 79 2
38 84 7
38 86 2
38 89 1
38 92 7
38 93 4
38 95 6
38 99 5
39 59 4
39 62 1
39 63 5
39 68 8
39 71 8
39 72 3
39 75 2
39 94 8
39 97 8
40 43 4
40 50 2
40 54 7
40 58 5
40 63 3
40 64 4
40 65 3
40 74 4
40 75 10
40 76 7
40 83 4
40 85 8
40 98 1
41 42 8
41 43 4
41 48 7
41 50 8
41 54 7
41 56 9
41 59 4
41 62 7
41 63 9
41 68 6
41 70 8
41 75 1
41 79 4
41 81 4
41 87 1
41 92 10
41 98 8
42 44 7
42 56 6
42 62 6
42 65 3
42 66 4
42 76 7
42 78 3
42 88 9
42 93 4
42 96 3
42 99 5
43 47 1
43 50 2
43 52 4
43 57 6
43 73 6
43 76 3
43 81 5
43 82 3
43 86 1
43 88 2
43 90 2
44 45 10
44 48 5
44 51 4
44 58 10
44 63 2
44 70 8
44 74 8
44 78 7
44 79 2
44 81 3
44 82 8
44 88 7
44 91 4
44 93 7
44 95 7
45 49 5
45 51 7
45 56 3
45 57 10
45 59 4
45 63 5
45 66 10
45 69 7
45 85 1
46 47 4
46 48 10
46 49 10
46 56 1
46 72 1
46 83 6
46 86 2
46 87 1
46 88 9
46 92 1
46 96 2
46 98 5
47 57 5
47 65 3
47 72 10
47 89 8
48 52 5
48 59 10
48 64 3
48 67 1
48 69 7
48 72 3
48 73 10
48 92 10
48 95 4
48 96 2
48 97 9
48 99 7
49 50 5
49 60 1
49 61 9
49 62 5
49 63 10
49 64 2
49 67 7
49 76 5
49 79 1
49 82 7
49 89 3
49 97 7
50 51 8
50 52 4
50 54 8
50 57 10
50 79 10
50 82 10
50 91 3
50 93 4
50 100 4
51 60 8
51 63 3
51 73 2
51 75 7
51 78 9
51 80 8
51 81 10
51 83 7
51 85 6
51 91 6
51 95 5
51 99 6
52 57 3
52 66 10
52 76 10
52 81 9
52 85 2
52 95 7
52 97 8
53 63 6
53 66 6
53 82 2
53 86 4
53 87 5
53 92 8
53 94 2
53 96 7
54 58 1
54 60 7
54 68 7
54 80 7
54 84 3
54 87 7
54 93 3
55 61 7
55 65 7
55 67 7
55 73 10
55 81 9
55 83 7
55 88 9
55 93 6
56 58 7
56 59 9
56 61 8
56 68 2
56 76 8
56 78 10
56 89 1
57 58 4
57 59 10
57 68 6
57 71 6
57 82 5
57 86 10
57 90 7
57 94 8
57 98 9
57 99 8
57 100 6
58 59 7
58 60 1
58 61 4
58 64 8
58 66 1
58 71 5
58 76 8
58 94 8
58 95 6
58 97 9
58 98 5
59 65 5
59 74 5
59 75 3
59 77 1
59 91 2
59 94 2
59 96 2
59 98 2
60 63 7
60 64 9
60 68 2
60 71 4
60 79 9
60 82 5
60 85 9
60 92 1
61 62 8
61 66 6
61 83 5
61 91 2
61 94 9
61 96 10
62 65 9
62 68 8
62 75 10
62 77 7
62 84 1
62 87 1
62 97 10
63 73 4
63 75 6
63 77 6
63 81 3
63 87 2
63 92 7
63 94 7
63 96 2
64 68 4
64 71 2
64 74 8
64 76 5
64 82 4
64 89 4
64 100 8
65 69 3
65 77 7
65 82 9
65 90 1
65 93 9
66 87 4
66 91 10
67 76 3
67 77 1
67 87 7
67 89 10
67 90 1
67 92 8
67 94 10
67 95 3
67 97 4
68 73 7
68 74 1
68 77 10
68 79 3
68 81 8
68 84 2
68 86 7
68 94 6
69 70 1
69 71 7
69 74 6
69 80 2
69 83 7
69 88 7
69 93 6
69 95 4
69 97 7
70 74 8
70 77 10
70 78 9
70 81 9
70 83 10
70 86 9
70 87 5
70 97 6
70 98 9
70 99 7
71 76 4
71 79 4
71 80 6
71 84 3
71 90 4
71 92 2
71 93 9
71 98 2
72 73 2
72 80 3
72 81 9
72 86 8
72 90 10
72 97 8
72 100 7
73 75 9
73 77 4
73 97 4
73 99 7
74 76 3
74 78 4
74 84 1
74 92 4
74 93 8
74 96 5
74 97 4
75 85 6
75 86 8
75 88 5
75 91 3
75 92 9
75 93 2
75 98 3
76 78 10
76 80 9
76 98 7
77 89 2
77 94 9
77 97 4
77 100 3
78 81 2
78 92 2
78 93 6
78 96 2
79 82 9
79 84 1
79 85 7
79 88 9
79 94 10
79 95 8
79 97 3
79 98 9
80 83 6
80 86 3
80 89 4
80 93 9
81 84 7
81 86 5
81 96 6
82 84 10
82 87 4
82 92 4
84 89 8
84 90 10
84 91 5
84 100 5
85 89 7
85 90 1
85 94 4
85 99 5
86 94 3
86 95 3
86 96 8
87 89 7
87 90 6
87 95 8
87 96 4
87 98 4
87 99 6
88 92 2
88 94 3
89 93 8
89 94 1
89 96 1
89 100 1
90 100 7
91 94 6
91 96 10
91 100 10
92 98 8
92 99 10
95 97 1
96 99 8
99 100 10
