100 1010
1 2 22
1 5 34
1 8 34
1 10 56
1 11 36
1 14 65
1 19 28
1 24 77
1 25 75
1 26 46
1 31 43
1 36 15
1 48 11
1 58 4
1 62 77
1 64 66
1 70 36
1 71 45
1 78 26
1 81 70
1 85 17
1 86 79
1 90 19
1 91 55
1 92 45
1 93 64
1 96 42
2 3 21
2 5 8
2 8 79
2 9 47
2 12 72
2 14 33
2 16 80
2 17 9
2 29 2
2 32 50
2 38 46
2 39 57
2 43 51
2 44 73
2 47 60
2 51 30
2 54 70
2 61 35
2 64 3
2 76 36
2 83 9
2 84 20
2 91 67
3 8 51
3 31 73
3 32 74
3 35 66
3 38 57
3 41 76
3 42 59
3 43 28
3 58 53
3 59 72
3 61 80
3 68 41
3 70 54
3 71 22
3 76 21
3 79 6
3 83 76
3 100 35
4 7 48
4 11 80
4 15 60
4 21 73
4 23 80
4 26 70
4 36 48
4 40 4
4 51 34
4 55 35
4 56 65
4 70 73
4 74 33
4 77 42
4 80 12
4 84 10
4 85 78
4 88 11
4 90 48
4 91 43
4 92 79
4 96 18
5 7 16
5 8 59
5 12 75
5 26 40
5 27 66
5 30 12
5 50 32
5 54 75
5 63 63
5 73 13
5 82 76
5 86 46
5 92 56
5 94 25
6 11 64
6 13 68
6 14 32
6 18 14
6 24 66
6 25 62
6 35 58
6 47 18
6 51 47
6 57 74
6 60 71
6 61 22
6 66 65
6 68 45
6 69 28
6 75 57
6 79 53
6 94 48
6 99 53
7 10 8
7 35 69
7 38 29
7 39 68
7 40 21
7 49 30
7 51 23
7 55 64
7 76 68
7 77 56
7 80 55
7 82 28
7 83 59
7 87 2
7 99 70
8 9 56
8 11 7
8 16 78
8 21 20
8 23 77
8 29 79
8 35 38
8 42 66
8 46 74
8 49 49
8 50 71
8 52 46
8 58 76
8 68 8
8 72 26
8 75 6
8 76 43
8 79 58
8 82 15
8 89 54
8 91 56
8 97 6
9 16 7
9 17 27
9 19 34
9 22 70
9 28 76
9 33 74
9 40 13
9 43 23
9 51 18
9 57 43
9 59 26
9 60 6
9 73 79
9 84 7
9 88 79
9 95 26
10 17 45
10 24 58
10 32 64
10 33 44
10 38 35
10 40 1
10 43 64
10 44 10
10 51 61
10 54 48
10 56 14
10 62 6
10 73 35
10 74 73
10 76 45
10 82 65
10 83 16
10 84 20
10 86 52
10 89 22
10 91 41
11 12 5
11 15 75
11 24 23
11 28 78
11 30 36
11 31 46
11 34 66
11 36 19
11 39 49
11 41 73
11 53 68
11 59 73
11 61 37
11 66 62
11 73 36
11 86 21
11 93 69
11 98 11
12 15 14
12 19 16
12 22 35
12 27 67
12 32 71
12 50 55
12 56 28
12 59 69
12 64 62
12 73 7
12 74 39
12 75 54
12 79 56
12 83 38
12 90 53
13 23 19
13 24 41
13 25 73
13 32 57
13 35 24
13 36 29
13 38 66
13 45 74
13 47 7
13 49 50
13 50 58
13 51 27
13 55 77
13 57 72
13 61 32
13 70 54
13 72 45
13 73 13
13 76 70
13 78 62
13 82 8
13 94 51
13 95 2
13 96 45
13 97 19
13 100 20
14 17 20
14 23 80
14 30 16
14 36 35
14 37 62
14 40 45
14 44 36
14 52 43
14 58 64
14 60 19
14 64 14
14 68 46
14 70 41
14 87 77
14 89 12
14 91 1
14 92 73
14 98 19
15 25 29
15 27 53
15 29 18
15 31 43
15 35 11
15 41 80
15 43 77
15 46 66
15 52 1
15 53 1
15 57 72
15 65 77
15 66 19
15 73 30
15 75 60
15 77 5
15 79 23
15 91 61
15 96 25
15 97 7
16 17 54
16 22 18
16 25 51
16 27 71
16 32 2
16 35 51
16 44 69
16 47 59
16 56 52
16 63 28
16 66 30
16 74 56
16 78 28
16 83 46
16 88 17
16 89 24
16 90 1
16 98 26
16 100 61
17 22 44
17 25 2
17 26 78
17 30 11
17 31 14
17 32 26
17 35 43
17 41 64
17 47 33
17 49 36
17 50 19
17 58 35
17 62 76
17 68 80
17 78 71
17 80 52
17 83 14
17 100 52
18 19 21
18 26 10
18 27 15
18 28 61
18 30 68
18 45 44
18 47 63
18 50 58
18 53 42
18 55 33
18 59 17
18 69 4
18 71 16
18 75 64
18 76 24
18 77 80
18 79 35
18 83 71
18 92 59
18 94 62
18 100 60
19 22 35
19 28 63
19 30 77
19 31 75
19 34 30
19 38 21
19 42 56
19 44 58
19 54 18
19 59 29
19 73 80
19 81 57
19 85 58
19 93 30
19 94 71
19 97 79
19 98 44
19 99 25
20 27 56
20 28 79
20 33 30
20 37 4
20 44 15
20 48 29
20 58 10
20 59 28
20 62 15
20 63 50
20 71 4
20 72 60
20 73 58
20 83 73
20 97 25
21 23 23
21 27 5
21 28 61
21 29 64
21 31 68
21 32 37
21 33 39
21 37 4
21 44 70
21 45 7
21 47 51
21 50 11
21 56 75
21 57 42
21 64 14
21 67 77
21 80 52
21 89 9
21 90 23
21 97 58
22 27 34
22 33 18
22 47 75
22 55 46
22 57 57
22 63 20
22 68 27
22 70 16
22 71 56
22 73 58
22 75 35
22 77 68
22 81 14
22 84 36
22 87 66
22 90 39
22 91 11
23 25 17
23 29 27
23 33 29
23 37 66
23 39 70
23 51 41
23 58 15
23 62 65
23 66 19
23 76 58
23 86 66
23 91 43
23 99 66
24 26 80
24 32 34
24 36 38
24 38 42
24 41 19
24 43 52
24 52 43
24 67 30
24 69 17
24 73 30
24 77 4
25 26 55
25 29 70
25 39 7
25 47 32
25 58 27
25 63 40
25 65 50
25 79 21
25 81 49
25 84 13
25 87 17
25 94 46
25 95 53
25 97 3
25 99 78
26 28 66
26 31 23
26 33 18
26 39 59
26 41 64
26 42 6
26 43 46
26 48 26
26 49 68
26 50 10
26 51 2
26 52 45
26 53 11
26 63 27
26 76 16
26 78 11
26 83 40
26 85 41
26 86 45
26 89 78
26 97 56
27 34 15
27 37 52
27 40 62
27 45 78
27 46 36
27 50 44
27 54 21
27 64 1
27 81 58
27 82 72
27 84 63
27 94 6
28 34 23
28 37 5
28 39 68
28 43 32
28 44 3
28 53 20
28 68 62
28 81 6
28 90 50
28 96 40
29 31 14
29 33 67
29 40 62
29 44 62
29 48 30
29 51 51
29 52 21
29 57 9
29 64 5
29 70 41
29 81 17
29 82 45
29 87 15
29 92 66
29 93 79
30 45 3
30 47 6
30 49 25
30 53 8
30 54 56
30 55 30
30 57 2
30 68 65
30 71 4
30 74 42
30 77 69
30 78 58
30 83 13
30 85 44
30 87 36
30 94 11
30 96 72
30 99 79
31 36 26
31 37 61
31 45 69
31 48 58
31 49 45
31 65 12
31 70 55
31 72 61
31 75 51
31 78 64
31 92 44
31 94 52
31 98 69
32 35 75
32 37 55
32 42 76
32 43 44
32 50 58
32 57 67
32 79 25
32 93 12
33 38 67
33 44 66
33 46 16
33 50 31
33 52 7
33 57 5
33 61 68
33 71 37
33 75 63
33 77 18
33 79 67
33 84 6
33 86 48
33 93 32
33 95 7
33 100 22
34 35 58
34 37 34
34 44 43
34 49 67
34 51 51
34 55 43
34 57 15
34 71 68
34 73 21
34 76 26
34 82 35
34 85 53
34 86 3
34 88 24
34 89 51
34 92 20
34 93 70
34 96 43
34 98 43
35 39 5
35 50 8
35 55 63
35 56 27
35 63 55
35 80 62
35 81 15
35 82 43
35 84 72
35 88 68
35 89 17
35 90 75
35 93 66
35 95 35
35 96 65
35 98 8
35 99 45
36 38 16
36 40 60
36 41 31
36 45 23
36 48 4
36 58 43
36 66 35
36 70 49
36 73 30
36 76 74
36 86 26
36 92 32
36 95 62
36 98 79
37 42 5
37 47 79
37 50 38
37 52 48
37 57 1
37 81 34
37 83 68
37 85 45
37 87 59
37 90 72
37 99 39
38 46 56
38 48 76
38 53 31
38 57 6
38 65 2
38 66 65
38 70 80
38 75 70
38 86 23
38 91 40
38 94 33
39 45 41
39 49 42
39 60 7
39 61 75
39 65 43
39 78 7
39 81 23
39 88 65
39 95 13
39 97 75
39 99 9
39 100 7
40 50 3
40 66 55
40 67 49
40 74 12
40 86 5
40 90 57
40 97 17
40 100 39
41 51 55
41 62 38
41 71 5
41 72 1
41 92 73
41 95 34
41 97 54
41 98 75
42 48 78
42 57 36
42 61 18
42 87 7
42 88 32
42 89 46
42 90 13
42 95 19
42 96 28
42 99 16
43 46 77
43 53 3
43 54 9
43 55 67
43 62 71
43 63 17
43 86 43
43 90 55
43 94 56
44 46 62
44 49 15
44 61 14
44 75 58
44 79 17
44 87 23
44 94 66
44 98 20
45 70 79
45 71 40
45 76 9
45 83 50
45 89 74
45 90 14
45 93 58
45 98 49
45 99 15
46 48 39
46 51 1
46 66 44
46 78 9
46 88 15
46 97 45
46 98 8
46 99 79
47 58 51
47 66 34
47 68 61
47 70 11
47 79 21
47 81 43
47 87 59
47 88 17
47 97 77
47 100 66
48 50 68
48 52 36
48 64 33
48 66 47
48 74 71
48 76 58
48 92 22
48 94 51
48 96 29
48 99 35
49 50 47
49 53 27
49 64 53
49 69 4
49 70 47
49 85 1
49 87 55
49 95 60
49 98 19
49 100 77
50 60 23
50 63 66
50 69 34
50 78 1
50 80 58
50 85 65
50 87 16
51 52 31
51 53 80
51 55 64
51 57 46
51 59 22
51 68 79
51 75 32
51 80 41
51 88 10
51 89 75
51 92 40
51 94 46
52 53 7
52 54 29
52 57 18
52 59 80
52 63 36
52 73 48
52 84 33
52 85 9
52 89 62
53 55 14
53 57 52
53 58 59
53 62 79
53 63 14
53 70 42
53 72 5
53 73 9
53 75 46
53 77 46
53 78 41
53 79 19
53 81 80
53 86 48
53 88 61
53 92 36
53 94 20
53 98 29
54 61 23
54 70 33
54 74 55
54 79 63
54 90 68
55 56 60
55 58 47
55 63 48
55 64 12
55 68 70
55 69 32
55 73 41
55 74 49
55 76 68
55 92 39
55 93 25
56 59 67
56 60 59
56 64 66
56 68 65
56 70 15
56 78 62
56 79 38
56 83 32
56 87 27
56 97 56
57 61 52
57 62 67
57 69 61
57 73 1
57 79 25
57 80 70
57 88 80
58 61 30
58 65 75
58 80 6
58 87 45
58 88 26
58 89 26
58 90 28
59 60 3
59 61 27
59 64 79
59 68 8
59 71 74
59 77 17
59 87 10
59 100 73
60 62 44
60 63 47
60 69 53
60 70 67
60 71 64
60 81 51
60 87 58
60 89 16
60 95 19
60 96 61
61 69 42
61 70 9
61 71 71
61 72 23
61 75 31
61 76 60
61 89 75
61 96 34
62 67 32
62 81 2
62 87 17
63 65 1
63 68 3
63 69 3
63 70 49
63 75 24
63 80 50
63 92 43
63 100 46
64 66 75
64 68 77
64 76 33
64 79 75
64 81 76
64 83 22
64 91 32
64 98 5
64 99 67
65 69 25
65 73 49
65 74 33
65 75 78
65 77 3
65 89 55
65 94 74
65 98 27
65 99 76
66 67 73
66 75 57
66 79 39
66 80 36
66 81 41
66 84 6
66 88 59
66 91 69
66 97 66
66 99 40
67 68 16
67 71 38
67 74 66
67 76 53
67 77 44
67 82 61
67 84 53
67 85 8
67 89 63
67 93 73
68 76 35
68 77 52
68 82 63
68 88 25
68 89 73
68 90 77
68 93 73
68 96 61
69 70 30
69 75 15
69 76 18
69 79 63
69 80 74
69 90 15
69 97 7
69 98 30
69 99 54
70 73 78
70 89 37
70 94 17
70 100 11
71 72 53
71 74 22
71 85 35
71 95 38
71 96 21
71 97 72
71 98 52
72 73 66
72 74 66
72 75 32
72 77 60
72 78 17
72 79 35
72 84 57
72 95 29
72 96 24
72 100 4
73 74 24
73 75 16
73 79 40
73 89 66
73 99 13
74 86 35
74 89 73
74 95 35
75 76 41
75 82 74
75 88 55
75 92 79
76 81 5
76 86 70
76 87 14
76 90 19
76 99 43
77 82 80
77 93 75
77 94 63
78 82 12
78 91 46
78 92 27
78 97 39
79 92 77
80 83 30
80 86 52
80 90 37
80 92 74
80 93 8
81 97 59
82 91 25
82 92 44
82 95 19
82 100 40
83 94 1
83 95 20
84 86 60
84 89 47
85 90 33
85 93 62
85 98 51
85 99 64
86 87 1
86 90 45
86 94 23
86 96 24
86 98 47
86 100 45
87 94 23
88 89 27
88 95 79
89 95 47
90 91 35
90 95 63
91 96 27
92 94 2
92 100 2
93 94 64
93 95 45
94 95 27
97 100 30
99 100 18
