50 247
1 4 74
1 7 54
1 8 18
1 15 16
1 17 32
1 23 1
1 24 76
1 34 41
1 38 36
1 39 19
1 41 37
1 44 41
1 50 61
2 4 64
2 7 40
2 9 66
2 16 16
2 17 74
2 27 30
2 28 40
2 29 59
2 33 12
2 35 71
2 47 8
3 6 31
3 8 30
3 11 32
3 14 64
3 19 35
3 20 40
3 21 27
3 28 34
3 29 60
3 30 36
3 38 23
3 42 55
3 46 38
3 50 54
4 8 75
4 9 37
4 14 52
4 15 22
4 20 26
4 21 14
4 28 70
4 42 14
5 15 55
5 20 3
5 22 69
5 23 67
5 29 78
5 39 30
5 46 63
6 16 44
6 20 38
6 41 75
6 42 30
7 12 49
7 14 49
7 15 23
7 19 73
7 24 10
7 27 5
7 38 14
8 16 46
8 18 8
8 27 36
8 30 40
8 37 8
8 40 6
8 47 2
9 13 23
9 14 10
9 21 24
9 22 44
9 23 79
9 38 17
9 44 76
9 49 72
10 13 1
10 14 18
10 17 69
10 21 34
10 23 59
10 27 43
10 29 34
10 30 18
10 43 38
10 45 32
10 48 80
10 49 22
11 19 54
11 29 40
11 41 13
12 15 28
12 17 78
12 20 52
12 26 20
12 29 55
12 41 75
12 42 78
12 44 77
12 48 37
13 22 14
13 30 27
13 32 64
13 36 29
13 38 72
13 43 49
13 50 18
14 22 56
14 27 52
14 28 67
14 29 19
14 33 70
14 39 47
14 42 79
14 46 37
15 17 41
15 19 24
15 20 28
15 22 36
15 23 77
15 27 4
15 31 63
15 39 62
15 43 23
16 19 9
16 28 28
16 29 1
16 30 32
16 37 9
16 48 54
17 18 62
17 32 49
17 33 39
17 34 4
17 40 20
17 48 60
18 23 50
18 30 9
18 37 51
18 41 62
18 42 79
18 44 22
18 48 37
19 27 15
19 28 50
19 31 49
19 32 23
19 37 59
19 39 65
19 42 1
19 43 14
19 48 3
20 28 47
20 39 25
20 40 20
20 43 51
20 44 48
21 22 26
21 24 46
21 29 63
21 46 57
21 47 44
22 23 4
22 26 43
22 27 67
22 34 12
22 41 72
22 47 8
22 50 7
23 32 24
23 33 62
23 35 41
23 39 23
23 42 19
23 45 62
23 50 16
24 25 10
24 27 8
24 35 53
24 37 55
25 28 14
25 29 18
25 34 18
25 39 39
25 43 28
26 28 56
26 44 41
27 28 50
27 29 30
27 30 24
27 48 44
28 34 43
28 46 63
29 32 9
29 33 31
29 34 14
29 38 67
29 49 36
30 37 55
30 49 17
31 35 79
31 43 29
32 34 48
32 37 39
32 42 12
32 46 21
32 47 35
33 36 14
33 38 25
33 41 13
33 42 63
33 45 79
33 46 26
33 48 19
34 44 48
34 47 18
35 40 69
36 38 33
36 47 5
36 48 48
37 38 70
37 39 66
37 40 35
37 42 70
37 45 35
37 47 5
38 40 71
38 45 66
38 46 17
39 42 42
39 45 33
40 42 32
40 45 4
41 43 36
41 44 78
41 46 55
42 43 9
42 45 78
42 46 53
43 45 70
44 48 11
44 49 21
44 50 23
45 47 2
