50 133
1 3 62
1 6 3
1 8 62
1 20 77
1 39 39
2 30 44
3 11 7
3 39 29
3 40 47
3 42 39
3 50 51
4 15 12
4 30 74
4 36 46
4 50 68
5 14 72
5 28 21
5 48 7
6 7 25
6 22 62
6 33 6
6 34 25
6 40 30
7 12 46
7 14 16
7 16 8
7 18 38
7 22 11
7 30 35
7 31 77
7 33 5
7 45 49
7 49 1
8 9 65
8 16 31
8 20 58
8 31 23
9 12 26
9 13 57
9 21 2
9 43 16
9 46 52
9 49 18
10 14 79
10 17 54
10 18 36
11 13 8
11 28 36
11 46 41
12 33 33
12 40 6
12 41 2
12 45 35
12 50 7
13 17 50
13 20 76
13 21 40
13 37 40
14 18 30
14 20 71
14 27 56
14 28 54
15 16 49
15 23 80
15 34 15
15 44 78
16 17 76
16 43 57
16 45 35
17 29 64
17 30 68
17 43 70
17 46 29
18 20 4
18 24 32
18 33 71
18 47 23
19 20 40
19 25 47
19 27 71
19 44 67
19 50 24
20 22 65
20 37 10
20 39 35
20 40 8
20 42 72
21 23 5
21 35 51
21 50 11
22 25 75
22 26 62
22 27 1
22 37 2
22 41 69
22 45 21
22 46 57
23 25 78
23 26 22
23 33 64
23 34 60
23 42 80
24 28 16
24 40 69
24 44 13
24 50 17
25 38 26
25 46 45
26 43 52
26 50 11
27 30 30
27 35 49
27 46 42
28 44 44
28 48 45
29 39 47
29 40 77
29 49 60
30 31 12
30 34 43
31 32 53
31 48 37
33 38 36
33 41 56
33 46 48
34 50 21
35 45 48
35 47 79
38 45 17
38 46 76
40 50 8
44 45 67
46 50 73
