200 4024
1 16 3
1 19 5
1 23 8
1 28 6
1 42 8
1 45 3
1 50 3
1 51 9
1 53 4
1 55 10
1 58 4
1 66 1
1 73 4
1 76 4
1 77 3
1 79 5
1 81 10
1 105 8
1 111 1
1 112 4
1 115 8
1 116 8
1 118 8
1 120 4
1 132 8
1 143 6
1 146 9
1 150 9
1 160 4
1 161 8
1 165 7
1 168 10
1 170 1
1 174 7
1 176 5
1 181 1
1 189 1
1 193 1
1 195 9
1 196 8
2 8 3
2 9 3
2 12 1
2 14 8
2 22 4
2 23 5
2 24 10
2 25 4
2 39 2
2 45 7
2 54 8
2 61 5
2 62 5
2 67 9
2 72 4
2 87 4
2 89 8
2 101 9
2 103 5
2 129 7
2 164 5
2 167 4
2 174 7
2 177 3
2 179 6
2 181 1
2 199 4
2 200 10
3 9 8
3 11 3
3 12 8
3 15 2
3 25 5
3 27 1
3 34 7
3 40 5
3 52 3
3 56 5
3 57 6
3 60 3
3 78 6
3 82 7
3 97 9
3 103 3
3 109 5
3 113 1
3 115 7
3 119 10
3 120 2
3 127 5
3 130 2
3 133 4
3 134 7
3 145 10
3 149 4
3 155 4
3 158 10
3 161 5
3 177 9
3 178 2
3 179 3
3 181 8
3 184 7
3 190 4
3 193 9
3 196 5
3 198 8
4 5 2
4 7 9
4 11 1
4 14 2
4 19 10
4 22 2
4 27 9
4 28 8
4 32 2
4 33 4
4 35 1
4 37 2
4 49 1
4 51 4
4 52 9
4 61 5
4 68 9
4 72 6
4 74 2
4 78 4
4 81 1
4 84 3
4 90 7
4 98 5
4 100 6
4 102 9
4 103 9
4 106 4
4 110 7
4 111 9
4 113 4
4 115 9
4 119 6
4 121 4
4 127 1
4 128 6
4 129 10
4 166 6
4 168 8
4 169 8
4 174 7
4 177 1
4 182 4
4 186 9
4 200 2
5 9 5
5 16 8
5 19 6
5 23 4
5 31 2
5 34 6
5 35 4
5 42 8
5 44 8
5 49 6
5 54 5
5 59 3
5 62 2
5 63 1
5 70 4
5 73 10
5 76 1
5 83 9
5 85 10
5 98 3
5 105 1
5 108 9
5 119 9
5 121 2
5 122 10
5 124 2
5 129 4
5 132 7
5 139 4
5 140 3
5 148 7
5 152 4
5 155 2
5 158 3
5 159 2
5 162 1
5 166 9
5 176 6
5 177 10
5 184 5
5 189 8
5 191 2
5 195 5
6 8 7
6 17 4
6 18 3
6 28 8
6 36 6
6 43 7
6 47 8
6 52 5
6 54 10
6 65 5
6 69 8
6 75 9
6 82 4
6 83 8
6 86 7
6 90 4
6 91 5
6 95 3
6 110 9
6 111 5
6 112 3
6 123 5
6 124 4
6 126 10
6 127 9
6 140 4
6 143 5
6 152 4
6 154 8
6 165 10
6 166 10
6 172 5
6 196 7
7 12 5
7 17 2
7 21 6
7 22 1
7 31 3
7 42 5
7 56 5
7 59 6
7 69 6
7 82 5
7 89 9
7 99 8
7 104 1
7 110 8
7 117 7
7 118 6
7 119 2
7 130 8
7 154 5
7 161 5
7 178 3
7 184 2
7 187 4
7 188 3
7 189 2
7 198 6
8 10 5
8 13 1
8 18 5
8 22 5
8 23 9
8 29 9
8 30 4
8 38 3
8 42 8
8 44 5
8 51 8
8 62 8
8 69 3
8 72 9
8 73 10
8 80 5
8 82 9
8 88 3
8 101 9
8 105 7
8 106 1
8 109 5
8 112 3
8 113 1
8 120 4
8 122 6
8 126 4
8 129 10
8 135 8
8 136 6
8 149 10
8 152 3
8 153 4
8 171 10
8 174 8
8 176 9
8 179 3
8 180 10
8 200 9
9 10 2
9 20 2
9 22 10
9 28 9
9 38 8
9 44 1
9 45 2
9 53 6
9 56 8
9 58 6
9 60 4
9 65 3
9 68 2
9 69 6
9 71 8
9 75 6
9 79 3
9 80 10
9 81 6
9 84 3
9 86 1
9 87 6
9 90 5
9 95 5
9 101 10
9 108 3
9 109 10
9 112 7
9 116 9
9 120 7
9 132 2
9 133 1
9 136 10
9 143 9
9 156 3
9 159 10
9 160 10
9 165 6
9 173 1
9 177 2
9 182 2
9 191 10
9 197 8
10 18 9
10 24 3
10 36 7
10 46 10
10 49 3
10 50 7
10 64 5
10 67 9
10 83 10
10 85 6
10 86 10
10 91 2
10 97 4
10 101 3
10 105 9
10 108 3
10 109 8
10 114 3
10 116 3
10 118 4
10 123 7
10 125 10
10 126 3
10 138 7
10 141 8
10 161 1
10 162 10
10 168 2
10 169 8
10 170 7
10 174 3
10 177 6
10 178 7
10 184 8
10 188 6
10 194 5
11 16 8
11 20 9
11 22 8
11 25 4
11 27 9
11 28 1
11 29 10
11 32 2
11 33 7
11 41 3
11 68 8
11 69 8
11 71 8
11 75 9
11 82 7
11 84 10
11 88 9
11 102 5
11 107 2
11 113 7
11 114 5
11 117 8
11 125 7
11 126 2
11 127 4
11 129 7
11 131 10
11 133 7
11 143 1
11 146 5
11 156 10
11 158 1
11 159 6
11 161 4
11 162 2
11 163 10
11 167 6
11 169 8
11 171 9
11 176 3
11 186 9
11 188 3
11 189 10
11 194 5
11 197 4
12 14 9
12 17 4
12 25 5
12 28 5
12 29 5
12 34 8
12 35 8
12 44 7
12 51 5
12 54 4
12 63 10
12 67 5
12 69 9
12 74 1
12 81 9
12 84 3
12 87 7
12 93 6
12 99 6
12 106 4
12 107 3
12 111 3
12 112 7
12 115 7
12 117 6
12 136 9
12 138 5
12 141 3
12 142 3
12 145 9
12 150 8
12 160 6
12 176 8
12 177 8
12 180 10
12 185 6
12 187 2
12 190 5
12 199 3
13 16 4
13 22 7
13 32 5
13 50 3
13 54 10
13 56 8
13 57 3
13 59 6
13 67 4
13 77 9
13 82 7
13 97 3
13 101 9
13 105 5
13 116 9
13 117 9
13 121 10
13 122 4
13 126 7
13 129 7
13 144 6
13 146 7
13 148 4
13 151 3
13 152 9
13 153 10
13 159 3
13 160 10
13 162 5
13 172 1
13 175 4
13 177 7
13 179 3
13 186 3
13 195 1
14 24 4
14 26 10
14 28 2
14 30 3
14 32 6
14 33 4
14 38 6
14 40 4
14 42 4
14 44 6
14 52 8
14 53 6
14 55 6
14 62 6
14 63 9
14 75 2
14 88 4
14 89 3
14 91 3
14 95 10
14 108 6
14 109 1
14 112 7
14 117 1
14 118 6
14 139 2
14 142 9
14 150 7
14 151 4
14 153 5
14 159 8
14 160 2
14 163 5
14 164 2
14 169 6
14 173 2
14 177 6
14 182 8
14 184 5
14 185 1
14 188 10
14 190 10
14 192 3
14 193 9
14 196 4
14 200 7
15 28 7
15 32 1
15 35 7
15 38 1
15 42 10
15 46 1
15 61 2
15 66 6
15 69 7
15 80 9
15 81 10
15 92 5
15 100 1
15 102 10
15 104 10
15 110 8
15 112 6
15 116 6
15 129 7
15 137 1
15 142 6
15 151 4
15 159 5
15 166 2
15 172 1
15 175 2
15 181 10
15 189 1
15 192 6
15 196 7
15 199 9
16 17 4
16 19 2
16 25 10
16 34 8
16 35 9
16 37 6
16 39 4
16 40 2
16 42 5
16 61 1
16 66 4
16 68 2
16 69 7
16 76 7
16 78 4
16 105 9
16 109 9
16 111 1
16 116 5
16 120 8
16 121 1
16 131 6
16 139 7
16 166 7
16 171 2
16 176 5
16 179 3
16 180 7
16 182 1
16 184 9
16 190 1
17 20 7
17 23 9
17 28 3
17 35 9
17 41 6
17 43 2
17 50 6
17 53 7
17 55 2
17 58 9
17 61 1
17 64 8
17 65 10
17 68 6
17 73 2
17 80 6
17 82 10
17 83 5
17 84 9
17 87 8
17 88 7
17 92 7
17 93 1
17 95 4
17 99 8
17 105 9
17 108 10
17 111 7
17 112 8
17 117 4
17 118 7
17 120 2
17 130 1
17 131 1
17 145 3
17 147 10
17 152 6
17 155 6
17 157 6
17 159 1
17 160 3
17 161 7
17 166 3
17 168 4
17 174 7
17 182 6
17 184 8
17 185 4
17 194 8
18 19 6
18 20 5
18 21 9
18 23 10
18 25 8
18 26 8
18 27 1
18 44 2
18 46 5
18 63 4
18 64 2
18 68 4
18 72 3
18 76 9
18 79 2
18 81 5
18 85 10
18 86 8
18 94 2
18 96 1
18 110 10
18 111 3
18 114 9
18 122 10
18 128 10
18 130 9
18 131 9
18 136 4
18 142 7
18 147 4
18 160 5
18 166 4
18 169 7
18 170 9
18 175 8
18 177 7
18 182 3
18 183 1
18 187 6
18 188 9
18 190 2
18 194 1
18 196 5
18 199 2
19 27 2
19 29 9
19 33 10
19 36 2
19 43 10
19 53 1
19 63 7
19 68 2
19 73 4
19 75 3
19 82 2
19 83 3
19 90 3
19 92 1
19 96 5
19 99 1
19 105 1
19 106 1
19 116 10
19 124 9
19 126 5
19 130 2
19 137 8
19 138 2
19 142 9
19 146 3
19 151 5
19 152 3
19 163 8
19 164 5
19 172 10
19 173 2
19 181 4
19 186 8
19 189 3
20 22 5
20 25 9
20 30 8
20 31 6
20 32 3
20 34 3
20 38 8
20 39 9
20 45 5
20 59 4
20 66 1
20 69 8
20 71 7
20 72 2
20 79 6
20 80 5
20 83 2
20 86 5
20 90 2
20 92 6
20 94 1
20 105 7
20 111 10
20 114 6
20 117 6
20 129 9
20 159 4
20 163 4
20 175 6
20 184 6
20 197 2
20 199 5
21 22 8
21 30 7
21 31 3
21 36 6
21 38 3
21 58 4
21 60 4
21 62 10
21 63 3
21 66 3
21 71 6
21 72 8
21 74 7
21 77 9
21 81 3
21 86 7
21 94 5
21 98 1
21 99 9
21 104 10
21 106 3
21 108 4
21 114 10
21 117 4
21 125 9
21 143 4
21 145 3
21 147 10
21 153 4
21 158 3
21 160 9
21 163 10
21 170 7
21 180 6
21 182 5
21 185 4
21 190 9
21 195 9
22 23 8
22 40 2
22 58 6
22 61 4
22 63 3
22 70 6
22 74 10
22 82 8
22 84 4
22 88 1
22 92 6
22 107 5
22 117 10
22 118 1
22 129 4
22 135 9
22 137 7
22 141 2
22 144 7
22 146 7
22 149 8
22 151 8
22 166 2
22 181 2
22 198 8
23 24 7
23 27 10
23 29 8
23 42 5
23 46 4
23 52 8
23 53 2
23 64 10
23 66 7
23 68 1
23 69 7
23 71 7
23 73 5
23 76 2
23 77 9
23 90 3
23 91 4
23 92 1
23 97 4
23 109 3
23 135 2
23 138 1
23 140 5
23 145 6
23 153 5
23 157 1
23 178 3
23 185 1
23 187 9
23 192 10
24 30 5
24 31 6
24 33 8
24 38 7
24 40 6
24 43 7
24 46 6
24 50 2
24 54 5
24 55 8
24 64 8
24 66 6
24 67 3
24 68 10
24 69 2
24 77 1
24 78 10
24 83 3
24 84 4
24 85 5
24 88 7
24 93 3
24 94 7
24 106 8
24 107 3
24 116 2
24 119 6
24 130 10
24 134 9
24 136 10
24 138 10
24 148 3
24 155 9
24 162 8
24 164 8
24 171 6
24 187 2
24 190 6
24 191 10
24 196 5
25 29 2
25 34 8
25 41 7
25 45 8
25 55 10
25 60 3
25 63 4
25 64 10
25 65 2
25 72 5
25 74 6
25 75 8
25 77 8
25 84 6
25 96 3
25 99 2
25 104 1
25 107 5
25 109 8
25 113 1
25 127 4
25 130 1
25 147 1
25 151 7
25 156 5
25 169 2
25 170 1
25 173 9
25 174 7
25 175 3
25 178 10
25 182 2
25 190 5
25 192 9
26 31 2
26 41 4
26 44 4
26 47 4
26 52 10
26 55 8
26 58 9
26 70 7
26 82 2
26 87 2
26 103 2
26 104 3
26 106 3
26 107 3
26 108 9
26 116 2
26 122 6
26 132 4
26 133 1
26 138 5
26 139 9
26 141 7
26 143 5
26 144 4
26 160 4
26 162 8
26 163 2
26 172 9
26 178 6
26 188 1
26 191 9
27 28 8
27 35 4
27 44 5
27 53 2
27 57 8
27 60 5
27 70 2
27 71 3
27 81 8
27 92 5
27 95 6
27 96 2
27 98 7
27 99 7
27 106 6
27 107 4
27 110 9
27 121 10
27 136 8
27 142 8
27 151 6
27 154 6
27 156 6
27 166 9
27 167 9
27 180 6
27 183 5
27 184 9
27 185 6
27 186 5
27 190 5
27 193 10
27 200 3
28 29 1
28 30 7
28 32 10
28 46 9
28 53 4
28 56 1
28 59 8
28 79 5
28 85 1
28 89 3
28 94 7
28 96 9
28 104 3
28 106 9
28 109 7
28 112 1
28 116 3
28 129 3
28 135 2
28 136 1
28 141 3
28 145 10
28 146 4
28 148 10
28 152 9
28 164 6
28 169 6
28 180 6
28 183 3
28 186 6
28 189 2
28 192 4
28 195 9
29 31 10
29 35 8
29 39 8
29 40 1
29 41 5
29 43 3
29 44 4
29 46 1
29 51 3
29 69 5
29 74 6
29 78 6
29 80 7
29 88 9
29 91 6
29 94 8
29 99 3
29 102 9
29 103 3
29 112 10
29 120 8
29 126 8
29 128 6
29 147 6
29 148 2
29 151 4
29 158 8
29 174 6
29 180 10
29 182 9
29 185 4
29 187 8
29 188 10
29 191 1
29 192 10
29 196 9
30 33 3
30 35 6
30 44 2
30 53 8
30 56 3
30 64 2
30 81 8
30 85 9
30 88 7
30 92 3
30 104 7
30 118 8
30 121 8
30 125 9
30 127 9
30 131 4
30 137 2
30 143 6
30 146 8
30 147 10
30 148 3
30 155 2
30 157 5
30 159 7
30 169 4
30 170 4
30 177 1
30 182 5
30 189 5
30 195 10
31 35 1
31 46 3
31 50 2
31 53 8
31 60 6
31 68 10
31 77 3
31 82 9
31 85 2
31 87 6
31 89 3
31 98 4
31 104 2
31 106 4
31 122 3
31 123 8
31 125 3
31 128 7
31 132 8
31 142 7
31 144 10
31 148 2
31 151 10
31 152 9
31 153 7
31 163 9
31 166 9
31 179 7
31 184 7
31 185 4
31 186 5
31 194 4
31 195 3
32 33 5
32 44 4
32 50 5
32 52 1
32 60 2
32 62 7
32 64 1
32 65 3
32 66 7
32 68 2
32 70 1
32 72 10
32 73 1
32 78 10
32 81 9
32 87 10
32 90 2
32 92 1
32 96 2
32 100 10
32 106 3
32 108 4
32 116 1
32 120 9
32 124 3
32 126 9
32 131 1
32 132 10
32 136 10
32 143 5
32 150 10
32 154 4
32 156 2
32 158 7
32 160 8
32 163 10
32 164 9
32 165 4
32 168 10
32 192 8
32 197 2
33 36 1
33 38 7
33 40 8
33 41 10
33 69 2
33 70 9
33 71 8
33 76 8
33 77 8
33 81 6
33 87 9
33 91 8
33 92 5
33 97 4
33 105 10
33 106 5
33 108 1
33 118 7
33 120 4
33 121 6
33 137 6
33 141 10
33 145 8
33 146 8
33 153 9
33 160 10
33 176 7
33 190 10
33 191 5
33 194 7
34 37 2
34 42 4
34 44 1
34 59 9
34 63 2
34 65 6
34 68 2
34 79 9
34 87 4
34 94 1
34 115 6
34 117 9
34 118 5
34 121 3
34 123 4
34 130 3
34 147 4
34 148 6
34 150 1
34 151 7
34 154 2
34 174 8
34 179 7
34 185 4
34 191 4
34 193 3
35 37 8
35 46 6
35 71 3
35 77 1
35 81 1
35 106 1
35 113 6
35 117 6
35 123 7
35 129 3
35 131 4
35 134 4
35 142 4
35 146 2
35 151 5
35 158 7
35 179 10
35 188 5
35 195 3
35 199 5
35 200 2
36 50 2
36 52 5
36 54 4
36 56 6
36 62 6
36 68 8
36 78 1
36 81 10
36 82 2
36 87 4
36 95 1
36 100 1
36 118 10
36 123 2
36 129 8
36 131 9
36 132 1
36 136 2
36 137 1
36 139 7
36 155 3
36 158 1
36 172 6
36 173 10
36 180 5
36 188 2
36 200 4
37 40 5
37 41 9
37 50 10
37 51 7
37 53 2
37 56 7
37 62 5
37 64 1
37 66 8
37 67 9
37 68 9
37 70 4
37 73 8
37 79 5
37 81 8
37 82 4
37 84 9
37 86 5
37 88 1
37 100 5
37 104 5
37 107 8
37 111 1
37 115 4
37 117 1
37 120 8
37 125 4
37 132 1
37 141 4
37 142 4
37 143 2
37 146 3
37 147 2
37 155 7
37 159 4
37 161 5
37 163 2
37 169 5
37 173 1
37 178 4
37 179 7
37 183 2
37 186 6
37 189 3
37 195 8
37 200 8
38 42 2
38 46 4
38 63 10
38 66 2
38 68 8
38 70 2
38 71 2
38 73 3
38 74 9
38 86 1
38 88 10
38 94 3
38 102 2
38 105 5
38 107 3
38 108 10
38 113 8
38 121 9
38 126 3
38 129 9
38 135 7
38 146 1
38 149 10
38 152 10
38 157 9
38 160 5
38 168 5
38 170 7
38 179 3
38 182 5
38 184 3
38 195 8
39 42 4
39 43 8
39 51 7
39 53 1
39 60 10
39 62 10
39 64 1
39 66 7
39 68 7
39 72 1
39 77 5
39 79 9
39 89 2
39 93 2
39 98 10
39 100 5
39 104 1
39 106 8
39 113 4
39 119 2
39 122 6
39 125 8
39 130 4
39 131 8
39 145 3
39 149 4
39 157 6
39 163 5
39 172 4
39 173 10
39 176 3
39 177 7
39 190 7
40 44 8
40 46 8
40 49 5
40 51 8
40 55 8
40 57 1
40 80 4
40 83 4
40 96 9
40 100 3
40 106 4
40 114 9
40 136 8
40 141 4
40 148 10
40 150 6
40 152 3
40 156 8
40 160 1
40 163 10
40 167 8
40 169 8
40 170 8
40 179 4
40 180 8
40 188 9
40 191 9
40 194 5
40 196 10
41 53 10
41 55 4
41 57 10
41 59 4
41 63 4
41 65 1
41 70 7
41 71 5
41 89 3
41 94 2
41 99 1
41 102 9
41 103 2
41 110 1
41 118 2
41 121 3
41 132 2
41 141 8
41 145 8
41 151 7
41 155 9
41 159 4
41 164 10
41 165 6
41 166 2
41 172 9
41 173 3
41 175 5
41 176 9
41 178 10
41 180 2
41 184 3
41 187 10
41 193 6
41 198 10
42 43 6
42 44 5
42 45 5
42 46 10
42 47 3
42 59 4
42 62 1
42 63 1
42 64 2
42 65 10
42 67 6
42 90 10
42 91 1
42 93 8
42 98 4
42 101 6
42 107 8
42 116 2
42 127 10
42 139 4
42 143 1
42 147 1
42 149 1
42 153 2
42 171 1
42 173 9
42 175 2
42 176 10
42 179 1
42 180 9
42 190 3
42 191 3
42 198 5
43 47 6
43 57 4
43 60 4
43 62 3
43 71 1
43 77 3
43 79 2
43 83 10
43 85 4
43 89 2
43 90 2
43 93 9
43 96 3
43 101 1
43 102 10
43 103 4
43 110 2
43 123 6
43 134 1
43 138 8
43 140 7
43 147 6
43 149 5
43 151 10
43 155 5
43 159 4
43 161 6
43 164 6
43 171 8
43 172 3
43 173 1
43 178 7
43 181 10
43 186 4
43 194 2
43 197 8
44 46 4
44 50 7
44 52 9
44 55 1
44 58 5
44 69 3
44 71 6
44 80 3
44 83 7
44 95 4
44 97 6
44 101 9
44 102 8
44 106 7
44 112 1
44 114 6
44 116 5
44 119 2
44 120 1
44 135 3
44 137 10
44 143 7
44 147 9
44 151 6
44 155 10
44 167 8
44 173 8
44 174 4
44 176 2
44 182 9
44 184 8
44 185 2
44 188 7
44 192 7
44 194 4
44 196 6
45 46 8
45 47 5
45 57 5
45 61 10
45 67 2
45 69 5
45 73 8
45 76 5
45 78 2
45 80 8
45 95 6
45 97 4
45 117 3
45 127 1
45 129 6
45 141 8
45 154 10
45 155 9
45 156 10
45 173 9
45 176 10
45 179 8
45 191 6
45 194 9
45 198 8
46 54 5
46 57 10
46 63 2
46 70 7
46 85 6
46 88 5
46 90 9
46 106 6
46 112 9
46 114 8
46 118 7
46 127 1
46 128 9
46 129 1
46 138 10
46 144 8
46 145 1
46 146 1
46 150 4
46 152 7
46 153 3
46 163 9
46 166 4
46 167 8
46 169 9
46 178 9
46 180 9
46 187 8
47 53 9
47 56 6
47 57 3
47 59 1
47 74 2
47 77 6
47 78 1
47 82 10
47 85 6
47 90 3
47 92 10
47 101 5
47 102 6
47 108 9
47 111 10
47 119 9
47 121 5
47 128 9
47 138 6
47 142 3
47 150 2
47 154 10
47 158 7
47 162 3
47 168 7
47 188 5
47 193 7
48 55 5
48 58 8
48 59 1
48 67 1
48 69 1
48 75 7
48 78 6
48 79 7
48 87 10
48 91 3
48 94 7
48 96 6
48 105 6
48 118 2
48 128 5
48 132 4
48 138 3
48 144 1
48 150 8
48 155 5
48 162 2
48 166 3
48 168 9
48 170 10
48 182 6
48 183 8
48 194 6
48 196 3
48 197 7
48 198 9
49 52 7
49 53 8
49 54 4
49 57 1
49 59 4
49 63 7
49 66 5
49 85 9
49 86 10
49 92 1
49 103 8
49 104 1
49 106 10
49 109 8
49 110 7
49 113 6
49 118 10
49 119 3
49 121 3
49 123 9
49 129 8
49 132 10
49 133 2
49 139 2
49 144 7
49 158 5
49 163 5
49 169 7
49 180 4
49 183 1
49 186 6
49 191 5
49 193 7
49 194 9
49 195 3
49 197 10
49 200 6
50 55 7
50 58 8
50 64 3
50 69 9
50 70 7
50 81 8
50 82 3
50 84 5
50 89 8
50 92 8
50 97 8
50 110 4
50 116 1
50 119 7
50 129 7
50 149 5
50 150 9
50 154 7
50 161 10
50 163 1
50 167 7
50 168 8
50 173 8
50 174 5
50 179 8
50 185 8
50 189 1
50 199 1
51 55 5
51 56 5
51 63 3
51 70 1
51 76 10
51 92 7
51 97 10
51 99 4
51 103 1
51 110 8
51 117 4
51 123 4
51 133 5
51 136 10
51 137 3
51 144 1
51 146 4
51 150 6
51 154 8
51 158 2
51 163 4
51 167 9
51 172 10
51 176 10
51 182 9
51 184 6
51 185 8
51 188 2
51 189 6
51 193 7
51 199 10
51 200 10
52 60 6
52 69 4
52 70 2
52 73 6
52 74 9
52 77 4
52 82 8
52 84 8
52 87 10
52 94 7
52 97 9
52 102 9
52 120 8
52 123 5
52 141 4
52 143 8
52 144 7
52 151 7
52 152 2
52 159 4
52 170 1
52 174 10
52 176 3
52 178 3
52 183 3
52 191 4
52 195 7
52 199 9
53 60 8
53 62 4
53 63 4
53 64 7
53 66 5
53 69 9
53 84 1
53 85 9
53 92 6
53 93 7
53 94 10
53 106 1
53 115 7
53 132 2
53 136 3
53 139 1
53 140 10
53 145 10
53 146 7
53 153 1
53 162 2
53 167 4
53 180 2
53 182 3
53 195 3
53 200 9
54 59 8
54 63 8
54 65 10
54 66 1
54 67 9
54 79 1
54 81 7
54 83 2
54 87 10
54 89 6
54 93 1
54 94 7
54 98 10
54 101 9
54 105 8
54 111 1
54 113 9
54 114 6
54 116 9
54 117 2
54 119 3
54 121 2
54 132 5
54 142 5
54 143 3
54 149 9
54 160 3
54 162 10
54 163 4
54 166 5
54 177 4
54 186 4
54 191 3
54 198 5
54 200 6
55 60 2
55 72 2
55 94 7
55 95 9
55 100 9
55 103 7
55 104 6
55 105 8
55 112 3
55 116 6
55 121 10
55 124 5
55 131 2
55 133 4
55 140 7
55 142 6
55 146 2
55 151 7
55 159 1
55 160 10
55 162 5
55 163 1
55 166 8
55 167 7
55 168 2
55 169 4
55 173 2
55 174 2
55 179 9
55 180 5
55 192 9
56 62 2
56 63 2
56 65 5
56 68 5
56 72 1
56 75 10
56 82 9
56 100 4
56 104 9
56 106 2
56 110 6
56 113 10
56 121 5
56 127 5
56 128 8
56 130 6
56 135 2
56 144 9
56 147 5
56 161 7
56 165 6
56 167 4
56 171 4
56 174 3
56 176 2
56 177 6
56 192 6
56 196 3
57 58 4
57 61 5
57 63 2
57 66 1
57 68 1
57 69 1
57 70 1
57 72 2
57 73 1
57 74 1
57 77 1
57 79 2
57 80 4
57 81 8
57 82 1
57 83 5
57 84 10
57 85 6
57 89 6
57 92 2
57 94 2
57 95 1
57 103 7
57 105 6
57 113 1
57 115 3
57 122 4
57 123 5
57 131 2
57 147 1
57 148 7
57 149 2
57 150 5
57 153 2
57 164 9
57 168 5
57 169 8
57 171 10
57 177 2
57 181 5
57 185 7
57 189 10
57 191 2
57 192 3
57 199 9
57 200 5
58 63 10
58 64 5
58 72 1
58 77 6
58 80 4
58 83 5
58 98 6
58 99 1
58 100 10
58 101 8
58 106 3
58 114 7
58 122 4
58 123 7
58 125 3
58 128 4
58 131 7
58 141 10
58 145 5
58 146 9
58 147 10
58 158 3
58 161 3
58 163 7
58 166 8
58 167 5
58 175 4
58 183 3
58 184 3
58 186 7
58 187 6
58 196 1
59 67 5
59 69 8
59 72 2
59 73 4
59 78 2
59 80 1
59 84 4
59 88 10
59 108 3
59 110 1
59 112 4
59 117 4
59 118 1
59 122 7
59 128 10
59 131 10
59 132 5
59 135 8
59 143 2
59 151 4
59 155 9
59 169 4
59 174 5
59 175 6
59 176 6
59 186 10
59 194 8
59 196 5
59 197 3
59 199 1
60 63 4
60 66 9
60 78 10
60 85 10
60 88 3
60 94 10
60 99 7
60 110 7
60 118 7
60 123 7
60 135 10
60 137 6
60 140 1
60 142 10
60 147 6
60 151 2
60 152 4
60 157 7
60 159 7
60 165 5
60 167 3
60 169 9
60 179 5
60 180 3
60 181 5
60 188 5
60 196 8
60 198 9
61 64 3
61 66 10
61 69 6
61 78 4
61 88 6
61 92 3
61 94 10
61 96 5
61 103 8
61 105 5
61 112 8
61 114 7
61 131 6
61 134 7
61 139 6
61 154 1
61 161 10
61 166 8
61 170 9
61 172 4
61 178 8
61 191 3
61 192 1
61 195 10
61 197 5
61 199 3
62 65 9
62 71 9
62 73 8
62 74 5
62 76 3
62 78 4
62 87 1
62 88 8
62 89 6
62 91 5
62 102 8
62 105 7
62 108 6
62 110 10
62 117 9
62 119 5
62 123 4
62 134 3
62 138 6
62 146 6
62 154 10
62 158 4
62 159 3
62 161 9
62 163 10
62 168 1
62 174 8
62 177 10
62 182 3
62 190 8
62 196 3
62 198 3
63 77 10
63 93 9
63 99 7
63 102 9
63 113 7
63 134 1
63 144 8
63 148 4
63 150 1
63 151 8
63 153 1
63 163 3
63 168 7
63 171 5
63 174 2
63 178 5
63 184 4
63 187 8
63 188 3
63 194 5
63 197 9
63 200 3
64 68 2
64 69 3
64 76 10
64 82 7
64 92 4
64 95 3
64 96 1
64 104 2
64 107 1
64 110 9
64 112 4
64 114 5
64 120 1
64 125 3
64 137 9
64 155 10
64 157 5
64 158 3
64 159 4
64 160 2
64 161 4
64 165 6
64 166 3
64 168 3
64 175 9
64 181 6
64 187 9
64 190 10
64 193 6
64 195 3
64 199 9
65 68 9
65 69 5
65 71 10
65 74 1
65 80 8
65 81 1
65 82 2
65 84 2
65 90 8
65 91 7
65 95 5
65 96 2
65 101 4
65 108 3
65 109 9
65 117 8
65 118 4
65 123 7
65 126 9
65 127 10
65 132 6
65 133 9
65 141 7
65 142 2
65 143 1
65 144 2
65 147 8
65 152 10
65 156 9
65 161 10
65 162 8
65 164 5
65 167 2
65 168 1
65 171 5
65 189 6
65 191 2
65 198 3
65 199 8
65 200 8
66 67 6
66 72 4
66 75 2
66 78 6
66 82 6
66 86 7
66 91 3
66 92 1
66 94 5
66 100 4
66 108 8
66 128 2
66 134 3
66 138 9
66 143 10
66 145 1
66 147 3
66 151 6
66 153 7
66 164 4
66 167 5
66 170 1
66 183 2
66 187 8
66 189 3
66 190 4
66 191 9
66 195 4
66 199 3
67 68 1
67 71 8
67 74 2
67 79 4
67 80 9
67 88 10
67 93 6
67 95 10
67 99 2
67 111 6
67 114 5
67 122 7
67 124 7
67 125 4
67 130 10
67 145 4
67 147 1
67 149 1
67 162 8
67 164 3
67 168 6
67 174 1
67 184 1
67 187 1
67 188 4
67 191 10
67 192 8
67 194 7
67 198 9
67 199 10
67 200 2
68 71 6
68 73 10
68 82 7
68 83 4
68 95 2
68 102 1
68 106 3
68 107 8
68 113 5
68 114 8
68 123 2
68 130 4
68 132 3
68 135 1
68 136 7
68 137 7
68 150 1
68 157 8
68 160 3
68 162 3
68 163 10
68 166 8
68 171 8
68 172 9
68 175 8
68 178 9
68 182 1
68 184 8
68 189 6
68 191 3
68 198 5
68 200 10
69 72 7
69 75 2
69 80 7
69 83 4
69 93 2
69 94 6
69 102 10
69 103 5
69 104 3
69 121 3
69 124 6
69 127 10
69 131 2
69 136 7
69 139 1
69 146 1
69 147 6
69 149 9
69 160 7
69 163 4
69 165 3
69 184 8
69 186 1
69 192 4
70 73 1
70 83 2
70 86 2
70 113 1
70 114 8
70 122 4
70 124 10
70 126 1
70 129 10
70 130 2
70 136 5
70 139 10
70 149 1
70 151 2
70 153 3
70 162 3
70 164 3
70 165 3
70 166 9
70 170 2
70 177 3
70 179 1
70 186 7
70 189 5
70 196 10
70 198 1
71 75 4
71 82 8
71 92 1
71 93 7
71 98 2
71 101 2
71 105 9
71 107 5
71 112 6
71 113 2
71 122 6
71 124 7
71 126 1
71 128 6
71 129 8
71 136 6
71 144 5
71 145 5
71 152 6
71 158 2
71 163 8
71 173 7
71 175 3
71 176 8
71 179 2
71 180 5
71 183 7
71 194 10
71 197 9
72 74 6
72 77 10
72 82 7
72 88 7
72 89 10
72 101 4
72 107 2
72 112 7
72 116 2
72 121 9
72 127 5
72 129 3
72 130 3
72 131 8
72 133 6
72 145 9
72 147 4
72 163 5
72 164 7
72 165 9
72 169 8
72 170 10
72 175 10
73 75 8
73 76 9
73 91 2
73 103 6
73 107 2
73 109 2
73 111 2
73 116 7
73 126 4
73 128 7
73 131 1
73 136 3
73 141 9
73 148 8
73 159 1
73 178 8
73 179 6
73 186 4
73 187 9
73 195 3
74 77 10
74 88 6
74 115 1
74 124 10
74 134 10
74 137 2
74 143 10
74 146 2
74 152 4
74 155 4
74 157 9
74 165 3
74 168 7
74 171 10
74 172 5
74 175 4
74 182 8
74 186 5
74 194 6
74 197 10
75 78 6
75 81 8
75 84 9
75 85 1
75 94 2
75 99 9
75 100 7
75 110 8
75 122 1
75 124 10
75 128 9
75 134 7
75 142 1
75 144 2
75 149 3
75 150 10
75 151 1
75 158 8
75 163 3
75 170 2
75 171 8
75 174 2
75 183 4
75 185 9
75 190 9
75 200 6
76 77 10
76 78 7
76 79 3
76 83 6
76 84 10
76 91 9
76 95 5
76 96 1
76 98 5
76 109 7
76 110 10
76 111 5
76 112 5
76 117 5
76 118 5
76 120 10
76 127 9
76 128 10
76 129 10
76 136 10
76 147 4
76 148 1
76 151 3
76 161 7
76 163 9
76 164 6
76 165 6
76 168 2
76 184 8
76 189 2
76 193 5
76 194 10
76 197 3
76 199 5
76 200 5
77 83 4
77 101 10
77 113 2
77 117 4
77 120 2
77 123 7
77 124 4
77 127 4
77 132 8
77 137 5
77 148 8
77 152 3
77 170 3
77 174 8
77 175 2
77 177 3
77 186 4
77 194 10
77 197 5
78 93 7
78 98 8
78 100 5
78 102 1
78 107 9
78 108 7
78 109 4
78 111 1
78 113 3
78 122 5
78 127 5
78 134 1
78 146 4
78 148 9
78 155 6
78 164 7
78 171 9
78 177 9
78 180 1
78 188 10
78 189 1
78 194 2
78 195 1
79 80 5
79 81 6
79 86 5
79 90 8
79 91 5
79 96 8
79 119 4
79 122 10
79 123 4
79 124 4
79 131 6
79 141 8
79 145 1
79 166 10
79 174 5
79 191 9
79 193 4
79 194 1
79 196 10
80 82 9
80 84 6
80 96 7
80 107 3
80 113 4
80 126 2
80 127 1
80 135 8
80 141 5
80 148 7
80 151 1
80 152 2
80 153 8
80 154 4
80 165 4
80 167 4
80 168 5
80 174 3
80 177 1
80 178 2
80 182 4
80 186 7
80 196 9
80 199 3
80 200 6
81 83 9
81 102 3
81 103 2
81 104 4
81 118 8
81 119 9
81 130 7
81 145 6
81 146 2
81 149 9
81 151 1
81 152 1
81 165 5
81 171 9
81 172 3
81 175 3
81 176 8
81 179 4
81 180 6
81 181 3
81 189 8
81 190 6
82 85 10
82 87 6
82 94 1
82 97 7
82 100 4
82 102 2
82 105 10
82 117 2
82 125 4
82 129 6
82 131 7
82 141 6
82 142 5
82 150 10
82 154 9
82 155 9
82 156 2
82 160 1
82 161 8
82 167 4
82 169 6
82 171 5
82 185 8
82 190 10
82 192 8
82 197 10
83 86 2
83 100 7
83 104 4
83 108 9
83 112 2
83 113 10
83 124 9
83 125 7
83 131 4
83 133 4
83 135 4
83 136 8
83 139 3
83 140 9
83 143 8
83 153 4
83 156 6
83 161 10
83 166 2
83 167 2
83 170 10
83 172 10
83 178 1
83 185 7
83 186 7
83 187 9
83 188 7
83 189 8
84 89 8
84 92 2
84 94 8
84 100 10
84 104 4
84 109 6
84 119 4
84 128 5
84 129 10
84 140 3
84 147 5
84 150 8
84 152 4
84 154 6
84 170 5
84 175 8
84 181 10
84 182 6
84 189 1
84 190 7
84 192 4
84 197 3
84 199 6
84 200 5
85 94 6
85 102 5
85 103 2
85 113 1
85 114 5
85 116 9
85 121 3
85 126 9
85 127 6
85 145 6
85 156 7
85 163 1
85 171 7
85 172 3
85 176 7
85 178 10
85 179 4
85 185 8
85 187 10
85 191 4
85 193 6
86 89 6
86 101 9
86 118 5
86 119 2
86 125 6
86 128 4
86 135 1
86 137 4
86 141 9
86 143 1
86 145 2
86 150 4
86 156 7
86 160 1
86 173 4
86 176 5
86 182 10
86 187 4
86 195 1
86 198 5
87 91 6
87 93 4
87 99 8
87 106 4
87 109 10
87 122 5
87 123 8
87 128 10
87 134 3
87 136 10
87 141 7
87 146 9
87 151 8
87 157 8
87 164 8
87 168 3
87 170 5
87 176 9
87 179 7
87 186 10
87 189 2
87 199 6
88 91 4
88 104 7
88 108 3
88 109 1
88 110 10
88 112 4
88 116 1
88 121 3
88 130 2
88 154 5
88 158 7
88 159 3
88 162 9
88 167 2
88 168 6
88 176 4
88 178 6
88 181 5
88 185 1
88 189 8
88 190 9
88 196 4
88 197 10
89 90 7
89 93 1
89 96 5
89 103 2
89 112 1
89 118 5
89 128 3
89 133 4
89 140 2
89 144 4
89 146 10
89 152 6
89 156 10
89 162 2
89 166 7
89 169 6
89 173 4
89 183 2
89 193 5
89 196 4
89 199 3
90 92 5
90 97 5
90 99 1
90 102 9
90 108 10
90 113 5
90 118 10
90 119 10
90 121 8
90 124 3
90 129 8
90 142 6
90 144 8
90 146 3
90 162 1
90 193 7
90 198 5
91 92 4
91 93 10
91 95 10
91 96 8
91 97 8
91 98 8
91 100 8
91 102 3
91 107 9
91 130 3
91 131 6
91 147 8
91 156 9
91 160 2
91 161 8
91 182 3
91 189 2
91 195 9
91 197 2
91 198 4
91 200 1
92 94 3
92 103 5
92 105 4
92 110 8
92 115 10
92 124 4
92 126 9
92 132 4
92 135 6
92 140 5
92 145 8
92 148 6
92 150 8
92 152 4
92 153 4
92 156 9
92 160 4
92 163 9
92 165 4
92 166 5
92 169 7
92 177 9
92 178 3
92 184 2
92 185 2
92 191 10
92 197 6
92 198 4
92 200 3
93 99 2
93 102 9
93 109 1
93 113 4
93 114 10
93 116 5
93 135 5
93 139 9
93 140 3
93 143 8
93 147 1
93 153 9
93 156 10
93 160 9
93 175 10
93 177 7
93 187 6
93 192 9
94 100 7
94 112 2
94 113 9
94 119 6
94 131 6
94 137 5
94 145 6
94 147 3
94 150 7
94 154 7
94 156 5
94 160 4
94 162 9
94 174 8
94 175 4
94 176 9
94 181 7
94 187 5
94 188 3
94 195 9
94 199 9
95 101 2
95 110 6
95 120 7
95 131 1
95 135 8
95 138 10
95 146 5
95 148 2
95 153 1
95 159 5
95 162 1
95 170 10
95 173 3
95 174 9
95 176 5
95 177 4
95 179 8
95 183 2
95 188 10
95 194 3
95 200 1
96 102 7
96 107 2
96 109 4
96 113 6
96 119 6
96 123 10
96 125 3
96 130 1
96 138 8
96 144 9
96 147 2
96 148 1
96 152 6
96 156 5
96 158 1
96 159 1
96 160 6
96 161 8
96 170 1
96 172 1
96 176 10
96 177 10
96 178 9
96 180 2
96 185 9
96 186 8
96 189 9
96 197 3
96 200 6
97 99 8
97 103 4
97 116 1
97 120 2
97 132 7
97 134 3
97 137 10
97 151 10
97 154 6
97 160 3
97 167 2
97 172 7
97 173 5
97 181 9
97 188 4
97 191 4
97 193 7
97 196 4
97 197 9
97 199 7
97 200 2
98 106 4
98 110 10
98 116 6
98 119 5
98 122 6
98 126 7
98 127 9
98 132 4
98 135 3
98 137 2
98 139 4
98 140 1
98 141 6
98 154 8
98 156 1
98 158 1
98 162 8
98 165 2
98 176 7
98 177 5
98 181 3
98 184 6
98 191 2
98 192 7
98 195 1
98 197 4
98 199 6
98 200 2
99 110 7
99 112 6
99 114 8
99 115 4
99 119 4
99 126 7
99 127 1
99 130 9
99 134 7
99 136 3
99 148 8
99 151 10
99 160 1
99 175 4
99 179 10
99 186 5
99 192 1
99 194 6
99 198 6
100 101 7
100 104 7
100 118 5
100 125 3
100 127 5
100 130 6
100 136 5
100 144 9
100 151 5
100 154 7
100 159 8
100 169 3
100 172 5
100 173 4
100 177 9
100 178 7
100 189 10
100 190 2
100 196 4
100 197 10
101 102 2
101 105 3
101 108 8
101 113 5
101 121 6
101 122 9
101 123 3
101 124 5
101 128 9
101 130 10
101 134 6
101 137 10
101 142 3
101 152 5
101 162 4
101 171 9
101 175 7
101 181 6
101 183 6
101 196 4
102 111 3
102 116 5
102 121 3
102 138 6
102 140 8
102 144 9
102 155 5
102 165 9
102 169 1
102 171 8
102 176 3
102 189 8
102 193 6
102 195 6
103 107 6
103 108 5
103 110 3
103 114 10
103 118 8
103 121 2
103 129 4
103 136 5
103 138 9
103 140 2
103 145 1
103 162 9
103 167 7
103 182 9
103 183 8
103 187 9
103 188 4
104 105 6
104 110 9
104 114 6
104 116 1
104 118 3
104 134 5
104 135 3
104 140 1
104 141 5
104 152 4
104 153 6
104 162 5
104 163 8
104 166 3
104 172 1
104 176 7
104 178 5
104 184 4
104 191 9
104 194 4
105 110 7
105 113 9
105 116 4
105 119 6
105 121 9
105 126 5
105 127 4
105 129 9
105 130 9
105 132 7
105 140 1
105 151 6
105 152 6
105 160 5
105 164 3
105 166 9
105 167 7
105 174 7
105 179 6
105 183 2
105 185 3
105 186 7
105 187 2
105 193 7
105 197 5
105 199 5
105 200 5
106 108 4
106 112 1
106 113 5
106 120 4
106 125 9
106 129 1
106 130 1
106 147 9
106 151 1
106 152 9
106 153 5
106 154 1
106 156 9
106 160 6
106 163 1
106 164 9
106 165 1
106 173 7
106 183 5
106 185 1
106 190 5
106 196 3
106 199 1
107 108 2
107 111 3
107 114 2
107 122 10
107 134 1
107 137 4
107 140 5
107 141 5
107 150 4
107 153 1
107 162 6
107 178 3
107 181 4
107 188 4
107 189 8
107 191 5
107 192 6
107 198 1
108 113 1
108 119 5
108 121 8
108 123 6
108 131 7
108 132 1
108 135 1
108 137 8
108 146 1
108 147 6
108 149 1
108 165 10
108 169 3
108 175 7
108 177 10
108 184 10
108 186 8
108 187 6
108 190 10
108 197 3
108 199 3
109 124 3
109 127 9
109 131 7
109 132 6
109 135 5
109 146 8
109 153 6
109 161 7
109 164 6
109 168 7
109 169 5
109 181 10
109 182 2
109 184 1
109 188 5
109 191 3
110 115 1
110 121 10
110 123 7
110 124 2
110 130 1
110 133 5
110 135 9
110 141 5
110 144 4
110 149 10
110 151 4
110 154 2
110 160 10
110 162 7
110 168 8
110 175 7
110 178 1
110 180 9
110 182 9
110 183 2
110 185 10
110 186 10
110 189 2
110 190 9
110 192 1
110 193 7
110 194 9
110 198 1
111 113 5
111 115 9
111 123 10
111 129 2
111 131 7
111 134 9
111 148 6
111 152 6
111 196 8
111 197 7
112 115 9
112 119 8
112 120 6
112 122 2
112 127 6
112 132 2
112 140 8
112 142 10
112 146 9
112 147 7
112 150 4
112 153 2
112 158 8
112 163 5
112 164 6
112 167 4
112 182 4
112 197 7
113 117 9
113 122 10
113 132 6
113 145 2
113 147 9
113 150 1
113 153 4
113 154 7
113 156 8
113 158 4
113 160 8
113 166 7
113 167 7
113 169 4
113 173 10
113 174 5
113 176 3
113 187 10
113 189 3
113 190 8
113 194 1
114 116 8
114 117 1
114 127 3
114 129 6
114 135 7
114 145 10
114 150 3
114 151 3
114 153 4
114 156 1
114 157 8
114 158 5
114 165 1
114 166 6
114 170 4
114 173 8
114 176 1
114 180 7
114 182 5
114 184 2
114 192 6
114 198 2
115 116 10
115 117 3
115 118 6
115 122 8
115 129 2
115 130 1
115 131 9
115 132 10
115 142 3
115 143 2
115 154 8
115 160 5
115 168 9
115 171 5
115 172 10
115 173 1
115 174 6
115 178 9
115 186 9
115 187 2
115 194 4
115 197 8
115 200 7
116 117 9
116 132 4
116 140 10
116 143 6
116 144 10
116 150 7
116 151 1
116 152 8
116 153 6
116 154 7
116 155 7
116 168 2
116 170 9
116 172 9
116 173 8
116 174 10
116 175 6
116 176 1
116 181 1
116 184 4
116 187 2
116 189 3
116 191 3
116 192 5
116 198 4
117 121 9
117 133 4
117 140 2
117 143 8
117 156 10
117 158 2
117 162 1
117 163 4
117 171 8
117 176 1
117 177 3
117 178 7
117 188 10
117 196 8
117 198 5
118 128 2
118 131 10
118 132 8
118 133 5
118 143 3
118 147 4
118 150 10
118 151 6
118 152 6
118 155 4
118 160 3
118 163 1
118 171 6
118 179 3
118 180 10
118 182 10
118 188 4
118 191 3
118 200 8
119 133 10
119 134 9
119 136 6
119 140 4
119 151 7
119 162 7
119 190 10
119 191 5
119 192 2
119 195 10
120 131 3
120 132 9
120 135 3
120 141 8
120 142 4
120 143 10
120 147 5
120 148 6
120 149 1
120 151 3
120 157 7
120 161 6
120 162 9
120 173 10
120 177 9
120 180 5
120 184 6
120 185 8
120 186 3
120 188 9
120 191 9
120 192 7
120 200 1
121 122 5
121 129 10
121 136 9
121 137 9
121 139 1
121 146 9
121 150 7
121 153 1
121 157 5
121 160 8
121 165 2
121 168 4
121 169 2
121 173 4
121 175 6
121 180 6
121 181 2
121 191 1
122 123 10
122 128 9
122 135 4
122 141 5
122 147 9
122 149 2
122 158 9
122 159 9
122 163 1
122 164 1
122 170 10
122 180 6
122 183 7
122 186 9
122 199 10
123 125 1
123 132 7
123 142 4
123 149 3
123 150 5
123 160 6
123 163 2
123 164 8
123 171 3
123 176 1
123 177 5
123 178 2
123 180 6
123 182 3
123 193 10
123 194 6
123 195 3
124 132 5
124 142 3
124 170 5
124 173 9
124 178 5
124 184 1
124 189 4
124 196 2
125 142 9
125 144 1
125 145 5
125 152 10
125 156 1
125 161 8
125 163 9
125 170 9
125 174 5
125 177 5
125 181 10
125 185 9
125 188 3
125 189 2
125 191 8
125 196 4
125 197 6
126 127 9
126 128 5
126 134 6
126 149 8
126 150 1
126 151 10
126 170 10
126 173 2
126 176 1
126 177 2
126 178 2
126 188 4
126 199 3
127 129 3
127 133 5
127 134 3
127 135 10
127 137 3
127 149 10
127 150 2
127 151 7
127 153 5
127 162 9
127 164 8
127 169 6
127 171 10
127 174 7
127 183 2
127 196 5
127 197 9
128 130 3
128 136 7
128 139 10
128 140 6
128 141 2
128 143 10
128 156 10
128 158 6
128 172 2
128 173 7
128 177 6
128 180 1
128 185 7
128 190 2
128 193 8
128 194 2
128 195 9
128 198 6
128 199 5
129 135 5
129 137 8
129 141 7
129 145 9
129 150 1
129 153 4
129 157 7
129 161 10
129 167 5
129 168 2
129 174 3
129 175 10
129 183 9
129 186 10
129 194 3
130 140 4
130 142 2
130 150 5
130 151 6
130 152 4
130 156 2
130 170 1
130 171 3
130 178 1
130 180 5
130 182 8
130 187 4
130 189 7
130 193 7
130 198 1
130 199 4
131 138 8
131 144 4
131 145 6
131 146 4
131 148 1
131 150 9
131 151 1
131 154 9
131 155 4
131 161 5
131 185 8
131 199 1
132 134 7
132 144 5
132 160 6
132 161 3
132 167 7
132 175 8
132 178 4
132 179 1
132 182 10
132 188 10
132 191 8
132 197 7
132 198 1
133 138 4
133 141 4
133 145 8
133 146 9
133 156 8
133 166 2
133 175 10
133 182 9
133 186 8
133 190 1
133 194 4
133 196 2
134 136 5
134 138 3
134 140 8
134 142 9
134 147 3
134 151 1
134 158 2
134 188 2
134 191 7
135 139 5
135 144 4
135 148 4
135 149 8
135 150 8
135 173 3
135 175 4
135 179 3
135 185 1
135 193 5
135 195 6
135 197 3
135 200 8
136 140 6
136 146 7
136 147 6
136 150 2
136 154 5
136 160 9
136 163 2
136 173 10
136 177 2
136 182 3
136 195 10
136 196 9
137 142 2
137 143 4
137 150 4
137 152 10
137 155 10
137 157 9
137 158 7
137 171 1
137 177 6
137 180 2
137 182 1
137 183 2
137 184 7
137 185 9
137 194 9
138 139 9
138 140 5
138 141 9
138 143 5
138 154 4
138 155 4
138 157 4
138 163 6
138 168 2
138 181 1
138 183 2
138 190 2
138 197 2
139 140 2
139 143 1
139 151 5
139 161 4
139 166 7
139 172 2
139 178 6
139 184 1
139 191 5
139 194 8
140 143 4
140 144 8
140 146 9
140 155 5
140 161 4
140 174 2
140 176 2
140 177 2
140 178 1
140 188 7
140 198 9
141 142 2
141 143 4
141 160 7
141 162 8
141 175 2
141 176 9
141 185 1
141 187 3
141 188 6
141 192 5
141 195 8
141 199 3
142 144 7
142 148 9
142 150 3
142 160 5
142 164 5
142 168 6
142 171 10
142 172 5
142 173 10
142 176 6
142 181 10
142 183 5
142 189 8
142 194 7
142 195 10
143 147 10
143 156 5
143 163 9
143 165 4
143 167 6
143 174 3
143 179 6
143 185 3
143 193 3
143 196 1
143 199 9
143 200 10
144 145 2
144 165 10
144 166 4
144 167 6
144 172 3
144 173 8
144 180 6
144 193 1
145 146 1
145 147 2
145 150 1
145 153 7
145 156 7
145 158 3
145 160 10
145 166 4
145 167 1
145 168 9
145 172 2
145 173 3
145 180 7
145 190 7
145 199 1
146 155 1
146 156 9
146 167 10
146 177 5
146 198 4
146 200 7
147 150 7
147 165 1
147 168 6
147 171 4
147 174 1
147 182 7
147 187 6
147 188 10
147 195 9
147 198 4
147 199 2
148 150 9
148 152 1
148 154 2
148 167 10
148 168 10
148 172 3
148 190 10
148 195 9
149 150 3
149 163 5
149 167 5
149 168 3
149 169 1
149 170 5
149 172 3
149 189 2
149 191 10
149 192 10
150 161 9
150 169 4
150 176 5
150 186 4
150 187 5
150 189 2
151 155 6
151 157 5
151 165 3
151 173 8
151 176 8
151 193 5
151 200 4
152 154 3
152 157 5
152 164 9
152 183 1
152 190 1
152 198 6
153 157 3
153 159 3
153 160 8
153 166 9
153 167 4
153 169 9
153 171 7
153 173 7
153 183 1
153 192 6
153 193 10
153 194 7
153 196 1
153 198 7
154 156 2
154 161 1
154 165 4
154 169 1
154 173 6
154 175 7
154 194 7
154 200 2
155 162 9
155 163 1
155 165 8
155 167 6
155 168 9
155 171 10
155 173 6
155 176 4
155 179 5
155 180 9
155 181 5
155 188 3
155 194 8
155 198 6
155 199 5
155 200 2
156 177 10
156 184 4
156 188 2
156 189 4
156 191 9
156 194 6
156 197 8
157 162 10
157 176 7
157 180 6
157 183 7
157 184 8
157 191 8
157 192 1
157 194 9
157 197 9
158 160 5
158 168 3
158 179 9
158 180 9
158 187 9
158 190 8
158 194 3
159 161 10
159 166 10
159 177 7
159 194 6
159 199 10
160 167 1
160 168 9
160 177 10
160 185 9
161 164 9
161 165 9
161 166 5
161 167 8
161 168 3
161 172 8
161 173 4
161 176 6
161 177 10
161 178 7
161 183 7
162 166 9
162 184 9
162 186 9
162 187 4
162 188 4
162 197 5
163 166 4
163 173 4
163 177 1
164 165 9
164 168 9
164 171 3
164 177 9
164 182 2
164 184 8
164 185 3
164 186 8
164 187 8
164 188 3
164 189 2
165 168 6
165 172 9
165 178 10
165 182 4
165 196 6
165 198 5
166 167 6
166 173 2
166 174 5
166 177 10
166 185 5
166 193 3
167 170 3
167 175 7
167 180 5
167 181 7
167 186 7
167 189 1
168 169 3
168 172 8
168 174 1
168 176 2
168 179 2
168 183 6
168 193 2
169 175 9
169 182 1
169 191 3
169 193 10
169 194 7
170 180 2
170 182 3
170 184 5
171 184 8
171 186 3
171 188 6
171 193 2
172 179 5
172 189 4
172 191 6
172 192 2
172 196 6
172 200 3
173 178 5
173 181 5
173 183 9
173 184 1
173 191 3
173 195 5
173 200 6
174 175 9
174 176 9
174 177 1
174 180 6
174 187 5
174 188 3
174 189 6
174 190 4
174 195 1
174 197 5
175 179 10
175 183 10
175 184 1
175 188 8
175 195 8
175 200 7
176 177 4
176 181 3
176 185 2
176 189 6
177 181 7
177 193 1
177 198 10
178 180 5
178 182 9
178 183 6
178 184 6
178 199 10
179 180 8
179 181 7
179 183 3
179 186 10
179 187 7
179 188 10
179 189 5
179 195 2
179 196 7
180 181 9
180 185 9
180 193 1
181 183 6
181 186 1
181 189 9
181 190 9
181 198 9
181 200 6
182 187 5
183 187 1
183 188 1
183 189 6
183 197 3
183 198 9
183 200 7
184 188 7
184 190 9
184 191 7
184 197 5
185 198 10
187 188 1
187 196 5
187 197 6
188 197 3
188 199 9
189 196 5
190 193 5
192 194 10
192 195 5
192 198 3
193 199 7
195 198 8
196 199 6
