100 219
1 15 6
1 63 1
2 7 8
2 14 2
2 30 5
2 44 2
2 45 1
2 78 2
2 98 4
2 99 3
3 59 7
3 73 2
3 76 2
3 82 8
3 86 1
4 5 5
4 44 10
4 67 3
4 73 9
5 31 3
5 93 2
6 44 7
6 45 3
6 61 10
6 69 2
6 79 5
6 93 4
7 78 1
7 88 5
8 10 1
8 38 4
8 45 3
8 61 4
8 68 7
8 77 8
8 83 4
8 84 5
8 91 1
9 18 9
9 80 5
9 97 3
10 14 5
10 45 9
10 51 6
10 66 8
10 76 7
10 78 10
11 71 3
12 28 7
12 33 4
12 49 3
12 62 2
12 95 9
12 97 9
13 14 10
13 24 6
13 81 6
13 85 4
13 98 4
14 19 10
14 57 7
14 59 5
14 95 7
14 96 9
15 53 8
15 54 5
15 75 7
15 87 6
16 26 10
16 37 1
16 98 8
17 44 8
17 65 3
17 70 7
17 75 7
18 19 6
18 35 1
18 44 7
18 53 5
18 95 8
19 29 9
19 80 5
19 88 6
20 54 6
20 61 5
20 62 10
20 63 7
20 64 3
20 65 8
21 40 1
21 46 6
21 75 5
21 77 1
21 78 2
21 84 4
22 35 8
22 36 10
22 49 3
22 70 8
23 51 5
23 77 9
24 34 5
24 41 1
24 44 5
24 46 2
24 47 2
24 99 3
25 46 4
26 30 1
26 32 7
26 93 10
26 99 7
27 48 8
27 59 10
27 63 6
27 64 1
27 98 2
28 40 8
28 93 4
29 39 8
29 44 7
29 84 10
30 45 9
31 50 5
31 51 2
31 78 8
31 100 2
32 39 8
32 57 6
32 61 3
32 67 9
32 70 4
32 79 7
32 80 3
32 88 1
32 93 7
33 36 7
33 49 4
33 56 6
33 66 9
34 65 3
35 52 2
35 55 1
35 71 9
35 74 8
35 77 9
35 84 7
36 40 1
37 72 7
38 43 6
38 78 6
38 90 9
39 41 5
39 52 4
39 75 3
39 79 9
39 87 6
39 99 7
40 51 6
40 98 7
41 43 8
41 56 10
42 49 9
42 85 7
44 47 5
44 73 3
44 99 4
45 48 1
45 86 10
46 62 4
47 59 8
47 89 10
48 89 2
48 90 10
49 76 2
50 56 6
50 79 5
51 60 5
51 94 10
52 100 4
53 65 1
53 84 9
54 57 5
54 79 1
54 87 5
55 75 6
56 92 1
57 65 8
59 62 9
59 93 3
59 99 10
60 67 7
60 79 7
62 68 1
62 79 3
62 86 2
64 78 1
64 95 7
65 70 8
65 80 2
66 100 5
68 77 8
69 74 1
70 75 9
71 81 7
72 94 6
74 75 8
74 82 1
75 100 9
76 98 7
78 79 4
80 84 2
83 94 7
87 97 10
89 92 9
89 100 9
91 93 7
93 99 3
95 96 6
