50 229
1 14 2
1 18 4
1 23 9
1 27 7
1 28 9
1 29 1
1 30 8
1 48 3
2 3 8
2 4 9
2 7 7
2 15 8
2 20 4
2 21 1
2 40 4
2 43 3
2 50 2
3 4 10
3 6 3
3 8 4
3 10 4
3 17 1
3 20 9
3 39 5
3 41 7
3 44 4
4 13 6
4 15 7
4 22 5
4 23 10
4 26 7
4 29 7
4 31 3
4 35 8
4 36 5
4 45 7
4 46 6
4 50 10
5 9 1
5 17 7
5 18 1
5 19 4
5 25 2
5 28 4
5 33 4
5 35 6
5 38 8
5 46 5
5 48 10
5 49 10
5 50 4
6 9 7
6 13 1
6 14 10
6 25 4
6 28 9
6 29 2
6 33 7
6 35 3
6 36 3
6 37 1
6 41 7
6 42 5
7 9 2
7 10 3
7 11 10
7 12 8
7 21 3
7 23 1
7 29 8
7 31 1
7 36 2
7 38 6
7 39 10
7 46 8
7 49 1
8 24 6
8 26 4
8 28 4
9 25 10
9 28 9
9 35 7
9 36 5
9 39 7
9 41 5
9 43 1
9 45 1
9 49 5
10 11 1
10 14 7
10 16 9
10 19 3
10 20 9
10 21 4
10 30 8
10 34 9
10 36 6
10 37 8
10 38 5
10 46 1
10 47 3
10 49 7
11 13 3
11 17 1
11 18 9
11 19 9
11 27 2
11 28 6
11 35 6
11 41 7
12 13 3
12 15 1
12 16 1
12 27 5
12 28 2
12 32 1
12 40 6
12 46 4
12 48 3
13 14 5
13 26 8
13 35 5
13 36 6
13 39 7
13 41 6
13 47 7
14 18 7
14 21 2
14 36 3
14 49 9
15 18 6
15 26 8
15 36 7
15 45 10
15 46 2
15 50 7
16 25 3
16 28 7
16 35 5
16 41 2
16 47 5
17 22 7
17 26 4
17 28 2
17 35 7
17 39 5
17 47 4
18 19 6
18 29 6
19 36 8
20 24 1
20 30 7
20 34 1
20 45 4
20 46 1
21 28 6
21 29 3
21 31 1
21 38 9
21 47 1
21 49 2
22 24 9
22 30 9
22 46 7
23 24 10
23 37 5
23 39 1
23 41 2
23 45 6
23 46 7
23 48 9
23 49 1
23 50 1
24 26 5
24 31 5
24 33 8
24 41 7
25 26 9
25 30 9
25 48 8
25 49 2
26 33 2
26 34 5
26 48 5
27 41 5
27 43 3
27 45 1
27 48 3
28 32 8
28 35 7
28 38 1
29 32 5
29 39 9
29 41 9
30 37 4
30 45 1
30 46 5
30 50 6
31 37 10
31 42 4
31 46 4
32 34 10
32 40 4
32 42 4
32 46 3
33 47 6
34 39 6
34 41 1
34 43 6
34 50 7
35 36 8
35 46 10
36 37 9
36 45 5
38 46 8
39 42 6
39 43 2
39 45 8
40 41 7
40 43 10
40 45 5
40 46 4
41 46 8
42 44 5
42 45 4
42 49 1
43 44 1
44 45 4
44 46 5
