200 1037
1 44 40
1 60 22
1 75 12
1 89 8
1 100 25
1 109 28
1 141 19
1 147 39
1 179 38
1 187 18
2 81 24
2 87 1
2 93 13
2 110 40
2 117 39
2 130 26
3 13 17
3 19 5
3 68 11
3 81 31
3 101 17
3 132 33
3 135 12
3 147 30
3 154 25
3 174 26
4 11 25
4 23 17
4 111 5
4 121 40
4 126 25
4 129 32
4 157 10
4 177 18
4 180 30
4 184 30
4 196 16
5 33 26
5 37 29
5 43 19
5 65 27
5 69 3
5 87 22
5 97 7
5 121 30
5 128 5
5 156 1
5 159 7
5 163 11
5 195 20
6 28 39
6 55 6
6 56 32
6 57 34
6 74 39
6 76 21
6 79 9
6 90 34
6 180 32
6 183 29
7 15 21
7 39 31
7 46 21
7 48 23
7 53 14
7 63 9
7 72 10
7 83 40
7 92 16
7 97 34
7 101 20
7 102 24
7 128 11
7 174 36
7 180 37
7 183 23
7 199 19
8 16 35
8 18 25
8 33 37
8 60 37
8 62 6
8 96 18
8 103 1
8 104 32
8 106 8
8 142 14
8 146 4
8 156 18
8 167 36
8 174 7
8 175 8
8 200 5
9 34 22
9 35 37
9 39 29
9 55 26
9 66 25
9 77 3
9 83 6
9 86 9
9 100 37
9 102 23
9 109 16
9 115 17
9 124 7
9 134 3
9 158 4
9 200 4
10 40 26
10 54 31
10 57 8
10 79 29
10 104 30
10 128 29
10 148 7
10 169 32
10 182 28
10 191 28
11 52 2
11 93 5
11 119 40
11 128 22
11 137 21
12 18 25
12 37 9
12 54 26
12 58 9
12 63 14
12 72 9
12 107 40
12 123 12
12 158 39
12 163 8
13 31 5
13 46 13
13 86 40
13 99 22
13 106 30
13 116 39
13 126 35
13 133 6
13 135 29
13 138 7
13 154 38
13 161 12
13 187 26
13 196 35
14 15 38
14 46 4
14 61 16
14 80 1
14 137 7
14 153 19
14 182 23
15 20 19
15 32 2
15 34 39
15 41 31
15 59 26
15 65 40
15 137 39
15 138 1
15 165 34
15 168 27
15 189 16
16 94 11
16 100 35
16 124 30
16 127 31
16 130 33
16 142 9
16 175 1
16 180 18
17 30 7
17 41 38
17 43 38
17 87 32
17 115 16
17 117 10
17 153 33
17 199 8
18 33 21
18 43 2
18 55 15
18 60 31
18 71 11
18 118 37
18 119 27
18 155 6
18 164 36
18 182 30
18 188 38
18 191 12
19 40 36
19 43 26
19 55 5
19 65 33
19 121 16
19 125 38
19 159 36
19 163 18
19 165 14
19 169 25
19 192 28
19 197 3
20 23 1
20 79 19
20 108 14
20 121 12
20 132 36
20 163 33
20 170 35
20 175 26
21 58 29
21 90 12
21 118 20
21 187 7
21 193 30
22 25 8
22 50 32
22 136 34
22 157 12
23 48 21
23 60 1
23 109 6
23 120 19
23 133 40
23 149 25
23 152 24
23 182 18
24 47 14
24 73 39
24 101 9
24 109 37
24 112 9
25 40 40
25 64 18
25 104 38
25 109 2
25 111 39
25 139 9
25 165 20
25 178 23
25 185 19
25 186 39
25 194 34
26 84 32
26 90 38
26 91 11
26 164 13
26 171 1
26 195 9
26 196 21
27 43 19
27 50 7
27 63 8
27 73 33
27 91 24
27 95 21
27 118 21
27 129 2
27 131 34
27 135 10
27 140 15
27 165 24
27 166 26
28 32 22
28 60 19
28 74 18
28 80 39
28 82 29
28 110 2
28 112 3
28 124 31
28 133 26
28 190 25
29 44 39
29 53 17
29 71 40
29 97 35
29 117 40
29 120 11
29 129 37
29 141 5
29 157 24
29 185 16
29 195 22
30 68 12
30 76 12
30 95 4
30 113 21
30 146 25
30 148 21
30 198 16
30 200 22
31 47 17
31 51 22
31 56 2
31 65 24
31 66 35
31 71 20
31 73 9
31 76 24
31 122 3
31 136 34
31 155 31
32 35 17
32 74 30
32 116 39
32 117 27
32 143 30
33 62 18
33 72 16
33 98 24
33 127 11
33 146 2
33 147 38
33 184 25
34 40 8
34 55 19
34 66 27
34 78 39
34 105 37
34 115 17
34 119 40
34 148 40
34 151 16
34 166 1
34 196 26
34 197 40
35 59 15
35 65 14
35 90 22
35 94 29
35 168 10
35 170 6
35 171 2
35 180 7
35 185 28
36 50 26
36 134 10
36 149 35
36 151 32
37 41 6
37 51 27
37 68 40
37 83 40
37 105 10
37 131 31
37 155 34
37 168 8
37 172 30
37 177 1
38 54 24
38 68 23
38 94 3
38 116 13
38 133 16
38 141 35
38 153 22
38 180 5
39 44 28
39 55 21
39 91 36
39 107 25
39 146 38
39 157 3
39 158 8
40 45 37
40 47 15
40 59 15
40 65 25
40 78 28
40 85 6
40 98 13
40 118 36
40 129 32
40 135 3
41 57 38
41 58 28
41 83 39
41 93 34
41 107 33
41 119 29
41 138 9
41 166 13
41 169 20
41 172 32
41 196 38
42 77 20
42 91 16
42 137 23
42 175 30
43 56 11
43 69 17
43 75 37
43 87 10
43 93 39
43 158 1
43 161 37
43 163 24
43 180 14
44 45 26
44 59 23
44 63 22
44 65 1
44 76 38
44 85 14
44 89 6
44 96 16
44 130 34
44 131 28
45 46 14
45 47 37
45 60 34
45 63 18
45 68 39
45 74 6
45 76 25
45 150 22
45 183 25
45 190 22
46 69 17
46 86 33
46 96 10
46 123 10
46 128 40
46 156 21
46 188 1
46 195 5
47 55 15
47 57 1
47 90 36
47 102 1
47 111 16
47 132 7
47 134 21
47 141 31
47 164 28
47 196 7
48 53 16
48 68 12
48 90 1
48 130 17
48 133 29
48 138 6
48 169 18
48 188 14
48 194 7
48 198 37
49 58 17
49 60 30
49 61 27
49 72 37
49 74 11
49 93 33
49 116 26
49 141 14
49 160 25
49 171 23
49 190 2
49 193 16
50 136 4
50 158 23
50 182 2
50 198 7
51 124 18
51 140 34
51 141 20
52 84 5
52 198 17
52 200 27
53 95 29
53 145 39
53 147 17
53 153 10
53 154 30
53 166 39
54 68 36
54 78 35
54 113 38
54 118 28
54 121 15
54 140 32
54 142 27
54 143 28
54 172 32
54 185 38
54 187 22
55 61 35
55 70 28
55 83 35
55 103 34
55 107 21
55 149 35
55 177 37
55 181 14
55 183 29
55 193 5
55 195 37
56 57 10
56 79 38
56 93 40
56 121 4
56 147 40
56 151 28
56 152 29
56 171 32
56 185 13
57 68 17
57 69 8
57 142 5
57 165 14
58 65 35
58 77 29
58 141 35
58 198 34
59 86 28
59 116 32
59 121 28
59 132 10
59 162 33
59 200 6
60 99 10
60 123 20
60 143 15
60 153 1
60 180 17
60 183 2
61 67 23
61 79 15
61 81 5
61 111 36
61 153 30
61 198 27
62 64 1
62 74 19
62 87 29
62 116 4
62 128 18
62 150 6
62 159 6
62 178 18
62 195 30
63 107 6
63 117 8
63 130 13
63 150 7
63 156 5
63 163 39
63 186 32
64 66 5
64 140 40
64 150 26
64 151 2
64 175 3
65 78 28
65 82 10
65 100 30
65 115 25
65 153 39
65 161 17
65 185 28
65 188 40
66 100 11
66 107 23
66 116 37
66 122 27
66 131 11
66 180 34
66 190 10
66 200 35
67 79 6
67 95 9
67 115 27
67 155 37
67 195 36
68 75 1
68 109 17
68 124 32
68 134 36
68 174 36
68 182 18
69 77 38
69 157 37
69 165 15
69 167 6
69 179 20
69 191 13
69 193 5
70 71 16
70 118 18
70 166 29
70 169 35
71 91 15
71 98 13
71 103 15
71 104 10
71 105 1
71 119 36
71 136 13
71 148 31
71 158 17
71 167 25
72 81 37
72 104 19
72 113 27
72 140 32
73 78 17
73 82 25
73 96 11
73 100 14
73 107 27
73 113 7
73 172 23
73 197 4
74 98 24
74 128 3
74 174 12
74 191 7
74 200 40
75 81 39
75 92 18
75 136 39
75 142 1
75 156 34
75 160 34
75 198 21
76 83 7
76 137 8
76 147 16
77 86 29
77 89 33
77 106 20
77 110 25
77 117 10
77 183 26
78 104 22
78 148 19
78 151 23
78 159 6
78 194 20
78 196 8
79 142 37
79 147 29
79 150 24
79 163 12
79 189 9
79 196 15
79 197 39
80 104 33
80 144 9
80 147 29
80 158 18
80 168 39
80 182 35
81 138 19
81 181 28
82 113 13
82 161 5
82 173 14
82 182 4
83 95 15
83 111 34
83 112 16
83 146 22
83 147 7
83 166 29
83 168 7
83 170 9
83 192 6
83 194 26
83 196 39
84 125 33
84 198 21
85 96 35
85 103 24
85 107 34
85 116 25
85 142 13
85 143 37
85 147 2
85 153 10
85 192 9
85 198 1
86 88 1
86 106 32
86 112 28
86 120 13
86 138 10
87 91 8
87 94 13
87 95 33
87 103 25
87 130 25
87 151 16
87 170 30
87 199 4
88 96 27
88 111 14
88 136 20
88 147 32
88 191 32
89 100 33
89 104 36
89 143 5
89 157 3
89 163 8
89 172 14
89 174 19
89 194 21
90 100 35
90 105 35
90 106 14
90 122 9
90 152 6
90 179 9
90 195 15
91 93 29
91 101 25
91 119 11
91 125 21
91 129 5
91 131 24
91 136 19
91 146 36
91 157 30
91 179 13
91 188 31
92 116 23
92 128 10
92 129 8
92 151 24
92 160 1
92 182 19
93 123 20
93 137 6
93 161 31
93 165 37
93 169 39
94 112 32
94 160 36
94 178 27
94 198 20
95 123 27
95 136 38
95 140 29
96 99 23
96 130 7
96 146 31
96 161 17
97 139 19
97 179 37
97 180 7
97 185 10
98 104 27
98 107 34
98 108 20
98 122 19
98 123 1
98 128 33
98 138 26
98 144 38
98 146 5
98 148 15
98 159 9
98 166 2
98 187 39
99 108 39
99 137 10
99 138 11
99 160 5
99 161 31
99 176 17
100 110 32
100 124 9
100 179 36
100 193 13
101 103 8
101 125 19
101 148 14
101 183 7
101 193 14
102 137 4
102 140 28
103 115 23
103 136 10
103 159 16
103 184 11
104 119 18
104 131 20
104 134 26
104 141 20
104 150 10
104 152 19
104 159 5
104 173 12
104 186 29
105 106 20
105 110 16
105 159 15
105 200 14
106 133 29
106 151 31
106 169 16
106 172 29
106 175 28
107 128 28
107 140 35
107 157 35
107 159 12
107 160 36
107 165 27
107 173 6
107 179 14
107 183 22
107 193 1
108 134 6
108 153 19
108 165 14
108 169 35
108 175 22
108 178 26
108 195 11
109 121 39
109 150 5
109 153 20
109 193 14
110 113 36
110 116 4
110 120 16
110 139 33
110 154 8
110 169 32
110 197 37
111 127 35
111 149 8
111 152 5
111 169 24
111 187 29
112 123 38
112 154 3
112 188 2
112 190 35
112 198 15
113 116 38
113 117 29
113 120 23
113 162 12
113 174 9
113 177 7
114 186 28
114 199 18
115 118 9
115 144 16
115 159 25
115 175 24
116 140 36
116 170 12
116 186 33
116 190 25
116 191 33
117 120 6
117 138 14
117 160 19
117 167 19
118 128 40
118 131 2
118 144 35
118 147 4
118 161 11
118 178 38
118 199 16
119 128 40
119 172 10
119 175 34
120 162 3
120 181 9
121 138 38
122 123 40
122 146 27
122 164 17
122 178 32
122 187 13
122 198 21
123 135 37
123 154 4
123 163 18
123 175 20
123 182 29
123 190 3
124 125 9
124 136 2
124 173 38
125 148 29
125 154 20
125 165 3
125 170 37
125 181 28
126 172 38
127 132 32
127 137 17
127 151 28
127 155 3
127 157 15
127 159 34
127 195 26
128 166 4
128 188 12
128 189 17
128 197 23
129 137 29
129 144 27
129 153 35
130 139 8
130 151 13
130 158 25
130 159 40
130 181 13
130 188 27
131 133 23
131 136 27
131 139 4
132 149 33
132 150 1
132 191 18
133 165 15
133 172 28
134 163 29
134 166 27
135 140 40
135 159 8
135 193 29
135 196 31
136 171 13
136 178 7
136 190 39
136 191 16
137 163 28
137 164 17
137 185 24
137 195 3
138 156 5
138 157 31
138 193 28
139 150 16
140 171 34
140 174 14
140 198 14
141 167 27
142 165 12
142 175 27
142 199 38
143 148 15
143 153 33
143 170 4
143 185 32
144 160 34
144 189 13
145 151 12
145 153 18
145 167 24
145 188 17
145 193 19
145 194 1
146 155 26
146 191 23
147 161 4
147 177 14
147 183 14
148 177 9
148 179 34
148 187 17
149 183 23
149 200 36
150 166 28
151 198 6
152 165 10
152 198 11
153 168 33
153 189 22
153 199 1
154 167 20
154 199 17
155 159 22
155 172 8
155 180 2
156 159 38
156 166 32
156 171 28
157 173 16
157 186 33
157 199 22
158 164 15
158 166 4
158 173 15
158 186 4
161 184 24
162 176 1
163 171 27
163 182 4
163 195 12
164 171 4
164 183 21
164 185 26
165 176 3
165 196 18
165 197 37
165 200 11
167 177 38
169 200 19
170 176 19
171 173 40
171 174 30
171 185 28
172 174 8
173 199 6
174 185 30
174 193 36
176 182 7
177 183 16
177 193 39
178 191 3
179 196 10
180 191 40
180 196 22
181 193 27
181 195 40
182 187 33
184 188 38
184 190 18
185 189 33
189 192 24
191 197 14
194 195 25
196 199 5
