200 998
1 10 140
1 12 86
1 24 142
1 35 60
1 88 94
1 90 20
1 176 151
2 5 106
2 36 20
2 62 24
2 80 78
2 106 62
2 126 137
2 133 31
2 139 48
2 142 115
2 146 102
2 166 21
2 171 62
3 4 92
3 37 97
3 50 36
3 79 153
3 92 42
3 101 58
3 108 150
3 115 30
3 189 125
3 192 18
4 5 103
4 17 112
4 28 27
4 38 153
4 41 123
4 43 140
4 48 98
4 51 90
4 57 157
4 72 91
4 105 54
4 106 62
4 156 109
4 159 125
4 194 111
4 198 34
5 52 92
5 74 77
5 95 67
5 123 142
5 147 118
5 149 53
5 155 142
5 161 38
6 26 21
6 42 138
6 61 152
6 66 99
6 70 94
6 106 154
6 113 22
6 116 116
6 173 42
7 27 98
7 28 70
7 47 23
7 63 133
7 74 7
7 110 74
7 144 19
7 167 118
8 49 112
8 63 59
8 77 106
8 89 65
8 90 6
8 131 122
8 141 87
8 144 28
8 154 19
8 159 152
8 182 39
9 26 99
9 44 137
9 71 94
9 96 22
9 103 8
9 111 56
9 120 57
9 135 143
9 186 63
9 198 90
10 25 47
10 59 139
10 119 38
10 156 39
10 169 149
10 193 11
10 196 55
11 32 69
11 51 156
11 59 84
11 107 110
11 110 123
11 116 23
11 173 28
11 176 3
11 182 121
12 22 116
12 27 31
12 35 2
12 47 120
12 56 148
12 62 29
12 84 65
12 85 104
12 86 58
12 139 89
13 54 114
13 69 37
13 90 14
13 104 126
13 121 71
13 144 34
13 153 122
14 43 152
14 54 56
14 57 151
14 80 126
14 104 93
14 123 141
14 161 109
14 165 48
15 53 115
15 83 45
15 118 107
15 135 88
15 136 145
15 145 149
15 167 95
15 180 156
15 186 18
16 49 16
16 63 13
16 68 146
16 74 106
16 111 157
16 115 63
16 123 143
16 131 94
16 171 7
17 20 104
17 22 9
17 54 65
17 66 7
17 86 18
17 96 137
17 105 12
17 128 152
17 194 46
18 40 64
18 79 17
18 82 73
18 130 71
18 159 46
18 160 7
18 172 1
19 66 117
19 81 90
19 107 6
19 114 96
19 170 109
19 186 38
19 187 104
19 189 137
20 24 153
20 63 137
20 76 78
20 92 47
20 110 59
20 113 44
20 122 95
20 132 5
20 138 24
20 161 77
20 194 160
21 24 122
21 38 80
21 46 71
21 57 24
21 76 6
21 77 136
21 103 47
21 139 65
21 155 118
21 157 17
21 163 37
21 178 127
21 197 20
22 34 83
22 90 136
22 106 73
22 174 43
23 27 131
23 40 18
23 41 76
23 51 141
23 75 136
23 81 85
23 101 139
23 129 119
23 136 105
23 143 102
23 194 19
24 28 135
24 33 141
24 46 3
24 48 20
24 60 140
24 91 77
24 96 137
24 100 144
24 107 51
24 155 117
24 162 40
24 172 53
24 178 58
24 186 147
25 45 93
25 141 32
25 148 25
25 149 127
25 165 78
25 178 55
25 195 69
25 197 5
26 31 143
26 41 99
26 64 118
26 66 58
26 81 56
26 85 91
26 137 131
26 141 70
26 145 25
26 146 74
26 155 119
26 174 127
27 28 113
27 49 131
27 56 116
27 73 87
27 91 73
27 96 67
27 144 49
27 155 85
27 162 96
27 176 144
27 182 101
28 34 99
28 115 114
28 116 77
28 127 121
28 128 133
28 151 9
28 173 57
28 182 57
29 60 146
29 65 131
29 66 19
29 69 21
29 73 146
29 128 6
29 153 18
29 154 41
29 159 128
29 185 52
29 186 81
30 39 57
30 61 140
30 70 24
30 78 86
30 87 119
30 94 132
30 98 8
30 141 109
30 171 157
30 187 130
30 190 46
30 193 122
31 50 75
31 51 125
31 64 127
31 70 48
31 108 48
31 109 66
31 113 110
31 115 119
31 117 16
31 144 14
31 149 14
32 54 97
32 59 90
32 70 132
32 74 51
32 77 22
32 127 76
32 158 114
32 172 10
32 179 56
32 188 100
33 48 115
33 77 87
33 87 24
33 113 106
33 125 143
33 157 88
33 193 136
34 53 18
34 82 24
34 153 24
34 155 137
34 181 44
34 197 12
35 52 1
35 71 40
35 112 33
36 70 83
36 111 64
36 150 56
36 153 45
36 180 65
37 72 111
37 79 70
37 81 12
37 91 37
37 118 153
37 153 77
37 155 44
38 59 4
38 62 8
38 72 21
38 89 135
38 95 85
38 119 123
38 120 63
38 131 39
38 138 63
38 155 89
39 78 122
39 82 101
39 113 143
39 128 111
39 151 77
39 160 37
40 49 54
40 50 51
40 61 62
40 71 74
40 88 145
40 107 59
40 127 133
40 128 7
40 181 53
41 105 106
41 110 151
41 115 9
41 126 28
41 154 101
41 163 10
41 184 32
42 73 142
42 137 96
42 185 153
43 45 94
43 51 24
43 59 125
43 64 1
43 102 122
43 114 111
43 115 61
43 130 36
43 145 59
44 50 18
44 58 65
44 75 114
44 80 124
44 94 8
44 154 144
44 156 148
44 179 12
45 75 62
45 85 12
45 99 11
45 109 113
45 117 38
45 165 5
45 172 132
45 177 123
45 190 93
45 192 26
45 195 87
46 88 115
46 94 43
46 97 55
46 107 47
46 127 67
46 129 104
46 143 148
46 149 34
46 169 33
46 180 47
46 195 33
47 52 151
47 59 32
47 70 49
47 103 16
47 129 32
47 142 95
47 161 110
47 163 126
47 164 53
47 170 9
48 53 109
48 94 160
48 147 100
48 148 70
48 193 21
48 196 136
49 66 18
49 75 136
49 80 48
49 117 136
49 118 52
49 135 78
49 144 157
49 187 77
50 54 86
50 63 142
50 79 106
50 110 53
50 126 109
50 129 59
50 130 115
50 199 51
51 73 130
51 75 63
51 126 77
51 134 7
51 135 8
51 150 126
51 171 115
51 172 128
51 186 27
52 98 157
52 109 94
52 146 82
52 152 70
52 191 46
53 80 41
53 108 64
53 116 121
53 138 53
53 146 93
53 168 86
53 199 116
54 55 153
54 73 126
54 116 50
54 125 113
54 128 137
54 162 134
54 166 119
54 168 2
54 181 107
54 183 65
54 189 127
54 191 43
55 58 74
55 110 39
55 130 34
55 141 145
55 143 85
55 147 55
55 152 151
55 173 112
55 175 145
56 69 144
56 195 154
56 196 148
57 79 99
57 89 19
57 108 154
57 124 86
57 127 17
57 135 157
57 138 20
57 139 36
57 149 107
57 172 4
57 189 74
57 200 73
58 62 149
58 108 95
58 114 95
58 124 4
58 135 78
58 152 96
58 160 134
58 182 60
58 195 5
58 200 88
59 61 152
59 72 23
59 122 153
59 139 119
59 141 52
59 146 28
59 151 158
59 178 41
59 196 99
60 82 141
60 97 126
60 107 82
60 110 117
60 123 78
60 137 24
60 141 64
60 172 137
61 75 20
61 112 18
61 117 117
62 88 18
62 91 101
62 116 123
62 140 71
62 142 143
62 165 133
62 171 36
62 174 16
62 179 133
63 69 52
63 193 65
64 77 108
64 92 46
64 98 146
64 110 118
64 131 133
64 132 135
64 162 151
64 180 86
64 183 79
64 190 137
65 67 118
65 71 109
65 109 145
65 113 101
65 118 28
65 163 130
65 173 136
66 74 67
66 89 115
66 98 112
66 114 137
66 115 124
66 160 97
67 87 160
67 100 149
67 118 8
67 135 130
67 142 54
67 157 34
67 178 72
68 83 100
68 85 97
68 87 19
68 122 157
68 143 17
68 180 89
68 197 79
69 84 80
69 102 60
69 104 150
69 114 126
69 124 123
69 145 156
69 185 101
70 71 27
70 133 36
70 171 17
70 179 113
71 80 2
71 99 65
71 116 159
71 169 63
71 172 153
71 199 148
72 75 72
72 76 3
72 87 108
72 91 153
72 92 157
72 103 148
72 113 135
72 149 127
72 166 127
72 180 66
73 75 111
73 78 11
73 80 62
73 95 38
73 105 25
73 116 85
73 132 27
73 147 20
73 162 114
73 183 135
74 100 44
74 116 19
74 138 119
74 146 12
74 154 69
74 156 47
74 160 123
74 169 90
75 78 79
75 84 117
75 107 23
75 120 44
75 157 139
75 168 11
76 81 27
76 115 12
76 121 52
76 127 21
76 133 42
76 153 108
76 159 8
76 161 60
76 179 33
76 185 26
76 186 52
77 101 68
77 109 79
77 151 74
77 153 131
77 160 120
78 88 28
78 90 139
78 94 84
78 110 42
78 140 156
78 144 107
78 150 157
78 155 21
78 163 17
79 80 76
79 91 38
79 95 49
79 109 91
79 129 21
79 143 140
79 177 1
79 181 121
79 184 99
80 109 43
80 129 56
80 154 86
80 164 38
80 169 138
81 103 81
81 126 3
81 127 102
81 132 69
81 146 149
81 189 12
82 101 44
82 144 80
82 148 56
82 151 68
83 105 99
83 119 151
83 157 59
83 189 122
83 197 76
84 92 35
84 109 128
84 123 28
84 170 111
84 173 152
84 181 58
84 196 10
84 199 97
84 200 85
85 106 149
85 114 68
85 165 160
85 196 112
85 197 143
86 95 143
86 103 104
86 126 153
86 162 57
87 90 4
87 111 136
87 151 16
87 164 160
87 175 41
87 176 142
87 192 12
88 103 137
88 160 105
88 163 3
88 175 37
88 194 86
88 197 42
89 107 148
89 124 117
89 166 145
90 91 146
90 124 1
90 126 146
90 156 115
90 169 151
90 175 74
90 183 40
91 103 101
91 143 143
91 144 117
91 163 95
91 175 61
91 191 45
91 198 26
92 98 143
92 109 61
92 139 6
92 142 146
92 151 130
92 163 34
92 179 56
93 128 51
93 142 76
93 188 40
94 122 154
94 125 135
94 143 147
95 134 158
95 142 18
95 155 39
95 168 130
95 192 16
96 109 34
96 116 87
96 118 18
96 140 95
96 160 99
96 172 78
96 185 30
96 189 92
97 104 135
97 120 87
97 128 13
97 153 65
97 154 149
97 169 87
97 189 4
98 103 82
98 184 63
99 122 135
99 133 48
99 142 21
99 155 102
99 187 113
100 112 4
100 121 9
100 122 30
100 129 34
100 136 76
100 139 54
100 178 55
100 187 33
101 117 89
101 161 73
101 163 92
101 165 81
101 195 119
101 196 153
102 125 50
102 129 33
102 169 145
102 183 52
102 184 96
102 199 74
103 125 135
103 132 103
103 142 155
103 157 18
103 180 102
103 184 73
104 152 12
105 167 87
105 172 116
105 181 118
106 127 91
106 137 151
106 147 78
106 174 39
106 183 14
107 112 83
107 116 160
107 117 21
107 125 39
107 144 105
107 157 144
107 176 121
107 181 138
107 191 154
108 170 96
108 173 42
108 193 34
109 124 157
109 147 60
109 173 27
110 121 32
110 200 105
111 116 90
111 144 71
111 158 136
111 186 40
111 189 15
112 119 25
112 165 141
113 134 18
113 152 45
113 161 143
113 167 98
114 134 71
114 143 105
114 169 10
114 191 55
115 176 160
115 177 135
116 121 81
116 152 9
116 172 77
116 180 115
116 191 135
117 134 10
117 138 2
117 157 7
117 169 55
117 182 74
118 169 20
119 135 119
119 148 3
119 166 97
119 168 43
119 197 154
120 190 80
121 160 135
122 156 107
122 187 86
123 135 118
123 137 53
123 141 126
123 147 102
123 154 147
123 175 135
123 191 154
123 197 116
124 135 35
124 156 43
124 175 159
124 177 43
125 129 158
125 144 77
125 176 84
126 154 130
127 154 41
127 178 111
127 194 153
128 154 76
129 140 8
129 171 3
129 188 37
129 190 64
129 200 24
130 141 104
130 166 8
130 175 55
130 183 96
130 197 102
131 146 1
131 148 144
131 152 112
131 154 49
131 187 68
132 141 158
132 152 101
132 186 44
132 188 14
132 191 44
133 161 155
133 170 22
134 175 86
134 178 153
135 149 93
137 162 22
137 163 7
137 183 129
137 191 12
138 139 71
138 141 150
138 150 84
138 174 112
138 177 98
139 159 61
139 188 66
139 199 114
140 142 138
140 159 64
140 197 102
141 157 124
141 166 6
141 187 33
141 197 114
142 143 91
142 160 77
142 196 138
143 188 92
145 163 31
145 166 104
145 167 134
145 179 160
146 164 81
146 182 86
146 197 119
148 159 29
148 172 45
148 181 128
148 187 159
148 194 45
149 159 22
149 174 125
150 180 23
151 167 136
151 177 100
152 163 30
152 170 56
152 173 89
152 177 49
152 192 67
154 160 73
154 182 46
154 183 86
155 156 103
155 173 80
155 200 148
156 159 97
156 196 87
157 158 20
157 170 14
158 160 118
158 199 140
159 168 59
160 163 144
160 172 35
162 165 16
162 195 57
163 166 76
163 194 65
163 200 2
164 178 14
164 186 101
164 194 67
165 176 55
165 177 103
165 194 39
167 185 27
168 185 82
170 173 13
171 178 15
172 186 53
174 184 152
174 186 11
175 188 145
175 200 107
176 179 150
176 188 149
179 186 81
180 195 105
180 198 44
183 198 32
184 189 35
184 192 53
186 190 49
188 190 80
188 196 94
189 196 67
