50 960
1 4 19
1 5 14
1 6 5
1 7 4
1 8 8
1 9 1
1 10 19
1 11 11
1 13 9
1 14 5
1 15 10
1 17 11
1 19 16
1 21 16
1 22 10
1 23 17
1 24 4
1 26 19
1 27 8
1 28 10
1 29 15
1 30 3
1 31 18
1 32 2
1 34 8
1 36 8
1 38 8
1 39 16
1 40 9
1 41 10
1 42 7
1 43 9
1 44 15
1 45 9
1 48 6
1 49 14
1 50 10
2 4 14
2 5 19
2 6 10
2 7 13
2 8 6
2 9 7
2 10 4
2 11 18
2 14 4
2 16 14
2 17 1
2 18 18
2 21 17
2 22 20
2 23 8
2 25 16
2 26 11
2 27 10
2 28 19
2 29 8
2 30 13
2 31 13
2 32 6
2 33 19
2 34 3
2 35 2
2 37 4
2 38 12
2 40 2
2 42 9
2 44 10
2 46 2
2 47 2
2 48 1
2 49 6
2 50 3
3 4 6
3 6 11
3 7 20
3 8 5
3 10 19
3 11 18
3 12 1
3 14 5
3 15 18
3 16 9
3 17 15
3 19 11
3 20 9
3 21 5
3 22 10
3 23 8
3 24 20
3 26 6
3 28 14
3 29 10
3 30 4
3 31 7
3 32 20
3 33 13
3 34 5
3 35 14
3 36 19
3 37 20
3 38 20
3 41 10
3 42 4
3 43 7
3 44 16
3 45 8
3 46 18
3 47 13
3 48 5
3 49 14
3 50 13
4 5 17
4 6 5
4 8 18
4 9 12
4 11 20
4 12 10
4 13 11
4 14 6
4 15 7
4 16 9
4 18 20
4 19 1
4 20 16
4 21 16
4 24 6
4 25 3
4 26 7
4 27 1
4 28 8
4 29 3
4 30 14
4 31 16
4 32 13
4 33 10
4 34 1
4 35 5
4 37 15
4 38 13
4 40 3
4 41 13
4 42 16
4 43 20
4 45 6
4 46 10
4 47 4
4 48 13
4 49 13
4 50 6
5 6 15
5 7 17
5 8 1
5 11 4
5 12 1
5 13 12
5 15 7
5 16 5
5 17 13
5 18 12
5 19 7
5 20 12
5 21 16
5 22 15
5 23 11
5 24 1
5 25 11
5 26 17
5 27 3
5 28 18
5 29 2
5 30 2
5 31 6
5 33 16
5 34 11
5 35 6
5 36 5
5 37 16
5 38 4
5 39 3
5 40 2
5 43 14
5 44 14
5 45 4
5 46 5
5 47 5
5 48 10
5 49 7
5 50 14
6 7 11
6 9 13
6 10 8
6 11 6
6 13 11
6 14 11
6 15 16
6 16 3
6 17 8
6 18 4
6 20 17
6 21 9
6 22 14
6 24 5
6 25 20
6 26 8
6 27 12
6 28 10
6 29 3
6 30 6
6 31 9
6 33 4
6 34 7
6 36 4
6 37 16
6 38 20
6 39 7
6 41 5
6 42 12
6 44 5
6 45 18
6 46 9
6 47 2
6 49 12
6 50 18
7 8 17
7 9 9
7 11 18
7 12 9
7 13 2
7 14 18
7 15 17
7 17 5
7 18 11
7 19 9
7 20 8
7 21 1
7 22 9
7 23 20
7 24 14
7 26 3
7 27 20
7 28 14
7 29 18
7 30 3
7 32 6
7 33 6
7 34 1
7 35 13
7 36 7
7 37 14
7 38 4
7 39 1
7 40 18
7 41 1
7 42 10
7 44 10
7 45 13
7 46 15
7 48 20
7 49 15
7 50 6
8 9 20
8 10 18
8 11 19
8 12 19
8 13 1
8 14 5
8 15 19
8 16 18
8 17 19
8 18 8
8 19 10
8 20 5
8 21 1
8 22 2
8 23 10
8 25 13
8 26 7
8 27 3
8 28 13
8 30 3
8 34 3
8 37 17
8 39 14
8 40 5
8 41 15
8 42 3
8 43 1
8 44 3
8 45 12
8 46 12
8 47 16
8 48 19
8 50 2
9 10 18
9 12 11
9 13 10
9 14 9
9 19 17
9 20 4
9 21 11
9 22 9
9 23 2
9 24 6
9 25 9
9 26 5
9 27 17
9 28 8
9 29 2
9 30 17
9 34 13
9 35 13
9 36 20
9 37 2
9 38 14
9 40 13
9 41 1
9 44 2
9 45 20
9 46 1
9 47 14
9 48 20
9 49 17
9 50 3
10 11 1
10 12 11
10 13 3
10 14 12
10 15 2
10 16 2
10 17 2
10 19 18
10 20 11
10 21 2
10 22 15
10 23 7
10 27 16
10 28 16
10 29 19
10 30 14
10 31 7
10 33 2
10 36 3
10 37 16
10 42 8
10 43 20
10 44 12
10 45 13
10 46 14
10 47 10
10 48 8
10 49 11
10 50 15
11 13 4
11 15 1
11 16 16
11 17 13
11 18 8
11 19 11
11 20 6
11 21 8
11 22 11
11 23 11
11 25 12
11 26 5
11 29 8
11 30 16
11 34 9
11 35 3
11 36 5
11 39 16
11 41 14
11 42 9
11 43 1
11 44 1
11 45 8
11 46 14
11 47 14
11 48 17
11 50 6
12 14 6
12 15 19
12 16 10
12 17 1
12 20 7
12 21 13
12 22 16
12 23 10
12 24 17
12 25 11
12 26 4
12 29 10
12 31 13
12 32 8
12 33 6
12 34 12
12 35 6
12 36 18
12 37 3
12 38 15
12 39 18
12 41 15
12 42 7
12 43 18
12 44 12
12 45 1
12 46 11
12 47 11
12 48 8
13 14 15
13 15 16
13 16 7
13 17 19
13 18 1
13 19 6
13 20 18
13 21 9
13 22 17
13 23 5
13 24 14
13 25 20
13 26 7
13 27 7
13 28 6
13 30 16
13 32 3
13 34 5
13 36 18
13 37 8
13 38 12
13 39 10
13 40 15
13 41 12
13 42 2
13 43 2
13 44 18
13 45 12
13 46 12
13 47 17
13 48 13
13 50 15
14 16 6
14 19 2
14 21 12
14 22 17
14 23 14
14 24 12
14 25 11
14 27 6
14 28 14
14 29 1
14 30 20
14 31 17
14 32 2
14 33 15
14 34 2
14 35 5
14 36 2
14 37 2
14 39 17
14 42 3
14 43 1
14 44 6
14 45 5
14 46 20
14 47 5
14 48 13
14 49 17
14 50 19
15 16 14
15 17 9
15 18 13
15 19 10
15 20 1
15 22 13
15 23 5
15 24 16
15 27 17
15 28 4
15 29 5
15 30 14
15 31 8
15 32 18
15 33 14
15 35 7
15 37 8
15 38 13
15 39 8
15 41 18
15 42 11
15 43 12
15 44 9
15 45 16
15 46 2
15 47 11
15 48 13
15 50 13
16 17 20
16 19 16
16 21 8
16 22 2
16 23 10
16 24 16
16 25 8
16 28 17
16 29 15
16 30 11
16 33 8
16 34 19
16 35 10
16 36 8
16 37 3
16 39 15
16 40 15
16 42 19
16 43 16
16 45 10
16 46 18
16 47 18
16 48 6
17 18 5
17 19 5
17 20 20
17 21 20
17 22 2
17 23 18
17 25 2
17 30 11
17 31 9
17 32 7
17 33 7
17 34 15
17 35 13
17 37 7
17 39 15
17 40 7
17 41 6
17 42 7
17 43 20
17 44 17
17 45 5
17 46 16
17 48 3
17 49 11
18 19 11
18 22 6
18 23 18
18 24 7
18 27 11
18 28 17
18 29 10
18 30 5
18 31 2
18 34 8
18 35 9
18 36 20
18 37 2
18 38 14
18 39 18
18 40 7
18 41 1
18 42 20
18 43 4
18 44 11
18 45 11
18 46 5
18 47 2
18 48 7
19 20 12
19 22 19
19 23 6
19 24 3
19 26 3
19 27 15
19 28 8
19 30 13
19 31 6
19 32 16
19 33 14
19 35 5
19 36 13
19 37 4
19 38 6
19 39 1
19 41 13
19 42 17
19 43 2
19 45 14
19 46 11
19 47 5
19 48 16
19 50 17
20 22 15
20 23 8
20 25 7
20 26 19
20 27 15
20 28 12
20 29 15
20 30 19
20 31 12
20 33 1
20 34 4
20 35 15
20 36 5
20 38 9
20 39 20
20 40 15
20 42 13
20 43 5
20 44 11
20 45 6
20 47 7
20 49 7
20 50 10
21 22 6
21 23 5
21 24 15
21 26 18
21 27 19
21 28 20
21 29 10
21 31 17
21 32 11
21 34 2
21 35 5
21 36 10
21 37 15
21 38 3
21 39 17
21 40 10
21 41 12
21 42 3
21 43 10
21 44 18
21 45 4
21 46 10
21 47 16
21 50 1
22 23 4
22 24 6
22 26 20
22 27 16
22 28 7
22 29 7
22 30 11
22 31 15
22 32 18
22 33 1
22 34 1
22 36 15
22 37 11
22 39 3
22 40 2
22 41 10
22 42 20
22 43 18
22 44 7
22 45 17
22 46 2
22 47 17
22 48 5
22 49 2
22 50 15
23 26 4
23 28 19
23 31 5
23 32 13
23 33 18
23 34 1
23 35 13
23 36 4
23 37 15
23 38 10
23 39 17
23 41 16
23 42 12
23 45 6
23 46 16
23 47 3
23 48 9
23 49 16
23 50 6
24 25 9
24 27 2
24 29 20
24 30 15
24 32 6
24 33 18
24 34 3
24 35 11
24 36 1
24 37 8
24 39 14
24 40 5
24 41 18
24 42 16
24 43 20
24 44 7
24 45 1
24 46 10
24 48 12
24 49 15
25 26 4
25 27 11
25 28 14
25 29 13
25 31 20
25 32 3
25 33 6
25 34 11
25 35 16
25 36 9
25 38 6
25 39 1
25 41 4
25 42 14
25 43 10
25 44 17
25 46 13
25 49 7
26 27 4
26 28 2
26 29 7
26 31 16
26 32 12
26 33 17
26 35 4
26 36 11
26 37 19
26 41 17
26 42 10
26 43 8
26 44 4
26 47 10
26 48 3
26 49 2
26 50 9
27 28 15
27 29 11
27 30 11
27 31 14
27 32 11
27 34 11
27 35 9
27 36 4
27 37 7
27 39 16
27 40 16
27 41 12
27 42 19
27 44 7
27 46 16
27 48 17
27 49 17
27 50 10
28 31 14
28 32 13
28 33 12
28 34 9
28 35 13
28 36 1
28 38 9
28 39 2
28 40 5
28 41 7
28 43 14
28 45 10
28 46 3
28 47 13
28 48 8
28 49 13
29 31 14
29 32 6
29 33 9
29 34 18
29 35 1
29 36 12
29 37 8
29 38 5
29 39 6
29 41 6
29 42 9
29 43 3
29 44 15
29 46 18
29 47 10
29 49 13
29 50 18
30 31 16
30 32 4
30 34 19
30 35 8
30 37 19
30 38 15
30 40 12
30 42 14
30 43 13
30 44 10
30 46 12
30 47 4
30 49 17
30 50 11
31 32 15
31 33 8
31 35 4
31 36 10
31 38 13
31 42 13
31 43 5
31 45 14
31 46 10
31 47 6
31 48 5
31 49 7
31 50 19
32 33 7
32 34 11
32 35 17
32 37 5
32 38 8
32 40 14
32 42 9
32 43 12
32 44 14
32 45 19
32 46 3
32 47 8
32 48 6
32 49 7
32 50 2
33 34 1
33 35 5
33 36 1
33 37 2
33 38 3
33 39 8
33 40 12
33 41 15
33 42 19
33 43 12
33 44 14
33 45 7
33 46 15
33 47 7
33 48 10
33 49 5
34 35 5
34 37 8
34 38 6
34 39 7
34 40 11
34 41 20
34 42 4
34 43 9
34 44 3
34 45 17
34 47 11
34 48 14
34 49 5
35 36 19
35 37 14
35 38 9
35 40 10
35 41 6
35 42 14
35 43 9
35 46 4
35 47 4
35 49 4
35 50 16
36 37 19
36 38 2
36 39 17
36 40 8
36 41 4
36 42 7
36 43 5
36 44 9
36 45 5
36 46 1
36 47 10
36 48 9
36 49 18
36 50 20
37 38 18
37 39 13
37 40 3
37 41 1
37 42 12
37 45 7
37 46 3
37 47 1
38 39 11
38 40 3
38 41 13
38 42 6
38 44 20
38 45 6
38 46 7
38 47 3
38 48 2
38 49 5
39 40 5
39 41 3
39 42 8
39 43 13
39 44 4
39 45 5
39 46 6
39 47 2
39 48 10
39 50 12
40 41 15
40 42 19
40 43 19
40 45 9
40 47 1
40 48 20
40 50 2
41 42 2
41 43 18
41 44 3
41 45 19
41 46 16
41 47 6
41 48 6
41 49 16
42 43 18
42 44 6
42 45 20
42 46 5
42 47 3
42 48 9
42 49 19
42 50 8
43 44 9
43 45 6
43 46 11
43 48 7
43 49 16
44 45 10
44 46 9
44 47 11
44 48 4
44 49 12
44 50 1
45 46 9
45 47 15
45 48 3
45 49 18
45 50 9
46 48 13
46 49 19
46 50 18
47 48 7
47 49 15
47 50 11
48 50 6
49 50 13
