100 2008
1 4 6
1 5 4
1 7 3
1 8 9
1 10 6
1 15 7
1 17 3
1 23 6
1 24 3
1 27 9
1 28 4
1 34 4
1 38 1
1 39 8
1 40 7
1 41 2
1 43 10
1 44 2
1 45 2
1 49 1
1 50 8
1 52 10
1 53 6
1 55 6
1 57 2
1 58 6
1 64 3
1 65 9
1 66 7
1 70 6
1 71 3
1 74 8
1 75 1
1 76 6
1 77 10
1 78 1
1 79 7
1 81 3
1 82 2
1 83 8
1 88 5
1 90 1
1 95 3
1 97 6
2 3 6
2 4 3
2 5 9
2 8 1
2 9 5
2 11 3
2 14 3
2 16 6
2 17 4
2 18 9
2 20 6
2 21 6
2 25 1
2 26 7
2 27 5
2 29 10
2 33 10
2 34 5
2 35 1
2 38 9
2 39 2
2 43 9
2 44 9
2 45 9
2 47 1
2 51 3
2 52 6
2 57 10
2 58 2
2 59 6
2 61 5
2 62 1
2 63 9
2 64 9
2 68 1
2 69 3
2 71 10
2 74 10
2 75 3
2 81 4
2 85 1
2 86 6
2 90 4
2 92 7
2 99 6
2 100 8
3 6 8
3 10 5
3 11 10
3 13 3
3 14 7
3 15 5
3 17 7
3 19 10
3 20 7
3 21 1
3 30 7
3 37 10
3 38 1
3 39 2
3 40 1
3 41 2
3 45 8
3 46 9
3 50 5
3 51 3
3 55 4
3 56 5
3 71 7
3 76 6
3 77 1
3 80 8
3 82 5
3 84 7
3 85 8
3 87 1
3 89 10
3 90 1
3 92 5
3 93 6
3 97 1
3 99 8
4 6 1
4 9 8
4 14 9
4 15 7
4 16 5
4 18 7
4 19 9
4 20 1
4 21 7
4 26 5
4 27 4
4 35 3
4 36 3
4 37 2
4 40 2
4 42 7
4 43 1
4 44 3
4 45 10
4 47 9
4 49 7
4 51 6
4 54 8
4 61 5
4 63 7
4 64 7
4 65 1
4 69 6
4 70 2
4 71 8
4 74 2
4 77 9
4 78 2
4 79 1
4 86 3
4 87 4
4 88 4
4 91 9
4 92 8
4 95 3
4 100 5
5 6 8
5 8 5
5 10 10
5 11 3
5 14 2
5 15 2
5 17 5
5 19 3
5 20 2
5 21 7
5 23 2
5 24 4
5 26 4
5 27 8
5 31 10
5 32 7
5 33 4
5 37 7
5 39 9
5 40 7
5 41 8
5 52 1
5 53 2
5 54 9
5 55 5
5 57 7
5 58 9
5 59 5
5 68 5
5 74 4
5 75 1
5 78 9
5 84 5
5 90 2
5 92 10
5 93 6
5 95 9
5 97 6
6 7 4
6 8 3
6 9 4
6 10 5
6 13 4
6 17 8
6 18 9
6 19 3
6 22 3
6 29 5
6 34 5
6 35 4
6 37 5
6 38 6
6 41 4
6 44 7
6 46 7
6 48 10
6 51 8
6 52 1
6 56 10
6 60 2
6 62 4
6 66 2
6 67 8
6 68 6
6 73 9
6 74 7
6 75 5
6 76 10
6 80 4
6 88 8
6 89 10
6 91 7
6 93 8
6 94 2
6 95 9
6 96 2
6 99 6
6 100 5
7 9 2
7 10 5
7 12 10
7 15 2
7 16 6
7 19 9
7 23 6
7 24 8
7 25 7
7 27 3
7 28 5
7 30 4
7 31 9
7 32 3
7 35 2
7 37 5
7 39 6
7 47 6
7 49 1
7 51 4
7 54 5
7 55 9
7 59 10
7 61 7
7 63 10
7 65 9
7 70 1
7 71 3
7 72 5
7 79 10
7 85 5
7 88 5
7 89 6
7 90 10
7 93 1
7 100 6
8 15 4
8 16 9
8 17 10
8 18 5
8 23 6
8 27 8
8 29 5
8 31 1
8 37 9
8 38 1
8 42 10
8 45 7
8 52 10
8 56 6
8 57 8
8 59 10
8 60 5
8 63 7
8 66 10
8 68 3
8 70 8
8 73 7
8 74 8
8 76 9
8 77 8
8 78 3
8 79 8
8 83 4
8 85 9
8 88 4
8 89 7
8 94 3
8 96 5
8 98 5
8 99 8
9 13 7
9 19 4
9 20 2
9 23 7
9 24 6
9 25 2
9 28 2
9 29 4
9 32 7
9 36 2
9 38 10
9 41 9
9 43 1
9 49 4
9 51 1
9 54 2
9 58 2
9 59 8
9 60 10
9 61 3
9 64 1
9 65 4
9 66 4
9 68 6
9 69 3
9 71 9
9 72 9
9 73 3
9 76 5
9 78 5
9 81 8
9 83 7
9 88 8
9 89 8
9 92 9
10 11 9
10 12 6
10 14 5
10 18 9
10 21 5
10 24 3
10 28 4
10 29 5
10 30 9
10 32 6
10 35 5
10 37 2
10 39 7
10 40 2
10 42 3
10 45 3
10 46 6
10 47 4
10 56 1
10 58 9
10 59 4
10 61 4
10 62 8
10 64 8
10 69 1
10 71 10
10 73 6
10 82 10
10 83 7
10 87 3
10 89 1
10 95 7
10 98 6
11 12 4
11 13 7
11 15 6
11 16 9
11 17 5
11 18 2
11 23 5
11 27 9
11 30 7
11 36 4
11 44 4
11 48 1
11 56 5
11 58 2
11 59 9
11 63 10
11 64 4
11 65 2
11 67 1
11 69 3
11 72 3
11 73 3
11 74 1
11 80 4
11 81 2
11 82 8
11 88 3
11 93 2
11 97 3
11 100 2
12 17 9
12 20 5
12 24 4
12 25 3
12 31 3
12 34 8
12 37 2
12 42 10
12 46 7
12 47 2
12 50 9
12 53 2
12 55 7
12 58 3
12 59 10
12 62 8
12 63 10
12 65 10
12 70 3
12 71 4
12 77 1
12 78 1
12 80 9
12 82 7
12 85 1
12 86 7
12 88 7
12 89 9
12 94 7
12 95 6
12 98 5
12 100 3
13 16 1
13 19 9
13 22 3
13 23 4
13 26 7
13 27 4
13 28 9
13 30 5
13 33 10
13 35 6
13 40 10
13 41 9
13 45 8
13 46 4
13 47 8
13 49 6
13 53 7
13 55 6
13 56 2
13 61 5
13 63 7
13 66 1
13 68 1
13 73 1
13 74 5
13 76 10
13 77 10
13 79 6
13 81 4
13 83 2
13 84 9
13 86 4
13 89 7
13 90 4
13 91 1
13 99 3
13 100 10
14 15 9
14 17 1
14 19 2
14 20 2
14 27 6
14 33 6
14 35 4
14 36 4
14 37 4
14 39 3
14 43 5
14 49 6
14 53 7
14 54 3
14 55 4
14 57 5
14 60 2
14 63 4
14 66 7
14 70 2
14 71 1
14 76 3
14 77 9
14 78 5
14 79 3
14 81 3
14 82 2
14 83 4
14 84 10
14 86 8
14 88 7
14 90 2
14 92 4
14 94 1
14 95 4
14 98 3
14 100 4
15 16 8
15 17 3
15 18 5
15 19 4
15 21 5
15 26 9
15 28 1
15 32 8
15 34 9
15 39 9
15 45 9
15 48 8
15 51 7
15 53 9
15 56 10
15 57 1
15 59 1
15 60 9
15 61 8
15 64 6
15 65 1
15 67 6
15 68 3
15 70 6
15 71 3
15 74 9
15 76 5
15 77 5
15 80 10
15 81 3
15 83 10
15 86 9
15 87 7
15 96 4
15 97 6
15 99 1
15 100 3
16 19 5
16 20 4
16 22 8
16 26 2
16 31 8
16 34 8
16 35 7
16 37 8
16 45 2
16 46 5
16 47 5
16 48 4
16 49 6
16 52 7
16 53 5
16 57 5
16 59 6
16 60 4
16 65 7
16 66 6
16 68 5
16 70 9
16 72 6
16 79 4
16 83 8
16 87 8
16 88 9
16 89 9
16 91 5
16 92 4
16 93 3
16 94 1
16 98 10
16 99 9
17 18 3
17 21 9
17 23 9
17 24 6
17 28 8
17 30 5
17 31 8
17 32 9
17 34 1
17 38 5
17 40 2
17 44 2
17 45 10
17 46 8
17 47 3
17 55 2
17 63 7
17 64 10
17 67 7
17 69 9
17 71 5
17 72 9
17 73 9
17 77 7
17 79 4
17 83 7
17 84 3
17 85 8
17 88 8
17 89 2
17 90 8
17 97 6
17 98 7
17 99 3
18 23 2
18 26 4
18 29 9
18 31 6
18 34 8
18 36 7
18 39 7
18 44 8
18 45 9
18 47 10
18 48 4
18 49 8
18 50 8
18 51 5
18 52 8
18 54 2
18 57 4
18 59 4
18 60 1
18 64 7
18 66 8
18 69 4
18 70 1
18 71 4
18 72 1
18 74 3
18 75 10
18 79 2
18 81 7
18 83 3
18 85 9
18 89 3
18 95 8
18 97 2
18 98 9
18 99 3
19 22 5
19 23 5
19 24 3
19 28 5
19 31 2
19 32 1
19 37 7
19 38 2
19 40 1
19 47 4
19 53 9
19 54 5
19 58 4
19 60 3
19 61 3
19 63 10
19 64 2
19 66 3
19 68 8
19 70 9
19 72 4
19 75 10
19 78 6
19 79 6
19 80 5
19 81 3
19 84 6
19 87 4
19 91 5
19 95 1
20 21 5
20 27 8
20 28 6
20 29 9
20 30 10
20 31 4
20 34 10
20 35 9
20 37 5
20 39 4
20 41 6
20 42 9
20 43 4
20 47 3
20 49 7
20 52 5
20 55 8
20 60 9
20 64 7
20 68 6
20 70 8
20 73 5
20 74 7
20 75 4
20 77 2
20 83 7
20 86 7
20 89 6
20 92 8
20 95 6
20 100 10
21 23 2
21 26 7
21 32 2
21 34 2
21 35 4
21 38 9
21 40 4
21 41 1
21 42 4
21 48 6
21 50 10
21 53 8
21 55 6
21 57 3
21 58 1
21 59 8
21 65 1
21 70 4
21 72 5
21 73 6
21 75 6
21 78 2
21 79 8
21 80 1
21 83 8
21 84 2
21 85 9
21 87 5
21 89 2
21 93 2
21 96 3
21 97 6
21 98 10
22 23 7
22 24 10
22 25 8
22 28 2
22 29 3
22 31 7
22 32 5
22 33 8
22 36 4
22 40 4
22 41 9
22 42 6
22 46 2
22 47 3
22 49 1
22 50 7
22 53 3
22 57 2
22 61 10
22 63 9
22 64 9
22 65 10
22 67 9
22 69 7
22 72 1
22 75 5
22 80 2
22 82 4
22 83 4
22 85 7
22 88 1
22 90 10
22 91 8
22 92 4
22 93 1
22 94 1
22 96 3
22 98 10
22 99 3
23 24 6
23 27 6
23 28 9
23 29 6
23 31 5
23 32 4
23 34 2
23 35 10
23 38 6
23 45 8
23 48 2
23 49 7
23 51 4
23 53 8
23 55 4
23 57 5
23 58 5
23 60 4
23 64 7
23 66 1
23 67 7
23 71 9
23 74 9
23 76 6
23 78 8
23 80 10
23 82 3
23 83 6
23 85 8
23 89 1
23 92 6
23 93 4
23 95 9
23 97 5
23 98 8
24 25 4
24 27 8
24 28 5
24 29 2
24 31 3
24 34 6
24 35 8
24 36 4
24 37 4
24 38 9
24 43 2
24 45 8
24 46 2
24 47 6
24 50 1
24 54 9
24 56 7
24 57 5
24 58 7
24 63 1
24 64 2
24 68 5
24 69 9
24 76 8
24 80 10
24 81 8
24 83 5
24 87 2
24 88 7
24 91 7
24 94 2
24 95 4
24 99 2
24 100 5
25 27 6
25 28 5
25 31 7
25 33 3
25 34 2
25 37 5
25 38 6
25 39 9
25 41 6
25 44 9
25 48 10
25 49 5
25 51 10
25 54 2
25 56 4
25 57 10
25 58 8
25 59 3
25 63 8
25 64 9
25 68 7
25 71 8
25 72 9
25 75 3
25 77 4
25 78 3
25 79 10
25 81 4
25 82 7
25 84 7
25 88 10
25 89 2
25 90 1
25 96 5
25 99 1
25 100 7
26 27 6
26 30 4
26 31 4
26 33 9
26 34 6
26 37 7
26 41 4
26 42 8
26 43 9
26 44 10
26 45 9
26 46 6
26 47 8
26 50 9
26 53 2
26 54 3
26 57 6
26 58 2
26 59 8
26 60 5
26 61 6
26 69 1
26 70 5
26 71 2
26 74 3
26 76 4
26 78 1
26 79 7
26 80 3
26 81 10
26 82 2
26 83 7
26 87 5
26 89 2
26 90 8
26 97 6
27 29 5
27 30 6
27 31 2
27 34 10
27 37 7
27 39 8
27 40 2
27 47 9
27 48 1
27 61 4
27 62 10
27 65 7
27 66 2
27 68 3
27 73 3
27 77 8
27 79 1
27 80 3
27 81 1
27 85 3
27 91 2
27 92 9
27 94 2
27 100 7
28 32 1
28 33 5
28 37 4
28 38 1
28 39 10
28 41 7
28 43 9
28 47 7
28 49 1
28 51 4
28 54 3
28 56 2
28 57 7
28 58 3
28 60 6
28 68 4
28 69 2
28 71 7
28 72 3
28 73 3
28 82 4
28 85 4
28 90 7
28 93 3
28 99 10
28 100 8
29 31 5
29 32 8
29 33 7
29 34 3
29 38 9
29 40 3
29 44 2
29 45 7
29 46 1
29 47 8
29 49 9
29 54 7
29 55 7
29 56 7
29 57 9
29 58 8
29 63 1
29 69 9
29 71 2
29 72 10
29 73 9
29 74 2
29 75 3
29 78 3
29 79 7
29 80 1
29 83 7
29 84 7
29 86 8
29 89 3
29 92 8
29 93 2
29 94 8
29 95 1
29 96 6
29 97 2
29 98 2
30 35 7
30 36 9
30 37 3
30 39 6
30 40 4
30 42 1
30 44 4
30 47 7
30 50 3
30 51 9
30 52 8
30 65 9
30 66 10
30 67 9
30 69 10
30 70 8
30 74 10
30 79 9
30 83 5
30 85 2
30 88 10
30 90 5
30 96 3
30 97 6
31 34 1
31 36 4
31 37 2
31 39 4
31 42 2
31 46 5
31 48 3
31 52 2
31 53 3
31 54 1
31 55 9
31 56 10
31 59 7
31 60 5
31 61 5
31 63 8
31 68 5
31 69 6
31 71 5
31 72 3
31 73 8
31 75 4
31 76 7
31 79 7
31 83 6
31 85 3
31 87 7
31 90 4
31 93 9
31 94 2
31 95 6
31 96 3
31 100 8
32 37 7
32 39 4
32 41 7
32 43 1
32 44 10
32 48 7
32 50 4
32 51 1
32 54 5
32 55 5
32 57 2
32 61 4
32 62 9
32 64 5
32 66 6
32 70 7
32 72 5
32 80 3
32 82 4
32 85 7
32 86 5
32 88 6
32 91 9
32 92 6
32 93 2
32 94 8
32 97 4
32 98 7
32 99 8
32 100 3
33 34 1
33 35 4
33 42 5
33 50 5
33 55 3
33 61 8
33 62 6
33 64 8
33 66 9
33 67 3
33 72 9
33 77 8
33 83 1
33 84 5
33 89 7
33 90 4
33 95 9
33 97 5
34 37 4
34 41 10
34 46 6
34 54 4
34 57 8
34 58 7
34 64 3
34 65 2
34 75 6
34 77 1
34 78 2
34 79 10
34 80 6
34 81 8
34 82 3
34 85 5
34 86 1
34 90 9
34 95 3
34 99 6
35 39 1
35 40 3
35 41 4
35 42 8
35 44 8
35 46 5
35 48 4
35 49 10
35 50 8
35 52 2
35 54 10
35 59 1
35 60 8
35 61 4
35 62 5
35 64 2
35 66 5
35 68 8
35 69 10
35 71 7
35 72 7
35 75 10
35 77 9
35 78 6
35 81 3
35 82 9
35 83 5
35 86 3
35 88 4
35 89 2
35 91 2
35 92 7
35 95 9
35 96 4
35 98 8
35 100 4
36 38 9
36 42 6
36 48 9
36 49 4
36 50 8
36 51 5
36 57 4
36 60 8
36 62 8
36 63 10
36 65 10
36 71 10
36 77 1
36 78 6
36 79 4
36 81 2
36 86 7
36 88 2
36 90 5
36 93 10
36 96 3
37 39 2
37 42 1
37 45 2
37 47 7
37 49 9
37 50 9
37 51 6
37 54 4
37 60 6
37 64 2
37 66 3
37 71 7
37 74 8
37 77 10
37 78 6
37 79 7
37 80 1
37 81 10
37 87 10
37 90 9
37 92 4
37 99 6
38 39 8
38 42 4
38 46 5
38 48 6
38 49 6
38 50 1
38 52 6
38 54 5
38 56 2
38 57 7
38 59 5
38 60 10
38 62 3
38 63 9
38 64 10
38 66 7
38 68 8
38 69 4
38 70 7
38 72 10
38 73 8
38 74 6
38 76 10
38 79 3
38 82 8
38 83 1
38 87 9
38 89 3
38 90 2
38 93 8
38 96 3
38 98 5
38 100 8
39 41 5
39 42 7
39 43 1
39 46 2
39 47 10
39 49 6
39 50 6
39 52 3
39 56 1
39 58 1
39 63 3
39 64 9
39 65 8
39 66 1
39 68 2
39 69 1
39 70 1
39 73 4
39 77 6
39 80 4
39 81 3
39 86 9
39 97 5
40 45 4
40 47 6
40 49 7
40 51 6
40 53 6
40 55 7
40 57 9
40 58 1
40 59 1
40 61 8
40 62 4
40 63 8
40 66 10
40 69 4
40 70 6
40 73 4
40 76 7
40 78 6
40 80 7
40 81 3
40 85 4
40 86 6
40 89 4
40 90 7
40 93 4
40 94 9
40 95 7
40 97 4
40 98 1
40 99 9
40 100 1
41 44 1
41 45 6
41 46 8
41 47 7
41 49 4
41 51 2
41 54 10
41 55 5
41 56 2
41 57 10
41 60 1
41 61 9
41 63 10
41 64 1
41 67 10
41 69 7
41 72 4
41 73 9
41 79 3
41 82 3
41 83 9
41 87 7
41 88 2
41 89 7
41 90 5
41 93 2
42 44 2
42 46 7
42 47 5
42 53 10
42 57 1
42 58 6
42 60 9
42 61 7
42 62 1
42 63 4
42 64 7
42 66 8
42 67 2
42 68 5
42 71 3
42 72 10
42 73 1
42 74 5
42 78 5
42 82 3
42 84 2
42 86 2
42 89 8
42 91 10
42 98 2
42 100 9
43 46 9
43 47 6
43 49 1
43 52 4
43 55 1
43 56 8
43 58 4
43 60 2
43 61 9
43 67 3
43 68 1
43 71 9
43 74 4
43 79 10
43 84 3
43 85 7
43 86 5
43 90 4
43 92 6
43 93 3
43 97 9
43 100 4
44 47 4
44 49 8
44 52 7
44 54 3
44 56 9
44 58 1
44 59 8
44 63 6
44 68 3
44 69 1
44 73 1
44 77 6
44 83 8
44 84 3
44 85 10
44 87 9
44 88 5
44 89 2
44 90 1
44 91 6
44 95 10
44 96 10
44 99 1
45 47 7
45 48 2
45 49 3
45 51 3
45 52 1
45 53 5
45 57 10
45 60 3
45 62 9
45 63 3
45 68 5
45 70 8
45 77 1
45 78 3
45 80 3
45 82 5
45 84 10
45 85 7
45 87 6
45 88 4
45 95 4
45 96 4
45 98 8
46 56 1
46 58 8
46 61 10
46 63 8
46 65 6
46 74 9
46 76 10
46 77 9
46 79 7
46 80 2
46 81 6
46 85 8
46 86 10
46 87 9
46 89 4
46 90 7
46 94 1
46 95 8
46 96 10
46 98 6
46 100 7
47 49 5
47 51 2
47 56 10
47 57 8
47 61 2
47 62 7
47 64 1
47 68 1
47 80 8
47 81 8
47 84 4
47 85 2
47 90 8
47 91 4
47 92 8
47 93 10
47 96 9
47 97 8
47 99 5
48 51 8
48 52 9
48 53 2
48 55 3
48 56 10
48 60 7
48 61 8
48 62 4
48 63 10
48 68 5
48 69 9
48 72 1
48 75 9
48 80 8
48 87 6
48 88 4
48 90 2
48 91 8
48 96 2
48 97 9
48 98 10
48 100 6
49 52 5
49 53 5
49 54 6
49 56 6
49 60 5
49 66 10
49 68 5
49 74 5
49 76 6
49 78 9
49 82 2
49 85 9
49 88 1
49 89 2
49 91 9
49 97 1
50 52 2
50 57 7
50 59 5
50 62 8
50 63 6
50 72 1
50 74 10
50 78 3
50 80 9
50 89 8
50 90 7
50 94 3
50 96 1
50 99 4
50 100 2
51 55 3
51 57 4
51 58 9
51 60 4
51 68 3
51 70 4
51 72 2
51 75 6
51 76 1
51 78 8
51 79 6
51 80 4
51 83 1
51 85 6
51 86 8
51 89 10
51 90 2
52 66 5
52 70 9
52 71 2
52 72 10
52 73 6
52 74 5
52 75 7
52 77 1
52 78 5
52 79 3
52 85 5
52 91 6
52 92 6
52 94 6
52 96 9
52 97 6
52 98 4
53 57 1
53 59 7
53 60 10
53 65 2
53 66 1
53 69 4
53 72 4
53 73 10
53 74 10
53 77 5
53 78 10
53 81 7
53 84 10
53 85 4
53 86 9
53 90 7
53 93 2
53 96 9
53 98 5
54 55 7
54 60 1
54 63 9
54 68 2
54 70 9
54 72 2
54 77 4
54 80 10
54 83 2
54 84 3
54 89 7
54 90 1
54 91 8
54 94 1
55 56 6
55 59 10
55 64 4
55 66 1
55 68 7
55 69 10
55 71 5
55 73 10
55 75 1
55 77 2
55 81 3
55 85 4
55 87 10
55 95 6
56 62 10
56 68 8
56 74 3
56 76 3
56 82 1
56 83 1
56 86 9
56 88 9
56 89 9
56 98 1
57 60 7
57 65 5
57 66 9
57 69 4
57 72 1
57 75 9
57 76 8
57 80 8
57 81 4
57 84 2
57 86 4
57 91 8
57 92 4
57 94 3
58 59 5
58 65 9
58 71 3
58 72 10
58 73 10
58 74 1
58 75 8
58 79 3
58 82 9
58 83 9
58 84 1
58 86 5
58 89 3
58 90 9
58 92 6
58 95 4
58 96 6
58 98 10
58 100 4
59 61 6
59 64 6
59 70 6
59 71 4
59 74 4
59 78 6
59 83 9
59 88 9
59 90 6
59 91 10
59 93 9
59 95 3
60 62 8
60 63 7
60 65 1
60 67 10
60 68 6
60 69 6
60 72 6
60 73 9
60 74 5
60 78 10
60 79 6
60 80 1
60 81 4
60 86 2
60 92 10
60 95 7
60 96 10
60 99 2
60 100 9
61 63 1
61 64 2
61 67 1
61 68 6
61 70 7
61 72 2
61 74 10
61 77 7
61 78 7
61 79 9
61 81 10
61 82 9
61 83 7
61 85 4
61 88 6
61 93 3
61 97 2
61 100 2
62 65 7
62 68 8
62 69 4
62 70 2
62 71 2
62 77 7
62 79 7
62 81 5
62 82 7
62 83 9
62 90 2
62 93 5
62 94 3
62 96 9
62 98 5
62 99 1
63 64 9
63 67 7
63 68 1
63 70 6
63 72 2
63 73 3
63 74 9
63 76 6
63 79 3
63 81 2
63 85 4
63 88 1
63 90 5
63 91 2
63 94 8
63 95 9
63 96 10
63 97 8
63 98 8
64 66 1
64 68 6
64 70 4
64 71 2
64 76 3
64 86 1
64 89 8
64 90 2
64 92 9
64 93 10
64 95 3
64 96 10
65 66 6
65 67 4
65 69 7
65 72 10
65 76 9
65 78 3
65 80 2
65 88 3
65 92 10
65 93 6
65 97 8
65 98 9
66 68 4
66 69 7
66 71 8
66 72 9
66 74 9
66 77 9
66 78 6
66 80 7
66 82 8
66 83 5
66 88 1
66 91 1
66 94 2
66 95 4
66 96 10
66 97 9
66 100 10
67 71 5
67 72 3
67 75 4
67 76 6
67 77 1
67 78 10
67 79 10
67 80 2
67 85 4
67 91 2
67 92 3
67 95 6
67 96 3
67 99 9
68 69 5
68 72 5
68 75 9
68 77 4
68 81 3
68 83 3
68 84 10
68 85 4
68 88 4
68 89 10
68 91 7
68 92 5
68 96 2
68 98 6
69 72 10
69 73 3
69 74 10
69 75 3
69 77 5
69 78 10
69 79 6
69 81 2
69 82 4
69 85 10
69 87 2
69 90 4
69 92 1
69 93 9
70 71 4
70 75 3
70 80 6
70 82 10
70 84 5
70 88 6
70 89 4
70 94 4
70 95 3
70 97 3
70 99 9
71 73 4
71 74 9
71 79 1
71 81 1
71 84 8
71 88 8
71 90 8
71 96 8
71 98 2
71 100 8
72 73 5
72 74 1
72 76 4
72 78 8
72 82 5
72 85 1
72 87 6
72 88 7
72 90 6
72 93 8
72 96 4
72 97 7
72 98 4
72 99 5
72 100 3
73 83 9
73 84 4
73 88 5
73 89 9
73 92 3
73 93 3
73 95 6
73 96 5
73 100 10
74 76 2
74 77 1
74 79 9
74 80 8
74 83 7
74 87 10
74 88 5
74 92 3
74 95 9
74 98 6
75 76 10
75 79 5
75 80 4
75 83 10
75 89 3
75 92 6
75 94 3
75 97 9
75 98 4
75 100 4
76 78 1
76 83 10
76 85 9
76 87 3
76 88 2
76 89 10
76 95 5
76 98 9
77 79 8
77 81 7
77 82 8
77 85 9
77 89 2
77 90 3
77 92 6
77 98 4
77 99 10
77 100 8
78 80 8
78 84 3
78 85 4
78 88 5
78 90 1
78 93 5
78 94 4
78 97 8
78 98 8
78 99 10
79 80 6
79 81 5
79 87 6
79 88 3
79 92 3
79 93 4
79 95 2
79 99 8
80 82 10
80 83 6
80 88 8
80 89 7
80 90 1
80 92 7
80 95 2
80 96 7
80 97 1
80 100 10
81 83 4
81 84 7
81 85 1
81 87 3
81 92 2
81 93 6
81 95 10
81 97 6
82 90 6
82 91 6
82 96 5
82 97 6
83 85 8
83 86 2
83 88 2
83 91 6
83 94 7
83 96 2
83 97 3
83 98 6
83 99 7
84 86 10
84 87 10
84 97 5
84 98 5
84 100 6
85 86 7
85 89 6
85 92 6
85 96 1
85 98 2
85 99 2
85 100 4
86 88 2
86 89 9
86 93 3
86 97 9
86 98 6
87 88 7
87 93 8
88 93 10
88 96 4
88 97 4
88 99 3
88 100 9
89 92 1
89 93 7
89 95 3
89 98 1
89 100 2
90 91 2
90 93 10
90 97 7
90 99 2
91 92 1
91 93 5
91 95 1
91 97 8
91 98 8
91 99 10
91 100 9
92 93 4
92 94 5
92 95 4
92 96 8
92 99 1
92 100 8
93 95 3
93 97 4
93 98 3
93 100 3
94 97 5
94 100 9
95 97 8
95 99 5
96 97 4
96 98 9
96 99 8
97 100 8
98 100 4
