100 2020
1 5 5
1 6 3
1 7 4
1 14 2
1 16 1
1 17 5
1 20 1
1 21 4
1 22 1
1 23 2
1 25 1
1 30 4
1 35 2
1 37 1
1 39 4
1 40 4
1 41 3
1 42 1
1 48 5
1 49 2
1 50 4
1 66 1
1 68 3
1 71 4
1 73 1
1 74 5
1 81 4
1 83 3
1 86 1
1 88 1
1 98 1
2 3 5
2 7 4
2 9 1
2 10 3
2 13 2
2 15 1
2 16 1
2 17 2
2 18 3
2 19 4
2 20 4
2 23 3
2 24 3
2 27 2
2 28 2
2 29 1
2 31 5
2 34 1
2 36 5
2 38 2
2 39 1
2 41 1
2 44 5
2 46 2
2 47 2
2 49 5
2 50 2
2 55 3
2 56 4
2 58 1
2 60 2
2 63 4
2 65 3
2 66 3
2 75 3
2 77 3
2 79 4
2 80 2
2 81 2
2 82 5
2 83 5
2 85 5
2 88 4
2 89 4
2 90 4
2 93 3
2 95 1
2 97 1
2 98 1
3 4 5
3 5 2
3 8 5
3 10 3
3 12 3
3 14 4
3 16 5
3 18 5
3 21 5
3 22 4
3 24 5
3 25 4
3 31 3
3 32 4
3 33 4
3 43 3
3 45 1
3 52 5
3 53 4
3 58 4
3 59 5
3 62 5
3 65 5
3 67 1
3 69 1
3 72 2
3 73 3
3 74 3
3 75 2
3 76 5
3 82 4
3 83 2
3 87 4
3 89 4
3 91 1
3 92 2
3 93 1
3 95 5
3 99 4
4 7 2
4 8 5
4 10 1
4 11 5
4 13 2
4 16 2
4 17 2
4 19 5
4 24 2
4 29 4
4 31 3
4 33 4
4 36 2
4 37 4
4 39 1
4 40 3
4 42 5
4 45 3
4 46 4
4 47 4
4 49 4
4 51 2
4 54 5
4 55 5
4 57 3
4 59 1
4 61 5
4 62 3
4 66 2
4 67 1
4 68 5
4 73 3
4 76 5
4 79 3
4 81 4
4 83 3
4 85 5
4 87 1
4 88 5
4 93 1
4 94 5
4 96 5
4 100 3
5 6 5
5 8 5
5 9 3
5 10 4
5 12 2
5 16 3
5 20 3
5 23 5
5 24 2
5 25 3
5 28 3
5 33 5
5 36 3
5 37 3
5 39 2
5 42 4
5 44 1
5 45 1
5 47 4
5 51 2
5 52 3
5 55 3
5 57 1
5 62 5
5 64 2
5 66 2
5 70 1
5 71 4
5 73 4
5 76 2
5 81 4
5 84 1
5 89 5
5 94 3
5 100 1
6 9 3
6 10 1
6 17 5
6 18 4
6 19 2
6 20 2
6 25 2
6 26 3
6 30 5
6 32 5
6 33 2
6 35 3
6 36 2
6 47 3
6 49 4
6 50 2
6 54 4
6 56 4
6 57 1
6 61 5
6 66 1
6 69 5
6 70 3
6 71 1
6 72 3
6 77 5
6 78 1
6 79 2
6 85 3
6 87 4
6 89 1
6 92 1
6 94 5
6 96 5
6 97 5
6 98 1
6 100 5
7 8 1
7 11 3
7 19 4
7 20 4
7 22 4
7 23 2
7 26 1
7 29 4
7 35 2
7 37 5
7 38 1
7 39 2
7 40 1
7 41 5
7 42 2
7 44 2
7 46 2
7 49 1
7 51 2
7 53 3
7 55 1
7 59 4
7 63 5
7 67 1
7 68 4
7 70 4
7 71 5
7 72 5
7 73 1
7 74 4
7 75 2
7 76 2
7 78 5
7 84 2
7 85 1
7 86 3
7 90 5
7 93 4
7 94 5
7 96 1
7 100 5
8 14 1
8 15 4
8 16 2
8 18 3
8 19 5
8 21 4
8 22 4
8 24 2
8 25 1
8 28 3
8 30 4
8 31 2
8 36 3
8 37 4
8 43 1
8 44 5
8 45 4
8 47 3
8 48 3
8 53 3
8 54 5
8 62 3
8 64 2
8 65 3
8 66 3
8 67 1
8 69 5
8 70 1
8 72 5
8 74 1
8 78 2
8 79 4
8 81 2
8 82 3
8 84 1
8 85 5
8 87 1
8 88 1
8 92 3
8 95 4
8 98 4
9 11 5
9 13 3
9 19 4
9 20 2
9 21 5
9 23 3
9 24 4
9 25 4
9 28 3
9 30 1
9 31 1
9 33 1
9 37 1
9 38 4
9 41 2
9 45 4
9 46 4
9 48 3
9 49 1
9 51 2
9 55 5
9 60 5
9 62 1
9 63 4
9 65 3
9 66 4
9 69 2
9 79 5
9 84 1
9 85 2
9 96 3
10 11 1
10 15 4
10 16 5
10 17 1
10 19 3
10 23 5
10 25 1
10 33 3
10 35 4
10 39 4
10 42 1
10 53 1
10 54 5
10 55 1
10 56 5
10 57 3
10 58 3
10 60 2
10 61 5
10 62 3
10 63 5
10 65 3
10 66 4
10 67 4
10 75 3
10 76 5
10 79 5
10 82 2
10 84 1
10 87 4
10 93 2
10 94 1
10 97 5
10 98 5
11 13 4
11 14 5
11 18 3
11 19 1
11 22 1
11 23 3
11 25 5
11 26 5
11 28 4
11 31 4
11 36 5
11 39 2
11 46 4
11 47 1
11 49 3
11 53 1
11 57 2
11 59 1
11 62 5
11 66 2
11 67 2
11 70 2
11 72 3
11 73 2
11 74 4
11 78 4
11 80 4
11 81 5
11 85 5
11 86 3
11 87 1
11 91 3
11 92 4
11 93 5
11 96 1
11 98 1
12 14 2
12 17 5
12 19 2
12 20 1
12 22 5
12 23 3
12 25 4
12 26 4
12 31 2
12 34 4
12 35 5
12 38 5
12 40 4
12 41 3
12 43 3
12 45 2
12 49 1
12 53 1
12 60 3
12 65 3
12 68 5
12 71 2
12 73 2
12 74 3
12 77 1
12 78 3
12 81 2
12 83 4
12 85 3
12 89 4
12 93 5
12 95 5
12 96 2
12 100 1
13 17 1
13 20 3
13 21 3
13 22 4
13 24 2
13 36 2
13 38 4
13 40 2
13 42 2
13 47 4
13 49 4
13 50 4
13 54 5
13 56 4
13 57 2
13 58 5
13 64 1
13 66 1
13 67 3
13 70 3
13 71 1
13 72 2
13 73 4
13 74 1
13 77 4
13 80 2
13 81 2
13 87 3
13 91 3
13 94 4
13 95 1
13 96 2
13 97 1
13 100 4
14 18 1
14 20 4
14 22 1
14 23 4
14 24 2
14 25 3
14 28 5
14 29 4
14 32 3
14 36 4
14 37 1
14 41 2
14 42 5
14 43 1
14 44 3
14 45 5
14 51 5
14 52 4
14 54 2
14 57 4
14 58 3
14 59 1
14 60 5
14 62 5
14 64 5
14 65 5
14 67 2
14 74 5
14 75 4
14 76 5
14 79 2
14 83 1
14 87 2
14 88 1
14 89 3
14 90 4
14 91 2
14 92 4
14 94 5
14 95 3
15 16 4
15 23 1
15 27 5
15 28 2
15 29 1
15 32 1
15 34 4
15 39 4
15 40 2
15 41 3
15 42 5
15 46 5
15 49 2
15 50 4
15 51 3
15 53 1
15 54 1
15 56 5
15 59 4
15 62 5
15 65 2
15 66 2
15 67 1
15 69 3
15 71 4
15 72 2
15 77 4
15 78 3
15 80 5
15 84 2
15 86 5
15 93 1
15 96 1
15 99 5
16 17 5
16 20 4
16 21 1
16 25 2
16 27 5
16 30 2
16 32 4
16 33 3
16 37 2
16 38 3
16 39 1
16 40 5
16 44 5
16 45 4
16 55 5
16 60 1
16 61 5
16 62 4
16 64 4
16 65 5
16 67 2
16 68 5
16 71 2
16 73 5
16 74 4
16 80 3
16 86 3
16 88 3
16 90 3
16 92 4
16 94 3
16 96 4
16 99 1
16 100 5
17 18 2
17 19 3
17 20 2
17 23 2
17 24 1
17 27 5
17 28 2
17 29 1
17 31 4
17 32 3
17 36 3
17 38 1
17 43 5
17 46 1
17 49 4
17 53 4
17 56 4
17 57 2
17 58 5
17 59 2
17 60 2
17 61 4
17 63 4
17 64 4
17 68 2
17 71 4
17 73 1
17 74 3
17 78 2
17 80 5
17 84 2
17 86 2
17 88 2
17 90 3
17 91 5
17 93 4
17 100 3
18 20 2
18 21 1
18 22 4
18 24 2
18 26 4
18 28 1
18 30 4
18 32 3
18 33 4
18 35 2
18 45 2
18 47 2
18 50 5
18 51 1
18 54 3
18 55 2
18 59 1
18 60 4
18 61 5
18 65 4
18 66 1
18 70 5
18 72 5
18 74 5
18 75 4
18 76 5
18 77 1
18 79 5
18 82 2
18 83 5
18 87 4
18 88 1
18 93 3
18 94 2
18 95 4
18 99 2
19 20 2
19 24 4
19 26 5
19 27 2
19 28 2
19 30 3
19 33 2
19 37 4
19 38 3
19 42 5
19 44 5
19 45 4
19 48 5
19 49 5
19 50 3
19 54 5
19 55 4
19 60 3
19 62 4
19 66 2
19 69 2
19 70 4
19 71 2
19 75 3
19 77 1
19 79 4
19 80 1
19 81 3
19 82 5
19 83 5
19 84 3
19 85 5
19 88 2
19 90 1
19 91 1
19 93 1
19 94 5
19 96 4
19 99 5
20 23 1
20 24 5
20 26 3
20 27 5
20 30 2
20 34 4
20 37 4
20 42 1
20 49 5
20 50 2
20 61 4
20 64 3
20 70 5
20 75 2
20 78 1
20 84 3
20 86 2
20 87 5
20 90 5
20 91 3
20 93 2
20 95 1
20 96 3
20 98 4
21 23 1
21 25 3
21 26 2
21 27 1
21 31 5
21 32 5
21 33 2
21 36 5
21 37 5
21 41 5
21 48 4
21 52 2
21 54 4
21 55 4
21 59 1
21 60 5
21 61 1
21 62 3
21 64 5
21 65 5
21 67 1
21 71 4
21 73 1
21 78 1
21 79 2
21 82 2
21 83 4
21 86 4
21 87 2
21 90 4
21 91 5
21 96 5
21 98 3
21 100 1
22 27 3
22 28 5
22 31 1
22 36 2
22 37 5
22 39 5
22 43 2
22 45 5
22 49 3
22 50 2
22 51 1
22 52 1
22 53 5
22 55 1
22 57 2
22 62 2
22 63 2
22 64 2
22 65 4
22 68 3
22 69 1
22 70 1
22 71 2
22 72 2
22 73 1
22 77 3
22 80 3
22 81 3
22 83 5
22 84 1
22 87 1
22 88 4
22 89 1
22 93 5
22 96 2
23 25 3
23 26 5
23 29 3
23 30 2
23 31 4
23 32 5
23 33 4
23 36 2
23 39 4
23 43 2
23 49 3
23 50 1
23 51 1
23 53 1
23 57 4
23 64 4
23 65 3
23 66 2
23 72 5
23 76 2
23 84 1
23 88 1
23 90 1
23 91 1
23 92 3
23 94 5
23 100 2
24 25 2
24 27 4
24 28 4
24 29 1
24 30 1
24 33 1
24 35 5
24 36 2
24 37 4
24 39 3
24 41 3
24 45 4
24 46 5
24 47 1
24 48 1
24 51 2
24 52 5
24 55 3
24 58 5
24 59 5
24 61 1
24 63 1
24 68 2
24 71 3
24 72 5
24 73 3
24 77 5
24 79 1
24 81 5
24 84 2
24 85 4
24 87 3
24 88 2
24 89 4
24 91 3
24 92 5
24 95 3
24 96 3
24 98 5
24 100 5
25 31 2
25 34 2
25 35 3
25 36 4
25 39 5
25 40 5
25 43 4
25 49 1
25 50 3
25 51 1
25 52 3
25 53 3
25 54 2
25 57 2
25 63 2
25 64 5
25 65 3
25 68 2
25 70 3
25 71 3
25 74 4
25 75 5
25 76 1
25 77 3
25 82 1
25 84 5
25 86 2
25 88 3
25 90 4
25 91 2
25 93 3
25 95 5
25 97 5
25 99 1
25 100 2
26 27 5
26 32 1
26 38 2
26 43 3
26 48 4
26 52 2
26 53 3
26 55 3
26 57 1
26 59 2
26 63 4
26 65 2
26 66 3
26 68 5
26 69 2
26 72 4
26 74 4
26 75 2
26 76 5
26 79 4
26 85 1
26 87 3
26 92 2
26 93 3
26 100 1
27 28 5
27 38 5
27 40 4
27 43 1
27 44 4
27 53 3
27 55 2
27 56 3
27 57 4
27 58 4
27 64 2
27 69 4
27 76 3
27 80 2
27 85 1
27 88 3
27 90 3
27 92 4
27 93 5
27 95 3
27 97 5
28 30 1
28 31 1
28 37 1
28 41 3
28 44 2
28 47 2
28 48 5
28 49 4
28 50 3
28 55 1
28 56 1
28 59 3
28 62 5
28 63 2
28 65 5
28 68 2
28 71 3
28 73 5
28 82 4
28 84 3
28 88 5
28 90 2
28 91 3
28 92 2
28 93 3
28 94 2
28 95 4
28 98 1
28 99 1
29 36 3
29 37 1
29 38 5
29 39 2
29 41 3
29 45 2
29 51 4
29 52 2
29 57 2
29 58 2
29 59 1
29 60 2
29 65 2
29 66 2
29 71 2
29 75 5
29 76 3
29 81 4
29 84 5
29 86 5
29 87 1
29 91 4
29 92 5
29 93 1
29 94 2
29 98 1
29 99 1
30 33 1
30 36 4
30 37 4
30 40 2
30 44 2
30 47 5
30 48 4
30 50 2
30 53 4
30 54 4
30 56 3
30 57 5
30 58 5
30 59 5
30 61 2
30 62 2
30 65 5
30 71 4
30 74 2
30 75 1
30 77 4
30 79 1
30 83 5
30 88 3
30 89 2
30 95 5
30 97 5
30 98 3
30 100 4
31 33 5
31 36 4
31 39 2
31 43 2
31 45 4
31 47 5
31 48 1
31 50 4
31 54 5
31 55 5
31 59 1
31 64 3
31 65 4
31 71 4
31 72 2
31 73 5
31 75 5
31 76 5
31 77 5
31 80 5
31 91 2
31 92 3
31 93 3
31 94 2
31 95 2
31 99 2
31 100 5
32 34 3
32 35 5
32 38 5
32 41 1
32 43 1
32 46 5
32 48 1
32 50 3
32 55 4
32 57 4
32 64 2
32 70 2
32 71 4
32 74 2
32 77 4
32 79 4
32 81 2
32 82 5
32 83 2
32 86 5
32 87 3
32 89 1
32 92 2
32 94 3
32 96 5
32 97 1
32 98 2
32 99 1
32 100 1
33 35 2
33 36 3
33 38 4
33 41 3
33 42 5
33 52 3
33 53 3
33 55 5
33 59 4
33 61 2
33 64 5
33 71 1
33 75 1
33 77 1
33 79 3
33 80 1
33 83 5
33 87 1
33 95 1
33 96 2
33 97 3
33 100 2
34 40 2
34 42 2
34 45 4
34 50 5
34 51 3
34 52 5
34 57 3
34 58 5
34 64 3
34 68 5
34 71 2
34 72 2
34 73 3
34 78 1
34 79 5
34 80 5
34 81 5
34 84 5
34 86 1
34 89 3
34 91 3
34 92 4
34 96 3
35 36 4
35 39 5
35 43 5
35 44 4
35 47 5
35 50 2
35 51 2
35 54 2
35 56 1
35 57 1
35 58 2
35 62 3
35 64 1
35 65 1
35 67 3
35 70 2
35 71 1
35 76 2
35 78 5
35 79 3
35 81 2
35 88 1
35 91 2
35 95 4
35 96 4
35 98 2
36 37 4
36 38 1
36 41 2
36 44 3
36 45 3
36 46 5
36 51 4
36 52 4
36 53 3
36 54 5
36 56 5
36 60 2
36 66 3
36 71 5
36 73 1
36 76 3
36 77 4
36 78 3
36 80 3
36 85 3
36 86 2
36 93 3
36 96 5
37 41 4
37 42 3
37 43 3
37 44 5
37 45 4
37 48 1
37 49 1
37 50 1
37 53 3
37 55 3
37 57 4
37 58 4
37 63 4
37 64 5
37 67 5
37 68 4
37 70 1
37 71 5
37 73 4
37 77 1
37 79 2
37 84 1
37 86 2
37 88 5
37 90 2
37 92 2
37 93 5
37 97 2
37 100 1
38 43 2
38 47 5
38 51 4
38 54 5
38 56 4
38 57 1
38 58 4
38 64 4
38 66 4
38 68 4
38 70 1
38 74 1
38 81 5
38 86 2
38 87 5
38 91 3
38 93 2
38 96 5
38 99 3
39 40 3
39 45 2
39 46 1
39 47 4
39 53 2
39 55 2
39 59 3
39 60 5
39 61 1
39 64 1
39 65 2
39 66 3
39 67 1
39 68 3
39 69 3
39 70 1
39 76 1
39 77 3
39 79 2
39 82 5
39 91 4
39 93 4
39 95 2
39 96 5
39 97 1
39 98 1
40 43 3
40 44 5
40 45 2
40 47 4
40 50 4
40 53 5
40 54 1
40 56 5
40 57 5
40 58 2
40 59 5
40 63 2
40 70 2
40 73 2
40 76 1
40 77 5
40 78 3
40 81 1
40 82 1
40 84 1
40 85 2
40 89 1
40 90 2
40 91 3
40 93 4
40 95 1
40 98 3
40 100 2
41 43 5
41 46 3
41 48 5
41 50 4
41 52 3
41 58 1
41 59 5
41 63 4
41 66 5
41 70 1
41 71 2
41 72 2
41 74 4
41 78 5
41 81 4
41 82 2
41 83 1
41 84 1
41 85 2
41 86 2
41 87 3
41 88 3
41 89 5
41 90 3
41 93 4
41 95 3
41 96 3
41 97 3
41 98 4
41 99 4
41 100 1
42 44 1
42 46 1
42 55 2
42 56 4
42 58 4
42 59 3
42 64 2
42 65 4
42 67 4
42 68 5
42 72 5
42 73 4
42 77 5
42 78 3
42 79 2
42 81 3
42 82 5
42 85 3
42 87 5
42 88 5
42 94 5
42 95 1
42 99 1
43 44 1
43 46 5
43 52 3
43 54 2
43 59 2
43 61 2
43 62 5
43 63 3
43 64 2
43 69 2
43 72 1
43 73 1
43 75 4
43 78 5
43 79 5
43 82 2
43 83 2
43 84 3
43 86 3
43 87 2
43 92 2
43 93 3
43 98 1
43 99 3
44 45 3
44 49 5
44 53 1
44 54 5
44 55 5
44 56 1
44 58 2
44 62 5
44 64 4
44 65 2
44 67 1
44 68 1
44 69 5
44 73 1
44 77 4
44 86 2
44 87 4
44 90 3
44 91 1
44 94 1
44 96 4
44 100 1
45 47 5
45 48 3
45 50 4
45 51 3
45 52 1
45 54 2
45 57 2
45 61 1
45 64 4
45 65 5
45 67 4
45 69 1
45 70 2
45 73 5
45 76 2
45 77 4
45 78 2
45 80 4
45 81 3
45 82 3
45 84 3
45 85 3
45 86 5
45 90 2
45 92 2
45 94 5
45 95 1
45 97 3
45 98 4
46 49 2
46 55 3
46 56 5
46 57 1
46 62 5
46 63 3
46 68 2
46 69 1
46 70 4
46 73 4
46 76 3
46 78 4
46 79 3
46 82 1
46 84 5
46 87 1
46 90 4
46 91 2
47 50 4
47 51 4
47 54 1
47 55 3
47 59 2
47 69 1
47 70 1
47 72 5
47 73 1
47 75 4
47 77 3
47 79 1
47 82 3
47 84 5
47 86 1
47 89 4
47 96 5
47 100 3
48 53 5
48 54 2
48 55 1
48 56 5
48 59 5
48 61 3
48 62 2
48 63 2
48 64 5
48 69 2
48 70 3
48 71 5
48 72 2
48 74 4
48 75 2
48 76 2
48 77 2
48 79 5
48 81 5
48 82 2
48 90 4
48 91 5
48 94 5
48 96 1
48 97 2
48 98 1
48 100 2
49 50 2
49 56 1
49 57 1
49 58 4
49 60 2
49 61 1
49 66 5
49 72 5
49 76 1
49 78 2
49 79 3
49 84 1
49 86 1
49 87 4
49 93 5
49 94 5
49 96 5
49 100 2
50 51 1
50 52 3
50 54 5
50 56 1
50 58 2
50 59 3
50 60 1
50 61 4
50 64 4
50 66 4
50 72 3
50 76 1
50 78 2
50 79 5
50 81 4
50 89 1
50 90 4
50 91 3
50 97 4
50 99 1
51 53 4
51 54 5
51 55 2
51 57 5
51 58 5
51 66 5
51 68 3
51 69 5
51 71 4
51 72 3
51 73 1
51 81 5
51 89 5
51 91 2
51 94 1
51 96 3
51 97 1
51 98 3
51 99 2
52 54 3
52 55 3
52 59 3
52 61 4
52 64 2
52 65 1
52 66 4
52 73 4
52 75 2
52 77 1
52 78 1
52 79 2
52 82 4
52 88 4
52 89 2
52 95 2
52 96 4
53 55 4
53 57 3
53 60 1
53 64 5
53 65 3
53 71 2
53 72 1
53 73 2
53 75 2
53 78 5
53 80 1
53 85 5
53 87 2
53 91 1
53 94 5
53 96 2
53 97 4
53 100 2
54 55 3
54 64 1
54 68 2
54 71 1
54 72 5
54 74 1
54 78 5
54 81 3
54 83 4
54 89 5
54 91 5
54 93 3
54 96 2
54 98 3
54 99 2
54 100 5
55 56 5
55 58 3
55 64 5
55 65 4
55 73 1
55 76 2
55 81 1
55 82 1
55 83 1
55 87 2
55 88 5
55 89 5
55 93 1
55 94 5
55 98 1
55 99 1
55 100 2
56 57 4
56 58 1
56 59 5
56 62 2
56 64 5
56 66 5
56 67 3
56 68 1
56 72 2
56 73 1
56 74 2
56 75 5
56 76 1
56 77 5
56 79 2
56 80 2
56 83 5
56 85 1
56 86 4
56 87 1
56 88 5
56 90 4
56 93 1
56 95 4
56 96 5
56 97 1
56 99 1
56 100 2
57 63 1
57 66 3
57 70 3
57 73 2
57 74 5
57 79 5
57 80 3
57 81 4
57 82 2
57 88 2
57 90 3
57 91 2
57 95 4
57 97 4
57 98 5
58 64 3
58 66 5
58 67 3
58 68 2
58 70 1
58 71 4
58 74 4
58 76 3
58 78 2
58 80 4
58 82 1
58 83 1
58 85 5
58 87 4
58 89 5
58 90 1
58 94 2
58 95 2
58 100 2
59 60 4
59 63 1
59 64 4
59 65 5
59 66 2
59 69 3
59 70 4
59 71 3
59 72 3
59 74 5
59 75 3
59 76 2
59 78 3
59 79 3
59 80 5
59 83 5
59 88 5
59 89 1
59 90 5
59 99 2
60 61 1
60 63 5
60 66 1
60 68 5
60 72 1
60 73 2
60 77 2
60 79 1
60 80 5
60 81 3
60 82 4
60 86 5
60 89 5
60 90 1
60 94 5
60 96 2
60 97 2
61 62 1
61 64 1
61 65 3
61 67 2
61 69 2
61 70 4
61 73 5
61 75 2
61 79 1
61 81 5
61 87 4
61 88 5
61 90 2
61 91 1
61 92 2
61 97 4
61 98 2
62 63 1
62 65 4
62 67 2
62 69 1
62 74 2
62 84 2
62 89 4
62 90 1
62 91 5
62 95 5
62 98 4
62 99 3
62 100 4
63 64 3
63 66 3
63 69 4
63 70 3
63 73 5
63 74 1
63 77 3
63 78 4
63 79 5
63 81 2
63 84 2
63 90 3
63 91 4
63 93 5
63 96 5
63 99 2
64 65 4
64 68 4
64 70 1
64 73 1
64 77 4
64 78 5
64 83 1
64 85 5
64 86 2
64 87 1
64 88 5
64 90 2
64 92 4
64 94 2
64 97 1
65 70 1
65 71 3
65 72 5
65 73 2
65 74 4
65 78 4
65 79 5
65 81 5
65 82 3
65 85 5
65 86 5
65 88 2
65 89 5
65 92 1
65 95 1
65 100 5
66 68 1
66 74 3
66 77 5
66 78 1
66 80 3
66 84 2
66 85 2
66 87 5
66 93 4
66 94 3
66 96 4
67 70 5
67 74 4
67 75 2
67 78 2
67 81 3
67 82 2
67 83 2
67 86 3
67 89 5
67 90 2
67 92 4
67 93 1
67 95 5
67 96 4
68 70 2
68 71 3
68 73 5
68 75 5
68 77 2
68 78 5
68 82 2
68 85 4
68 87 3
68 89 2
68 90 5
68 93 4
68 95 1
68 97 3
69 71 2
69 73 3
69 79 5
69 83 3
69 84 3
69 86 1
69 87 2
69 89 1
69 90 1
69 91 1
69 93 2
69 94 5
69 98 5
69 99 1
70 72 2
70 75 4
70 79 1
70 82 4
70 83 5
70 84 5
70 85 1
70 87 3
70 88 2
70 91 3
70 92 2
70 93 2
70 97 2
70 98 3
70 99 4
71 74 4
71 76 3
71 77 5
71 80 4
71 82 1
71 84 4
71 85 2
71 89 3
71 91 4
71 95 4
71 96 3
71 97 1
71 100 4
72 76 2
72 80 5
72 82 5
72 84 1
72 86 2
72 90 2
72 93 1
72 95 4
72 96 3
72 98 5
73 75 2
73 76 1
73 77 4
73 81 5
73 83 3
73 84 3
73 88 1
73 89 3
73 95 2
73 96 4
73 99 5
74 75 2
74 78 2
74 80 2
74 81 5
74 85 5
74 86 5
74 90 5
74 91 1
74 92 3
74 94 1
74 97 4
74 99 1
74 100 1
75 86 4
75 87 1
75 89 5
75 91 2
75 94 2
75 99 1
75 100 5
76 78 1
76 80 1
76 83 2
76 84 4
76 85 2
76 87 3
76 90 2
76 92 3
76 93 1
76 94 3
76 95 4
76 98 1
77 79 4
77 83 1
77 85 1
77 86 3
77 89 2
77 90 5
77 93 1
77 94 1
77 96 5
77 97 4
77 98 5
77 100 4
78 81 1
78 90 1
78 94 4
78 98 4
79 80 5
79 82 4
79 84 2
79 85 4
79 86 4
79 90 2
79 96 1
79 98 1
79 99 4
80 81 5
80 82 2
80 83 3
80 86 3
80 87 4
80 88 4
80 91 4
80 92 4
80 93 3
80 95 5
80 96 2
81 83 5
81 84 2
81 86 3
81 91 1
81 92 1
81 94 3
81 96 1
81 100 3
82 84 4
82 85 1
82 86 3
82 88 5
82 89 4
82 91 4
82 97 5
82 98 2
82 99 3
82 100 1
83 85 3
83 86 1
83 89 4
83 91 2
83 94 5
83 96 3
83 97 5
84 86 3
84 88 1
84 89 2
84 94 1
84 96 1
84 97 5
84 99 5
84 100 5
85 89 1
85 92 5
85 95 3
86 87 3
86 90 5
86 91 4
86 92 2
86 98 1
86 99 4
86 100 5
87 89 5
87 91 4
87 92 4
87 93 2
87 97 2
87 98 2
88 90 3
88 97 2
89 90 5
89 91 2
89 92 3
89 93 2
89 95 5
89 97 2
89 100 4
90 91 4
90 92 5
90 95 2
90 96 4
90 100 1
92 93 4
92 97 5
92 99 2
93 95 4
93 99 1
93 100 3
94 95 5
94 96 4
94 97 4
94 98 2
95 98 5
