400 3930
1 14 2
1 33 4
1 65 7
1 107 10
1 166 6
1 223 7
1 244 8
1 247 5
1 248 7
1 267 8
1 274 1
1 280 7
1 337 4
1 373 7
1 374 7
1 376 4
1 390 8
1 399 6
2 55 10
2 59 10
2 60 2
2 63 9
2 70 8
2 80 7
2 90 4
2 122 3
2 127 8
2 144 1
2 155 8
2 171 10
2 260 1
2 271 7
2 273 6
2 281 5
2 313 9
2 315 7
2 323 3
2 324 4
2 344 1
3 20 3
3 22 7
3 53 5
3 63 7
3 67 3
3 91 3
3 93 2
3 112 1
3 124 5
3 128 2
3 130 10
3 132 9
3 134 10
3 148 9
3 175 8
3 204 5
3 221 10
3 231 7
3 242 9
3 246 5
3 262 10
3 274 4
3 277 7
3 279 9
3 285 2
3 341 2
3 347 2
3 369 3
3 377 1
3 400 1
4 46 1
4 80 7
4 84 1
4 87 10
4 103 8
4 128 4
4 136 3
4 193 4
4 196 5
4 216 10
4 248 5
4 258 9
4 283 6
4 298 9
4 400 2
5 9 1
5 41 2
5 42 2
5 108 4
5 112 9
5 117 6
5 126 8
5 147 2
5 167 3
5 170 9
5 207 4
5 228 2
5 264 2
5 300 5
5 305 3
5 318 2
5 352 9
5 369 10
5 399 8
6 20 1
6 31 3
6 42 4
6 49 10
6 53 8
6 59 8
6 68 5
6 88 9
6 91 4
6 103 7
6 116 10
6 128 8
6 175 7
6 190 2
6 194 10
6 195 7
6 196 8
6 243 5
6 248 10
6 251 6
6 260 7
6 261 8
6 276 10
6 303 9
6 314 7
6 378 10
6 386 1
7 27 5
7 79 6
7 83 1
7 93 10
7 143 7
7 195 1
7 241 9
7 246 9
7 275 10
7 313 9
7 370 6
7 373 1
8 29 3
8 44 2
8 46 9
8 59 6
8 89 3
8 168 2
8 184 5
8 210 1
8 223 7
8 236 6
8 244 7
8 250 1
8 352 10
8 380 1
8 386 7
9 11 1
9 73 1
9 92 7
9 121 10
9 129 5
9 155 9
9 179 8
9 189 10
9 209 3
9 225 3
9 246 9
9 297 4
9 300 5
9 328 8
9 368 4
9 373 7
9 394 7
9 396 4
10 12 6
10 19 5
10 42 7
10 68 4
10 84 6
10 94 9
10 124 4
10 132 7
10 134 7
10 139 9
10 151 2
10 162 6
10 165 1
10 188 7
10 197 1
10 217 8
10 278 5
10 309 7
10 317 5
10 364 8
10 371 4
10 378 8
11 32 4
11 40 7
11 117 5
11 132 5
11 188 6
11 255 9
11 266 5
11 289 1
11 302 10
11 346 4
11 354 10
12 22 4
12 36 9
12 45 4
12 68 3
12 77 1
12 102 7
12 103 7
12 117 10
12 142 4
12 159 4
12 179 8
12 220 2
12 221 5
12 225 4
12 258 10
12 285 10
12 288 3
12 324 3
12 338 10
12 340 1
12 343 3
12 352 5
12 384 5
12 391 5
13 48 10
13 92 6
13 111 2
13 117 6
13 121 3
13 126 2
13 134 8
13 139 2
13 141 10
13 194 9
13 201 7
13 229 6
13 240 4
13 284 8
13 285 8
13 297 6
13 353 7
13 358 7
13 360 4
13 372 1
14 56 5
14 89 1
14 102 3
14 111 9
14 115 1
14 123 8
14 128 5
14 155 4
14 162 2
14 230 2
14 242 10
14 243 3
14 248 3
14 256 5
14 273 6
14 279 9
14 293 8
14 360 6
15 43 6
15 53 9
15 55 8
15 151 6
15 155 5
15 172 2
15 177 4
15 211 2
15 239 5
15 247 2
15 311 3
15 330 1
15 350 4
15 363 8
16 49 9
16 164 7
16 171 10
16 175 5
16 176 3
16 191 4
16 196 10
16 282 9
16 292 2
16 313 4
16 327 3
16 350 3
17 36 9
17 41 1
17 73 8
17 120 10
17 125 9
17 129 5
17 168 8
17 177 3
17 192 6
17 233 4
17 237 9
17 275 8
17 277 7
17 287 4
17 293 6
17 305 6
17 323 8
17 394 4
18 26 7
18 40 8
18 124 1
18 202 1
18 220 10
18 221 7
18 246 4
18 252 6
18 255 2
18 278 4
18 284 3
18 298 2
18 322 2
18 330 8
18 385 4
18 390 2
19 37 8
19 52 10
19 75 4
19 78 8
19 82 5
19 88 4
19 101 7
19 121 6
19 156 5
19 173 2
19 208 9
19 262 3
19 288 7
19 296 9
19 304 8
19 305 4
19 327 10
19 339 3
19 361 3
19 365 10
19 370 7
19 382 9
20 58 5
20 82 2
20 85 5
20 87 7
20 108 2
20 115 4
20 124 10
20 125 2
20 138 7
20 141 2
20 155 1
20 161 8
20 167 4
20 170 6
20 211 6
20 228 10
20 244 6
20 347 1
20 391 5
21 39 5
21 48 3
21 59 4
21 61 1
21 84 5
21 85 3
21 112 10
21 140 9
21 144 3
21 147 6
21 217 4
21 219 2
21 221 5
21 285 4
21 324 4
21 344 3
21 357 5
21 375 9
21 382 8
21 395 5
22 32 9
22 39 6
22 47 10
22 52 5
22 66 4
22 88 3
22 91 6
22 130 1
22 211 9
22 255 5
22 265 1
22 279 7
22 286 9
22 303 7
22 331 6
22 335 3
22 378 7
22 393 1
23 77 2
23 79 8
23 89 6
23 93 4
23 107 8
23 161 2
23 168 6
23 171 7
23 181 1
23 194 1
23 217 6
23 243 1
23 256 2
23 263 4
23 306 10
23 316 1
23 325 8
23 333 5
23 355 3
23 374 4
24 47 5
24 80 9
24 91 5
24 137 5
24 153 5
24 168 6
24 194 1
24 205 3
24 211 1
24 296 1
24 320 7
24 346 2
24 351 4
24 385 8
24 394 5
24 399 8
25 71 8
25 72 10
25 131 8
25 146 1
25 218 9
25 243 3
25 290 7
25 312 8
25 319 9
25 325 3
25 326 4
25 329 7
25 339 1
25 352 4
25 372 4
25 380 10
25 392 7
26 46 7
26 61 3
26 79 2
26 98 1
26 136 4
26 168 9
26 204 5
26 227 5
26 229 8
26 237 4
26 265 3
26 277 4
26 294 2
26 295 8
26 380 2
27 29 4
27 35 1
27 38 8
27 51 4
27 58 2
27 67 4
27 72 2
27 82 3
27 92 4
27 118 10
27 128 8
27 158 8
27 171 10
27 216 7
27 240 4
27 270 4
27 273 10
27 293 7
27 316 5
28 60 10
28 67 2
28 77 4
28 78 1
28 96 10
28 110 7
28 141 2
28 148 1
28 219 10
28 227 5
28 255 9
28 288 5
28 307 9
28 309 4
28 323 3
28 328 10
29 33 10
29 36 4
29 55 1
29 68 10
29 70 9
29 113 1
29 128 8
29 132 3
29 164 4
29 195 4
29 214 10
29 224 4
29 228 2
29 261 5
29 263 9
29 267 8
29 272 1
29 286 2
29 287 7
29 332 5
29 378 3
29 389 7
30 73 6
30 96 9
30 136 6
30 153 6
30 181 3
30 199 3
30 226 8
30 282 8
30 296 2
30 298 1
30 341 1
30 350 7
30 389 2
31 57 9
31 75 10
31 78 3
31 79 4
31 85 9
31 168 1
31 170 6
31 182 5
31 183 4
31 207 4
31 235 1
31 239 2
31 253 4
31 266 6
31 268 7
31 295 3
31 328 5
31 352 10
31 365 5
31 373 6
31 390 4
32 37 7
32 43 9
32 120 10
32 121 9
32 126 9
32 202 6
32 233 10
32 244 6
32 255 5
32 261 5
32 264 1
32 286 2
32 301 1
32 308 1
32 309 3
32 340 10
32 385 2
32 387 4
33 59 2
33 71 2
33 89 6
33 144 6
33 167 8
33 176 8
33 187 9
33 212 7
33 215 7
33 244 8
33 251 3
33 267 8
33 323 2
33 340 7
33 351 4
33 369 2
33 379 6
33 386 5
33 390 8
34 39 10
34 47 4
34 118 6
34 130 2
34 133 6
34 134 1
34 145 4
34 164 7
34 165 8
34 166 6
34 173 8
34 183 7
34 193 5
34 201 1
34 233 7
34 254 9
34 306 1
34 317 8
34 322 6
34 331 3
34 376 7
34 378 3
34 387 8
35 36 7
35 57 1
35 78 7
35 101 2
35 170 4
35 173 10
35 186 9
35 200 2
35 205 3
35 238 3
35 252 7
35 256 5
35 270 7
35 315 3
35 336 10
35 361 5
35 376 6
35 377 7
36 73 9
36 104 5
36 143 7
36 151 1
36 168 9
36 170 10
36 176 1
36 196 6
36 240 2
36 277 7
36 337 3
36 362 4
36 372 7
36 381 4
37 38 1
37 72 9
37 82 9
37 88 8
37 89 7
37 93 5
37 94 7
37 115 9
37 132 5
37 142 3
37 168 7
37 180 10
37 231 8
37 234 4
37 320 9
37 344 3
37 347 3
37 390 3
38 54 1
38 69 10
38 83 4
38 85 2
38 101 5
38 139 7
38 170 6
38 194 6
38 202 9
38 227 1
38 239 5
38 240 6
38 243 2
38 296 10
38 298 7
38 302 9
38 314 4
38 316 5
38 324 9
38 330 4
38 364 5
39 40 5
39 82 8
39 96 9
39 161 2
39 172 1
39 175 10
39 193 2
39 224 7
39 241 1
39 245 10
39 252 1
39 261 8
39 265 7
39 272 3
39 279 3
39 305 8
39 329 8
39 359 10
39 360 1
39 394 9
40 64 8
40 82 6
40 100 9
40 105 10
40 106 2
40 111 8
40 119 1
40 141 4
40 165 10
40 170 8
40 205 8
40 238 2
40 256 7
40 257 2
40 292 2
40 297 8
40 313 10
40 326 1
40 331 1
40 366 2
40 400 1
41 49 9
41 63 10
41 112 8
41 121 10
41 141 1
41 152 1
41 160 2
41 182 1
41 195 3
41 235 2
41 240 4
41 241 8
41 257 8
41 261 3
41 263 8
41 341 4
41 382 3
41 393 3
41 400 1
42 81 8
42 112 2
42 133 8
42 201 10
42 207 3
42 216 1
42 286 2
42 309 10
42 320 2
42 348 3
42 377 3
42 380 3
43 58 2
43 109 6
43 110 4
43 131 9
43 136 5
43 154 7
43 158 10
43 163 5
43 184 3
43 187 9
43 210 6
43 268 6
43 275 1
43 298 2
43 299 10
43 301 6
43 310 1
43 339 10
43 348 3
43 369 4
43 388 6
44 92 10
44 140 7
44 168 3
44 184 6
44 192 8
44 219 7
44 256 8
44 310 10
44 313 10
44 339 1
44 351 5
44 375 2
45 69 9
45 93 6
45 102 5
45 108 6
45 113 7
45 123 2
45 212 1
45 213 6
45 238 9
45 273 7
45 281 9
45 289 5
45 294 5
45 317 7
45 330 9
45 345 5
45 359 8
45 361 10
45 375 5
45 383 1
45 390 5
46 63 5
46 100 9
46 111 1
46 121 10
46 137 10
46 138 9
46 140 1
46 154 5
46 175 10
46 183 9
46 187 3
46 220 1
46 293 4
46 298 4
46 315 9
46 324 2
46 338 1
46 372 5
46 382 4
47 61 9
47 84 6
47 96 9
47 97 7
47 102 10
47 124 7
47 157 2
47 220 1
47 237 10
47 363 4
47 367 2
47 370 7
47 372 1
48 57 6
48 61 3
48 77 1
48 127 2
48 155 6
48 169 3
48 206 2
48 219 9
48 258 7
48 263 5
48 268 1
48 272 5
48 273 4
48 276 3
48 279 2
48 322 6
48 345 2
49 79 6
49 195 6
49 198 9
49 214 7
49 215 7
49 260 7
49 277 4
49 296 7
49 327 8
50 82 9
50 84 2
50 119 10
50 126 2
50 151 2
50 160 9
50 188 7
50 213 9
50 215 8
50 251 1
50 252 6
50 266 2
50 297 4
50 326 3
50 328 9
50 334 9
50 348 1
50 354 10
50 357 8
50 391 8
51 81 7
51 92 5
51 107 9
51 109 9
51 134 2
51 145 4
51 157 3
51 161 9
51 166 9
51 198 4
51 216 8
51 258 10
51 303 3
51 352 4
52 63 6
52 160 7
52 163 8
52 168 5
52 287 6
52 297 2
52 315 8
52 318 6
52 381 1
52 382 10
53 71 7
53 74 5
53 159 4
53 177 2
53 199 2
53 201 8
53 204 1
53 230 6
53 242 3
53 291 1
53 317 9
53 356 4
53 362 5
53 392 3
53 395 3
54 63 3
54 93 2
54 134 10
54 139 5
54 140 6
54 142 6
54 195 9
54 196 1
54 205 6
54 207 1
54 245 1
54 246 6
54 263 1
54 267 3
54 278 7
54 283 9
54 303 4
54 320 2
54 328 2
54 330 2
54 368 3
54 373 4
55 70 1
55 85 7
55 131 8
55 176 8
55 182 5
55 246 10
55 279 7
55 299 3
55 324 3
55 326 9
55 344 7
55 361 6
55 366 4
55 380 2
55 390 2
55 400 10
56 58 6
56 64 8
56 67 1
56 86 9
56 102 5
56 150 10
56 159 3
56 179 8
56 211 3
56 215 7
56 228 6
56 231 8
56 248 2
56 275 10
56 281 2
56 291 2
56 313 2
56 323 1
56 327 2
56 371 10
56 378 1
56 389 10
57 61 4
57 137 8
57 157 4
57 167 3
57 168 5
57 181 4
57 203 9
57 259 1
57 266 5
57 273 2
57 326 9
57 335 5
57 347 9
58 90 4
58 105 9
58 158 5
58 161 2
58 177 7
58 185 2
58 219 3
58 263 5
58 273 6
58 274 6
58 287 5
58 289 3
58 309 9
58 331 9
58 349 9
58 360 6
58 382 4
58 397 7
59 106 9
59 144 5
59 159 2
59 181 4
59 185 9
59 189 10
59 199 10
59 208 7
59 212 1
59 213 7
59 214 10
59 217 3
59 235 3
59 277 10
59 287 2
59 292 1
59 293 6
59 306 5
59 312 5
59 342 3
59 353 1
60 66 6
60 80 4
60 92 2
60 156 5
60 182 8
60 191 8
60 204 3
60 205 5
60 243 5
60 246 5
60 265 1
60 272 5
60 276 9
60 290 9
60 300 1
60 326 4
60 391 9
60 394 3
61 97 10
61 99 2
61 132 10
61 170 10
61 182 1
61 185 7
61 193 9
61 194 8
61 216 2
61 218 7
61 221 5
61 285 4
61 302 8
61 342 6
61 347 3
61 357 1
61 358 6
61 369 2
61 374 4
61 388 3
62 114 1
62 120 9
62 125 5
62 130 10
62 158 10
62 189 5
62 228 6
62 234 4
62 278 10
62 308 1
62 317 7
62 321 1
62 396 6
63 80 3
63 85 2
63 127 10
63 132 2
63 140 10
63 215 3
63 230 3
63 242 10
63 265 8
63 301 7
63 309 7
63 315 1
63 378 1
63 379 3
63 382 9
64 67 6
64 92 10
64 109 7
64 135 7
64 189 2
64 249 3
64 276 6
64 279 1
64 286 10
64 315 7
64 320 5
64 334 6
64 349 6
64 359 6
64 376 4
64 380 8
64 386 1
65 67 3
65 188 9
65 195 2
65 258 4
65 261 3
65 274 10
65 287 3
65 289 9
65 295 2
65 317 4
65 318 3
65 328 8
65 343 3
65 358 8
65 360 8
65 389 9
66 109 7
66 125 6
66 133 2
66 148 5
66 149 9
66 155 6
66 173 2
66 178 7
66 180 5
66 181 3
66 190 9
66 211 4
66 215 9
66 227 8
66 236 3
66 246 7
66 254 6
66 274 6
66 303 10
66 355 6
66 386 9
66 391 9
67 77 8
67 79 10
67 109 8
67 116 2
67 118 6
67 124 1
67 151 7
67 159 2
67 165 6
67 167 7
67 170 6
67 216 8
67 241 7
67 245 6
67 271 1
67 281 2
67 294 9
67 298 10
67 304 6
67 313 4
67 351 10
67 357 6
67 360 4
67 378 9
67 385 1
67 388 2
67 391 8
68 79 1
68 80 7
68 103 1
68 145 4
68 165 6
68 194 7
68 235 2
68 279 2
68 311 1
68 360 6
68 368 9
68 369 3
69 70 8
69 110 1
69 121 7
69 136 1
69 182 1
69 187 5
69 188 4
69 209 5
69 217 5
69 228 10
69 242 4
69 245 7
69 272 2
69 355 9
69 366 5
70 74 10
70 97 1
70 112 2
70 135 8
70 156 8
70 186 9
70 219 6
70 259 3
70 276 1
70 288 6
70 296 8
70 297 4
70 344 8
70 354 2
70 377 9
70 380 9
70 397 10
70 400 4
71 80 7
71 85 4
71 100 3
71 118 10
71 131 9
71 173 10
71 280 5
71 282 2
71 291 5
71 337 6
71 378 7
71 386 8
72 73 7
72 78 10
72 100 2
72 105 9
72 117 10
72 142 2
72 218 10
72 241 8
72 257 1
72 279 3
72 322 1
72 384 10
72 387 3
72 393 10
73 98 6
73 135 5
73 139 7
73 152 3
73 184 7
73 187 7
73 195 8
73 197 5
73 199 3
73 200 2
73 249 9
73 291 1
73 336 10
73 350 5
73 388 1
74 89 7
74 102 6
74 137 7
74 154 10
74 179 5
74 203 5
74 236 7
74 243 8
74 268 9
74 279 4
75 183 8
75 185 9
75 194 7
75 224 2
75 242 10
75 254 4
75 270 5
75 314 6
75 344 4
75 350 4
76 80 7
76 81 4
76 113 1
76 136 1
76 139 9
76 153 5
76 167 9
76 183 10
76 194 8
76 207 5
76 230 2
76 237 1
76 241 6
76 252 8
76 276 6
76 278 9
76 305 2
76 312 9
76 366 9
76 373 5
76 388 2
76 390 8
77 99 9
77 104 4
77 144 6
77 222 5
77 229 4
77 233 5
77 246 10
77 249 10
77 272 4
77 278 7
77 310 10
77 318 8
77 326 10
77 331 3
77 367 2
77 388 6
77 390 4
78 106 7
78 107 9
78 108 8
78 133 10
78 194 3
78 199 8
78 206 10
78 212 9
78 231 9
78 233 3
78 252 8
78 290 2
78 294 5
78 295 5
78 329 2
78 331 1
78 359 5
78 363 2
78 393 2
79 169 8
79 177 10
79 188 2
79 208 1
79 255 10
79 298 10
79 304 5
79 311 9
79 324 1
79 340 10
79 360 8
79 378 3
79 381 3
79 389 9
80 123 4
80 139 7
80 145 2
80 179 10
80 201 1
80 211 1
80 225 10
80 233 2
80 247 7
80 250 5
80 258 6
80 297 8
80 299 10
80 315 4
80 320 1
80 324 7
80 336 6
80 341 6
80 383 8
80 389 7
80 400 9
81 106 6
81 115 7
81 141 4
81 147 5
81 161 2
81 165 4
81 169 5
81 178 4
81 180 7
81 218 10
81 220 6
81 224 8
81 252 7
81 256 2
81 265 2
81 285 4
81 336 5
81 350 6
81 353 7
81 375 4
81 379 10
81 381 7
82 92 2
82 139 4
82 158 4
82 204 10
82 205 5
82 215 1
82 229 8
82 243 1
82 269 1
82 288 1
82 331 4
82 358 2
82 373 6
82 375 10
82 378 1
82 397 6
83 115 6
83 123 9
83 145 8
83 183 6
83 255 2
83 282 7
83 284 6
83 318 3
83 326 1
83 328 6
83 335 9
83 355 7
83 366 1
83 389 6
84 89 5
84 112 10
84 155 6
84 157 7
84 171 1
84 176 5
84 177 5
84 182 6
84 183 6
84 188 3
84 222 3
84 224 4
84 227 7
84 231 4
84 242 2
84 249 8
84 276 2
84 305 9
84 318 2
84 337 5
84 365 9
85 90 10
85 148 3
85 174 10
85 179 9
85 186 2
85 197 7
85 218 7
85 350 10
85 353 3
85 379 1
85 386 5
85 388 8
86 93 10
86 107 6
86 145 3
86 153 7
86 159 9
86 186 10
86 194 9
86 203 8
86 241 7
86 261 9
86 277 1
86 284 4
86 285 8
86 304 6
86 366 3
86 380 4
87 88 6
87 113 9
87 114 2
87 125 6
87 215 5
87 225 7
87 240 10
87 253 9
87 257 6
87 316 1
87 340 9
87 358 8
88 90 3
88 93 6
88 111 3
88 194 7
88 197 6
88 202 9
88 226 8
88 235 1
88 241 5
88 260 10
88 284 4
88 315 7
88 321 10
88 323 4
88 359 1
88 371 7
88 382 7
88 399 6
89 98 3
89 100 9
89 159 1
89 170 4
89 198 8
89 204 9
89 275 5
89 280 7
89 322 9
89 371 5
90 93 5
90 109 10
90 128 1
90 143 9
90 191 8
90 206 3
90 229 6
90 245 3
90 252 2
90 263 10
90 300 10
90 313 10
90 329 3
90 343 4
90 389 6
91 111 2
91 113 9
91 132 2
91 133 3
91 139 5
91 147 10
91 170 2
91 207 3
91 226 6
91 230 7
91 241 8
91 256 6
91 264 2
91 265 4
91 276 9
91 387 2
92 96 9
92 160 4
92 170 4
92 173 8
92 246 6
92 269 6
92 273 1
92 336 3
92 347 8
92 375 9
92 390 5
92 391 4
92 393 5
92 394 10
93 131 1
93 138 8
93 145 2
93 162 7
93 165 4
93 185 5
93 198 7
93 199 4
93 210 9
93 242 8
93 253 10
93 300 7
93 326 7
93 331 8
93 342 8
93 348 5
93 389 8
93 394 7
94 144 1
94 180 5
94 181 1
94 189 6
94 193 4
94 236 1
94 251 1
94 259 7
94 263 5
94 328 6
94 330 2
94 333 2
94 335 5
94 336 9
94 348 8
94 377 9
95 115 2
95 134 4
95 135 8
95 145 10
95 150 8
95 156 1
95 163 9
95 172 1
95 179 6
95 184 1
95 236 8
95 272 1
95 276 3
95 281 8
95 326 8
95 328 4
95 332 6
95 351 9
95 353 8
95 378 1
96 116 5
96 133 7
96 137 6
96 150 7
96 163 3
96 287 1
96 290 2
96 307 5
96 345 7
96 355 1
97 109 6
97 121 4
97 133 4
97 138 9
97 139 1
97 174 2
97 175 10
97 182 9
97 256 3
97 295 9
97 318 4
97 320 9
97 324 9
97 340 10
97 354 4
97 366 3
97 384 3
98 114 6
98 126 2
98 187 8
98 192 10
98 200 6
98 220 9
98 261 3
98 264 10
98 272 7
98 274 5
98 324 4
98 364 5
98 365 2
99 183 10
99 220 3
99 224 8
99 266 3
99 275 9
99 279 10
99 281 7
99 282 7
99 314 1
99 340 4
99 346 4
99 355 4
99 374 8
99 379 6
100 104 4
100 106 8
100 122 1
100 163 2
100 203 9
100 207 7
100 246 7
100 247 3
100 273 2
100 296 5
100 324 1
100 339 3
100 343 1
100 376 1
100 392 3
101 109 8
101 111 6
101 116 9
101 131 6
101 143 5
101 144 10
101 169 9
101 185 8
101 191 3
101 216 8
101 218 10
101 234 6
101 245 9
101 246 1
101 249 5
101 258 5
101 311 7
101 327 9
101 328 9
101 352 5
101 353 10
101 384 9
102 117 2
102 168 3
102 194 3
102 219 8
102 234 2
102 255 3
102 265 8
102 275 1
102 277 7
102 280 10
102 294 6
102 298 3
102 331 3
102 345 10
102 355 7
102 380 10
103 106 10
103 109 10
103 123 3
103 125 8
103 139 3
103 140 9
103 197 1
103 210 3
103 223 9
103 224 8
103 239 9
103 257 6
103 356 9
103 373 7
103 379 7
104 117 3
104 118 7
104 138 5
104 149 8
104 186 3
104 195 8
104 214 2
104 218 1
104 223 4
104 248 4
104 254 8
104 302 9
104 340 8
104 356 3
105 121 4
105 166 1
105 169 4
105 191 5
105 195 2
105 208 10
105 213 3
105 217 6
105 227 1
105 248 9
105 270 7
105 272 4
105 277 7
105 300 8
105 326 10
105 329 8
105 353 9
105 385 4
105 387 7
106 139 2
106 146 3
106 171 3
106 190 2
106 196 4
106 202 4
106 209 6
106 213 10
106 216 4
106 226 6
106 231 1
106 238 10
106 243 10
106 271 6
106 322 1
106 359 7
106 392 1
107 122 5
107 125 9
107 128 5
107 145 3
107 226 4
107 238 3
107 260 6
107 280 4
107 296 5
107 322 2
107 337 6
107 342 10
107 346 9
107 385 10
108 156 1
108 164 7
108 180 8
108 181 9
108 204 8
108 208 1
108 223 4
108 253 9
108 281 8
108 292 7
108 334 3
108 352 1
108 360 3
108 370 10
108 381 6
108 397 9
109 119 4
109 139 1
109 141 6
109 210 2
109 227 3
109 252 4
109 301 8
109 312 1
109 375 3
109 379 7
109 387 6
110 123 2
110 127 10
110 148 7
110 155 1
110 176 8
110 189 5
110 191 1
110 238 1
110 267 7
110 276 1
110 306 10
110 309 1
110 313 8
110 316 2
110 324 9
110 328 5
110 377 7
110 378 2
110 381 10
110 392 10
111 126 3
111 183 5
111 192 7
111 208 5
111 210 5
111 224 9
111 227 2
111 229 1
111 241 9
111 253 2
111 289 5
111 294 9
111 315 5
111 335 7
111 359 8
112 123 10
112 130 2
112 160 10
112 208 8
112 212 10
112 218 3
112 288 3
112 328 9
112 334 7
112 350 7
112 360 5
112 376 7
113 142 6
113 157 10
113 177 9
113 208 1
113 218 9
113 281 7
113 284 2
113 285 5
113 308 8
113 310 3
113 311 6
113 329 7
113 383 5
113 391 3
113 399 8
114 160 8
114 167 1
114 170 6
114 198 3
114 256 2
114 287 4
114 298 9
114 305 1
114 333 5
114 372 5
114 380 2
114 384 4
115 121 6
115 137 2
115 149 6
115 186 7
115 199 10
115 206 6
115 234 2
115 248 5
115 272 7
115 278 1
115 279 9
115 292 10
115 345 3
115 355 3
115 375 6
115 381 4
116 131 3
116 138 6
116 153 9
116 162 1
116 245 2
116 353 8
116 361 9
117 134 1
117 174 9
117 194 4
117 200 9
117 203 2
117 209 8
117 211 6
117 214 5
117 224 9
117 228 2
117 233 3
117 340 10
117 392 8
118 122 1
118 126 3
118 138 5
118 139 8
118 148 4
118 175 3
118 200 3
118 209 6
118 248 5
118 259 2
118 280 8
118 288 6
118 291 10
118 311 6
118 316 8
118 330 2
118 338 9
118 339 7
118 350 6
118 373 2
118 375 9
118 378 9
119 123 5
119 126 2
119 135 8
119 152 1
119 153 8
119 178 8
119 185 2
119 190 4
119 200 6
119 236 8
119 266 3
119 270 5
119 307 3
119 340 1
119 342 8
119 347 3
119 386 7
119 387 5
119 396 5
120 128 6
120 195 2
120 226 5
120 231 2
120 239 2
120 288 7
120 317 5
120 318 9
120 324 1
120 328 6
120 344 4
120 367 2
120 368 10
121 151 3
121 206 4
121 241 10
121 293 3
121 297 8
121 322 2
121 355 4
121 377 4
121 380 6
121 389 4
122 140 1
122 195 1
122 258 4
122 284 7
122 313 10
122 373 2
122 380 8
123 132 2
123 141 4
123 164 1
123 181 10
123 195 6
123 226 2
123 246 6
123 248 6
123 259 5
123 274 10
123 296 3
123 316 1
123 338 6
123 378 9
123 382 5
123 398 1
124 129 3
124 140 10
124 149 4
124 151 7
124 217 8
124 218 9
124 240 8
124 245 4
124 332 8
124 379 5
125 127 9
125 155 10
125 174 9
125 178 1
125 179 10
125 190 5
125 194 2
125 206 3
125 212 9
125 222 2
125 239 9
125 240 9
125 253 1
125 265 10
125 269 2
125 277 7
125 288 5
125 323 9
125 352 10
125 368 1
125 379 9
125 388 5
126 152 9
126 198 10
126 223 4
126 227 4
126 239 5
126 259 10
126 266 4
126 272 8
126 320 9
126 345 2
126 366 8
127 131 10
127 158 10
127 237 8
127 254 8
127 264 1
127 290 2
127 340 5
127 350 7
127 354 10
127 383 6
127 388 6
127 395 6
128 136 6
128 192 5
128 239 8
128 284 2
128 290 3
128 300 8
128 311 3
128 367 9
128 398 4
129 162 3
129 181 10
129 253 4
129 259 4
129 287 8
129 299 1
129 339 8
129 340 8
129 375 1
129 394 7
130 134 4
130 135 1
130 177 1
130 178 4
130 237 5
130 253 7
130 292 1
130 398 1
131 132 10
131 137 2
131 217 5
131 240 2
131 244 5
131 245 5
131 272 1
131 282 5
131 300 7
131 305 9
131 319 10
131 387 10
131 390 1
132 146 10
132 168 7
132 174 6
132 190 6
132 195 4
132 266 6
132 278 4
132 300 9
132 338 6
133 151 3
133 161 9
133 163 9
133 173 1
133 180 8
133 210 8
133 315 2
133 323 9
133 332 3
133 333 10
133 344 3
133 348 9
133 352 8
133 397 6
134 135 9
134 167 1
134 194 5
134 197 8
134 205 5
134 210 6
134 267 9
134 286 7
134 297 6
134 312 4
135 137 1
135 155 1
135 188 6
135 209 2
135 249 10
135 294 1
135 297 10
135 300 3
135 321 3
135 339 4
135 359 4
136 137 3
136 163 9
136 225 5
136 232 7
136 247 5
136 257 3
136 271 4
136 283 7
136 291 10
136 325 8
136 354 10
136 366 2
136 370 2
136 399 5
137 140 5
137 179 5
137 189 3
137 190 6
137 199 9
137 231 3
137 306 7
137 338 5
137 365 2
137 395 7
137 397 8
138 163 6
138 181 9
138 192 6
138 288 8
138 291 9
138 317 1
138 322 3
138 335 3
138 345 4
138 355 9
138 360 8
138 389 4
138 394 3
139 154 9
139 159 3
139 176 6
139 185 3
139 202 5
139 215 10
139 313 10
139 386 4
139 387 7
140 170 5
140 196 8
140 200 3
140 235 2
140 247 5
140 264 9
140 278 3
140 325 5
140 355 3
140 358 8
140 374 5
140 376 7
140 381 4
141 143 6
141 144 7
141 169 10
141 173 5
141 183 6
141 217 5
141 240 9
141 241 2
141 293 3
141 295 2
141 303 8
141 331 4
141 372 9
141 382 8
141 383 10
142 144 5
142 185 4
142 198 2
142 199 9
142 216 3
142 264 4
142 284 10
142 305 4
142 330 3
142 337 7
142 345 2
142 369 8
143 183 6
143 239 10
143 247 3
143 265 8
143 267 6
143 277 2
143 298 3
143 367 2
143 374 4
143 378 2
143 380 9
144 190 5
144 199 2
144 204 1
144 205 3
144 312 6
144 319 5
144 321 4
144 371 6
144 375 8
144 377 7
145 161 6
145 184 2
145 205 3
145 209 1
145 213 10
145 222 1
145 227 1
145 251 9
145 271 8
145 283 3
145 318 8
145 353 8
145 378 10
145 379 10
145 398 9
146 150 1
146 189 6
146 200 2
146 229 5
146 275 1
146 288 6
146 290 3
146 336 10
146 400 7
147 156 2
147 173 6
147 176 3
147 179 6
147 195 3
147 204 9
147 218 10
147 253 5
147 285 5
147 295 5
147 296 2
147 311 4
147 317 6
147 334 1
147 355 5
147 368 4
147 378 1
147 383 2
147 384 3
148 159 6
148 173 1
148 203 6
148 234 7
148 235 8
148 263 9
148 289 1
148 327 6
148 331 10
148 347 8
148 364 6
148 383 4
149 164 9
149 180 4
149 192 9
149 222 10
149 248 7
149 252 4
149 323 4
149 324 7
149 325 7
149 338 1
149 346 7
149 379 7
149 383 3
149 394 4
150 171 5
150 192 5
150 294 3
150 304 2
150 310 6
150 327 10
150 335 7
150 341 4
150 377 7
150 386 2
151 153 7
151 162 1
151 168 7
151 173 2
151 180 1
151 231 5
151 258 10
151 259 10
151 304 3
151 314 5
151 322 4
151 326 7
151 336 4
151 338 4
151 355 7
151 365 2
151 377 1
151 380 9
152 154 5
152 174 3
152 195 10
152 200 8
152 208 7
152 216 1
152 228 3
152 238 7
152 278 8
152 303 1
152 338 6
152 354 5
152 361 9
153 162 2
153 192 3
153 201 10
153 310 1
153 328 2
153 360 2
153 364 7
153 369 4
153 377 4
154 157 2
154 170 8
154 187 2
154 197 8
154 214 5
154 219 10
154 223 2
154 232 7
154 233 6
154 249 4
154 254 8
154 272 8
154 299 1
154 324 9
154 344 8
154 350 1
154 397 1
155 177 9
155 178 3
155 200 1
155 211 3
155 226 10
155 233 3
155 291 9
155 303 9
155 338 10
156 163 1
156 175 5
156 181 5
156 192 2
156 249 2
156 254 10
156 265 10
156 267 2
156 303 9
156 323 5
156 337 7
156 338 3
156 345 2
156 371 10
156 376 1
157 180 5
157 212 1
157 219 1
157 225 10
157 233 2
157 236 9
157 242 7
157 250 9
157 265 1
157 319 1
157 323 4
157 324 1
157 345 1
157 391 3
157 394 6
158 187 5
158 207 6
158 209 2
158 215 10
158 226 10
158 280 2
158 297 10
158 308 4
158 317 3
158 337 5
158 342 3
158 360 3
158 398 7
159 170 2
159 184 8
159 226 10
159 241 6
159 275 8
159 278 5
159 344 5
159 356 4
159 360 6
159 370 7
159 371 6
160 161 8
160 164 7
160 165 4
160 187 3
160 204 3
160 225 4
160 246 10
160 267 2
160 283 5
160 335 4
160 360 2
160 362 4
160 377 10
160 381 8
160 393 8
161 198 3
161 207 2
161 224 2
161 288 7
161 307 8
161 311 2
161 312 7
161 320 1
161 328 9
161 329 6
161 385 2
161 387 8
161 388 2
162 191 5
162 197 9
162 203 2
162 206 6
162 208 7
162 212 2
162 220 1
162 308 1
162 330 1
162 333 10
162 365 4
162 388 9
162 397 6
163 182 9
163 190 4
163 192 8
163 193 3
163 194 9
163 223 5
163 231 5
163 236 4
163 253 4
163 255 6
163 261 6
163 297 6
163 299 10
163 311 4
163 328 4
163 343 5
163 344 7
163 359 3
163 365 3
163 377 2
163 400 7
164 191 2
164 215 8
164 239 5
164 243 6
164 250 5
164 259 5
164 296 4
164 315 1
164 322 2
164 330 10
164 331 6
164 332 2
164 370 4
164 387 9
164 390 7
165 178 5
165 189 5
165 220 1
165 273 5
165 282 6
165 293 9
165 307 5
165 321 2
165 323 2
165 334 4
165 349 1
165 368 6
165 376 2
165 377 6
165 400 5
166 177 3
166 218 1
166 227 5
166 239 6
166 240 2
166 242 5
166 251 6
166 288 1
166 336 10
166 380 3
167 201 9
167 330 9
167 372 5
167 399 5
168 170 10
168 182 9
168 185 8
168 202 5
168 223 5
168 230 10
168 251 9
168 252 4
168 282 5
168 296 9
168 318 1
168 335 9
168 337 2
169 211 10
169 215 8
169 216 2
169 234 2
169 259 8
169 302 5
169 355 2
169 362 10
169 367 3
169 398 2
170 195 7
170 276 4
170 338 10
170 356 10
170 379 4
170 380 3
170 390 1
171 176 6
171 190 5
171 234 8
171 236 6
171 242 5
171 243 6
171 287 9
171 288 4
171 304 9
171 332 4
171 349 1
171 388 4
172 174 9
172 175 10
172 195 10
172 227 5
172 231 1
172 283 8
172 296 2
172 332 7
172 358 3
172 398 6
172 400 8
173 198 3
173 240 10
173 277 2
173 285 8
173 299 5
173 313 3
173 352 10
173 355 3
173 356 10
173 379 5
173 392 4
174 194 8
174 213 8
174 218 5
174 236 2
174 248 9
174 257 3
174 267 7
174 277 6
174 333 3
174 356 3
174 360 4
174 363 8
174 371 3
174 395 7
174 400 5
175 182 7
175 204 9
175 206 3
175 220 5
175 243 4
175 274 2
175 370 8
175 381 5
176 203 1
176 215 5
176 273 10
176 279 7
176 286 7
176 347 6
176 364 2
176 370 8
177 199 5
177 222 4
177 250 7
177 291 1
177 312 2
177 330 10
177 375 2
178 186 9
178 189 2
178 193 9
178 214 10
178 237 6
178 238 9
178 245 2
178 263 5
178 264 7
178 283 5
178 291 9
178 327 6
178 343 8
178 345 10
178 396 4
178 399 1
179 214 1
179 222 6
179 252 10
179 265 4
179 315 10
179 351 4
180 181 4
180 199 7
180 230 1
180 239 4
180 250 5
180 252 9
180 266 8
180 270 10
180 274 1
180 321 3
180 341 10
180 350 1
180 359 7
180 362 7
181 198 6
181 209 8
181 294 1
181 325 9
181 339 1
181 343 2
181 379 4
182 222 7
182 242 10
182 273 1
182 322 3
182 332 10
182 340 9
182 353 8
182 371 8
182 385 3
182 395 6
183 237 7
183 251 6
183 257 7
183 273 1
183 281 8
183 284 10
183 306 8
183 313 6
183 316 9
183 337 4
183 352 10
184 193 6
184 194 6
184 220 5
184 315 7
184 319 3
184 330 5
184 358 10
184 374 8
184 390 4
185 218 6
185 234 5
185 242 7
185 260 1
185 267 2
185 288 8
185 301 5
185 335 1
185 343 9
185 349 2
185 352 4
185 356 10
185 384 2
186 192 7
186 242 1
186 345 7
186 364 1
186 377 7
187 207 5
187 223 10
187 228 8
187 277 7
187 292 5
187 313 1
187 371 2
187 396 2
188 192 4
188 231 10
188 232 7
188 238 5
188 257 3
188 303 6
188 316 5
188 320 1
188 330 8
188 364 10
188 399 9
189 259 10
189 345 2
189 350 8
189 359 8
189 371 2
189 398 5
190 205 1
190 234 3
190 241 2
190 245 1
190 290 5
190 295 4
190 327 10
190 343 1
190 359 3
190 391 6
191 210 5
191 217 8
191 256 6
191 269 8
191 274 1
191 338 4
191 369 7
191 386 9
192 234 6
192 254 5
192 307 6
192 313 9
192 325 4
192 364 1
192 381 4
193 250 9
193 256 9
193 264 9
193 281 3
193 291 10
193 304 6
193 334 3
193 363 7
194 221 7
194 234 3
194 268 6
194 344 6
194 354 7
194 360 2
194 364 7
194 372 5
195 197 2
195 204 10
195 234 9
195 258 3
195 275 7
195 286 8
195 296 7
195 305 5
195 312 6
195 324 9
195 330 3
195 336 3
196 199 4
196 227 7
196 235 7
196 249 9
196 267 5
196 276 2
196 297 2
196 298 9
196 303 9
196 308 8
196 323 2
196 325 5
196 353 10
196 382 10
196 398 5
197 216 9
197 282 1
197 300 7
197 320 2
197 366 10
197 373 8
197 399 5
198 311 1
198 325 5
198 332 6
198 374 1
199 217 2
199 250 3
199 277 9
199 311 7
199 341 10
199 344 1
199 377 9
199 384 5
199 386 2
199 396 6
200 210 8
200 211 4
200 228 10
200 233 8
200 235 7
200 236 5
200 268 9
200 291 4
200 337 7
200 341 8
200 356 4
200 357 4
200 393 1
201 202 6
201 220 8
201 249 2
201 260 8
201 268 6
201 290 5
201 324 6
201 347 9
201 375 2
201 376 7
202 240 1
202 264 7
202 280 6
202 321 2
202 346 6
202 354 2
202 382 7
202 390 3
202 394 9
203 256 10
203 268 3
203 274 7
203 357 9
203 368 1
203 384 10
203 396 6
203 397 6
204 207 1
204 231 2
204 255 6
204 262 3
204 274 8
204 280 10
204 304 9
204 319 8
204 334 9
205 209 2
205 260 7
205 272 3
205 295 5
205 308 9
205 333 3
205 337 4
205 338 7
205 339 3
205 354 6
205 361 8
205 399 6
206 240 8
206 324 7
206 327 10
206 335 3
206 342 7
206 361 1
206 370 6
206 384 5
206 389 1
207 236 5
207 244 9
207 357 10
207 365 7
207 389 10
208 213 10
208 243 5
208 294 7
208 311 2
208 342 2
208 352 8
208 383 7
208 391 3
208 392 5
209 210 8
209 216 8
209 217 1
209 221 3
209 223 9
209 232 3
209 287 5
209 310 5
209 317 9
209 329 9
209 344 7
209 345 3
209 348 5
210 236 5
210 243 5
210 261 5
210 267 2
210 273 1
210 314 7
210 329 5
210 349 1
210 351 5
210 358 7
210 360 8
210 371 1
210 373 6
210 380 9
210 399 8
211 212 8
211 215 6
211 223 9
211 239 4
211 265 6
211 267 6
211 309 2
211 321 8
211 327 3
211 342 4
211 393 6
212 232 5
212 267 8
212 304 8
212 307 2
212 317 3
212 343 7
212 358 2
212 359 4
212 383 8
213 244 5
213 258 9
213 298 10
213 308 7
213 311 4
213 318 7
213 322 10
213 324 9
213 339 9
213 354 1
213 366 4
213 385 5
213 393 10
213 397 10
214 245 4
214 260 1
214 282 1
214 299 4
214 370 2
214 371 2
214 383 4
214 387 10
214 399 5
215 221 2
215 226 1
215 315 9
215 350 5
215 390 2
215 399 1
216 241 7
216 245 7
216 276 5
216 308 10
216 359 9
216 364 4
216 381 3
216 398 3
216 399 3
217 228 1
217 245 1
217 353 8
218 236 1
218 268 4
218 275 10
218 357 7
218 370 3
218 378 9
218 394 6
219 233 6
219 255 3
219 259 4
219 299 9
219 307 4
219 308 8
219 319 2
219 328 9
219 336 1
219 359 7
219 360 3
219 392 5
219 397 9
220 236 4
220 281 7
220 298 5
220 349 8
220 354 7
220 378 5
220 379 5
220 393 4
220 397 1
221 223 3
221 267 9
221 268 8
221 296 3
221 299 5
221 314 2
221 348 2
221 356 6
221 383 4
222 229 9
222 249 9
222 270 6
222 272 9
222 277 4
222 290 2
222 293 6
222 294 5
222 299 9
222 304 3
222 321 9
222 339 10
222 369 8
222 386 9
223 239 8
223 240 9
223 258 7
223 280 10
223 329 9
223 340 6
223 363 6
223 371 1
223 394 4
224 278 10
224 312 1
224 379 8
224 387 8
224 395 9
225 226 8
225 235 10
225 264 8
225 297 9
225 304 6
225 352 8
225 384 8
226 232 2
226 255 9
226 278 10
226 284 9
226 290 4
226 323 3
226 329 5
226 347 10
226 351 1
226 354 9
226 362 8
226 364 7
227 238 1
227 250 5
227 270 1
227 303 10
227 313 6
227 333 2
227 353 8
227 372 7
227 386 3
227 399 9
228 238 5
228 254 2
228 268 1
228 287 5
228 323 5
228 329 5
228 336 2
228 355 4
228 386 5
228 388 5
229 232 7
229 251 5
229 289 8
229 313 1
229 378 5
229 388 8
230 244 2
230 265 6
230 276 4
230 285 3
230 351 4
230 373 1
231 253 4
231 255 1
231 264 2
231 270 3
231 281 7
231 332 3
231 334 7
231 355 9
231 364 9
232 246 7
232 256 6
232 261 8
232 271 3
232 295 2
232 310 10
232 328 8
232 340 5
232 346 9
232 356 10
232 373 8
233 236 9
233 241 7
233 278 3
233 286 7
233 298 6
233 302 4
233 313 9
233 332 10
233 342 10
234 239 1
234 247 7
234 254 10
234 255 10
234 257 9
234 307 8
234 308 6
234 371 10
234 376 8
235 344 3
235 380 7
236 251 6
236 253 2
236 289 10
236 297 9
236 299 4
236 389 6
236 400 8
237 249 8
237 250 5
237 262 8
237 279 4
237 282 9
237 324 6
237 344 7
237 345 4
237 390 4
238 258 9
238 262 2
238 341 5
238 357 5
238 382 4
239 254 1
239 273 7
239 300 4
239 305 9
239 324 1
239 377 4
239 378 10
239 389 8
240 242 2
240 251 7
240 264 7
240 265 8
240 338 4
240 371 5
240 380 8
241 272 9
241 279 5
241 285 5
241 290 9
241 294 1
241 296 8
241 297 7
241 306 7
241 361 5
241 397 5
242 263 9
242 308 3
242 316 4
242 374 6
242 388 2
242 398 10
243 265 4
243 308 3
243 340 4
243 345 8
243 351 9
244 256 9
244 287 3
244 296 2
244 347 6
244 353 2
245 269 5
245 273 4
245 297 1
245 325 8
245 332 10
245 333 6
245 349 1
245 370 1
245 386 10
245 392 8
246 248 2
246 251 8
246 282 8
246 317 1
246 355 7
246 371 2
247 263 9
247 267 2
247 298 8
247 325 6
247 361 8
248 265 1
248 305 1
248 313 6
248 352 1
248 357 3
248 388 10
249 315 7
249 350 7
250 278 6
250 302 2
250 318 8
250 333 4
250 351 2
250 352 7
250 359 3
251 266 4
251 269 5
251 273 4
251 279 10
251 299 4
251 300 4
251 318 7
251 339 1
251 353 10
251 360 1
251 377 9
251 384 3
251 386 2
252 286 4
252 291 9
252 299 2
252 356 3
252 371 9
252 376 9
252 391 10
253 277 1
253 278 7
253 291 2
253 312 9
253 319 6
253 340 2
253 341 6
253 357 4
253 378 2
254 264 9
254 271 2
254 280 4
254 290 1
254 319 2
254 340 7
254 352 6
254 367 9
254 376 2
254 396 2
255 299 5
255 359 3
255 373 9
256 277 10
256 278 7
256 279 1
256 284 1
256 296 9
256 300 6
256 307 5
256 327 6
256 347 5
256 355 10
256 367 10
256 384 4
256 391 5
257 289 3
257 308 4
257 314 3
257 327 2
257 343 4
257 374 3
257 383 9
257 399 10
258 266 7
258 267 4
258 294 8
258 318 7
258 326 10
258 372 4
258 373 5
259 262 1
259 267 1
259 272 8
259 278 8
259 285 2
259 348 1
259 384 8
259 385 8
259 387 8
260 261 4
260 297 2
260 304 9
260 325 6
260 332 1
260 354 5
260 357 4
260 375 7
260 391 7
261 288 6
261 311 5
261 325 4
261 381 2
262 300 10
262 307 2
262 317 3
262 349 5
262 370 3
262 398 1
263 283 6
263 303 3
263 313 6
263 322 6
263 333 1
263 334 9
263 337 8
263 359 10
263 375 1
263 395 7
264 267 3
264 270 9
264 303 1
264 318 1
265 290 5
265 291 10
265 306 7
265 319 6
265 338 4
265 351 8
265 373 5
265 393 7
265 395 2
266 274 1
266 304 8
266 305 7
267 275 10
267 276 3
267 308 6
267 364 8
268 279 6
268 316 9
268 385 9
269 270 2
269 311 9
269 337 4
269 342 7
269 354 7
269 368 9
270 300 10
270 322 1
270 324 4
270 326 4
270 331 4
270 341 10
270 354 2
270 364 7
270 368 3
270 388 7
270 397 7
271 276 5
271 300 7
271 321 6
271 347 9
271 356 2
271 358 9
271 363 3
272 274 7
272 287 9
272 291 8
272 323 9
272 324 6
272 326 8
272 340 9
272 344 9
272 383 1
272 391 2
273 309 10
273 327 2
273 359 8
273 386 6
273 389 4
274 308 2
274 338 7
274 379 2
274 389 2
275 296 3
275 352 3
275 353 1
275 363 9
275 376 4
275 385 2
276 307 6
276 315 9
276 316 7
276 359 4
276 399 6
277 287 4
277 310 4
277 358 9
277 372 2
277 374 9
278 288 5
278 303 1
278 322 1
278 323 3
278 352 5
278 355 9
278 385 9
279 285 9
279 288 7
279 300 9
279 331 8
279 340 7
279 351 9
279 370 2
279 374 7
279 386 6
280 283 5
280 292 8
280 337 9
280 350 7
280 363 9
281 296 5
281 318 3
281 326 8
281 332 5
281 333 4
281 343 1
281 363 7
281 393 2
281 400 10
282 318 1
282 336 2
282 341 4
282 347 1
282 357 3
282 367 4
282 392 8
283 284 3
283 299 7
283 308 6
283 311 8
283 320 4
283 346 5
283 353 8
283 370 2
283 382 6
283 395 8
284 317 8
284 329 6
284 340 5
284 363 8
285 293 9
285 312 7
285 316 3
285 338 7
285 348 8
285 392 1
286 288 4
286 298 1
286 320 4
286 337 6
286 391 3
286 394 7
286 397 7
287 332 2
287 343 8
287 391 7
287 393 2
287 396 3
288 297 10
288 314 9
288 354 6
288 376 7
289 291 1
289 301 2
289 395 9
290 303 8
290 308 2
290 342 1
290 343 5
290 349 4
290 392 5
291 327 10
291 358 1
291 382 6
291 383 7
291 398 4
292 322 3
292 350 6
293 295 1
293 336 5
293 348 6
293 366 7
294 317 10
294 344 9
294 356 8
294 396 4
295 318 1
295 321 10
295 339 5
295 357 2
295 358 6
295 382 1
295 393 7
296 325 3
296 341 2
296 356 1
296 357 2
296 366 3
296 392 7
297 300 9
297 349 10
298 351 9
298 377 4
298 382 5
298 386 4
298 387 6
298 390 8
298 393 5
298 395 5
298 398 2
299 306 7
299 307 4
299 327 8
299 332 2
299 365 2
299 388 3
300 310 9
300 374 5
300 381 8
300 391 2
301 308 2
301 334 6
301 337 2
301 370 7
301 372 9
301 373 3
301 380 6
301 385 6
301 399 3
302 343 4
302 345 5
302 399 1
303 317 1
303 348 1
303 349 8
303 373 5
303 376 2
303 382 6
303 391 4
303 397 7
304 311 8
304 313 10
304 340 5
304 345 4
304 348 4
304 394 5
305 306 2
305 315 9
305 340 6
305 371 5
305 382 1
306 321 9
306 332 8
306 357 1
306 360 10
306 367 7
307 311 4
307 316 8
307 361 9
307 366 2
307 379 6
307 385 6
307 395 9
308 334 7
308 340 7
308 341 1
308 371 1
308 382 10
309 314 1
309 322 2
309 333 7
309 370 4
309 375 8
309 383 6
310 313 10
310 329 9
310 345 6
310 399 2
311 335 8
311 343 4
311 353 5
311 362 7
311 364 5
311 375 9
311 386 4
311 390 7
311 396 10
311 400 7
312 356 7
312 393 9
313 346 2
313 356 10
313 362 5
313 374 8
313 386 7
314 333 4
314 375 8
314 388 5
315 319 7
315 328 10
315 364 1
315 389 4
316 345 7
316 365 4
316 372 6
317 322 4
317 369 7
318 330 5
318 331 4
318 353 6
318 392 8
318 400 10
319 371 8
319 378 10
319 383 2
319 397 10
320 347 2
320 358 3
320 362 7
320 364 9
320 368 3
320 381 1
320 391 8
321 332 4
321 367 6
321 389 7
322 346 2
322 357 5
322 361 2
322 366 4
322 390 3
323 333 3
323 349 1
323 354 9
323 373 9
323 394 3
324 347 7
324 350 6
324 384 7
325 351 7
325 355 5
325 382 10
325 390 10
326 332 1
326 336 10
326 396 2
327 331 9
327 339 7
327 346 3
327 363 7
327 384 4
328 335 2
328 342 9
328 349 4
328 360 1
328 369 2
328 375 9
328 380 6
328 388 5
329 355 10
329 368 8
329 383 10
330 341 6
330 343 3
330 364 9
330 371 7
330 394 4
330 395 5
331 380 6
332 340 3
332 385 2
332 393 8
333 347 4
333 387 6
333 392 8
334 341 2
334 356 10
334 358 9
334 366 8
334 368 1
334 398 3
335 358 5
336 353 1
336 359 10
336 375 3
336 380 8
337 338 2
337 348 9
337 370 6
337 379 10
337 400 3
338 362 5
338 368 5
338 380 2
338 384 1
338 390 3
339 361 10
340 366 4
340 368 2
341 396 5
342 369 6
342 379 1
342 384 5
343 348 2
343 349 6
343 368 5
343 378 9
343 383 8
344 379 10
345 348 6
345 360 9
345 383 7
346 363 4
346 390 2
347 368 1
347 384 4
349 350 4
349 359 7
349 379 2
349 389 5
350 370 10
350 381 10
351 352 3
351 364 3
351 369 2
352 377 5
353 358 3
353 372 9
353 390 2
354 366 9
354 382 1
355 379 10
355 391 3
355 398 1
356 387 8
356 400 3
357 369 8
357 400 9
358 384 4
359 379 9
359 388 2
359 396 3
359 400 9
360 382 2
360 388 8
360 390 7
361 376 6
361 385 9
362 398 8
363 368 2
364 374 6
364 383 9
364 389 10
364 396 1
364 400 9
365 368 4
366 371 9
366 376 1
366 389 10
367 373 5
367 385 8
368 378 5
368 385 4
368 392 5
368 395 9
369 371 4
369 391 2
372 400 8
373 385 4
374 380 2
375 382 6
375 393 8
376 391 6
376 397 9
377 399 4
378 384 3
378 389 4
378 393 9
379 392 7
380 383 8
380 386 1
380 387 6
380 397 10
381 386 2
381 388 10
382 399 2
384 385 4
386 387 5
391 392 6
391 395 6
394 396 3
