50 973
1 2 13
1 4 20
1 5 6
1 6 28
1 7 38
1 8 9
1 9 16
1 10 34
1 12 22
1 13 25
1 14 11
1 15 23
1 16 32
1 18 25
1 19 24
1 20 25
1 21 3
1 22 40
1 23 12
1 24 27
1 25 28
1 26 21
1 27 14
1 28 8
1 29 18
1 30 30
1 31 8
1 32 26
1 33 30
1 34 33
1 35 40
1 37 30
1 38 2
1 39 34
1 40 39
1 41 26
1 42 14
1 43 21
1 44 16
1 45 19
1 47 30
1 48 27
1 49 35
1 50 10
2 3 14
2 4 1
2 7 40
2 8 36
2 9 37
2 10 14
2 12 33
2 13 34
2 14 10
2 15 23
2 16 17
2 17 26
2 18 21
2 19 16
2 20 37
2 21 1
2 22 36
2 24 33
2 25 18
2 27 33
2 28 24
2 30 1
2 31 34
2 32 17
2 33 1
2 34 15
2 35 1
2 37 29
2 38 32
2 39 32
2 40 6
2 41 27
2 42 29
2 43 2
2 44 29
2 45 37
2 47 33
2 48 16
2 49 40
2 50 36
3 4 15
3 5 35
3 6 39
3 7 10
3 8 16
3 10 30
3 11 8
3 13 19
3 14 7
3 15 5
3 16 14
3 17 13
3 18 8
3 19 11
3 20 2
3 21 8
3 22 20
3 23 11
3 24 24
3 25 40
3 26 29
3 28 3
3 29 14
3 30 8
3 31 6
3 33 3
3 34 34
3 35 23
3 36 9
3 37 12
3 39 28
3 40 26
3 41 29
3 43 15
3 45 18
3 46 7
3 47 2
3 48 7
3 49 6
4 5 14
4 6 11
4 7 23
4 8 13
4 10 38
4 11 36
4 14 22
4 15 2
4 16 31
4 17 14
4 18 1
4 20 20
4 22 8
4 23 27
4 24 1
4 26 32
4 27 27
4 28 16
4 29 9
4 30 31
4 31 28
4 32 4
4 33 9
4 34 21
4 35 23
4 36 33
4 38 23
4 39 26
4 40 7
4 41 25
4 42 9
4 44 35
4 45 37
4 46 20
4 47 31
4 48 29
4 50 7
5 6 23
5 7 16
5 9 3
5 11 35
5 12 30
5 13 34
5 14 7
5 15 34
5 18 12
5 19 13
5 20 32
5 21 38
5 22 20
5 23 27
5 25 3
5 26 10
5 27 31
5 28 6
5 29 5
5 30 22
5 31 21
5 32 36
5 33 15
5 34 29
5 37 18
5 38 9
5 39 12
5 40 4
5 42 30
5 43 8
5 44 23
5 45 27
5 46 13
5 47 30
5 49 20
5 50 38
6 7 8
6 9 7
6 10 37
6 12 25
6 13 8
6 14 40
6 18 33
6 20 6
6 22 28
6 23 26
6 25 27
6 26 17
6 27 8
6 28 15
6 29 8
6 30 7
6 31 28
6 32 25
6 33 25
6 35 17
6 36 10
6 38 20
6 39 1
6 40 7
6 41 32
6 42 31
6 43 15
6 44 27
6 46 40
6 48 40
6 50 19
7 8 15
7 9 33
7 10 20
7 11 15
7 12 26
7 14 7
7 15 1
7 16 18
7 17 29
7 18 8
7 20 5
7 21 40
7 23 26
7 24 7
7 25 38
7 26 18
7 27 39
7 28 6
7 30 39
7 31 23
7 32 36
7 33 33
7 34 23
7 35 22
7 36 31
7 37 1
7 38 2
7 39 7
7 40 29
7 41 4
7 42 24
7 43 13
7 45 11
7 49 28
7 50 28
8 9 32
8 10 8
8 11 38
8 12 8
8 13 8
8 14 24
8 16 19
8 17 11
8 19 4
8 20 1
8 22 6
8 24 9
8 25 24
8 26 23
8 27 26
8 28 34
8 29 17
8 30 20
8 32 24
8 33 29
8 35 31
8 36 10
8 37 31
8 40 27
8 41 13
8 42 32
8 43 12
8 44 8
8 45 4
8 47 2
8 48 19
8 49 25
8 50 15
9 10 12
9 13 28
9 14 16
9 15 38
9 17 12
9 18 9
9 19 4
9 20 24
9 21 25
9 24 38
9 25 8
9 26 32
9 27 24
9 28 3
9 29 12
9 30 17
9 33 38
9 34 11
9 36 3
9 37 34
9 38 22
9 39 19
9 40 25
9 41 3
9 42 38
9 43 19
9 45 23
9 46 27
9 47 3
9 48 30
9 49 4
9 50 37
10 15 29
10 16 8
10 18 25
10 19 23
10 20 7
10 21 32
10 22 18
10 23 11
10 24 16
10 25 15
10 26 31
10 27 36
10 28 1
10 29 37
10 30 17
10 31 20
10 32 35
10 33 28
10 34 22
10 36 3
10 38 8
10 40 17
10 42 10
10 43 14
10 44 19
10 45 38
10 47 35
10 48 13
10 50 15
11 12 32
11 14 8
11 15 39
11 17 22
11 18 10
11 19 32
11 20 9
11 21 36
11 22 19
11 23 9
11 24 15
11 25 37
11 27 34
11 28 24
11 29 23
11 30 40
11 31 11
11 32 14
11 34 17
11 35 19
11 36 5
11 38 32
11 40 10
11 42 13
11 43 34
11 44 28
11 45 33
11 46 5
11 48 29
11 49 1
11 50 18
12 13 1
12 14 5
12 15 5
12 16 28
12 17 8
12 19 26
12 21 31
12 22 6
12 23 3
12 24 38
12 25 5
12 27 14
12 28 23
12 29 29
12 30 22
12 31 7
12 33 6
12 34 7
12 36 37
12 37 33
12 40 2
12 42 11
12 43 22
12 44 40
12 45 29
12 47 35
12 48 2
12 50 5
13 15 6
13 17 28
13 19 15
13 20 2
13 21 34
13 22 5
13 23 22
13 24 9
13 25 3
13 26 7
13 27 4
13 29 23
13 30 21
13 31 4
13 32 17
13 33 4
13 34 29
13 36 17
13 37 7
13 38 14
13 40 27
13 41 34
13 42 9
13 43 17
13 44 31
13 47 29
13 48 18
13 50 40
14 15 15
14 16 10
14 17 30
14 18 8
14 20 37
14 22 14
14 24 16
14 25 30
14 26 9
14 27 3
14 30 13
14 31 4
14 32 5
14 34 4
14 35 11
14 37 37
14 38 34
14 39 29
14 40 10
14 43 20
14 44 29
14 45 6
14 46 20
14 49 37
15 16 5
15 17 8
15 18 37
15 20 33
15 21 23
15 22 15
15 23 34
15 26 40
15 27 8
15 28 29
15 29 5
15 31 37
15 32 18
15 33 32
15 34 4
15 35 7
15 36 5
15 37 29
15 38 15
15 40 20
15 41 21
15 42 29
15 43 38
15 44 21
15 46 37
15 48 5
15 49 24
15 50 11
16 17 27
16 19 31
16 20 30
16 21 2
16 22 13
16 23 8
16 25 2
16 27 19
16 28 15
16 30 12
16 31 37
16 32 37
16 34 23
16 36 13
16 37 5
16 38 27
16 39 30
16 41 12
16 43 22
16 44 10
16 45 21
16 46 7
16 47 9
16 48 4
16 50 3
17 19 23
17 20 20
17 21 35
17 22 6
17 23 33
17 24 15
17 25 27
17 28 34
17 29 25
17 30 27
17 32 38
17 33 32
17 34 14
17 35 31
17 36 17
17 37 39
17 38 10
17 39 10
17 40 32
17 41 1
17 43 18
17 44 21
17 45 5
17 47 8
17 48 17
17 49 29
18 19 30
18 21 9
18 22 26
18 23 35
18 24 15
18 25 10
18 26 20
18 27 8
18 29 18
18 30 22
18 31 20
18 32 26
18 33 38
18 34 30
18 37 39
18 38 24
18 39 9
18 40 35
18 41 34
18 42 37
18 43 11
18 44 14
18 45 20
18 49 10
18 50 25
19 22 34
19 23 13
19 24 32
19 26 15
19 27 40
19 28 17
19 29 13
19 30 16
19 31 33
19 32 29
19 33 23
19 34 23
19 35 12
19 36 37
19 37 1
19 38 13
19 39 32
19 42 5
19 43 4
19 44 38
19 46 17
19 49 24
20 21 21
20 22 24
20 23 9
20 24 30
20 25 9
20 26 4
20 27 22
20 28 36
20 30 15
20 31 1
20 32 12
20 33 33
20 34 1
20 35 35
20 36 27
20 39 15
20 40 16
20 42 37
20 44 40
20 45 39
20 46 1
21 23 9
21 24 30
21 26 36
21 28 25
21 29 22
21 30 21
21 31 21
21 32 17
21 33 34
21 37 6
21 38 8
21 39 23
21 41 14
21 42 30
21 43 16
21 44 15
21 45 18
21 46 8
21 49 7
21 50 24
22 23 18
22 24 35
22 25 5
22 26 23
22 28 24
22 30 26
22 31 40
22 32 31
22 33 5
22 35 14
22 36 7
22 37 8
22 38 35
22 39 2
22 40 7
22 41 32
22 42 17
22 43 12
22 44 5
22 45 8
22 46 39
22 47 4
22 48 11
22 49 21
22 50 6
23 24 16
23 25 23
23 26 9
23 27 26
23 28 1
23 29 12
23 32 7
23 33 4
23 34 9
23 35 40
23 36 23
23 37 24
23 38 27
23 40 31
23 42 12
23 43 17
23 45 17
23 46 25
23 47 17
23 48 19
23 49 15
23 50 40
24 25 20
24 26 29
24 27 33
24 28 25
24 30 35
24 31 2
24 32 36
24 33 23
24 34 28
24 35 21
24 37 22
24 38 11
24 39 7
24 40 22
24 41 25
24 42 19
24 43 38
24 44 35
24 46 4
24 47 2
24 49 8
24 50 4
25 27 26
25 29 37
25 31 36
25 32 22
25 34 34
25 36 15
25 37 19
25 38 1
25 39 29
25 41 7
25 42 12
25 43 29
25 44 38
25 45 33
25 48 27
25 49 10
26 29 6
26 30 9
26 33 9
26 34 18
26 35 13
26 36 4
26 37 33
26 38 38
26 39 25
26 40 27
26 41 1
26 42 1
26 43 8
26 45 32
26 47 15
26 48 5
26 49 14
26 50 32
27 28 23
27 29 39
27 31 37
27 32 13
27 34 37
27 35 31
27 36 20
27 39 15
27 40 13
27 41 38
27 42 18
27 45 16
27 46 7
27 47 26
27 48 3
27 49 40
27 50 9
28 29 38
28 30 6
28 31 15
28 32 19
28 33 21
28 34 39
28 35 22
28 37 8
28 38 31
28 39 2
28 41 12
28 42 3
28 43 16
28 44 2
28 45 36
28 46 13
28 48 38
28 49 29
28 50 8
29 31 28
29 32 17
29 33 15
29 34 39
29 35 3
29 36 4
29 37 26
29 38 30
29 39 27
29 40 28
29 41 25
29 42 24
29 43 12
29 44 8
29 45 32
29 46 23
29 47 9
29 48 34
29 49 20
29 50 39
30 31 19
30 32 39
30 33 24
30 34 2
30 35 33
30 36 39
30 37 4
30 38 26
30 39 9
30 40 36
30 41 39
30 42 36
30 43 34
30 44 17
30 45 25
30 47 22
30 48 22
30 50 36
31 32 22
31 33 22
31 34 37
31 35 31
31 36 1
31 37 39
31 38 12
31 41 31
31 42 1
31 43 20
31 44 36
31 46 6
31 47 9
31 48 26
31 49 2
32 33 11
32 35 30
32 36 39
32 37 25
32 38 6
32 39 11
32 40 10
32 42 26
32 44 40
32 45 24
32 46 29
32 47 9
32 48 8
32 49 17
32 50 29
33 34 13
33 35 20
33 36 20
33 37 7
33 38 14
33 39 24
33 40 7
33 41 39
33 42 30
33 44 17
33 45 34
33 47 38
33 48 10
33 49 10
33 50 39
34 35 36
34 36 34
34 37 38
34 38 29
34 40 39
34 41 30
34 42 7
34 44 16
34 46 5
34 47 35
34 48 32
34 49 17
34 50 7
35 37 14
35 39 20
35 41 23
35 42 15
35 44 36
35 45 6
35 46 21
35 48 5
35 49 38
35 50 20
36 37 21
36 38 3
36 39 33
36 40 34
36 41 27
36 42 28
36 43 17
36 44 31
36 45 3
36 46 27
36 47 24
36 48 14
36 49 30
37 38 24
37 39 38
37 40 35
37 41 26
37 42 11
37 44 28
37 45 28
37 46 29
37 47 12
37 48 12
37 49 36
37 50 29
38 39 22
38 40 11
38 41 36
38 42 36
38 43 40
38 44 20
38 45 17
38 46 34
38 47 31
38 49 19
39 40 12
39 41 4
39 42 14
39 43 4
39 44 34
39 45 34
39 46 19
39 47 26
39 48 22
39 49 6
39 50 11
40 41 10
40 42 10
40 43 5
40 44 22
40 45 11
40 46 22
40 47 10
40 48 31
40 49 19
40 50 5
41 42 1
41 43 36
41 44 7
41 45 18
41 46 8
41 47 21
41 49 28
41 50 7
42 43 10
42 45 40
42 46 21
42 47 7
42 48 24
42 49 12
42 50 26
43 44 11
43 45 11
43 46 2
43 47 33
43 48 7
43 49 12
43 50 25
44 45 12
44 47 38
44 48 38
44 50 13
45 46 30
45 47 12
45 48 32
45 49 26
45 50 5
46 47 26
46 49 35
47 48 19
47 49 11
47 50 30
48 49 23
48 50 28
