100 475
1 15 3
1 60 1
1 61 4
1 63 1
1 75 3
1 78 1
1 98 1
2 7 1
2 14 2
2 15 2
2 22 4
2 30 1
2 40 1
2 44 4
2 45 1
2 60 3
2 78 5
2 98 2
2 99 5
3 12 2
3 48 1
3 59 4
3 66 2
3 73 5
3 76 1
3 82 3
3 83 2
3 86 1
3 99 3
4 5 1
4 8 2
4 10 2
4 12 2
4 28 4
4 44 4
4 67 2
4 73 3
4 89 1
5 31 5
5 66 3
5 88 2
5 93 3
5 94 5
6 30 3
6 44 4
6 45 4
6 61 5
6 69 2
6 79 4
6 81 2
6 93 2
7 26 1
7 36 5
7 60 5
7 78 5
7 88 3
7 93 3
7 97 2
8 10 2
8 38 5
8 45 4
8 61 3
8 65 4
8 68 5
8 72 4
8 73 3
8 77 4
8 79 3
8 83 5
8 84 1
8 91 4
9 16 4
9 18 2
9 35 4
9 36 4
9 38 3
9 76 1
9 80 4
9 97 3
10 14 4
10 45 5
10 51 3
10 66 3
10 76 3
10 78 3
10 87 5
11 38 4
11 41 2
11 56 4
11 59 1
11 62 3
11 63 3
11 67 1
11 71 1
11 73 2
12 17 4
12 28 5
12 33 2
12 49 4
12 52 3
12 62 5
12 68 3
12 93 1
12 95 3
12 97 1
13 14 1
13 24 2
13 30 2
13 51 1
13 52 4
13 53 5
13 73 4
13 81 4
13 85 5
13 96 3
13 98 1
14 19 1
14 24 4
14 38 2
14 57 4
14 59 4
14 81 5
14 90 5
14 95 3
14 96 1
15 28 4
15 39 1
15 42 4
15 53 3
15 54 2
15 73 5
15 75 2
15 84 4
15 87 2
16 19 1
16 26 4
16 37 4
16 56 2
16 63 3
16 80 5
16 90 2
16 98 1
17 44 1
17 48 5
17 55 4
17 56 5
17 65 4
17 70 1
17 75 4
17 82 3
17 90 3
17 95 5
17 96 3
18 19 2
18 24 2
18 28 5
18 34 3
18 35 4
18 44 3
18 53 4
18 55 4
18 57 5
18 63 5
18 76 4
18 95 3
19 29 2
19 51 2
19 63 1
19 67 5
19 70 2
19 80 4
19 84 5
19 88 1
20 34 5
20 36 1
20 41 3
20 54 3
20 61 3
20 62 5
20 63 2
20 64 1
20 65 5
20 86 3
20 87 1
21 40 3
21 46 3
21 52 1
21 74 4
21 75 5
21 77 2
21 78 5
21 79 4
21 80 4
21 84 1
21 100 2
22 35 1
22 36 1
22 49 4
22 51 4
22 70 1
22 92 3
23 36 4
23 51 1
23 54 5
23 57 4
23 68 3
23 72 4
23 75 1
23 77 5
24 27 4
24 29 2
24 31 1
24 34 4
24 41 5
24 44 5
24 46 5
24 47 4
24 86 2
24 99 3
25 46 1
25 56 4
25 71 2
25 76 1
25 99 1
26 30 1
26 32 1
26 40 1
26 93 4
26 99 5
27 48 1
27 59 4
27 63 4
27 64 1
27 86 1
27 98 1
28 33 3
28 40 4
28 50 1
28 68 2
28 71 5
28 91 2
28 93 1
29 39 2
29 44 3
29 61 5
29 77 1
29 84 1
30 40 5
30 45 5
31 33 5
31 37 2
31 49 4
31 50 2
31 51 5
31 59 2
31 65 3
31 78 3
31 90 4
31 94 2
31 100 5
32 39 1
32 44 3
32 57 5
32 61 3
32 64 3
32 67 5
32 70 2
32 78 2
32 79 3
32 80 1
32 88 1
32 93 4
32 100 3
33 36 4
33 38 1
33 49 1
33 56 1
33 57 4
33 66 5
34 45 1
34 65 3
34 94 4
35 52 4
35 55 1
35 71 2
35 74 4
35 77 1
35 84 2
35 85 1
35 86 1
36 40 1
36 44 3
36 59 5
36 63 5
36 89 4
36 98 5
37 43 4
37 72 1
37 97 5
38 43 3
38 52 4
38 62 4
38 78 2
38 84 3
38 90 2
38 92 4
38 96 4
39 41 1
39 52 2
39 75 4
39 79 4
39 87 2
39 88 3
39 90 1
39 92 4
39 99 3
40 51 5
40 77 4
40 78 2
40 95 3
40 98 5
41 43 4
41 53 4
41 56 1
41 58 4
41 89 1
41 91 5
42 49 3
42 59 2
42 62 2
42 85 2
42 90 1
42 98 3
43 49 5
43 60 5
43 65 4
43 75 3
43 94 4
44 47 5
44 53 2
44 54 1
44 58 1
44 73 4
44 94 3
44 99 3
45 48 4
45 56 3
45 59 5
45 76 4
45 86 2
45 95 4
45 96 2
46 50 5
46 62 4
46 75 1
46 82 5
47 55 1
47 59 4
47 66 2
47 70 4
47 89 1
47 92 4
48 85 5
48 89 2
48 90 4
49 60 3
49 76 1
49 80 2
49 85 4
50 56 3
50 68 3
50 74 4
50 79 4
50 82 1
50 97 5
51 58 1
51 60 4
51 80 3
51 94 1
52 55 5
52 66 2
52 81 1
52 92 5
52 100 5
53 60 1
53 65 1
53 66 4
53 84 5
53 85 1
53 98 5
54 55 2
54 57 4
54 79 3
54 85 4
54 87 1
55 75 2
55 83 2
56 87 3
56 92 4
56 99 5
57 65 3
57 100 3
58 64 4
58 71 4
58 99 3
59 62 3
59 73 1
59 81 3
59 90 3
59 93 4
59 99 2
60 65 2
60 67 2
60 79 3
60 82 1
60 86 2
61 95 4
61 99 4
62 68 2
62 72 1
62 79 2
62 86 4
63 67 1
63 75 1
64 78 2
64 95 4
65 68 2
65 70 1
65 80 2
65 83 4
65 96 5
66 81 1
66 83 5
66 100 3
67 90 1
68 77 5
69 74 1
69 82 1
69 88 4
70 75 2
70 93 2
70 95 3
71 74 4
71 81 5
71 83 5
72 94 5
73 99 5
74 75 2
74 77 5
74 79 3
74 82 5
75 80 5
75 93 5
75 100 1
76 98 4
77 92 3
77 93 1
78 79 1
78 95 1
80 81 4
80 84 3
80 99 1
81 97 4
83 94 2
85 95 4
87 96 4
87 97 1
88 98 3
89 92 2
89 100 1
91 93 4
92 97 4
93 99 4
93 100 3
95 96 3
