50 973
1 2 45
1 3 29
1 4 28
1 5 65
1 6 79
1 7 50
1 8 31
1 9 79
1 10 40
1 11 57
1 12 24
1 14 8
1 15 58
1 16 25
1 17 32
1 18 77
1 19 57
1 20 21
1 22 74
1 24 78
1 25 35
1 27 38
1 28 67
1 29 13
1 30 77
1 31 40
1 32 45
1 33 18
1 34 57
1 35 19
1 36 9
1 38 69
1 39 70
1 40 53
1 41 43
1 42 75
1 45 25
1 47 23
1 48 41
1 49 39
1 50 3
2 3 76
2 4 61
2 5 21
2 7 58
2 8 27
2 9 7
2 10 16
2 11 63
2 13 26
2 15 40
2 17 73
2 18 46
2 19 55
2 21 53
2 22 53
2 23 32
2 24 28
2 26 64
2 27 58
2 28 54
2 29 7
2 30 7
2 32 55
2 33 13
2 34 11
2 35 19
2 36 33
2 37 34
2 39 37
2 40 45
2 41 43
2 42 27
2 44 46
2 45 7
2 48 57
2 49 69
2 50 57
3 4 35
3 5 1
3 7 10
3 9 49
3 11 20
3 12 12
3 14 77
3 15 45
3 17 75
3 19 28
3 20 45
3 22 65
3 23 43
3 24 63
3 25 9
3 26 30
3 27 67
3 28 6
3 29 53
3 30 27
3 31 70
3 33 30
3 34 62
3 35 10
3 36 26
3 37 44
3 38 47
3 39 5
3 41 69
3 42 61
3 44 74
3 45 76
3 47 42
3 48 32
3 49 2
3 50 60
4 6 76
4 7 15
4 8 59
4 9 19
4 10 32
4 11 59
4 12 39
4 14 62
4 15 65
4 16 51
4 17 39
4 18 70
4 19 65
4 20 41
4 22 62
4 23 35
4 24 9
4 25 58
4 27 63
4 28 60
4 29 76
4 30 37
4 31 10
4 33 41
4 34 8
4 36 35
4 37 68
4 38 48
4 39 58
4 40 38
4 41 8
4 44 80
4 45 5
4 46 38
4 47 12
4 48 74
4 49 69
4 50 53
5 7 1
5 10 11
5 11 3
5 12 57
5 13 23
5 14 22
5 15 73
5 16 79
5 17 74
5 18 30
5 19 25
5 20 6
5 21 1
5 22 65
5 24 11
5 27 58
5 28 2
5 29 6
5 30 29
5 31 67
5 32 69
5 33 79
5 34 4
5 35 40
5 36 37
5 37 69
5 39 16
5 41 37
5 42 53
5 43 35
5 45 68
5 46 5
5 47 60
5 48 14
5 49 28
5 50 25
6 7 14
6 8 53
6 10 62
6 11 72
6 12 2
6 13 40
6 14 71
6 15 68
6 16 67
6 17 30
6 18 63
6 19 67
6 20 42
6 22 10
6 23 52
6 24 6
6 25 31
6 26 6
6 27 9
6 28 23
6 29 78
6 30 11
6 33 37
6 35 49
6 36 54
6 37 19
6 38 64
6 39 35
6 40 25
6 42 11
6 44 47
6 45 43
6 46 32
6 47 37
6 48 16
6 50 12
7 9 53
7 10 41
7 11 23
7 12 8
7 13 1
7 14 40
7 15 8
7 16 74
7 18 64
7 19 69
7 20 12
7 21 18
7 22 80
7 23 44
7 24 11
7 25 39
7 26 37
7 27 80
7 28 58
7 30 60
7 31 15
7 32 17
7 34 22
7 35 21
7 37 25
7 38 2
7 39 32
7 40 62
7 41 55
7 42 15
7 43 39
7 44 64
7 45 77
7 46 46
7 47 46
7 49 68
7 50 54
8 9 49
8 10 77
8 12 25
8 13 38
8 14 38
8 15 62
8 16 80
8 17 78
8 18 46
8 19 11
8 20 14
8 21 21
8 23 80
8 25 54
8 27 8
8 28 65
8 29 26
8 30 7
8 31 62
8 32 38
8 34 7
8 35 27
8 36 4
8 38 64
8 39 2
8 40 48
8 41 4
8 42 5
8 43 9
8 44 49
8 46 72
8 48 26
8 49 44
8 50 57
9 11 38
9 12 37
9 13 20
9 14 62
9 15 68
9 16 46
9 17 30
9 18 23
9 20 1
9 22 63
9 24 57
9 26 13
9 27 64
9 28 61
9 29 45
9 30 33
9 31 59
9 32 42
9 34 60
9 35 30
9 36 20
9 37 60
9 40 18
9 41 13
9 42 1
9 43 31
9 44 54
9 45 53
9 46 33
9 47 74
9 48 42
9 49 11
9 50 1
10 11 42
10 13 1
10 14 7
10 15 19
10 16 40
10 18 23
10 19 35
10 23 2
10 24 32
10 25 15
10 26 18
10 27 62
10 28 33
10 29 52
10 30 57
10 31 60
10 32 49
10 34 17
10 35 46
10 36 78
10 38 66
10 39 70
10 42 49
10 43 77
10 44 49
10 45 12
10 46 3
10 47 79
10 48 14
10 50 26
11 12 53
11 14 45
11 16 28
11 17 5
11 18 64
11 19 70
11 20 54
11 21 18
11 22 75
11 23 67
11 24 8
11 25 49
11 26 49
11 29 36
11 30 53
11 31 41
11 32 15
11 33 42
11 34 30
11 36 53
11 37 16
11 38 78
11 39 78
11 40 38
11 41 28
11 43 59
11 44 79
11 45 79
11 46 43
11 47 34
11 48 31
11 49 10
12 13 78
12 14 72
12 18 5
12 19 33
12 20 9
12 21 18
12 22 63
12 23 12
12 25 14
12 27 58
12 28 16
12 29 8
12 31 6
12 33 61
12 34 23
12 35 3
12 36 6
12 38 59
12 39 34
12 40 48
12 41 1
12 42 23
12 43 62
12 44 58
12 45 77
12 47 11
12 48 22
12 49 21
12 50 50
13 14 31
13 15 75
13 16 5
13 17 69
13 18 69
13 20 76
13 21 61
13 22 51
13 24 68
13 25 41
13 28 11
13 29 15
13 30 33
13 31 13
13 32 72
13 33 3
13 34 32
13 35 30
13 36 45
13 38 67
13 40 30
13 42 53
13 44 42
13 48 10
13 49 14
13 50 30
14 15 79
14 17 50
14 18 41
14 19 50
14 20 53
14 21 40
14 22 21
14 23 7
14 24 12
14 25 62
14 26 70
14 27 65
14 28 78
14 29 34
14 30 37
14 31 36
14 32 2
14 33 40
14 34 46
14 35 24
14 36 68
14 38 2
14 39 10
14 40 22
14 41 67
14 42 54
14 43 7
14 44 75
14 45 5
14 46 52
14 47 4
14 48 80
14 49 53
14 50 69
15 16 24
15 17 40
15 19 16
15 21 23
15 22 56
15 23 54
15 24 79
15 25 23
15 26 49
15 27 4
15 28 50
15 29 32
15 30 30
15 31 12
15 32 78
15 33 79
15 35 8
15 36 7
15 37 63
15 38 28
15 39 17
15 40 60
15 41 45
15 42 19
15 43 44
15 45 66
15 46 79
15 47 68
15 49 76
15 50 76
16 18 21
16 19 59
16 20 56
16 21 70
16 24 24
16 25 42
16 26 59
16 28 48
16 30 73
16 31 58
16 32 20
16 33 59
16 34 10
16 35 56
16 36 26
16 37 38
16 38 2
16 40 67
16 42 42
16 43 57
16 44 15
16 45 67
16 46 5
16 47 80
16 48 55
16 49 52
17 18 66
17 19 2
17 20 32
17 21 8
17 22 51
17 23 58
17 24 10
17 26 61
17 27 35
17 28 19
17 29 40
17 31 18
17 32 12
17 33 19
17 34 66
17 35 14
17 36 79
17 38 74
17 40 54
17 41 68
17 42 42
17 43 40
17 44 55
17 45 53
17 48 65
17 50 18
18 19 75
18 20 66
18 21 1
18 23 43
18 26 18
18 27 59
18 28 62
18 29 69
18 30 47
18 31 27
18 32 22
18 33 58
18 34 52
18 36 6
18 37 69
18 39 5
18 41 32
18 42 50
18 43 39
18 45 40
18 46 50
18 47 61
18 48 27
18 50 65
19 20 22
19 22 23
19 23 23
19 24 60
19 25 47
19 27 25
19 28 72
19 29 25
19 31 58
19 32 49
19 34 72
19 35 38
19 36 15
19 37 63
19 39 39
19 40 14
19 41 7
19 42 72
19 43 38
19 44 30
19 45 46
19 46 33
19 48 35
19 49 39
20 21 59
20 23 35
20 24 61
20 25 36
20 27 41
20 28 66
20 30 46
20 32 25
20 33 34
20 34 74
20 35 76
20 36 54
20 38 22
20 39 21
20 40 13
20 41 76
20 44 48
20 45 49
20 46 12
20 47 76
20 48 17
20 49 51
20 50 54
21 22 33
21 23 1
21 24 44
21 25 8
21 26 70
21 27 24
21 28 15
21 30 65
21 31 75
21 33 37
21 34 41
21 35 69
21 36 12
21 37 77
21 38 76
21 40 9
21 41 5
21 43 45
21 44 59
21 45 78
21 47 19
21 48 17
21 49 56
21 50 28
22 23 79
22 24 78
22 25 2
22 26 8
22 27 41
22 28 5
22 29 45
22 30 61
22 31 32
22 32 56
22 33 70
22 34 1
22 35 63
22 36 77
22 37 46
22 38 65
22 39 74
22 40 25
22 41 21
22 42 10
22 44 61
22 45 70
22 46 17
22 47 76
22 48 15
22 49 68
22 50 60
23 24 29
23 25 74
23 27 61
23 29 15
23 30 56
23 31 51
23 32 64
23 33 78
23 34 4
23 35 67
23 36 22
23 37 46
23 38 38
23 39 41
23 42 5
23 43 33
23 44 33
23 45 52
23 46 52
23 47 28
23 49 20
24 26 76
24 27 76
24 28 23
24 29 33
24 30 36
24 31 73
24 32 53
24 33 31
24 34 2
24 35 52
24 36 69
24 37 63
24 38 50
24 39 71
24 40 42
24 41 65
24 44 56
24 45 73
24 46 46
24 49 25
24 50 42
25 26 25
25 27 72
25 29 47
25 30 61
25 31 71
25 32 51
25 33 20
25 34 9
25 35 37
25 37 64
25 38 23
25 42 35
25 43 29
25 44 5
25 46 17
25 49 24
25 50 66
26 27 34
26 28 74
26 30 72
26 31 34
26 34 51
26 35 75
26 36 28
26 37 9
26 38 37
26 40 68
26 41 27
26 42 74
26 43 29
26 44 41
26 45 23
26 46 35
26 47 61
26 48 41
26 49 17
27 28 71
27 29 50
27 30 28
27 31 29
27 32 59
27 38 44
27 39 67
27 40 32
27 41 4
27 42 12
27 43 7
27 44 40
27 45 13
27 47 50
27 48 6
27 49 74
27 50 32
28 29 33
28 30 39
28 31 44
28 32 18
28 33 50
28 35 7
28 36 34
28 38 4
28 40 65
28 41 60
28 42 77
28 43 18
28 44 47
28 45 78
28 46 50
28 47 39
28 48 58
28 49 21
29 31 26
29 32 32
29 35 53
29 36 71
29 38 10
29 39 5
29 40 41
29 42 68
29 43 57
29 44 51
29 45 54
29 46 66
29 47 70
29 49 67
29 50 75
30 31 10
30 32 58
30 33 10
30 34 42
30 35 8
30 37 69
30 38 44
30 39 5
30 40 77
30 41 51
30 42 43
30 43 28
30 44 6
30 45 9
30 46 15
30 47 35
30 48 28
30 49 26
30 50 37
31 32 34
31 34 6
31 35 51
31 36 44
31 37 65
31 38 70
31 39 76
31 40 10
31 41 3
31 42 54
31 43 38
31 44 41
31 46 30
31 47 71
31 49 79
31 50 74
32 33 73
32 35 52
32 36 79
32 37 8
32 38 5
32 39 52
32 40 46
32 41 44
32 42 5
32 43 73
32 44 33
32 45 27
32 46 39
32 47 70
32 48 19
32 49 3
32 50 76
33 34 17
33 35 26
33 37 73
33 38 20
33 39 73
33 41 70
33 42 9
33 44 49
33 45 32
33 46 3
33 47 14
33 48 12
33 49 60
33 50 55
34 35 80
34 36 73
34 38 24
34 39 30
34 40 2
34 41 77
34 42 32
34 43 12
34 44 58
34 46 49
34 47 39
34 48 42
34 49 34
34 50 53
35 36 49
35 40 13
35 42 68
35 43 78
35 44 40
35 45 4
35 46 71
35 47 56
35 48 26
36 38 72
36 40 2
36 44 37
36 45 5
36 48 73
36 49 31
36 50 20
37 38 55
37 39 14
37 40 23
37 41 68
37 43 69
37 44 21
37 45 73
37 49 45
38 39 19
38 40 45
38 42 3
38 43 71
38 44 48
38 45 40
38 47 43
38 48 51
38 49 23
38 50 69
39 40 30
39 41 40
39 43 29
39 44 72
39 45 69
39 46 49
39 50 14
40 41 39
40 42 64
40 44 76
40 45 51
40 46 11
40 47 15
40 48 15
41 42 72
41 43 40
41 44 50
41 45 27
41 47 5
41 48 22
41 49 75
42 43 7
42 44 64
42 45 67
42 46 74
42 47 31
42 48 58
42 49 66
42 50 63
43 44 50
43 45 1
43 46 25
43 47 5
43 48 75
43 49 43
44 46 35
44 48 55
44 49 49
44 50 65
45 46 7
45 47 36
45 48 39
46 47 47
46 48 27
47 48 25
47 50 52
48 49 19
48 50 33
