400 8131
1 2 156
1 3 35
1 4 71
1 12 65
1 25 32
1 39 16
1 42 20
1 48 96
1 60 76
1 81 142
1 85 8
1 91 99
1 101 55
1 110 135
1 149 77
1 150 86
1 155 58
1 156 65
1 160 141
1 181 100
1 182 130
1 194 56
1 196 80
1 199 59
1 225 110
1 262 137
1 271 89
1 300 109
1 305 54
1 322 20
1 336 32
1 340 49
1 368 80
1 370 27
1 372 110
1 390 77
1 395 10
2 7 44
2 55 62
2 57 154
2 58 94
2 69 86
2 77 5
2 86 149
2 94 29
2 95 140
2 113 155
2 118 118
2 121 119
2 124 127
2 130 114
2 141 10
2 151 95
2 156 30
2 157 14
2 164 19
2 178 55
2 192 53
2 208 50
2 215 89
2 223 91
2 230 146
2 255 81
2 284 159
2 289 17
2 303 7
2 304 132
2 312 120
2 319 40
2 321 89
2 322 122
2 329 83
2 352 96
2 357 32
2 361 86
2 364 132
2 376 23
2 378 72
2 379 79
2 381 147
2 383 35
2 386 64
2 395 56
3 9 86
3 14 67
3 19 123
3 20 16
3 24 7
3 45 12
3 53 23
3 72 47
3 73 120
3 81 1
3 114 120
3 115 92
3 142 106
3 151 107
3 166 75
3 193 159
3 199 43
3 203 125
3 206 99
3 214 17
3 222 114
3 229 95
3 237 32
3 242 111
3 267 43
3 275 100
3 277 95
3 280 118
3 282 48
3 285 135
3 287 131
3 300 21
3 308 65
3 318 153
3 343 91
3 349 28
3 351 53
3 356 99
3 359 77
3 366 153
3 378 63
3 384 27
4 16 6
4 30 52
4 41 58
4 50 133
4 51 151
4 52 35
4 55 52
4 62 57
4 70 47
4 110 114
4 114 16
4 117 117
4 122 51
4 127 127
4 131 153
4 135 124
4 150 115
4 151 130
4 155 76
4 172 129
4 176 104
4 190 107
4 192 34
4 200 45
4 209 87
4 222 101
4 240 53
4 242 41
4 265 14
4 269 88
4 274 105
4 283 116
4 291 31
4 303 61
4 305 156
4 315 53
4 322 150
4 328 5
4 337 26
4 358 79
5 8 59
5 14 141
5 20 138
5 25 57
5 36 95
5 78 85
5 83 20
5 90 37
5 95 114
5 97 44
5 107 57
5 109 43
5 112 53
5 118 121
5 134 12
5 141 124
5 146 146
5 159 116
5 170 45
5 182 29
5 183 125
5 211 15
5 217 84
5 221 130
5 225 100
5 227 24
5 230 48
5 247 99
5 253 55
5 254 129
5 266 157
5 273 50
5 275 131
5 290 64
5 292 55
5 293 110
5 302 105
5 313 145
5 332 81
5 348 48
5 350 12
5 351 126
5 352 127
5 361 86
5 364 88
5 373 30
5 376 63
5 393 141
5 394 79
6 8 33
6 28 118
6 50 21
6 51 70
6 53 141
6 54 18
6 61 107
6 75 47
6 88 46
6 91 121
6 92 11
6 94 22
6 104 96
6 109 31
6 115 140
6 118 55
6 123 24
6 125 13
6 137 57
6 142 113
6 147 77
6 150 125
6 152 89
6 163 143
6 168 98
6 183 138
6 193 23
6 221 49
6 224 1
6 225 99
6 243 141
6 245 46
6 247 52
6 264 21
6 265 36
6 280 139
6 282 69
6 284 56
6 308 41
6 313 20
6 314 65
6 324 117
6 336 24
6 338 40
6 357 7
6 363 73
6 365 39
6 376 33
6 396 157
6 398 21
6 399 110
7 37 56
7 62 51
7 80 67
7 87 85
7 90 100
7 101 3
7 116 19
7 120 6
7 126 11
7 131 126
7 136 69
7 151 113
7 159 80
7 167 1
7 171 74
7 187 67
7 191 130
7 199 10
7 209 59
7 212 69
7 213 110
7 217 119
7 218 148
7 225 102
7 250 12
7 260 8
7 262 19
7 267 151
7 268 150
7 271 159
7 278 67
7 285 49
7 286 142
7 295 42
7 300 87
7 306 40
7 315 31
7 324 144
7 331 110
7 333 58
7 358 67
7 360 27
7 376 46
7 377 131
7 383 81
7 384 68
7 391 39
7 393 92
7 400 20
8 12 31
8 13 36
8 32 78
8 36 66
8 45 67
8 50 91
8 66 48
8 73 64
8 75 147
8 93 109
8 101 56
8 106 144
8 110 82
8 118 71
8 139 25
8 143 35
8 149 29
8 153 80
8 176 7
8 179 141
8 181 79
8 191 159
8 227 153
8 244 119
8 247 34
8 250 9
8 253 94
8 288 14
8 289 118
8 290 58
8 296 136
8 303 1
8 312 35
8 315 137
8 327 134
8 336 115
8 351 87
8 360 98
8 369 97
8 379 130
8 385 79
8 396 146
9 29 127
9 32 49
9 39 116
9 48 137
9 63 123
9 70 40
9 76 151
9 77 67
9 93 123
9 102 36
9 108 158
9 118 134
9 123 139
9 130 36
9 167 41
9 168 72
9 176 146
9 184 127
9 191 36
9 220 130
9 222 112
9 228 10
9 231 103
9 241 4
9 258 103
9 263 14
9 286 5
9 291 150
9 311 12
9 313 12
9 325 57
9 349 4
9 368 96
9 374 19
9 379 153
9 387 136
9 392 48
9 398 65
10 28 124
10 29 77
10 32 127
10 36 57
10 58 8
10 61 32
10 65 37
10 89 98
10 135 37
10 143 123
10 156 118
10 160 36
10 161 146
10 163 108
10 169 139
10 175 144
10 184 5
10 207 114
10 217 59
10 218 153
10 222 145
10 236 137
10 238 140
10 242 58
10 250 142
10 266 100
10 270 127
10 271 148
10 276 87
10 281 33
10 291 49
10 297 21
10 304 143
10 305 133
10 307 78
10 308 33
10 334 52
10 345 138
10 347 122
10 363 144
11 28 23
11 66 3
11 78 74
11 80 148
11 103 157
11 120 86
11 123 10
11 126 86
11 131 118
11 143 65
11 153 9
11 173 160
11 174 145
11 179 132
11 202 32
11 208 65
11 212 145
11 221 26
11 237 125
11 242 136
11 247 159
11 259 51
11 272 91
11 279 125
11 288 47
11 298 144
11 314 28
11 326 58
11 336 4
11 338 92
11 373 66
11 393 16
11 397 36
12 68 76
12 78 102
12 92 40
12 96 109
12 110 94
12 113 120
12 121 86
12 141 64
12 143 97
12 153 74
12 159 99
12 165 144
12 167 58
12 178 51
12 204 32
12 211 89
12 218 34
12 228 80
12 229 112
12 230 88
12 243 1
12 259 69
12 261 121
12 264 133
12 268 75
12 272 107
12 273 52
12 298 126
12 305 9
12 307 148
12 310 80
12 315 47
12 335 153
12 337 57
12 362 91
12 364 121
12 371 93
12 381 133
12 390 45
13 21 139
13 27 97
13 29 118
13 34 96
13 40 109
13 41 44
13 48 151
13 73 145
13 74 96
13 76 82
13 79 87
13 94 86
13 96 13
13 100 132
13 102 94
13 105 158
13 106 157
13 133 57
13 142 139
13 143 78
13 167 45
13 178 118
13 190 109
13 203 105
13 205 82
13 219 14
13 226 136
13 227 28
13 249 3
13 265 81
13 268 83
13 278 51
13 290 53
13 307 133
13 308 153
13 314 149
13 335 92
13 339 155
13 362 69
13 375 147
13 377 65
14 49 57
14 50 101
14 75 152
14 82 143
14 89 103
14 90 30
14 92 85
14 110 56
14 142 94
14 149 77
14 154 139
14 167 57
14 169 61
14 178 160
14 185 88
14 186 51
14 200 113
14 202 59
14 205 82
14 220 73
14 231 53
14 238 102
14 241 102
14 252 113
14 287 138
14 290 94
14 300 69
14 322 54
14 323 31
14 326 65
14 331 113
14 340 63
14 357 153
14 374 92
14 382 11
14 399 148
15 19 124
15 36 103
15 37 64
15 51 119
15 57 62
15 81 92
15 89 4
15 104 43
15 105 27
15 131 40
15 137 103
15 140 126
15 162 59
15 184 15
15 199 155
15 227 129
15 233 83
15 271 118
15 274 147
15 281 51
15 295 101
15 308 147
15 313 97
15 317 59
15 331 89
15 346 34
15 347 153
15 377 27
15 382 131
15 386 110
15 396 128
16 21 138
16 32 123
16 35 138
16 38 69
16 42 147
16 43 40
16 49 88
16 50 158
16 54 28
16 55 103
16 67 67
16 71 125
16 80 141
16 102 127
16 107 152
16 109 65
16 114 152
16 118 145
16 131 125
16 149 99
16 156 100
16 167 122
16 175 3
16 177 150
16 178 77
16 180 94
16 190 151
16 194 4
16 195 75
16 197 52
16 214 56
16 239 114
16 242 14
16 264 16
16 269 160
16 271 124
16 276 96
16 284 24
16 293 131
16 301 108
16 302 126
16 303 149
16 312 28
16 320 156
16 331 143
16 346 57
16 356 17
16 357 41
16 383 17
17 18 159
17 30 132
17 33 57
17 47 131
17 48 73
17 52 80
17 55 144
17 57 84
17 74 112
17 87 98
17 89 34
17 99 145
17 101 91
17 110 55
17 114 109
17 127 131
17 137 1
17 141 118
17 142 137
17 144 111
17 150 119
17 151 110
17 154 78
17 161 114
17 180 27
17 200 122
17 203 32
17 214 76
17 245 99
17 247 41
17 249 41
17 255 120
17 268 115
17 269 83
17 273 47
17 305 137
17 306 65
17 307 12
17 316 3
17 329 114
17 336 144
17 340 115
17 359 97
17 379 49
17 398 109
18 19 47
18 24 10
18 28 87
18 40 137
18 51 157
18 53 24
18 71 103
18 77 113
18 86 118
18 102 60
18 109 30
18 160 49
18 165 51
18 192 35
18 209 104
18 211 13
18 222 60
18 247 11
18 252 145
18 254 159
18 272 78
18 273 99
18 276 146
18 284 17
18 295 108
18 307 31
18 338 77
18 355 81
18 366 137
18 367 70
18 381 110
18 383 133
19 36 117
19 49 43
19 55 157
19 57 36
19 58 113
19 65 133
19 74 12
19 75 93
19 80 79
19 85 42
19 86 32
19 96 52
19 109 64
19 117 79
19 138 45
19 143 68
19 144 88
19 145 139
19 148 72
19 150 1
19 156 59
19 163 156
19 168 55
19 181 98
19 194 80
19 199 91
19 218 104
19 219 60
19 223 76
19 253 147
19 256 2
19 260 115
19 271 114
19 280 21
19 282 17
19 283 127
19 289 59
19 291 24
19 302 71
19 312 4
19 321 124
19 331 40
19 337 15
19 341 80
19 375 34
19 383 127
19 390 35
19 392 138
20 29 10
20 40 70
20 42 154
20 46 53
20 50 44
20 58 106
20 82 63
20 103 125
20 110 71
20 149 70
20 152 39
20 154 29
20 177 72
20 179 19
20 180 127
20 188 49
20 197 30
20 199 61
20 206 49
20 207 121
20 209 53
20 224 131
20 231 147
20 234 86
20 243 23
20 249 112
20 252 63
20 273 136
20 278 77
20 282 85
20 292 46
20 312 111
20 341 69
20 367 123
21 26 138
21 28 130
21 29 111
21 55 94
21 70 31
21 74 14
21 86 47
21 88 55
21 93 128
21 105 154
21 136 128
21 144 12
21 153 160
21 156 84
21 159 24
21 173 84
21 175 67
21 190 118
21 193 24
21 194 86
21 202 16
21 206 92
21 212 63
21 240 96
21 256 66
21 274 36
21 277 152
21 284 121
21 303 99
21 311 46
21 315 94
21 322 8
21 325 135
21 332 141
21 349 66
21 354 33
21 358 10
21 364 145
21 371 29
21 373 103
21 376 51
21 377 96
21 379 79
21 399 94
22 26 29
22 37 6
22 51 127
22 57 52
22 58 32
22 65 78
22 66 154
22 72 102
22 95 116
22 99 67
22 113 98
22 136 3
22 154 23
22 164 88
22 165 132
22 172 4
22 183 12
22 184 120
22 200 36
22 203 139
22 216 114
22 225 74
22 238 80
22 245 33
22 248 90
22 270 106
22 290 35
22 298 12
22 300 140
22 305 60
22 325 32
22 341 130
22 354 98
22 355 52
22 360 136
22 377 58
22 387 151
22 393 17
22 396 110
23 41 110
23 47 13
23 49 148
23 53 80
23 55 45
23 60 149
23 67 93
23 84 129
23 86 119
23 97 56
23 98 102
23 106 87
23 108 144
23 119 53
23 120 58
23 126 16
23 130 139
23 134 78
23 147 28
23 155 99
23 156 38
23 160 21
23 176 116
23 178 101
23 181 92
23 191 62
23 194 59
23 198 153
23 202 148
23 206 33
23 207 108
23 223 20
23 234 51
23 240 42
23 244 109
23 256 131
23 260 94
23 275 101
23 279 128
23 284 92
23 286 120
23 294 55
23 304 59
23 309 50
23 327 45
23 333 140
23 355 120
23 359 153
23 379 40
23 381 15
24 47 104
24 52 62
24 59 132
24 62 105
24 65 120
24 68 125
24 80 106
24 83 85
24 90 52
24 103 26
24 113 33
24 134 127
24 138 102
24 163 44
24 172 144
24 182 7
24 189 100
24 191 21
24 197 150
24 211 136
24 217 36
24 224 95
24 233 14
24 238 18
24 248 110
24 268 63
24 284 87
24 295 139
24 321 148
24 325 96
24 352 93
24 358 138
24 362 9
24 379 1
24 382 160
24 383 7
24 390 89
24 391 27
25 44 152
25 59 52
25 84 3
25 85 2
25 97 34
25 118 28
25 122 41
25 128 138
25 138 11
25 149 39
25 161 80
25 163 79
25 176 33
25 180 69
25 185 94
25 198 47
25 204 65
25 245 69
25 255 63
25 282 151
25 296 17
25 301 91
25 307 115
25 313 71
25 315 138
25 318 104
25 330 41
25 363 87
25 366 20
26 51 9
26 71 118
26 78 157
26 111 74
26 125 151
26 136 22
26 161 152
26 165 60
26 184 132
26 185 102
26 188 48
26 194 47
26 220 137
26 239 86
26 240 30
26 241 75
26 244 134
26 246 126
26 252 155
26 257 74
26 275 30
26 289 159
26 301 84
26 312 92
26 313 15
26 323 4
26 332 31
26 353 147
26 360 69
26 386 15
26 393 4
26 400 143
27 30 3
27 40 83
27 58 123
27 71 158
27 77 94
27 85 59
27 99 2
27 105 82
27 110 118
27 127 114
27 153 140
27 156 90
27 179 151
27 187 48
27 188 17
27 193 127
27 206 50
27 222 51
27 227 20
27 229 129
27 241 98
27 251 135
27 259 46
27 260 29
27 269 156
27 272 56
27 273 155
27 299 53
27 305 135
27 309 133
27 313 21
27 327 115
27 343 88
27 346 129
27 354 21
27 393 94
28 37 75
28 40 130
28 41 55
28 46 47
28 65 48
28 95 11
28 106 27
28 124 1
28 126 85
28 131 105
28 149 35
28 182 52
28 187 52
28 200 80
28 206 155
28 213 5
28 223 88
28 240 38
28 258 137
28 262 30
28 267 65
28 282 42
28 299 97
28 303 63
28 308 4
28 312 83
28 317 36
28 334 19
28 349 95
28 351 30
28 359 110
28 368 49
28 372 85
28 384 147
28 385 49
28 388 11
28 389 27
28 395 41
29 34 93
29 39 43
29 40 155
29 67 115
29 74 11
29 94 121
29 111 57
29 116 31
29 119 121
29 125 78
29 142 156
29 150 46
29 172 98
29 176 131
29 177 144
29 187 73
29 191 80
29 197 38
29 202 83
29 206 117
29 209 114
29 212 134
29 220 101
29 238 83
29 253 106
29 254 48
29 258 16
29 260 130
29 273 80
29 277 125
29 282 34
29 296 13
29 298 37
29 326 3
29 334 122
29 345 11
29 347 155
29 352 66
29 355 110
29 375 35
29 393 60
29 397 147
30 33 51
30 77 117
30 93 42
30 100 151
30 102 103
30 105 155
30 106 3
30 108 38
30 155 47
30 158 86
30 163 49
30 173 134
30 182 119
30 194 26
30 225 30
30 230 47
30 250 130
30 262 138
30 275 86
30 280 75
30 289 96
30 299 142
30 300 100
30 310 123
30 323 46
30 337 47
30 348 105
30 357 114
30 359 28
30 373 55
30 383 1
31 38 125
31 45 108
31 52 87
31 54 137
31 57 145
31 74 33
31 76 59
31 82 117
31 89 96
31 90 7
31 112 129
31 113 66
31 114 123
31 121 103
31 127 126
31 129 153
31 139 147
31 143 38
31 150 31
31 169 51
31 181 87
31 187 9
31 190 9
31 212 36
31 222 5
31 228 109
31 239 89
31 250 28
31 256 78
31 260 1
31 261 56
31 272 64
31 279 95
31 292 149
31 296 140
31 301 81
31 304 115
31 317 122
31 333 128
31 342 151
31 346 27
31 348 91
31 349 139
31 365 83
31 370 138
31 371 71
31 393 94
32 35 54
32 47 152
32 54 113
32 57 53
32 65 62
32 83 21
32 99 64
32 129 91
32 137 110
32 146 66
32 180 80
32 191 80
32 214 154
32 224 35
32 237 86
32 246 14
32 260 95
32 301 132
32 317 120
32 350 89
32 372 158
32 374 25
32 376 158
32 380 90
32 381 139
32 383 11
32 384 31
33 52 79
33 69 90
33 82 122
33 83 7
33 86 85
33 103 98
33 106 120
33 111 147
33 115 158
33 125 8
33 128 14
33 134 29
33 155 35
33 182 141
33 185 67
33 190 56
33 201 160
33 226 3
33 230 78
33 237 49
33 258 28
33 268 144
33 271 96
33 326 75
33 339 67
33 350 44
33 368 36
33 374 31
33 393 24
34 68 147
34 71 131
34 72 38
34 95 67
34 131 113
34 133 134
34 137 132
34 140 139
34 151 129
34 152 93
34 161 25
34 162 40
34 166 104
34 167 52
34 192 44
34 195 159
34 199 81
34 205 133
34 224 7
34 229 38
34 246 98
34 274 133
34 281 154
34 299 135
34 304 87
34 305 69
34 321 160
34 325 70
34 333 8
34 350 107
34 355 22
34 364 24
34 370 45
34 379 96
34 386 115
34 393 38
35 55 77
35 63 100
35 69 88
35 109 82
35 127 46
35 148 125
35 153 125
35 154 21
35 175 155
35 181 7
35 194 47
35 208 79
35 221 104
35 227 4
35 230 94
35 234 136
35 245 125
35 246 153
35 247 143
35 249 13
35 262 50
35 265 69
35 266 12
35 267 144
35 286 157
35 306 7
35 318 154
35 372 123
35 373 33
35 374 141
35 394 152
35 398 32
36 38 92
36 51 33
36 79 145
36 105 106
36 113 90
36 124 59
36 130 77
36 143 122
36 146 103
36 148 28
36 151 103
36 152 89
36 161 112
36 165 7
36 184 124
36 201 135
36 225 85
36 235 111
36 266 27
36 288 128
36 293 31
36 297 136
36 320 137
36 322 15
36 324 128
36 345 21
36 353 106
36 358 132
36 374 19
36 377 95
36 399 96
37 44 46
37 50 142
37 51 101
37 62 2
37 72 99
37 73 26
37 76 9
37 101 160
37 138 27
37 154 11
37 181 28
37 198 36
37 218 112
37 221 139
37 231 116
37 233 60
37 248 96
37 250 87
37 263 103
37 267 149
37 275 26
37 276 75
37 278 77
37 282 93
37 284 100
37 288 5
37 306 15
37 341 47
37 383 116
37 387 117
38 47 61
38 48 108
38 52 142
38 53 136
38 57 49
38 64 61
38 67 2
38 68 69
38 69 49
38 72 122
38 73 90
38 81 94
38 88 20
38 108 139
38 109 6
38 112 38
38 131 114
38 133 41
38 154 142
38 155 101
38 156 133
38 157 158
38 170 112
38 177 148
38 193 78
38 207 127
38 223 75
38 235 10
38 241 14
38 242 4
38 252 19
38 254 10
38 264 128
38 270 109
38 287 111
38 290 79
38 296 155
38 301 17
38 310 93
38 316 151
38 324 4
38 330 123
38 335 100
38 363 156
38 370 150
38 385 24
38 397 19
38 399 75
39 41 131
39 43 27
39 50 65
39 73 108
39 74 66
39 90 50
39 117 116
39 122 58
39 125 126
39 129 116
39 138 59
39 144 41
39 152 96
39 183 145
39 204 135
39 205 72
39 208 36
39 215 19
39 238 41
39 251 88
39 260 40
39 261 11
39 262 146
39 265 1
39 286 135
39 297 74
39 309 112
39 319 67
39 323 45
39 347 8
39 354 85
40 43 42
40 44 37
40 53 151
40 58 94
40 61 140
40 68 77
40 70 151
40 76 7
40 85 153
40 89 34
40 120 19
40 137 18
40 140 156
40 149 23
40 161 19
40 170 61
40 181 133
40 217 153
40 218 78
40 225 153
40 238 13
40 246 129
40 258 35
40 274 51
40 302 52
40 321 5
40 380 10
40 385 110
41 59 9
41 70 155
41 75 126
41 80 141
41 94 67
41 121 142
41 124 129
41 132 125
41 141 68
41 151 67
41 168 77
41 175 110
41 180 115
41 181 1
41 185 139
41 188 33
41 190 7
41 195 93
41 199 137
41 218 64
41 227 26
41 231 22
41 232 87
41 236 14
41 241 100
41 255 115
41 258 112
41 260 80
41 270 9
41 278 60
41 285 78
41 315 46
41 317 145
41 334 14
41 336 23
41 350 124
41 363 52
41 374 26
41 387 153
41 388 103
41 398 28
42 45 145
42 46 87
42 52 53
42 58 112
42 71 58
42 74 18
42 80 78
42 87 72
42 91 145
42 95 131
42 101 147
42 116 115
42 139 83
42 141 31
42 155 13
42 168 67
42 183 96
42 184 76
42 212 33
42 218 150
42 228 152
42 232 28
42 247 129
42 262 29
42 263 146
42 285 3
42 293 55
42 295 66
42 316 61
42 317 111
42 348 42
42 349 28
42 353 24
42 368 145
43 54 110
43 74 82
43 76 134
43 77 87
43 82 72
43 89 66
43 91 126
43 93 51
43 121 58
43 129 95
43 153 48
43 158 32
43 169 40
43 186 32
43 193 125
43 199 145
43 217 42
43 236 84
43 238 93
43 258 30
43 260 14
43 299 17
43 321 145
43 323 159
43 324 106
43 342 118
43 347 146
43 352 24
43 359 118
43 365 147
43 367 147
43 371 104
43 378 100
44 52 41
44 55 30
44 59 97
44 66 31
44 75 42
44 78 54
44 82 13
44 102 128
44 114 86
44 116 139
44 133 79
44 135 127
44 143 3
44 147 30
44 160 109
44 177 140
44 179 106
44 181 134
44 182 98
44 200 8
44 206 21
44 215 121
44 220 1
44 237 73
44 241 34
44 250 22
44 252 120
44 273 133
44 281 6
44 295 134
44 296 76
44 298 34
44 299 107
44 313 105
44 340 104
44 341 140
44 347 1
44 353 17
44 369 4
44 379 148
44 380 84
44 384 53
44 385 69
44 395 129
45 46 118
45 56 124
45 58 5
45 83 149
45 86 55
45 95 2
45 125 58
45 172 70
45 185 15
45 212 153
45 218 30
45 237 96
45 258 137
45 262 47
45 276 150
45 312 48
45 330 52
45 335 55
45 358 81
45 363 150
45 368 19
45 386 83
45 396 9
46 50 134
46 58 135
46 64 9
46 67 90
46 70 140
46 71 73
46 80 92
46 82 78
46 109 126
46 119 132
46 120 11
46 131 100
46 132 102
46 145 109
46 150 74
46 151 140
46 159 66
46 168 37
46 179 87
46 181 7
46 202 133
46 209 66
46 224 4
46 227 152
46 229 19
46 234 19
46 241 1
46 253 38
46 274 55
46 300 103
46 304 35
46 306 125
46 312 30
46 313 53
46 316 69
46 319 33
46 340 155
46 347 15
46 348 23
46 383 29
46 386 150
46 392 75
46 393 150
46 400 55
47 52 125
47 56 19
47 58 9
47 62 143
47 72 110
47 91 137
47 92 59
47 101 121
47 102 35
47 107 33
47 121 56
47 135 54
47 144 32
47 159 133
47 169 147
47 189 159
47 195 128
47 220 105
47 226 159
47 229 127
47 232 23
47 240 16
47 264 48
47 266 65
47 275 71
47 279 158
47 283 124
47 297 55
47 300 18
47 311 80
47 338 52
47 346 90
47 362 28
47 385 11
47 386 115
48 68 42
48 100 47
48 103 26
48 105 102
48 108 118
48 110 63
48 112 25
48 121 124
48 144 30
48 146 98
48 147 132
48 151 59
48 166 5
48 178 105
48 201 132
48 209 148
48 216 31
48 221 93
48 252 107
48 259 52
48 261 78
48 267 128
48 268 36
48 275 68
48 287 102
48 342 133
48 360 103
48 365 99
48 366 85
48 375 133
48 383 29
48 390 7
48 392 152
48 397 96
49 58 156
49 65 157
49 69 49
49 76 157
49 81 154
49 82 40
49 89 124
49 98 98
49 99 22
49 109 82
49 111 50
49 130 105
49 131 49
49 150 68
49 163 7
49 167 144
49 173 16
49 182 44
49 184 30
49 195 112
49 207 117
49 215 31
49 218 47
49 237 52
49 246 46
49 247 125
49 251 38
49 253 136
49 256 103
49 263 35
49 267 16
49 305 1
49 307 8
49 309 84
49 324 117
49 326 96
49 331 26
49 337 37
49 347 8
49 350 57
49 357 108
49 368 147
49 372 14
49 382 88
49 388 137
49 399 69
50 61 58
50 68 136
50 69 82
50 73 43
50 75 66
50 81 85
50 85 94
50 87 41
50 102 20
50 108 157
50 135 5
50 160 114
50 164 76
50 166 159
50 174 121
50 223 103
50 226 101
50 235 77
50 243 124
50 245 3
50 256 95
50 271 127
50 281 46
50 298 75
50 309 60
50 313 120
50 329 27
50 339 44
50 349 64
50 355 20
50 367 114
50 379 32
50 383 20
51 52 117
51 61 32
51 68 123
51 77 4
51 84 51
51 107 61
51 111 114
51 116 72
51 130 61
51 152 62
51 159 17
51 164 61
51 169 15
51 179 10
51 183 129
51 187 122
51 190 118
51 207 85
51 226 54
51 238 15
51 245 16
51 250 73
51 264 72
51 270 150
51 271 49
51 273 70
51 277 160
51 278 70
51 301 100
51 305 112
51 311 97
51 316 16
51 318 41
51 319 121
51 325 82
51 332 126
51 333 22
51 340 22
51 341 124
51 344 123
51 345 95
51 356 95
51 384 30
51 386 118
51 392 105
52 54 107
52 58 149
52 68 82
52 87 63
52 93 51
52 109 32
52 118 57
52 131 121
52 142 153
52 144 6
52 148 127
52 158 128
52 163 154
52 165 99
52 168 67
52 178 21
52 183 104
52 188 102
52 194 75
52 221 156
52 238 113
52 264 74
52 265 132
52 288 37
52 294 53
52 307 95
52 319 36
52 327 84
52 345 26
52 359 40
52 371 90
52 374 105
52 399 62
53 55 125
53 68 33
53 79 136
53 92 92
53 95 57
53 115 114
53 117 156
53 147 53
53 155 139
53 167 105
53 196 117
53 205 47
53 215 127
53 225 87
53 231 139
53 257 127
53 263 84
53 301 136
53 307 125
53 313 134
53 314 121
53 318 132
53 327 149
53 333 114
53 374 148
53 375 98
53 380 151
53 384 100
53 385 140
53 397 117
54 72 145
54 74 16
54 78 2
54 92 19
54 93 41
54 98 101
54 109 138
54 115 103
54 120 155
54 121 150
54 159 101
54 178 70
54 187 48
54 189 147
54 198 66
54 200 81
54 203 151
54 227 145
54 260 72
54 266 132
54 268 53
54 299 144
54 306 109
54 308 83
54 312 60
54 315 72
54 342 87
54 350 151
54 353 26
54 357 41
54 365 56
54 379 159
54 396 30
55 71 11
55 81 58
55 96 90
55 97 49
55 98 39
55 107 27
55 126 23
55 130 38
55 131 36
55 144 121
55 146 23
55 147 62
55 148 142
55 160 118
55 167 86
55 170 14
55 194 29
55 197 48
55 210 114
55 214 21
55 229 66
55 230 22
55 234 129
55 246 34
55 247 118
55 251 6
55 273 117
55 281 50
55 284 20
55 285 12
55 286 65
55 295 159
55 308 104
55 313 35
55 323 114
55 324 124
55 327 20
55 343 40
55 365 25
55 369 29
55 374 12
56 73 28
56 79 138
56 83 59
56 130 75
56 138 70
56 149 38
56 157 121
56 172 9
56 175 32
56 178 143
56 198 111
56 201 147
56 203 151
56 204 120
56 210 7
56 212 115
56 238 69
56 249 116
56 265 9
56 278 80
56 281 146
56 282 54
56 284 21
56 300 122
56 332 117
56 333 104
56 336 147
56 347 64
56 368 97
56 384 140
56 390 100
57 60 37
57 69 124
57 71 42
57 75 139
57 78 87
57 94 126
57 98 159
57 101 21
57 111 80
57 113 21
57 118 79
57 146 37
57 161 3
57 164 150
57 174 129
57 183 48
57 199 70
57 215 53
57 232 118
57 240 4
57 249 56
57 250 145
57 265 143
57 306 44
57 340 54
57 341 77
57 342 140
57 345 153
57 352 15
57 362 118
57 363 114
57 367 108
57 387 96
57 389 19
57 393 20
58 67 97
58 72 4
58 79 86
58 91 75
58 102 75
58 129 55
58 143 4
58 155 128
58 169 17
58 176 28
58 178 132
58 187 75
58 194 66
58 211 78
58 212 139
58 216 28
58 228 52
58 236 104
58 239 133
58 246 20
58 250 153
58 260 119
58 264 147
58 276 97
58 283 19
58 304 149
58 307 93
58 312 27
58 315 1
58 326 148
58 331 20
58 335 23
58 340 33
58 343 48
58 344 141
58 347 19
58 349 95
58 356 132
58 357 77
58 367 105
58 386 92
58 397 54
59 68 118
59 82 1
59 90 33
59 99 117
59 102 118
59 110 121
59 145 44
59 151 150
59 159 8
59 161 122
59 163 122
59 166 37
59 171 119
59 174 53
59 178 97
59 190 93
59 197 85
59 199 112
59 204 108
59 219 110
59 228 40
59 231 99
59 234 61
59 236 143
59 241 56
59 244 117
59 259 23
59 285 34
59 292 21
59 306 54
59 309 56
59 319 104
59 324 58
59 327 90
59 329 132
59 339 14
59 347 79
59 350 133
59 361 120
59 382 77
59 400 82
60 72 11
60 76 158
60 97 156
60 100 154
60 112 23
60 115 10
60 118 120
60 120 145
60 121 151
60 131 56
60 133 63
60 141 119
60 155 156
60 158 49
60 161 149
60 172 2
60 188 97
60 207 130
60 211 147
60 215 17
60 219 119
60 220 86
60 224 143
60 235 41
60 239 6
60 252 26
60 255 3
60 265 70
60 267 57
60 268 147
60 282 100
60 284 10
60 286 55
60 287 64
60 288 77
60 291 75
60 295 34
60 312 137
60 320 84
60 391 126
61 62 126
61 66 24
61 72 61
61 76 146
61 86 154
61 89 82
61 93 94
61 96 12
61 100 151
61 126 154
61 139 70
61 152 50
61 161 154
61 175 134
61 181 61
61 189 12
61 218 53
61 221 52
61 224 152
61 233 34
61 264 107
61 269 154
61 280 118
61 314 110
61 321 137
61 334 105
61 346 95
61 363 117
61 400 45
62 73 95
62 75 107
62 88 57
62 108 18
62 131 48
62 132 127
62 135 110
62 179 85
62 183 158
62 203 18
62 204 151
62 219 31
62 232 156
62 236 123
62 277 33
62 281 91
62 290 4
62 310 103
62 326 60
62 329 25
62 333 86
62 350 52
62 351 9
62 381 138
63 68 20
63 73 154
63 88 148
63 92 28
63 152 62
63 154 65
63 167 126
63 172 100
63 174 125
63 190 81
63 197 24
63 212 56
63 213 86
63 237 156
63 299 143
63 337 57
63 341 38
63 356 79
63 365 159
63 373 152
63 384 91
63 385 102
63 391 144
63 399 103
64 73 111
64 81 72
64 83 96
64 87 18
64 115 50
64 128 80
64 130 29
64 150 11
64 188 81
64 201 19
64 219 22
64 224 122
64 236 26
64 241 117
64 261 149
64 274 35
64 282 98
64 297 153
64 302 21
64 310 131
64 311 147
64 317 73
64 326 156
64 329 108
64 339 24
64 348 153
64 359 35
64 364 92
64 370 10
64 371 157
64 378 124
64 398 140
65 68 155
65 72 112
65 76 150
65 102 123
65 107 133
65 112 89
65 127 95
65 134 128
65 149 12
65 155 121
65 165 13
65 175 133
65 182 16
65 197 63
65 211 151
65 218 25
65 219 129
65 220 154
65 221 147
65 231 120
65 232 29
65 251 14
65 257 25
65 274 28
65 281 3
65 283 76
65 291 30
65 294 68
65 297 150
65 310 67
65 312 61
65 313 3
65 320 156
65 334 29
65 335 48
65 338 126
65 340 59
65 356 106
65 364 139
65 373 150
65 375 126
65 376 149
65 380 152
65 387 137
65 395 140
66 87 111
66 89 76
66 98 95
66 138 51
66 140 88
66 152 123
66 155 138
66 156 137
66 191 80
66 196 117
66 219 109
66 231 27
66 252 21
66 255 137
66 273 66
66 277 152
66 285 47
66 290 87
66 295 66
66 304 113
66 307 133
66 308 36
66 333 107
66 355 31
66 357 53
66 359 120
66 378 72
66 380 148
66 386 116
66 394 18
66 398 56
67 91 60
67 111 133
67 118 59
67 124 86
67 141 22
67 154 75
67 165 85
67 173 122
67 175 150
67 183 129
67 185 152
67 196 146
67 201 85
67 223 51
67 229 9
67 239 151
67 246 87
67 259 35
67 267 156
67 313 125
67 315 112
67 332 114
67 339 70
67 355 116
67 360 12
67 361 7
67 363 22
67 368 88
68 86 84
68 97 127
68 99 52
68 116 114
68 117 45
68 139 98
68 148 42
68 151 62
68 155 118
68 172 11
68 188 127
68 200 118
68 207 95
68 216 111
68 220 88
68 252 66
68 253 112
68 275 153
68 288 60
68 289 74
68 305 33
68 329 128
68 333 91
68 334 88
68 345 62
68 351 141
68 360 152
68 377 133
68 381 31
68 387 127
68 396 117
69 76 127
69 81 110
69 103 36
69 105 149
69 106 74
69 118 57
69 125 29
69 129 155
69 145 158
69 151 142
69 154 65
69 166 107
69 172 158
69 187 78
69 190 87
69 199 74
69 200 145
69 213 73
69 216 53
69 219 100
69 230 125
69 253 111
69 259 130
69 263 153
69 274 23
69 277 156
69 281 129
69 288 91
69 292 154
69 300 39
69 319 55
69 324 130
69 329 23
69 330 144
69 350 151
69 362 61
69 364 137
69 374 134
69 394 122
69 397 75
70 77 31
70 113 160
70 115 89
70 128 46
70 129 102
70 133 36
70 157 133
70 161 146
70 165 126
70 172 156
70 187 132
70 189 30
70 199 147
70 203 71
70 210 154
70 221 154
70 223 126
70 243 5
70 252 132
70 260 84
70 262 75
70 273 61
70 293 114
70 312 6
70 327 106
70 339 14
70 341 54
70 354 38
70 368 135
70 375 17
70 383 32
70 393 14
70 395 5
70 398 6
70 400 14
71 72 32
71 76 142
71 81 40
71 99 115
71 109 36
71 113 22
71 137 32
71 154 150
71 157 18
71 163 14
71 168 29
71 170 89
71 228 89
71 233 27
71 247 120
71 259 51
71 268 63
71 278 32
71 293 14
71 294 18
71 295 28
71 304 133
71 306 126
71 312 155
71 330 2
71 332 139
71 356 129
71 371 105
71 373 29
71 376 158
71 377 130
71 379 50
71 381 103
71 386 30
71 395 115
71 397 130
72 74 122
72 81 149
72 85 8
72 105 28
72 119 65
72 134 86
72 138 26
72 184 23
72 191 124
72 192 113
72 209 55
72 224 159
72 229 117
72 241 116
72 251 82
72 269 52
72 272 140
72 274 94
72 277 71
72 300 44
72 312 16
72 319 25
72 329 87
72 333 49
72 343 130
72 359 35
72 367 79
72 368 52
72 385 138
72 387 54
72 388 43
72 395 48
73 76 55
73 82 3
73 91 38
73 92 94
73 98 123
73 126 21
73 132 134
73 143 26
73 176 113
73 178 103
73 204 91
73 213 117
73 217 85
73 222 62
73 234 112
73 239 43
73 248 93
73 252 6
73 255 21
73 258 2
73 262 51
73 292 125
73 301 67
73 327 159
73 331 81
73 346 31
73 348 103
73 354 85
73 397 29
74 76 146
74 78 112
74 85 50
74 103 28
74 122 62
74 128 146
74 154 119
74 155 91
74 160 124
74 169 130
74 192 108
74 208 86
74 209 51
74 212 153
74 222 116
74 243 145
74 265 43
74 283 106
74 299 131
74 316 158
74 352 74
74 355 26
74 369 103
74 376 134
74 379 111
74 382 44
75 126 128
75 129 1
75 160 116
75 163 87
75 169 111
75 174 27
75 176 62
75 183 103
75 216 102
75 217 52
75 224 31
75 239 144
75 244 14
75 245 48
75 265 109
75 298 135
75 308 110
75 313 112
75 317 153
75 327 134
75 337 120
75 351 95
75 355 143
75 381 115
75 387 45
75 395 153
76 79 33
76 90 44
76 95 101
76 97 61
76 105 117
76 116 84
76 118 34
76 125 50
76 128 66
76 151 107
76 154 98
76 164 84
76 176 93
76 178 9
76 179 63
76 181 19
76 188 51
76 198 153
76 217 120
76 254 83
76 275 83
76 280 79
76 285 1
76 290 98
76 292 13
76 309 46
76 315 69
76 321 60
76 343 117
76 345 138
76 366 78
76 370 109
76 373 141
76 375 92
76 381 123
76 389 48
76 398 20
77 110 46
77 126 56
77 131 155
77 132 120
77 145 113
77 149 22
77 155 130
77 177 153
77 183 112
77 199 99
77 200 81
77 204 103
77 220 48
77 273 98
77 294 79
77 297 145
77 298 155
77 301 99
77 302 103
77 322 126
77 331 108
77 338 124
77 345 114
77 348 134
77 359 114
77 361 99
77 365 12
77 374 146
77 389 22
77 397 100
78 82 135
78 103 149
78 126 127
78 129 139
78 151 116
78 157 153
78 164 111
78 182 137
78 183 50
78 191 111
78 195 117
78 196 43
78 198 12
78 210 107
78 215 60
78 226 67
78 228 139
78 229 11
78 231 115
78 233 68
78 235 41
78 236 34
78 248 124
78 249 78
78 259 121
78 267 88
78 270 65
78 279 50
78 282 116
78 283 78
78 286 15
78 309 92
78 334 135
78 342 23
78 350 139
78 358 7
78 369 38
78 385 94
79 103 34
79 106 51
79 127 80
79 134 50
79 143 24
79 159 86
79 203 88
79 205 37
79 208 160
79 215 102
79 217 3
79 242 12
79 252 67
79 253 15
79 261 82
79 268 130
79 281 127
79 282 130
79 301 10
79 323 57
79 327 1
79 333 77
79 336 38
79 342 38
79 354 114
79 359 144
79 379 36
79 380 123
79 387 55
79 390 38
79 398 40
80 102 109
80 132 143
80 134 78
80 139 27
80 140 130
80 144 38
80 163 128
80 173 130
80 178 106
80 184 55
80 202 135
80 209 133
80 234 104
80 256 11
80 260 9
80 277 130
80 279 3
80 281 47
80 284 109
80 298 42
80 305 149
80 321 30
80 338 111
80 339 49
80 370 62
80 372 9
80 377 29
80 388 156
80 397 55
81 82 78
81 87 118
81 91 41
81 109 16
81 116 146
81 127 126
81 128 17
81 139 70
81 161 135
81 168 160
81 208 145
81 229 27
81 232 81
81 239 9
81 247 48
81 257 73
81 278 55
81 305 87
81 310 83
81 326 27
81 359 94
81 363 143
81 370 2
81 380 2
81 387 127
81 397 112
82 87 13
82 94 57
82 108 106
82 120 66
82 121 146
82 122 41
82 135 107
82 136 27
82 143 67
82 157 66
82 159 61
82 161 103
82 166 21
82 180 112
82 194 111
82 202 137
82 206 86
82 209 77
82 212 115
82 221 27
82 222 66
82 233 54
82 248 62
82 249 81
82 255 52
82 259 39
82 264 123
82 278 122
82 283 106
82 309 4
82 310 56
82 313 76
82 318 121
82 328 80
82 339 160
82 358 127
82 363 117
82 364 68
82 372 112
82 375 111
82 382 8
82 392 98
82 399 41
83 93 85
83 113 56
83 115 71
83 120 150
83 133 49
83 171 144
83 212 19
83 215 144
83 217 29
83 219 123
83 249 109
83 258 144
83 305 80
83 313 88
83 326 96
83 333 23
83 346 40
83 348 38
83 349 110
83 356 70
83 358 34
83 373 128
83 388 2
83 390 34
84 102 55
84 107 130
84 111 147
84 127 83
84 132 106
84 143 67
84 144 91
84 149 58
84 150 138
84 151 26
84 162 4
84 175 83
84 186 21
84 188 10
84 218 140
84 219 152
84 249 74
84 258 86
84 260 81
84 265 109
84 266 109
84 268 63
84 281 125
84 297 99
84 317 7
84 338 141
84 352 133
84 354 2
84 355 148
84 364 102
84 372 50
84 377 88
85 94 102
85 111 128
85 120 5
85 124 67
85 141 61
85 142 56
85 149 111
85 152 146
85 162 111
85 191 66
85 204 29
85 211 114
85 212 153
85 218 160
85 231 7
85 250 8
85 255 36
85 275 160
85 287 80
85 293 70
85 297 55
85 314 54
85 315 101
85 330 46
85 351 21
85 369 80
85 378 6
86 93 123
86 98 52
86 100 25
86 113 49
86 118 154
86 123 132
86 130 116
86 149 64
86 161 113
86 168 85
86 177 41
86 181 92
86 187 4
86 201 65
86 210 135
86 211 61
86 221 10
86 228 129
86 233 107
86 243 70
86 250 89
86 251 93
86 256 98
86 264 100
86 274 160
86 277 114
86 287 128
86 290 112
86 310 93
86 324 80
86 366 78
86 367 147
86 370 19
86 380 134
86 391 99
86 399 32
87 90 143
87 98 12
87 107 123
87 124 89
87 149 159
87 165 100
87 169 61
87 171 153
87 174 96
87 225 43
87 229 135
87 231 43
87 238 116
87 258 100
87 276 131
87 287 35
87 288 115
87 295 40
87 304 19
87 316 38
87 319 90
87 366 49
87 373 92
87 382 77
88 102 135
88 104 33
88 132 114
88 146 93
88 147 132
88 151 56
88 155 117
88 166 11
88 197 85
88 207 157
88 212 98
88 217 14
88 219 42
88 222 122
88 230 14
88 233 80
88 236 8
88 261 6
88 266 134
88 270 137
88 284 135
88 288 57
88 291 73
88 306 142
88 309 142
88 333 135
88 342 67
88 355 131
88 359 64
88 363 137
88 367 61
88 376 33
88 395 44
89 98 110
89 137 148
89 139 138
89 153 116
89 175 133
89 178 59
89 190 26
89 198 63
89 199 27
89 214 14
89 239 56
89 248 11
89 249 114
89 250 79
89 257 130
89 275 63
89 279 9
89 280 45
89 281 145
89 284 16
89 287 1
89 297 43
89 308 111
89 310 26
89 319 70
89 321 21
89 330 75
89 333 77
89 346 67
89 348 113
89 367 63
89 379 88
89 383 9
89 387 111
89 397 24
89 399 118
90 107 60
90 109 102
90 110 128
90 112 20
90 118 106
90 119 131
90 123 49
90 143 71
90 147 25
90 149 58
90 163 91
90 164 103
90 165 124
90 173 64
90 179 95
90 195 87
90 196 73
90 199 62
90 213 5
90 218 63
90 221 123
90 229 2
90 235 91
90 244 150
90 256 19
90 261 157
90 283 108
90 304 108
90 307 89
90 308 22
90 317 149
90 321 147
90 326 26
90 332 22
90 342 137
90 350 136
90 357 75
90 365 126
90 376 98
90 388 126
90 391 131
90 393 97
90 400 149
91 117 89
91 118 95
91 134 60
91 159 59
91 179 154
91 186 155
91 196 8
91 212 116
91 214 116
91 225 41
91 230 5
91 235 46
91 241 105
91 273 125
91 302 125
91 311 28
91 312 99
91 321 63
91 325 1
91 331 110
91 340 15
91 344 14
91 347 54
91 348 138
91 363 14
91 372 102
92 98 130
92 111 11
92 112 141
92 114 55
92 126 68
92 131 131
92 133 137
92 135 56
92 150 95
92 158 73
92 161 116
92 184 145
92 193 11
92 194 20
92 212 128
92 221 157
92 251 144
92 266 66
92 269 90
92 275 136
92 283 156
92 288 89
92 317 147
92 326 74
92 328 117
92 334 78
92 338 53
92 362 91
92 383 90
92 399 128
93 96 52
93 107 37
93 109 84
93 114 78
93 119 60
93 135 86
93 138 104
93 160 70
93 166 87
93 184 113
93 190 73
93 192 21
93 197 107
93 207 107
93 241 113
93 246 138
93 252 130
93 258 38
93 270 27
93 275 38
93 281 16
93 306 14
93 321 47
93 340 75
93 352 62
93 358 58
93 362 10
93 372 64
93 377 110
93 381 3
93 385 13
93 387 38
93 396 60
93 397 102
94 108 57
94 116 7
94 126 1
94 139 115
94 150 5
94 153 74
94 175 8
94 179 114
94 186 28
94 190 124
94 195 92
94 201 10
94 203 60
94 231 104
94 243 148
94 249 45
94 254 154
94 264 85
94 271 116
94 277 149
94 283 109
94 284 105
94 298 113
94 299 89
94 319 24
94 348 42
94 359 70
94 364 4
94 373 97
94 388 38
94 398 148
95 106 154
95 117 125
95 124 32
95 144 44
95 152 19
95 156 59
95 159 11
95 160 76
95 165 94
95 171 58
95 177 116
95 183 26
95 188 130
95 192 73
95 196 12
95 205 40
95 221 132
95 230 24
95 232 46
95 253 32
95 262 49
95 270 23
95 294 90
95 297 102
95 336 94
95 366 108
95 390 89
95 399 105
96 97 57
96 116 139
96 127 122
96 129 101
96 135 109
96 141 136
96 158 109
96 170 73
96 172 160
96 180 60
96 184 24
96 188 75
96 198 84
96 203 139
96 204 111
96 206 7
96 235 39
96 240 66
96 277 133
96 306 101
96 321 81
96 325 74
96 330 18
96 348 101
96 361 88
96 366 9
96 374 134
97 107 84
97 111 122
97 112 148
97 126 107
97 131 50
97 146 104
97 150 146
97 154 119
97 171 44
97 180 127
97 187 40
97 192 85
97 195 70
97 199 22
97 209 115
97 237 105
97 241 109
97 248 61
97 251 7
97 265 129
97 267 10
97 271 35
97 278 58
97 283 119
97 284 133
97 288 156
97 291 13
97 293 110
97 343 149
97 356 147
97 360 140
97 362 124
97 365 155
97 366 110
97 391 99
97 395 30
98 122 63
98 124 41
98 126 82
98 134 97
98 136 121
98 168 28
98 173 58
98 174 15
98 175 98
98 194 54
98 203 129
98 225 149
98 228 134
98 240 58
98 241 89
98 254 116
98 290 153
98 303 116
98 313 61
98 326 2
98 327 93
98 331 113
98 351 86
98 369 81
98 370 38
99 103 60
99 114 87
99 115 25
99 140 50
99 142 84
99 143 93
99 144 39
99 156 132
99 169 65
99 176 64
99 181 54
99 191 145
99 195 142
99 230 66
99 247 35
99 265 83
99 278 37
99 279 96
99 281 24
99 283 41
99 287 108
99 289 85
99 293 131
99 300 157
99 303 152
99 327 78
99 333 24
99 338 13
99 357 38
99 366 59
99 370 19
99 371 87
99 378 96
99 380 59
99 387 152
100 106 70
100 115 75
100 123 144
100 129 25
100 132 78
100 155 49
100 165 104
100 183 9
100 185 15
100 186 155
100 197 87
100 223 47
100 236 56
100 243 87
100 247 58
100 259 123
100 272 27
100 279 38
100 280 41
100 295 51
100 308 62
100 364 110
100 365 35
100 370 13
100 372 102
100 374 97
100 375 13
100 384 78
100 397 42
101 102 138
101 105 41
101 129 74
101 140 140
101 150 132
101 192 75
101 197 122
101 208 31
101 213 125
101 214 19
101 229 8
101 230 154
101 238 57
101 255 16
101 257 25
101 273 87
101 278 136
101 286 115
101 289 47
101 290 75
101 295 22
101 297 79
101 300 125
101 304 65
101 306 27
101 332 156
101 343 100
101 346 6
101 348 78
101 352 108
101 360 60
101 361 160
101 367 61
101 374 65
101 379 21
101 384 30
102 109 68
102 117 78
102 119 10
102 121 7
102 130 82
102 153 3
102 159 43
102 164 14
102 166 88
102 172 160
102 174 124
102 200 150
102 210 160
102 217 123
102 230 131
102 235 144
102 239 102
102 242 82
102 250 143
102 258 136
102 267 84
102 287 114
102 288 54
102 289 55
102 293 126
102 308 84
102 327 147
102 342 86
102 344 39
102 347 27
102 367 37
102 384 19
102 398 101
103 105 90
103 114 64
103 116 46
103 119 97
103 121 123
103 155 38
103 163 2
103 187 50
103 201 160
103 209 9
103 226 1
103 232 140
103 249 124
103 251 95
103 254 5
103 280 96
103 302 93
103 304 87
103 310 69
103 321 104
103 332 110
103 336 32
103 339 59
103 344 37
103 346 65
103 359 116
103 388 62
104 106 17
104 114 36
104 115 144
104 143 128
104 147 13
104 156 123
104 170 72
104 174 156
104 183 68
104 186 9
104 189 113
104 208 152
104 217 4
104 223 155
104 240 18
104 243 27
104 249 22
104 251 43
104 253 9
104 254 59
104 265 19
104 269 136
104 274 115
104 289 124
104 296 56
104 311 63
104 323 54
104 329 22
104 336 11
104 356 99
104 361 53
104 368 67
104 376 10
104 393 130
105 115 71
105 124 140
105 137 75
105 146 104
105 150 51
105 153 24
105 155 66
105 169 115
105 176 53
105 184 106
105 192 131
105 198 97
105 206 16
105 207 51
105 211 107
105 215 34
105 225 138
105 239 97
105 243 24
105 251 91
105 256 146
105 262 111
105 272 96
105 282 136
105 310 64
105 315 37
105 324 39
105 336 1
105 357 158
105 365 96
105 380 45
106 109 48
106 130 131
106 133 119
106 163 112
106 177 1
106 185 152
106 189 110
106 201 117
106 214 111
106 215 119
106 220 29
106 222 137
106 223 111
106 229 44
106 237 30
106 357 130
106 369 123
106 387 80
106 389 112
107 116 145
107 119 80
107 121 94
107 124 116
107 128 57
107 129 96
107 130 117
107 146 79
107 151 68
107 160 102
107 176 100
107 179 21
107 180 145
107 192 23
107 193 142
107 199 111
107 209 149
107 228 77
107 232 77
107 262 115
107 265 142
107 280 130
107 304 104
107 306 107
107 313 142
107 317 57
107 326 95
107 349 36
107 352 36
107 354 140
107 357 150
107 370 2
107 377 132
107 398 55
108 116 103
108 147 71
108 162 91
108 168 17
108 173 57
108 204 140
108 211 113
108 214 52
108 219 45
108 236 47
108 242 95
108 255 108
108 258 42
108 268 99
108 303 141
108 313 106
108 330 157
108 340 129
108 350 28
108 354 9
108 362 3
108 373 144
108 386 88
108 389 128
109 115 50
109 120 69
109 126 131
109 134 151
109 139 30
109 157 49
109 165 14
109 170 48
109 180 109
109 185 127
109 221 53
109 240 62
109 257 32
109 269 14
109 300 130
109 301 125
109 308 5
109 312 71
109 314 153
109 325 107
109 333 138
109 348 27
109 367 31
109 376 92
109 383 148
109 395 53
110 123 105
110 128 102
110 140 113
110 144 32
110 156 74
110 183 59
110 187 87
110 191 150
110 196 72
110 198 36
110 211 109
110 236 86
110 237 134
110 285 69
110 291 105
110 312 150
110 317 71
110 350 18
110 358 158
110 364 157
110 371 82
110 383 108
111 120 80
111 124 78
111 138 59
111 151 79
111 176 126
111 183 67
111 199 52
111 201 77
111 202 91
111 215 80
111 229 65
111 237 77
111 240 24
111 254 36
111 255 132
111 269 27
111 285 82
111 286 69
111 302 77
111 305 122
111 333 147
111 335 13
111 338 33
111 339 17
111 341 46
111 344 2
111 346 140
111 351 4
111 372 17
111 376 123
111 383 13
112 120 92
112 137 99
112 152 61
112 159 96
112 183 152
112 194 22
112 213 150
112 221 62
112 230 99
112 232 38
112 263 151
112 270 58
112 279 110
112 288 58
112 298 146
112 310 103
112 314 37
112 320 77
112 332 60
112 348 111
112 355 122
112 360 56
112 362 98
112 363 160
112 387 142
112 399 148
112 400 111
113 114 96
113 120 108
113 131 20
113 132 35
113 140 68
113 160 62
113 180 34
113 184 63
113 187 43
113 193 121
113 205 141
113 206 47
113 211 43
113 215 111
113 217 160
113 242 116
113 248 97
113 256 93
113 283 23
113 284 99
113 296 155
113 311 128
113 327 141
113 331 88
113 342 120
113 356 121
113 357 6
113 369 45
113 379 143
113 382 152
113 385 87
114 137 144
114 145 10
114 158 12
114 163 6
114 187 4
114 207 54
114 213 106
114 262 108
114 263 89
114 264 145
114 269 148
114 275 154
114 294 39
114 311 90
114 315 58
114 334 53
114 362 10
114 383 141
115 116 103
115 117 60
115 121 85
115 124 100
115 136 51
115 143 22
115 144 94
115 151 2
115 159 30
115 165 78
115 180 64
115 187 155
115 199 142
115 200 46
115 237 72
115 243 1
115 244 147
115 246 99
115 250 64
115 265 14
115 273 84
115 279 63
115 285 88
115 287 82
115 339 83
115 364 87
115 373 151
115 385 72
115 399 69
116 126 23
116 132 125
116 145 106
116 158 68
116 165 61
116 166 79
116 178 95
116 241 83
116 249 135
116 250 55
116 259 80
116 276 1
116 289 147
116 299 100
116 300 58
116 306 88
116 327 27
116 344 138
116 345 80
116 359 152
116 362 82
116 365 55
116 372 49
116 382 81
116 384 40
116 400 151
117 132 4
117 150 46
117 151 80
117 157 99
117 162 17
117 167 143
117 189 36
117 201 160
117 209 124
117 217 40
117 226 112
117 231 99
117 238 24
117 250 79
117 261 98
117 270 50
117 277 20
117 283 23
117 291 49
117 298 135
117 312 46
117 313 116
117 315 68
117 318 73
117 354 49
117 362 54
117 366 8
117 368 156
117 369 131
117 374 68
117 379 113
117 385 92
118 120 49
118 122 136
118 128 58
118 129 150
118 136 160
118 144 66
118 150 66
118 155 37
118 160 117
118 161 135
118 173 78
118 209 49
118 223 33
118 226 143
118 251 29
118 259 38
118 266 72
118 270 49
118 290 107
118 324 153
118 331 65
118 333 12
118 342 97
118 354 29
118 360 124
118 364 10
118 365 31
118 373 124
118 376 44
118 380 35
118 388 112
118 389 19
118 391 159
118 392 125
118 394 29
118 398 109
119 130 79
119 143 53
119 157 138
119 161 107
119 171 78
119 180 61
119 183 12
119 185 131
119 198 79
119 213 14
119 221 120
119 225 45
119 256 79
119 257 19
119 258 7
119 287 50
119 301 144
119 303 24
119 322 114
119 324 5
119 325 90
119 326 13
119 335 60
119 347 90
119 348 57
119 351 122
119 358 106
119 359 150
119 368 139
119 386 140
119 388 60
119 390 130
120 165 146
120 184 123
120 188 3
120 195 151
120 196 2
120 212 154
120 215 58
120 222 150
120 225 159
120 228 88
120 231 86
120 234 69
120 247 115
120 250 51
120 254 45
120 265 44
120 267 65
120 277 119
120 305 139
120 327 85
120 330 2
120 337 135
120 340 96
120 356 41
120 368 27
120 369 122
120 392 75
121 130 3
121 137 17
121 151 97
121 155 39
121 165 27
121 176 8
121 177 18
121 181 116
121 189 106
121 193 14
121 201 142
121 253 58
121 258 77
121 276 121
121 283 3
121 284 20
121 296 26
121 306 66
121 309 66
121 317 149
121 322 121
121 338 56
121 354 134
121 372 87
121 374 131
121 378 44
121 383 149
121 384 17
121 396 53
122 124 50
122 126 89
122 141 53
122 143 97
122 154 156
122 159 99
122 173 42
122 175 65
122 181 94
122 192 63
122 196 72
122 198 47
122 201 31
122 216 3
122 224 118
122 228 2
122 230 91
122 235 43
122 238 114
122 255 81
122 272 124
122 275 16
122 293 126
122 301 16
122 304 107
122 305 77
122 310 101
122 323 27
122 324 130
122 333 39
122 335 64
122 344 18
122 354 132
122 374 137
122 382 62
122 384 144
123 130 123
123 134 34
123 174 117
123 179 147
123 192 26
123 210 46
123 225 114
123 231 21
123 242 102
123 246 93
123 260 60
123 273 119
123 275 32
123 286 48
123 298 160
123 299 86
123 311 137
123 321 135
123 324 83
123 331 84
123 336 101
123 339 117
123 358 153
123 362 15
123 387 57
124 130 12
124 150 73
124 155 135
124 161 12
124 164 38
124 177 109
124 183 25
124 195 1
124 217 56
124 222 121
124 228 3
124 231 39
124 232 141
124 236 7
124 240 79
124 257 8
124 266 137
124 277 73
124 279 160
124 284 52
124 293 132
124 296 105
124 320 150
124 323 64
124 342 130
124 344 33
124 347 76
124 351 119
124 366 110
124 380 13
125 140 59
125 141 82
125 146 57
125 152 156
125 154 43
125 194 104
125 199 76
125 204 13
125 209 137
125 216 58
125 219 112
125 234 2
125 247 72
125 276 103
125 286 65
125 294 12
125 303 14
125 328 13
125 334 21
125 358 105
125 360 104
125 361 74
125 371 104
125 381 66
125 387 86
126 144 28
126 152 61
126 167 144
126 171 46
126 193 144
126 198 49
126 204 51
126 219 139
126 220 75
126 226 157
126 227 105
126 245 8
126 255 112
126 267 12
126 289 110
126 296 113
126 302 24
126 314 139
126 332 126
126 333 8
126 345 83
126 351 53
126 355 43
126 381 157
126 383 123
127 148 86
127 153 90
127 163 5
127 173 140
127 176 74
127 189 73
127 194 36
127 205 15
127 207 38
127 228 107
127 252 99
127 258 73
127 262 160
127 265 10
127 282 145
127 283 15
127 291 46
127 301 134
127 306 135
127 310 78
127 317 39
127 321 154
127 326 124
127 358 97
127 363 160
127 392 113
128 152 17
128 156 149
128 160 112
128 163 69
128 178 151
128 186 123
128 188 124
128 206 9
128 207 2
128 215 135
128 222 64
128 237 90
128 240 103
128 248 77
128 257 93
128 272 13
128 274 8
128 284 10
128 285 116
128 294 155
128 315 152
128 336 46
128 348 33
128 353 62
128 355 84
128 356 81
128 359 131
128 373 50
128 395 142
129 131 99
129 132 7
129 141 159
129 142 156
129 144 153
129 150 70
129 179 113
129 212 42
129 217 110
129 231 92
129 237 15
129 255 139
129 259 55
129 266 157
129 300 83
129 304 129
129 313 94
129 315 52
129 328 141
129 358 22
129 378 75
129 379 50
129 381 159
129 382 13
129 383 51
129 386 110
129 387 70
129 393 12
129 400 121
130 138 21
130 139 142
130 145 50
130 165 34
130 186 129
130 210 123
130 220 58
130 237 24
130 241 116
130 247 103
130 253 26
130 255 106
130 259 98
130 266 148
130 271 46
130 279 92
130 287 35
130 288 41
130 289 38
130 290 17
130 293 77
130 310 61
130 311 117
130 323 45
130 342 23
130 353 44
130 366 17
130 380 143
130 383 56
130 391 95
131 153 81
131 165 111
131 192 137
131 208 18
131 218 64
131 223 122
131 226 50
131 234 67
131 237 26
131 244 134
131 246 145
131 247 22
131 250 93
131 251 143
131 270 159
131 295 83
131 309 111
131 310 116
131 321 125
131 327 150
131 330 38
131 332 104
131 335 127
131 345 127
131 352 119
131 362 69
131 376 141
131 378 32
131 379 123
132 142 17
132 149 80
132 161 44
132 172 159
132 173 114
132 187 103
132 203 27
132 205 91
132 224 71
132 226 80
132 230 136
132 234 33
132 242 132
132 253 19
132 292 122
132 296 20
132 304 122
132 307 88
132 314 133
132 323 76
132 328 6
132 341 65
132 346 148
132 348 158
132 357 129
132 361 38
132 365 6
132 369 53
132 375 57
132 376 121
133 144 24
133 146 28
133 155 124
133 183 128
133 188 116
133 192 16
133 201 24
133 207 22
133 211 138
133 218 37
133 232 65
133 246 149
133 250 37
133 255 120
133 261 126
133 283 140
133 286 90
133 287 21
133 322 89
133 331 35
133 332 84
133 339 120
133 340 127
133 348 28
133 349 143
133 350 121
133 360 35
133 371 119
133 384 52
133 397 9
134 136 100
134 151 160
134 153 129
134 154 121
134 169 68
134 170 51
134 198 15
134 199 12
134 205 107
134 229 45
134 243 85
134 258 62
134 268 35
134 279 91
134 280 155
134 287 9
134 300 155
134 305 26
134 312 142
134 313 64
134 317 88
134 326 22
134 328 103
134 333 83
134 354 132
134 357 114
134 381 148
134 391 22
134 397 146
135 137 123
135 139 49
135 147 106
135 153 71
135 154 134
135 172 75
135 188 18
135 189 107
135 191 117
135 197 57
135 207 160
135 228 105
135 236 76
135 238 29
135 248 51
135 266 94
135 272 113
135 285 30
135 286 134
135 287 10
135 319 65
135 322 16
135 326 34
135 327 105
135 334 104
135 340 45
135 344 134
135 355 127
135 363 102
135 364 66
135 367 60
135 380 93
135 386 141
135 397 25
136 138 13
136 139 31
136 142 130
136 143 151
136 144 90
136 146 59
136 150 139
136 157 120
136 159 93
136 203 159
136 209 37
136 217 88
136 266 128
136 267 4
136 269 134
136 276 82
136 278 97
136 291 124
136 292 91
136 293 146
136 296 106
136 298 29
136 301 19
136 314 147
136 316 111
136 319 60
136 329 149
136 336 40
136 343 111
136 349 88
136 350 75
136 366 79
136 375 64
136 384 35
136 396 21
137 139 152
137 145 101
137 147 109
137 154 57
137 155 134
137 160 43
137 165 60
137 166 147
137 193 42
137 204 125
137 209 46
137 236 160
137 243 27
137 276 78
137 286 87
137 294 1
137 300 80
137 306 121
137 312 70
137 316 17
137 337 89
137 342 43
137 347 118
137 363 34
137 375 78
138 141 41
138 158 38
138 177 98
138 189 112
138 193 84
138 217 160
138 222 20
138 229 63
138 230 74
138 245 27
138 270 10
138 284 98
138 304 152
138 333 121
138 342 3
138 347 106
138 348 28
138 352 103
138 361 89
139 141 4
139 142 63
139 146 21
139 168 46
139 197 35
139 213 131
139 229 100
139 237 66
139 248 13
139 256 70
139 262 154
139 271 5
139 277 122
139 321 49
139 327 58
139 343 135
139 362 48
139 367 43
139 369 118
139 370 64
139 371 19
140 153 64
140 166 91
140 167 67
140 173 145
140 180 139
140 195 39
140 199 18
140 214 102
140 233 118
140 261 60
140 274 94
140 324 149
140 326 58
140 328 83
140 338 47
140 348 110
140 369 146
140 388 81
140 394 24
140 398 108
141 157 99
141 158 49
141 164 80
141 186 16
141 193 141
141 195 112
141 205 126
141 207 47
141 212 154
141 223 42
141 224 138
141 238 153
141 252 42
141 258 136
141 268 61
141 277 38
141 278 98
141 281 67
141 283 61
141 286 56
141 298 40
141 301 27
141 303 118
141 331 56
141 342 153
141 351 110
141 388 125
141 393 51
141 396 19
142 148 4
142 150 33
142 167 130
142 173 25
142 198 73
142 222 45
142 224 159
142 228 151
142 229 94
142 237 156
142 252 30
142 264 136
142 272 135
142 292 26
142 297 58
142 308 39
142 310 18
142 370 115
142 376 160
142 380 28
142 388 64
143 146 14
143 148 4
143 151 68
143 163 96
143 166 146
143 172 157
143 196 66
143 201 46
143 202 103
143 208 34
143 216 34
143 221 99
143 237 11
143 245 58
143 247 112
143 263 104
143 266 80
143 268 5
143 271 78
143 286 61
143 299 80
143 309 53
143 317 90
143 332 108
143 345 156
143 349 71
143 351 57
143 353 77
143 361 105
143 368 66
143 372 97
144 161 90
144 191 34
144 215 148
144 254 6
144 278 113
144 290 84
144 301 89
144 302 141
144 306 36
144 310 94
144 315 29
144 333 140
144 355 133
144 369 6
144 370 45
144 387 84
144 392 109
145 146 8
145 157 131
145 160 102
145 163 115
145 175 126
145 177 119
145 178 93
145 181 31
145 195 33
145 197 134
145 208 113
145 217 54
145 235 103
145 239 149
145 243 127
145 249 42
145 262 120
145 263 148
145 284 47
145 300 90
145 303 120
145 311 153
145 324 143
145 361 47
145 364 54
145 365 48
145 368 99
145 369 73
145 371 87
145 377 96
145 389 109
146 148 33
146 167 150
146 173 42
146 185 6
146 190 84
146 207 10
146 215 96
146 226 67
146 233 156
146 252 99
146 264 15
146 275 137
146 277 118
146 278 46
146 284 28
146 289 23
146 294 142
146 310 119
146 320 108
146 323 142
146 328 44
146 331 126
146 343 155
146 348 125
146 355 2
146 359 109
146 384 19
147 154 99
147 179 92
147 183 16
147 191 19
147 201 23
147 208 79
147 229 54
147 232 64
147 233 144
147 237 95
147 243 67
147 247 30
147 263 3
147 267 73
147 269 59
147 297 36
147 307 29
147 314 71
147 327 83
147 335 96
147 343 33
147 355 90
147 375 133
147 380 119
147 392 12
147 398 159
147 399 155
148 150 133
148 156 6
148 163 132
148 164 96
148 177 62
148 180 134
148 181 11
148 192 13
148 206 35
148 217 9
148 221 131
148 235 64
148 247 142
148 250 131
148 253 61
148 269 120
148 273 95
148 291 159
148 303 42
148 305 148
148 308 41
148 315 65
148 317 116
148 341 33
148 356 159
148 359 107
148 373 97
148 378 137
148 379 159
148 380 58
148 398 90
149 153 125
149 174 56
149 179 9
149 187 111
149 190 153
149 193 118
149 201 122
149 207 7
149 223 122
149 226 145
149 228 98
149 253 13
149 255 106
149 258 101
149 260 42
149 272 118
149 278 33
149 288 90
149 295 64
149 298 18
149 303 20
149 311 133
149 312 70
149 319 86
149 329 138
149 334 85
149 340 112
149 357 24
149 380 10
149 395 31
150 158 52
150 164 34
150 183 101
150 193 49
150 197 119
150 199 66
150 220 158
150 234 132
150 245 43
150 258 149
150 268 136
150 272 63
150 290 93
150 307 27
150 315 123
150 316 58
150 333 45
150 334 32
150 340 85
150 349 89
150 368 77
150 370 16
150 371 116
150 373 4
150 383 28
150 394 132
150 396 130
150 398 12
151 155 59
151 156 84
151 177 160
151 185 160
151 196 134
151 204 65
151 208 31
151 213 2
151 218 35
151 225 93
151 243 16
151 248 61
151 269 67
151 272 1
151 273 144
151 276 79
151 277 134
151 279 138
151 287 157
151 289 22
151 310 150
151 320 55
151 321 86
151 322 96
151 327 34
151 337 71
151 346 18
151 347 77
151 364 98
151 367 43
151 374 54
151 394 90
152 153 88
152 164 158
152 191 33
152 237 1
152 255 155
152 259 7
152 264 27
152 267 154
152 276 26
152 277 92
152 291 38
152 295 53
152 312 158
152 315 51
152 317 116
152 334 55
152 339 94
152 342 156
152 347 20
152 350 130
152 367 25
152 372 153
152 386 66
152 394 26
152 397 102
153 157 8
153 160 144
153 172 153
153 177 137
153 198 136
153 218 152
153 221 60
153 223 116
153 285 61
153 297 111
153 321 106
153 331 55
153 335 33
153 338 112
153 367 159
153 375 90
153 396 18
154 165 97
154 177 151
154 186 60
154 188 81
154 198 84
154 211 120
154 228 10
154 236 154
154 253 148
154 259 5
154 276 136
154 287 100
154 295 1
154 297 87
154 299 17
154 305 61
154 306 140
154 311 4
154 323 95
154 362 118
154 364 78
154 365 153
154 373 47
154 391 108
155 161 82
155 162 70
155 166 74
155 170 107
155 178 12
155 191 119
155 199 132
155 204 42
155 205 20
155 209 46
155 214 126
155 227 83
155 249 80
155 253 54
155 257 50
155 259 48
155 266 91
155 277 80
155 283 95
155 290 159
155 295 118
155 300 3
155 307 1
155 326 23
155 327 123
155 342 104
155 347 101
155 367 132
155 370 27
156 159 112
156 166 58
156 167 54
156 178 154
156 188 127
156 194 152
156 195 84
156 197 144
156 209 63
156 240 30
156 248 155
156 253 90
156 261 36
156 265 133
156 272 55
156 277 53
156 284 139
156 311 15
156 316 155
156 317 159
156 330 56
156 332 57
156 338 84
156 341 141
156 351 136
156 356 135
156 368 42
156 371 113
156 388 3
157 168 137
157 183 13
157 185 108
157 188 76
157 189 75
157 202 104
157 226 106
157 230 74
157 239 74
157 240 39
157 249 129
157 264 106
157 271 86
157 274 125
157 315 84
157 325 41
157 358 142
157 361 120
157 366 113
157 368 21
157 379 96
157 385 133
158 173 18
158 174 127
158 198 112
158 199 129
158 205 112
158 209 9
158 213 75
158 227 28
158 238 120
158 250 64
158 268 102
158 271 44
158 278 76
158 279 79
158 283 32
158 290 150
158 300 82
158 312 119
158 316 77
158 329 83
158 341 78
158 353 13
158 355 60
158 390 117
159 174 149
159 182 94
159 194 41
159 207 49
159 209 159
159 214 49
159 223 136
159 226 64
159 232 138
159 235 86
159 249 150
159 258 70
159 299 119
159 301 56
159 311 4
159 320 55
159 328 46
159 333 99
159 335 37
159 336 79
159 371 121
159 374 106
159 379 159
159 388 78
160 168 106
160 184 38
160 194 144
160 202 116
160 211 20
160 213 10
160 214 74
160 229 16
160 232 133
160 234 79
160 238 63
160 246 129
160 257 85
160 260 95
160 272 42
160 285 60
160 302 132
160 304 2
160 307 153
160 313 123
160 330 136
160 337 122
160 344 128
160 348 81
160 354 108
160 357 140
160 361 99
160 370 38
160 400 35
161 162 18
161 188 80
161 189 41
161 193 123
161 200 23
161 203 99
161 214 119
161 225 67
161 230 18
161 231 10
161 239 103
161 242 84
161 247 47
161 251 20
161 267 14
161 268 114
161 270 69
161 274 9
161 278 128
161 279 76
161 282 63
161 283 158
161 298 85
161 299 45
161 305 19
161 339 91
161 341 25
161 350 59
161 352 105
161 354 68
161 358 37
161 365 89
161 376 44
161 377 73
161 378 21
161 391 153
161 394 106
161 396 42
162 179 21
162 180 55
162 187 37
162 197 86
162 209 112
162 210 94
162 231 26
162 234 56
162 251 23
162 280 13
162 281 16
162 322 21
162 340 145
162 348 67
162 362 41
162 363 41
162 366 113
162 387 56
162 399 151
163 170 64
163 178 82
163 191 55
163 214 78
163 245 106
163 264 13
163 288 18
163 290 58
163 297 44
163 338 39
163 374 46
163 388 39
164 168 14
164 172 108
164 181 105
164 201 8
164 230 19
164 241 18
164 254 139
164 259 100
164 268 127
164 294 139
164 308 123
164 311 26
164 325 61
164 365 122
164 376 122
164 384 53
164 388 138
165 211 61
165 213 138
165 228 61
165 237 133
165 238 38
165 252 41
165 260 124
165 262 113
165 306 54
165 310 134
165 311 147
165 313 32
165 319 93
165 323 51
165 328 63
165 336 147
165 346 74
165 354 18
165 379 154
165 380 125
165 383 112
165 390 53
165 392 148
166 201 148
166 212 148
166 226 70
166 228 25
166 255 79
166 266 134
166 270 160
166 273 9
166 279 109
166 303 41
166 307 132
166 316 84
166 326 56
166 333 57
166 338 81
166 340 104
166 344 51
166 364 39
166 366 72
166 370 27
166 381 106
166 384 148
166 398 128
167 172 100
167 173 98
167 175 27
167 176 34
167 181 35
167 189 156
167 191 146
167 193 122
167 195 48
167 198 144
167 202 7
167 209 154
167 219 98
167 225 102
167 226 53
167 255 95
167 261 75
167 265 51
167 284 26
167 300 50
167 317 106
167 330 158
167 335 15
167 336 94
167 348 12
167 365 60
167 379 10
168 182 142
168 186 13
168 187 46
168 193 59
168 199 69
168 236 76
168 251 129
168 265 16
168 285 108
168 290 116
168 300 135
168 317 25
168 336 87
168 340 59
168 350 25
168 384 2
168 389 158
168 395 19
168 397 123
169 171 109
169 192 88
169 209 145
169 219 128
169 225 142
169 227 29
169 246 18
169 249 128
169 270 83
169 287 71
169 289 132
169 298 8
169 304 112
169 319 100
169 325 136
169 328 152
169 339 25
169 349 70
169 364 61
169 375 84
169 376 106
169 393 84
170 173 94
170 187 123
170 196 44
170 213 64
170 215 111
170 219 135
170 221 13
170 225 136
170 239 130
170 243 20
170 254 58
170 268 147
170 279 56
170 288 9
170 303 28
170 307 130
170 324 116
170 342 92
170 343 69
170 364 1
170 394 137
171 186 86
171 198 64
171 200 158
171 203 49
171 206 65
171 217 8
171 225 130
171 230 61
171 243 135
171 246 73
171 269 48
171 286 87
171 295 53
171 301 78
171 305 6
171 314 12
171 318 93
171 321 109
171 323 159
171 344 126
171 349 134
171 356 147
171 369 152
171 384 75
171 388 94
171 389 67
171 396 144
172 181 111
172 194 91
172 195 100
172 210 129
172 234 83
172 271 44
172 274 79
172 282 28
172 289 123
172 291 99
172 301 95
172 310 143
172 322 114
172 330 126
172 336 104
172 348 54
172 366 65
172 368 93
172 394 9
172 398 16
173 191 17
173 212 73
173 224 127
173 228 85
173 238 92
173 245 7
173 249 81
173 256 17
173 264 138
173 266 142
173 270 64
173 277 91
173 282 153
173 298 95
173 307 7
173 312 28
173 317 151
173 318 153
173 331 32
173 336 85
173 348 85
173 374 112
173 376 137
173 389 150
173 390 70
174 176 139
174 181 125
174 187 82
174 189 150
174 202 116
174 206 51
174 217 77
174 230 27
174 233 24
174 243 146
174 250 12
174 263 120
174 267 35
174 280 16
174 281 69
174 305 154
174 306 111
174 325 109
174 326 36
174 348 53
174 360 50
174 376 65
174 400 45
175 177 136
175 179 35
175 186 28
175 198 27
175 211 92
175 220 126
175 230 135
175 233 124
175 239 87
175 244 61
175 251 30
175 255 48
175 259 103
175 290 121
175 294 117
175 295 159
175 298 32
175 313 79
175 321 10
175 329 12
175 340 122
175 355 91
175 365 113
175 388 12
176 177 127
176 190 66
176 203 29
176 208 81
176 235 50
176 247 65
176 253 79
176 265 21
176 269 54
176 270 51
176 310 61
176 315 79
176 318 9
176 361 42
176 363 13
176 368 157
176 377 156
176 394 18
176 400 92
177 180 19
177 183 156
177 185 51
177 187 103
177 197 99
177 200 65
177 207 59
177 212 23
177 230 24
177 244 100
177 247 119
177 254 56
177 256 148
177 266 10
177 273 153
177 289 63
177 310 141
177 333 65
177 342 79
177 348 27
177 354 122
177 355 16
177 356 107
177 360 145
177 367 149
177 375 38
177 379 108
177 391 18
177 399 128
178 184 92
178 189 53
178 202 86
178 203 79
178 204 54
178 213 79
178 219 104
178 234 104
178 235 94
178 245 52
178 258 15
178 263 143
178 265 118
178 281 15
178 289 40
178 324 134
178 327 28
178 332 87
178 337 35
178 351 6
178 367 117
178 368 55
178 370 85
178 374 143
178 378 148
178 381 20
178 392 91
178 396 37
178 397 69
178 400 70
179 213 57
179 254 85
179 255 146
179 258 117
179 273 85
179 274 116
179 278 113
179 288 91
179 290 12
179 293 14
179 294 118
179 295 44
179 318 35
179 320 118
179 335 18
179 344 34
179 354 112
179 360 129
179 372 150
179 381 44
179 386 63
179 390 80
179 391 107
179 392 17
180 186 136
180 193 51
180 251 63
180 270 143
180 272 10
180 275 53
180 281 21
180 288 109
180 329 5
180 338 98
180 341 72
180 391 24
180 395 64
180 397 126
180 400 113
181 211 99
181 215 113
181 220 27
181 253 144
181 254 138
181 257 132
181 267 14
181 270 150
181 293 16
181 310 119
181 312 121
181 333 7
181 346 11
181 348 69
181 351 148
181 360 148
181 383 57
181 385 29
181 398 4
182 189 92
182 194 147
182 228 138
182 239 83
182 242 116
182 243 4
182 259 31
182 298 87
182 302 25
182 304 47
182 305 151
182 328 47
182 373 46
182 397 27
183 192 98
183 207 109
183 213 36
183 226 147
183 227 13
183 228 82
183 246 43
183 285 45
183 315 65
183 316 29
183 318 4
183 336 56
183 337 143
183 340 145
183 345 117
183 348 33
183 380 83
183 393 58
184 188 122
184 192 46
184 193 2
184 208 122
184 209 140
184 214 142
184 219 39
184 233 56
184 236 147
184 246 153
184 268 68
184 272 160
184 275 146
184 278 15
184 282 19
184 296 64
184 299 15
184 302 57
184 330 49
184 358 95
184 360 55
184 368 114
184 374 71
184 378 11
184 386 131
185 187 151
185 194 141
185 203 135
185 205 74
185 206 148
185 215 98
185 219 136
185 222 22
185 227 18
185 230 121
185 248 82
185 259 99
185 274 35
185 291 88
185 309 92
185 318 57
185 330 149
185 362 62
185 371 142
185 391 135
186 189 58
186 195 50
186 200 78
186 202 132
186 203 158
186 204 47
186 213 114
186 226 69
186 235 148
186 237 46
186 245 30
186 262 35
186 284 146
186 286 58
186 295 67
186 303 129
186 319 115
186 331 112
186 340 6
186 351 92
186 352 71
186 356 43
186 373 21
186 387 145
187 214 31
187 221 57
187 227 61
187 229 64
187 240 93
187 257 49
187 269 13
187 286 65
187 290 79
187 300 107
187 345 4
187 346 151
187 355 54
187 359 84
187 370 149
187 378 128
187 387 73
187 388 117
188 189 13
188 192 46
188 197 141
188 220 25
188 221 132
188 227 137
188 229 121
188 242 85
188 261 109
188 278 79
188 281 151
188 314 150
188 326 80
188 331 123
188 332 44
188 370 24
188 378 29
188 388 146
188 392 60
189 209 75
189 210 22
189 232 48
189 236 35
189 237 83
189 240 50
189 244 155
189 256 129
189 259 139
189 265 126
189 289 141
189 293 133
189 301 159
189 308 94
189 309 78
189 316 56
189 318 115
189 324 111
189 330 128
189 336 15
189 345 59
189 351 58
189 357 142
189 360 40
189 391 135
189 399 66
190 194 84
190 202 102
190 244 47
190 248 14
190 252 35
190 262 43
190 280 133
190 283 38
190 286 97
190 289 157
190 322 86
190 342 32
190 344 67
190 362 39
190 399 37
191 199 57
191 202 94
191 207 99
191 234 116
191 256 14
191 258 93
191 266 114
191 277 151
191 290 103
191 292 31
191 296 18
191 327 103
191 328 10
191 347 157
191 361 57
192 200 134
192 201 92
192 204 152
192 207 3
192 208 12
192 217 81
192 220 44
192 233 35
192 234 155
192 278 14
192 284 33
192 291 92
192 309 41
192 313 35
192 331 36
192 337 145
192 353 158
192 365 93
192 374 80
192 387 153
192 391 103
192 392 1
192 394 41
193 194 110
193 197 22
193 200 28
193 210 158
193 233 94
193 234 104
193 235 158
193 239 42
193 248 34
193 250 107
193 254 86
193 255 23
193 261 132
193 263 99
193 267 21
193 275 78
193 281 55
193 287 71
193 300 35
193 302 55
193 315 70
193 322 19
193 323 110
193 344 102
193 360 141
193 374 108
193 378 150
193 400 122
194 195 140
194 196 22
194 200 60
194 201 85
194 206 14
194 218 19
194 220 129
194 224 101
194 227 122
194 239 30
194 248 118
194 255 10
194 258 99
194 266 138
194 289 5
194 300 5
194 306 126
194 320 53
194 328 7
194 330 37
194 364 68
194 367 121
194 379 123
194 380 27
194 392 100
195 204 136
195 211 142
195 218 126
195 242 11
195 257 112
195 258 128
195 259 53
195 288 114
195 290 124
195 302 105
195 303 28
195 324 146
195 330 40
195 331 107
195 343 43
195 352 109
195 364 20
195 379 89
195 391 91
195 393 51
195 398 83
196 202 129
196 208 30
196 225 68
196 237 120
196 247 16
196 269 95
196 270 91
196 275 148
196 281 150
196 292 1
196 309 151
196 311 113
196 316 50
196 326 3
196 329 80
196 332 16
196 334 70
196 335 64
196 349 148
196 353 143
196 365 22
196 367 136
196 371 92
196 372 139
196 383 24
196 384 109
196 390 20
196 394 144
196 399 143
197 199 107
197 207 1
197 218 154
197 223 96
197 226 3
197 227 51
197 233 146
197 234 13
197 237 88
197 255 74
197 262 68
197 292 12
197 325 126
197 355 100
197 365 108
197 370 105
197 372 67
197 378 148
197 393 125
198 217 82
198 220 57
198 224 60
198 232 3
198 235 137
198 238 83
198 255 49
198 256 39
198 261 98
198 271 28
198 281 75
198 283 132
198 285 114
198 306 98
198 316 52
198 335 42
198 365 7
198 383 87
198 395 88
199 200 118
199 244 107
199 266 95
199 287 56
199 291 43
199 294 44
199 298 26
199 301 99
199 311 87
199 313 83
199 332 52
199 337 34
199 344 149
199 346 155
199 388 11
199 392 129
199 400 49
200 214 49
200 222 2
200 229 74
200 245 65
200 250 129
200 259 6
200 308 4
200 310 145
200 334 85
200 345 158
200 358 33
200 360 59
200 370 12
200 379 120
201 212 15
201 263 11
201 268 152
201 276 67
201 280 117
201 300 98
201 304 13
201 309 55
201 321 110
201 326 35
201 331 88
201 333 119
201 336 11
201 341 7
201 344 113
201 348 55
201 371 66
201 382 132
202 210 101
202 211 86
202 216 37
202 244 155
202 253 104
202 259 139
202 261 9
202 268 112
202 270 153
202 271 66
202 282 107
202 289 65
202 304 32
202 307 59
202 312 125
202 313 123
202 318 55
202 320 48
202 330 98
202 341 50
202 360 46
202 371 131
202 382 35
202 383 43
202 389 92
203 216 50
203 218 57
203 220 40
203 221 72
203 231 7
203 239 143
203 244 117
203 255 121
203 273 75
203 278 2
203 294 36
203 295 46
203 325 123
203 343 127
203 359 11
203 365 147
203 383 62
203 392 84
204 213 36
204 222 135
204 224 58
204 225 4
204 235 46
204 261 36
204 269 70
204 283 2
204 296 106
204 309 146
204 312 110
204 318 75
204 323 98
204 344 113
204 349 120
204 366 47
204 370 126
204 374 160
204 375 141
204 382 63
204 385 130
204 393 101
205 215 7
205 216 74
205 225 44
205 229 136
205 240 117
205 261 112
205 309 104
205 310 138
205 321 34
205 333 114
205 335 52
205 342 78
205 383 55
205 385 85
205 389 116
206 219 39
206 220 46
206 256 133
206 260 85
206 263 3
206 269 101
206 278 104
206 283 103
206 305 158
206 308 18
206 321 54
206 323 95
206 338 42
206 339 68
206 342 99
206 346 160
206 376 59
206 394 76
206 395 106
206 398 100
207 212 134
207 227 83
207 250 35
207 256 146
207 257 37
207 259 9
207 284 128
207 298 134
207 307 114
207 310 7
207 326 107
207 339 34
207 346 144
207 375 5
207 388 69
207 396 32
208 217 81
208 238 80
208 240 52
208 249 25
208 253 40
208 256 65
208 268 51
208 277 100
208 288 42
208 295 103
208 298 62
208 335 99
208 345 121
208 347 20
208 353 145
208 369 136
208 385 20
208 387 115
208 391 23
209 219 141
209 224 61
209 229 16
209 242 30
209 255 49
209 261 53
209 262 123
209 276 150
209 279 13
209 284 38
209 286 111
209 292 26
209 300 23
209 309 118
209 325 64
209 336 44
209 339 65
209 341 114
209 354 157
209 357 149
209 364 39
209 365 124
209 371 127
209 373 35
209 381 58
209 390 44
209 393 83
210 219 124
210 221 130
210 228 47
210 234 23
210 258 71
210 262 71
210 264 43
210 272 2
210 308 104
210 333 151
210 339 75
210 343 111
210 370 134
210 392 21
211 221 156
211 257 68
211 259 34
211 264 158
211 276 64
211 294 21
211 301 115
211 325 88
211 342 98
211 346 151
211 348 70
211 363 131
211 365 112
211 384 111
211 389 116
211 393 73
212 213 3
212 222 1
212 238 154
212 247 140
212 260 50
212 278 20
212 280 46
212 290 39
212 292 117
212 295 67
212 301 125
212 308 80
212 311 58
212 325 62
212 326 28
212 334 117
212 341 144
212 345 106
212 356 52
212 365 63
212 373 21
212 379 100
212 381 106
212 384 147
213 215 3
213 221 76
213 229 99
213 236 28
213 243 158
213 251 48
213 258 56
213 262 84
213 270 139
213 274 35
213 280 19
213 293 118
213 294 27
213 296 76
213 303 117
213 307 78
213 308 73
213 316 64
213 324 60
213 328 99
213 332 57
213 349 147
213 353 83
213 354 34
213 385 112
214 229 156
214 236 64
214 237 12
214 240 101
214 243 62
214 252 42
214 260 70
214 300 120
214 312 5
214 317 44
214 320 88
214 324 151
214 336 8
214 340 86
214 341 24
214 351 73
214 361 148
214 362 62
214 366 2
214 373 136
214 378 134
214 400 144
215 228 32
215 234 20
215 242 76
215 265 123
215 276 126
215 288 106
215 300 123
215 302 19
215 306 142
215 308 65
215 314 9
215 317 47
215 320 135
215 322 29
215 330 21
215 334 10
215 357 133
215 359 160
215 369 141
215 375 12
215 377 29
215 395 6
216 230 78
216 248 28
216 263 105
216 271 16
216 274 133
216 281 125
216 282 124
216 285 21
216 295 114
216 309 61
216 325 118
216 328 132
216 359 133
216 386 59
216 397 159
216 400 61
217 222 10
217 224 12
217 225 128
217 234 67
217 242 91
217 245 48
217 251 141
217 258 109
217 264 112
217 272 96
217 276 129
217 279 39
217 291 43
217 294 72
217 297 85
217 300 63
217 304 112
217 312 136
217 322 138
217 332 21
217 333 70
217 340 90
217 349 67
217 350 142
217 369 84
217 378 36
217 380 151
217 384 93
217 389 114
217 395 144
218 235 41
218 240 143
218 254 141
218 267 93
218 272 135
218 278 49
218 282 22
218 291 93
218 294 79
218 296 44
218 317 44
218 331 68
218 335 8
218 343 26
218 344 125
218 372 79
218 374 21
218 383 100
218 396 31
219 226 67
219 233 1
219 262 91
219 278 68
219 294 88
219 321 60
219 348 103
219 351 62
219 353 121
219 374 156
219 386 121
219 388 88
219 395 105
220 239 37
220 241 93
220 244 158
220 248 116
220 256 98
220 288 120
220 292 80
220 301 130
220 305 1
220 310 45
220 320 59
220 321 95
220 323 23
220 333 155
220 356 33
220 360 160
220 368 84
221 222 143
221 225 135
221 247 99
221 277 73
221 289 91
221 299 88
221 302 3
221 320 39
221 321 102
221 328 153
221 340 72
221 341 148
221 356 126
221 359 148
221 373 118
221 376 35
221 378 47
221 384 57
221 388 42
222 225 34
222 229 107
222 260 42
222 298 66
222 320 25
222 322 95
222 326 30
222 329 149
222 330 120
222 336 129
222 346 85
222 354 83
222 364 40
222 376 48
222 379 21
222 382 129
222 394 30
223 233 113
223 235 11
223 262 129
223 266 80
223 277 28
223 284 10
223 285 39
223 293 59
223 307 116
223 312 103
223 320 61
223 330 23
223 340 141
223 356 106
223 365 104
223 368 122
223 371 12
223 389 137
224 235 82
224 251 16
224 255 153
224 263 23
224 266 52
224 269 16
224 290 98
224 294 99
224 300 75
224 330 13
224 336 133
224 348 159
224 364 115
224 372 138
224 382 122
225 238 13
225 255 130
225 259 85
225 261 46
225 265 94
225 283 151
225 285 17
225 307 128
225 313 67
225 320 135
225 334 31
225 340 79
225 351 151
225 359 108
225 369 154
225 391 43
225 394 135
226 242 139
226 251 52
226 259 1
226 270 115
226 275 107
226 281 99
226 283 37
226 284 126
226 296 23
226 310 43
226 312 82
226 326 92
226 333 130
226 335 12
226 344 111
226 386 111
226 388 160
226 398 152
227 238 61
227 249 69
227 251 126
227 253 152
227 288 133
227 309 157
227 319 137
227 321 114
227 330 116
227 334 113
227 341 105
227 355 54
227 366 42
227 372 86
227 373 97
227 379 104
227 395 80
228 238 48
228 241 82
228 242 32
228 253 148
228 264 142
228 275 80
228 282 74
228 288 22
228 319 137
228 366 38
228 367 30
228 371 17
228 372 67
228 373 136
228 382 87
228 384 115
228 389 50
228 396 22
229 241 108
229 245 21
229 247 63
229 250 16
229 251 49
229 261 38
229 265 132
229 281 49
229 302 41
229 317 19
229 318 16
229 319 51
229 332 77
229 337 89
229 359 160
229 362 120
229 368 116
229 375 20
229 377 69
229 382 42
229 394 98
230 241 48
230 242 76
230 243 100
230 244 62
230 266 62
230 284 19
230 314 146
230 321 153
230 332 42
230 342 63
230 343 26
230 345 70
230 346 154
230 366 95
230 380 81
230 397 91
231 234 4
231 241 81
231 245 42
231 277 111
231 303 122
231 309 76
231 318 4
231 321 87
231 332 60
231 343 33
231 346 21
231 356 110
231 364 28
231 374 135
231 378 5
231 394 30
231 398 77
232 234 84
232 247 136
232 263 33
232 267 54
232 281 151
232 285 84
232 291 39
232 308 119
232 315 16
232 331 64
232 337 19
232 339 59
232 342 31
232 350 48
232 358 152
232 359 89
232 363 38
232 366 95
232 368 97
232 374 116
232 393 49
232 395 40
233 250 16
233 257 11
233 265 32
233 283 23
233 323 35
233 339 105
233 372 41
233 375 36
233 392 19
233 399 32
234 236 152
234 253 55
234 257 128
234 269 150
234 275 37
234 276 66
234 280 70
234 316 44
234 327 29
234 336 137
234 341 18
234 342 106
234 363 13
234 375 87
234 378 92
234 393 124
234 400 88
235 243 8
235 252 2
235 261 56
235 269 5
235 285 87
235 287 35
235 329 78
235 332 114
235 340 129
235 342 138
235 345 116
235 354 112
235 365 114
235 367 68
235 385 103
235 390 119
235 393 158
236 289 78
236 296 56
236 303 103
236 311 124
236 314 64
236 320 5
236 333 48
236 343 111
236 350 74
236 357 102
236 365 59
236 367 100
236 377 8
236 380 104
236 385 140
236 392 38
236 396 143
237 239 18
237 248 85
237 275 34
237 276 107
237 280 110
237 281 44
237 288 115
237 290 85
237 297 47
237 333 154
237 342 101
237 354 128
237 377 82
237 382 136
237 386 138
237 390 19
238 240 116
238 242 120
238 245 90
238 266 62
238 267 102
238 271 11
238 300 134
238 303 145
238 306 148
238 314 76
238 328 84
238 330 128
238 332 145
238 334 121
238 341 90
238 343 128
238 344 115
238 359 23
238 369 17
239 249 103
239 251 9
239 276 4
239 302 67
239 310 79
239 323 154
239 331 143
239 332 129
239 335 113
239 336 49
239 353 90
239 357 19
239 359 46
239 361 57
239 364 75
239 384 139
240 263 116
240 293 110
240 314 6
240 326 146
240 329 67
240 336 1
240 353 146
240 359 45
240 365 105
240 377 4
240 388 96
240 400 15
241 244 41
241 273 10
241 274 101
241 285 91
241 289 104
241 296 155
241 305 127
241 307 128
241 317 18
241 321 123
242 252 56
242 283 108
242 290 111
242 325 59
242 337 55
242 342 3
242 348 37
242 350 66
242 358 36
242 362 80
242 364 122
242 372 24
242 382 24
242 396 67
243 246 122
243 248 115
243 251 27
243 254 113
243 257 35
243 264 86
243 282 19
243 300 135
243 304 68
243 312 104
243 317 80
243 318 79
243 323 18
243 324 99
243 325 122
243 327 135
243 338 5
243 343 56
243 345 117
243 352 55
243 354 69
243 357 69
243 383 13
243 389 16
244 248 97
244 249 111
244 250 26
244 260 116
244 308 23
244 311 125
244 313 146
244 328 40
244 329 3
244 344 154
244 353 128
244 379 41
244 385 17
244 390 22
244 394 22
244 395 16
244 399 160
245 250 36
245 252 121
245 255 149
245 263 62
245 278 27
245 281 47
245 287 94
245 290 3
245 319 121
245 320 131
245 328 96
245 345 39
245 350 123
245 361 9
245 367 147
245 378 106
245 384 52
245 386 90
246 255 8
246 272 100
246 274 49
246 276 124
246 290 132
246 306 41
246 310 145
246 332 117
246 333 29
246 337 43
246 341 110
246 346 11
246 351 108
246 354 36
246 359 145
246 373 92
246 379 122
246 395 128
246 399 148
247 252 2
247 263 92
247 284 75
247 285 116
247 308 8
247 320 129
247 328 54
247 332 135
247 350 40
247 356 68
247 386 38
247 388 147
247 397 50
248 269 49
248 271 59
248 277 151
248 293 57
248 316 54
248 324 145
248 358 28
248 365 104
248 369 131
248 379 87
248 387 40
248 391 120
248 397 155
248 400 115
249 292 27
249 350 103
249 364 65
249 368 7
249 375 48
249 382 147
249 391 123
250 255 26
250 266 38
250 292 49
250 308 7
250 320 141
250 342 41
250 344 44
250 358 114
250 366 157
250 369 20
250 377 126
250 391 151
251 257 124
251 284 106
251 302 113
251 319 138
251 327 98
251 346 32
251 350 69
251 353 138
251 366 40
251 385 7
251 397 64
251 399 84
252 258 34
252 276 91
252 282 102
252 293 35
252 297 149
252 298 153
252 310 105
252 313 73
252 318 88
252 320 20
252 330 48
252 344 91
252 357 129
252 360 72
252 383 21
252 384 51
252 400 69
253 264 37
253 265 10
253 270 79
253 276 158
253 285 121
253 289 108
253 293 156
253 300 48
253 309 59
253 319 146
253 330 131
253 360 101
253 362 71
253 366 101
253 372 115
253 375 142
253 388 41
254 279 29
254 290 34
254 292 58
254 305 63
254 313 124
254 319 78
254 321 44
254 332 15
254 343 114
254 352 15
254 374 58
254 379 31
254 381 19
254 397 53
254 398 8
255 261 92
255 266 159
255 274 64
255 276 96
255 283 8
255 284 30
255 302 135
255 308 30
255 319 1
255 321 101
255 324 157
255 334 109
255 351 72
255 354 78
255 363 37
255 369 100
255 378 77
255 399 24
256 276 79
256 278 105
256 287 44
256 295 1
256 303 110
256 305 7
256 331 135
256 341 96
256 345 108
256 350 11
256 351 35
256 371 71
256 378 70
256 389 10
257 263 155
257 282 23
257 286 6
257 312 128
257 320 126
257 355 90
257 366 110
257 369 80
257 378 89
257 394 121
258 262 160
258 274 70
258 277 115
258 280 19
258 283 53
258 290 91
258 297 64
258 299 149
258 305 12
258 307 85
258 314 34
258 323 54
258 329 76
258 345 76
258 348 55
258 377 150
258 382 103
258 391 135
259 261 156
259 274 98
259 295 36
259 309 120
259 317 138
259 339 100
259 366 67
259 367 157
259 380 30
259 384 105
259 392 110
259 399 124
260 262 31
260 270 118
260 275 140
260 284 60
260 298 41
260 302 28
260 338 88
260 361 8
260 388 95
260 395 66
261 266 98
261 272 69
261 276 45
261 281 159
261 283 136
261 296 50
261 304 30
261 305 60
261 310 41
261 320 5
261 355 89
261 370 132
261 371 41
261 373 19
261 379 148
261 382 58
261 388 37
262 263 53
262 264 100
262 265 71
262 270 128
262 281 84
262 289 158
262 292 56
262 300 22
262 308 74
262 310 69
262 321 29
262 343 44
262 354 73
262 386 156
262 388 50
262 393 122
263 271 61
263 296 13
263 297 59
263 309 41
263 312 99
263 315 108
263 340 159
263 349 120
263 351 109
263 357 96
263 371 5
263 380 113
263 386 59
263 393 151
263 398 33
263 399 123
264 269 62
264 273 144
264 283 66
264 293 47
264 312 108
264 331 69
264 341 72
264 344 159
264 367 140
264 374 17
264 380 142
264 396 29
264 400 31
265 268 17
265 286 156
265 304 63
265 320 151
265 322 2
265 326 93
265 338 90
265 347 59
265 356 150
265 385 93
265 391 3
265 392 144
265 393 117
266 271 64
266 284 14
266 285 134
266 292 130
266 293 55
266 295 88
266 296 70
266 300 36
266 302 12
266 315 53
266 316 152
266 321 34
266 330 131
266 334 80
266 335 43
266 341 160
266 343 70
266 344 73
266 347 75
266 349 96
266 359 156
266 362 86
266 363 38
266 368 6
266 390 112
266 391 142
267 274 152
267 297 35
267 309 79
267 316 102
267 327 68
267 341 83
267 351 60
267 352 10
267 356 91
267 366 117
267 371 70
267 377 141
267 390 132
268 270 70
268 275 41
268 289 155
268 294 100
268 298 135
268 308 152
268 311 47
268 313 77
268 334 110
268 354 88
268 359 71
268 370 87
268 373 103
268 382 21
268 384 134
269 270 121
269 277 146
269 294 151
269 295 66
269 302 3
269 322 4
269 327 91
269 344 138
269 353 17
269 355 96
269 360 27
269 362 20
269 369 56
269 373 69
269 376 129
269 394 4
270 274 11
270 296 160
270 303 81
270 306 73
270 331 17
270 344 67
270 346 130
270 367 147
270 374 118
270 390 122
270 398 145
271 277 149
271 278 75
271 288 42
271 294 95
271 313 95
271 314 93
271 330 107
271 336 13
271 339 136
271 340 72
271 343 78
271 356 55
271 358 131
271 361 94
271 370 37
271 384 55
271 388 41
271 395 107
272 300 69
272 318 19
272 347 54
272 374 133
272 383 25
273 275 144
273 276 43
273 280 42
273 299 109
273 310 106
273 314 50
273 322 32
273 328 143
273 335 72
273 341 94
273 354 100
273 359 91
273 372 10
273 379 160
273 385 129
274 290 97
274 294 109
274 299 93
274 300 54
274 335 86
274 343 11
274 352 98
274 356 131
274 368 12
274 372 67
274 374 71
274 379 14
274 384 74
274 398 69
274 399 148
275 278 39
275 302 134
275 311 21
275 320 114
275 321 67
275 328 8
275 352 108
275 354 49
275 358 159
275 386 15
275 387 92
275 394 29
275 397 116
276 287 74
276 327 135
276 340 9
276 349 142
276 353 126
276 357 120
276 361 149
276 374 65
277 282 21
277 300 44
277 302 81
277 324 73
277 329 154
277 335 89
277 337 114
277 354 33
277 357 103
277 376 10
277 380 80
277 384 146
277 395 96
278 283 46
278 290 116
278 292 26
278 297 160
278 313 86
278 322 13
278 323 7
278 354 159
278 392 133
279 282 80
279 288 88
279 289 140
279 295 107
279 326 78
279 331 125
279 348 24
279 357 19
279 376 124
279 377 41
279 379 23
279 381 26
279 383 115
279 389 94
280 288 149
280 289 138
280 290 126
280 305 128
280 308 18
280 312 108
280 324 111
280 333 106
280 357 23
280 360 104
280 364 112
280 370 18
280 396 91
281 288 28
281 295 10
281 304 31
281 318 7
281 330 144
281 355 49
281 356 116
281 362 89
281 369 156
281 391 30
282 283 119
282 288 144
282 303 156
282 314 127
282 319 1
282 320 130
282 323 151
282 328 46
282 333 31
282 349 28
282 353 17
282 360 157
282 361 148
282 367 11
282 372 115
282 376 70
282 380 126
282 388 54
282 391 32
282 396 83
283 289 99
283 300 127
283 306 21
283 313 71
283 317 155
283 322 126
283 335 8
283 337 46
283 349 55
283 353 114
283 368 62
283 377 88
283 379 104
283 381 70
283 382 39
283 386 124
283 389 79
283 390 53
283 391 66
283 394 102
283 395 108
283 398 137
284 298 91
284 317 106
284 327 129
284 333 41
284 351 16
284 373 59
284 378 14
284 387 25
284 393 14
284 398 93
284 399 25
285 286 21
285 290 68
285 292 59
285 293 115
285 297 118
285 299 11
285 327 116
285 328 91
285 331 6
285 336 128
285 339 153
285 341 58
285 350 143
285 354 131
285 357 139
285 364 65
285 370 21
285 388 6
286 287 112
286 299 5
286 309 19
286 335 40
286 336 130
286 339 8
286 342 93
286 345 154
286 349 72
286 355 81
286 362 110
286 365 40
286 375 102
286 397 149
287 303 100
287 304 43
287 352 160
287 368 6
287 378 134
287 387 19
287 399 84
288 304 77
288 316 15
288 324 24
288 325 145
288 349 97
288 351 126
288 361 19
288 366 109
288 367 105
288 369 119
288 381 4
289 296 132
289 298 99
289 308 79
289 320 35
289 361 146
289 398 142
290 297 28
290 300 128
290 308 68
290 309 142
290 311 111
290 316 126
290 323 131
290 326 112
290 329 79
290 331 36
290 336 47
290 337 23
290 354 37
290 365 96
290 373 81
290 395 18
291 303 132
291 310 154
291 312 147
291 317 32
291 332 26
291 360 143
291 367 153
291 387 72
291 395 53
292 296 91
292 299 39
292 311 33
292 314 18
292 315 134
292 326 133
292 340 63
292 351 72
292 357 81
292 359 39
292 363 102
292 368 9
292 398 8
293 301 27
293 315 19
293 323 155
293 340 77
293 362 120
293 367 100
293 375 7
293 378 14
293 380 54
293 389 74
294 297 152
294 299 87
294 302 152
294 309 57
294 315 62
294 316 127
294 317 142
294 320 107
294 329 33
294 337 103
294 340 153
294 345 153
294 358 41
294 366 144
294 380 67
294 386 75
295 304 32
295 312 2
295 322 116
295 325 80
295 326 151
295 327 48
295 343 158
295 348 91
295 351 151
295 361 121
295 384 25
295 388 25
295 390 6
295 394 33
296 303 118
296 307 82
296 315 80
296 331 114
296 333 90
296 341 6
296 346 139
296 349 3
296 351 93
296 360 40
296 377 95
296 381 51
296 391 9
296 396 89
297 306 42
297 315 21
297 316 92
297 317 76
297 349 145
297 358 74
297 370 133
297 374 117
297 379 89
297 383 160
297 385 149
297 394 105
298 305 83
298 308 36
298 314 48
298 327 105
298 337 137
298 341 99
298 343 6
298 346 49
298 347 30
298 359 66
298 363 21
298 378 69
298 381 123
298 387 24
298 389 97
298 391 129
299 310 49
299 311 152
299 331 160
299 332 17
299 333 145
299 336 22
299 337 15
299 341 92
299 345 117
299 347 37
299 354 43
299 378 3
299 381 83
299 390 33
300 320 36
300 325 132
300 337 20
300 358 85
300 373 97
300 399 158
300 400 27
301 303 1
301 305 66
301 340 128
301 349 78
301 374 67
301 392 153
302 308 73
302 311 11
302 313 77
302 339 19
302 362 147
302 381 37
302 397 106
302 399 79
303 306 136
303 313 41
303 320 2
303 333 50
303 340 16
303 343 81
303 344 151
303 361 86
303 364 143
303 369 1
303 383 86
303 384 16
303 397 110
304 307 95
304 327 147
304 331 141
304 333 30
304 336 125
304 337 68
304 340 138
305 307 64
305 308 13
305 309 11
305 334 11
305 336 104
305 364 99
305 378 10
305 391 81
305 393 107
305 400 145
306 312 43
306 320 30
306 321 87
306 326 84
306 332 119
306 351 47
306 352 44
306 372 91
306 374 160
306 375 95
306 390 28
306 394 119
306 397 21
307 310 88
307 317 87
307 319 9
307 331 30
307 346 46
307 360 42
307 394 58
307 396 133
307 399 18
308 312 142
308 346 107
308 348 32
308 360 90
308 362 98
308 400 118
309 326 72
309 329 83
309 331 95
309 338 29
309 349 129
309 362 135
309 370 156
309 376 151
310 311 45
310 316 62
310 325 18
310 354 118
310 357 72
310 358 26
310 362 79
310 372 123
310 376 41
310 380 110
310 391 94
310 397 33
310 398 92
310 399 3
311 326 119
311 332 87
311 333 79
311 344 16
311 347 103
311 355 82
311 371 51
311 377 11
311 379 112
311 398 103
312 323 52
312 324 48
312 328 116
312 357 137
312 364 37
312 372 66
312 387 73
312 398 133
313 315 118
313 316 58
313 336 90
313 346 119
313 351 67
313 369 27
313 382 100
313 397 124
314 334 43
314 337 80
314 351 156
314 355 51
314 368 34
314 379 33
314 387 41
314 388 138
314 397 158
315 322 16
315 325 34
315 329 72
315 332 135
315 334 40
315 341 128
315 346 91
315 350 135
315 359 43
315 368 69
315 373 129
315 396 49
316 318 121
316 319 132
316 323 69
316 337 46
316 343 64
316 366 67
316 367 133
316 370 126
316 373 87
316 375 152
316 379 118
316 380 97
316 399 88
317 327 108
317 334 55
317 340 109
317 350 23
317 388 93
317 399 108
317 400 142
318 338 121
318 339 154
318 345 67
318 354 153
318 361 96
318 365 64
318 368 77
318 384 5
318 387 65
318 395 8
319 322 149
319 340 78
319 355 134
319 365 23
319 395 51
320 322 78
320 338 158
320 340 13
320 344 156
320 348 71
320 356 121
320 396 41
320 400 126
321 326 142
321 328 27
321 355 50
321 362 157
321 369 156
322 344 88
322 360 132
322 370 20
322 372 63
322 377 148
322 381 143
322 395 147
322 399 91
323 329 41
323 344 86
323 353 27
323 387 31
323 393 88
324 338 147
324 355 18
324 371 137
324 372 160
324 375 39
325 330 96
325 331 106
325 338 15
325 341 65
325 346 138
325 363 80
325 365 127
325 377 94
325 381 142
325 386 67
326 331 38
326 336 154
326 349 1
326 350 42
326 354 24
326 355 8
326 358 4
326 366 94
326 371 94
326 373 107
326 385 130
326 390 95
327 347 4
327 353 57
327 362 12
327 366 76
327 370 88
327 385 51
327 395 80
328 337 26
328 341 22
328 342 80
328 350 35
328 367 80
328 373 68
328 374 26
328 377 125
328 391 118
328 394 65
328 396 58
329 330 11
329 331 134
329 333 78
329 337 148
329 386 37
329 387 117
329 393 9
330 332 114
330 343 85
330 349 145
330 356 125
330 365 157
330 380 108
331 333 122
331 337 54
331 354 69
331 364 143
331 367 112
331 375 109
331 388 19
331 393 99
332 336 59
332 342 63
332 344 141
332 347 70
332 366 91
332 384 12
332 387 114
333 339 45
333 341 12
333 347 82
333 353 35
333 359 122
333 363 46
333 366 122
333 379 118
333 383 107
333 385 26
333 388 104
334 341 43
334 350 78
334 351 97
334 352 119
334 367 43
334 372 158
334 378 2
334 382 59
335 344 111
335 355 133
335 381 89
335 382 155
335 384 35
335 387 109
335 388 157
335 389 73
336 340 93
336 342 68
336 353 105
336 358 123
336 367 159
336 381 127
336 394 132
337 355 82
337 368 146
337 392 125
337 399 72
338 342 28
338 359 125
338 363 116
338 369 110
338 383 55
338 389 21
339 368 46
339 370 107
339 381 140
339 386 66
339 398 91
340 344 160
340 360 115
340 378 116
341 354 137
341 357 1
341 369 92
341 384 26
342 343 148
342 346 19
342 388 95
342 393 8
343 347 57
343 354 103
343 358 49
343 377 24
343 379 113
343 380 41
343 392 112
343 397 110
344 351 148
344 357 117
344 383 96
344 391 63
345 353 46
345 360 89
345 365 151
345 372 129
345 373 62
345 391 60
345 396 108
346 355 150
346 359 132
346 361 29
346 364 65
346 369 56
346 376 23
346 381 160
346 387 93
346 390 98
346 395 48
347 364 131
347 374 101
347 377 52
347 380 135
347 382 9
347 386 119
348 351 158
348 361 158
348 397 66
349 361 107
349 366 41
349 378 34
349 381 36
349 396 57
350 361 1
350 370 29
350 374 30
350 383 43
351 364 82
351 366 9
351 375 55
351 389 80
351 391 133
352 370 151
352 374 55
352 381 65
352 385 8
352 397 87
353 365 27
353 367 58
353 368 78
353 371 99
353 381 76
353 382 104
353 392 103
353 396 90
353 400 55
354 375 101
354 385 111
354 391 88
354 394 75
355 362 45
355 363 70
355 380 98
355 382 7
355 396 5
356 392 135
356 399 129
357 360 73
357 361 131
357 364 91
357 380 34
357 385 19
357 397 18
358 367 140
358 374 13
359 370 36
359 378 4
360 363 4
360 367 131
360 373 74
360 377 71
360 385 104
360 389 49
361 365 43
361 373 138
361 385 82
361 387 41
362 374 39
362 381 20
362 395 108
363 368 154
363 370 24
363 385 133
363 388 71
363 392 98
365 369 4
365 372 18
365 373 91
365 381 98
365 384 66
365 393 112
365 396 79
366 369 56
366 383 46
367 371 108
367 383 86
367 385 72
367 393 18
367 395 144
368 370 50
368 391 128
368 395 26
370 399 37
371 383 107
372 395 10
373 375 100
373 376 2
373 377 30
373 385 159
373 395 115
373 400 137
374 382 64
374 398 146
375 377 139
376 379 48
376 381 23
376 384 68
376 392 74
376 397 149
377 383 47
377 389 52
378 383 64
378 384 68
379 387 64
379 388 71
379 391 65
380 383 65
380 385 117
380 396 32
381 384 52
381 385 20
382 389 35
383 387 93
383 391 9
383 392 160
383 398 58
385 396 115
386 388 61
386 390 135
386 400 101
387 392 66
387 393 9
387 398 113
388 395 83
390 391 33
390 394 25
393 396 25
395 398 35
395 400 129
399 400 83
