200 2085
1 16 5
1 19 9
1 28 16
1 42 12
1 58 16
1 115 6
1 116 5
1 120 18
1 132 7
1 143 19
1 168 7
1 189 2
1 193 7
1 196 7
2 9 6
2 12 9
2 14 19
2 22 16
2 24 1
2 54 8
2 87 16
2 89 16
2 101 16
2 103 8
2 174 16
2 199 12
3 9 17
3 12 18
3 15 7
3 34 16
3 40 14
3 82 20
3 103 1
3 109 13
3 115 10
3 120 2
3 130 2
3 134 2
3 145 18
3 155 15
3 158 6
3 177 5
3 178 1
3 179 15
3 181 7
3 184 9
3 190 20
3 193 8
4 28 3
4 32 14
4 33 15
4 61 10
4 72 10
4 74 17
4 78 7
4 81 8
4 90 15
4 98 18
4 110 10
4 115 13
4 119 10
4 127 8
4 129 13
4 166 6
4 168 11
4 174 1
4 177 8
4 182 20
4 186 16
4 200 6
5 9 16
5 16 4
5 23 9
5 34 1
5 42 13
5 49 10
5 54 5
5 63 10
5 70 11
5 124 5
5 139 11
5 140 14
5 152 18
5 155 6
5 159 10
5 162 1
5 166 14
5 176 19
5 189 4
5 191 10
6 17 4
6 18 7
6 28 13
6 36 20
6 43 8
6 47 8
6 52 19
6 65 10
6 69 17
6 75 3
6 82 6
6 86 16
6 90 14
6 91 8
6 95 18
6 110 9
6 112 15
6 123 3
6 124 18
6 126 1
6 140 4
6 143 19
6 152 3
6 165 18
6 166 16
6 172 3
6 196 7
7 22 1
7 59 4
7 89 2
7 104 8
7 117 18
7 130 10
7 154 17
7 161 12
7 184 4
7 187 7
7 188 1
7 198 5
8 10 14
8 13 10
8 18 11
8 22 17
8 23 17
8 30 8
8 42 14
8 44 18
8 73 8
8 82 17
8 88 12
8 101 8
8 105 1
8 109 11
8 122 19
8 126 11
8 129 16
8 135 16
8 136 13
8 149 1
8 152 8
8 153 17
8 171 3
8 174 9
8 180 15
8 200 11
9 38 8
9 44 4
9 53 11
9 60 7
9 68 16
9 69 15
9 71 12
9 75 10
9 79 6
9 80 4
9 84 2
9 86 7
9 87 19
9 95 1
9 112 17
9 116 19
9 133 6
9 143 1
9 156 18
9 159 18
9 160 3
9 177 20
10 36 4
10 46 8
10 50 13
10 64 7
10 67 6
10 83 13
10 85 7
10 86 4
10 97 6
10 101 3
10 105 2
10 114 17
10 126 11
10 138 19
10 162 9
10 170 15
10 184 3
10 188 10
11 20 14
11 29 7
11 41 5
11 69 16
11 71 12
11 75 13
11 82 15
11 88 10
11 102 19
11 107 10
11 113 15
11 117 18
11 126 7
11 127 15
11 129 14
11 133 8
11 156 9
11 161 5
11 162 17
11 163 9
11 167 5
11 169 9
11 186 8
11 188 20
11 189 17
11 194 8
12 17 9
12 25 8
12 34 16
12 35 20
12 44 20
12 54 10
12 63 14
12 74 9
12 93 4
12 107 11
12 111 2
12 112 6
12 115 10
12 136 9
12 142 11
12 145 11
12 150 10
12 160 17
12 180 16
12 185 2
12 187 15
12 190 13
12 199 11
13 22 3
13 32 15
13 50 9
13 54 10
13 67 6
13 77 4
13 82 8
13 105 5
13 117 4
13 144 11
13 146 9
13 151 2
13 152 10
13 160 10
13 162 18
13 172 18
13 175 7
13 177 6
13 195 15
14 26 9
14 32 16
14 33 16
14 38 5
14 40 18
14 42 20
14 52 10
14 55 18
14 62 5
14 63 18
14 88 14
14 89 1
14 109 9
14 112 6
14 117 2
14 118 8
14 142 12
14 150 8
14 164 20
14 169 15
14 182 11
14 190 20
14 196 5
15 28 7
15 32 19
15 35 15
15 38 17
15 42 5
15 66 19
15 69 18
15 92 4
15 100 4
15 102 19
15 104 18
15 110 16
15 116 2
15 142 4
15 159 11
15 172 15
15 196 12
16 17 8
16 19 5
16 34 4
16 37 12
16 40 16
16 42 12
16 66 6
16 68 20
16 76 11
16 78 6
16 111 2
16 120 12
16 139 9
16 180 9
16 184 19
17 28 6
17 41 19
17 43 13
17 55 18
17 80 13
17 84 3
17 87 2
17 88 19
17 92 17
17 93 6
17 95 19
17 99 20
17 105 11
17 112 1
17 117 4
17 120 4
17 130 20
17 131 16
17 147 17
17 155 5
17 157 13
17 159 19
17 161 6
17 168 13
17 182 10
17 184 18
17 185 19
18 23 11
18 26 19
18 46 4
18 64 8
18 68 6
18 72 18
18 79 5
18 85 15
18 86 6
18 94 5
18 96 8
18 110 13
18 111 19
18 131 5
18 136 13
18 142 15
18 160 1
18 169 20
18 170 4
18 175 15
18 182 13
18 190 5
18 199 11
19 27 13
19 33 16
19 36 12
19 43 9
19 68 15
19 73 18
19 75 16
19 82 7
19 83 17
19 96 1
19 105 19
19 138 3
19 142 14
19 164 6
19 173 16
19 186 15
19 189 16
20 25 17
20 30 14
20 31 20
20 34 18
20 38 9
20 45 3
20 59 14
20 66 10
20 71 16
20 83 14
20 92 3
20 94 8
20 105 13
20 114 20
20 129 14
20 159 2
20 163 9
20 184 20
20 197 1
20 199 12
21 22 8
21 74 3
21 77 19
21 98 11
21 106 15
21 114 17
21 117 6
21 125 18
21 153 6
21 170 20
21 180 9
21 195 7
22 40 17
22 58 8
22 61 9
22 63 9
22 70 9
22 82 15
22 107 16
22 117 14
22 118 9
22 129 7
22 166 19
22 181 10
22 198 18
23 24 1
23 27 17
23 29 5
23 52 14
23 53 12
23 64 11
23 68 8
23 69 6
23 77 5
23 92 13
23 109 14
23 135 11
23 138 18
23 140 9
23 145 6
24 31 6
24 33 18
24 38 15
24 40 11
24 43 15
24 46 15
24 50 19
24 54 12
24 55 4
24 66 10
24 67 6
24 69 8
24 77 14
24 78 9
24 83 5
24 88 20
24 94 16
24 107 5
24 116 11
24 134 7
24 148 17
24 162 14
24 164 5
24 187 17
24 196 10
25 41 18
25 45 18
25 60 20
25 84 7
25 96 13
25 104 13
25 107 11
25 109 13
25 151 8
25 156 6
25 169 18
25 170 19
25 175 6
25 182 20
25 190 10
26 41 1
26 44 7
26 52 14
26 104 5
26 106 5
26 108 2
26 132 7
26 133 19
26 138 3
26 143 6
26 162 12
26 163 7
26 172 11
27 53 7
27 70 7
27 95 11
27 98 15
27 99 12
27 106 11
27 107 12
27 110 18
27 121 4
27 154 8
27 167 6
27 183 6
27 185 19
27 186 11
28 30 2
28 53 14
28 59 1
28 85 12
28 89 3
28 94 18
28 96 13
28 106 8
28 109 9
28 112 15
28 129 3
28 145 10
28 146 3
28 152 11
28 164 4
28 169 11
28 180 15
28 183 9
28 186 2
28 189 19
28 192 19
28 195 5
29 35 18
29 39 8
29 40 13
29 44 13
29 46 1
29 51 14
29 91 2
29 99 20
29 102 1
29 103 3
29 112 11
29 120 14
29 126 18
29 128 20
29 147 10
29 148 1
29 185 19
29 187 19
29 192 15
30 44 12
30 53 12
30 81 14
30 88 2
30 104 12
30 125 8
30 127 9
30 131 3
30 143 1
30 146 4
30 147 20
30 155 2
30 157 12
30 159 14
30 170 17
30 182 7
31 35 4
31 46 20
31 53 15
31 77 18
31 89 11
31 123 7
31 125 3
31 128 10
31 142 2
31 144 8
31 148 4
31 151 14
31 152 14
31 163 7
31 179 18
31 186 17
32 33 2
32 44 9
32 50 16
32 52 2
32 62 12
32 64 14
32 65 13
32 66 3
32 72 10
32 73 6
32 78 14
32 87 1
32 106 17
32 108 1
32 116 14
32 124 18
32 126 5
32 132 17
32 136 11
32 143 4
32 150 12
32 158 14
32 163 4
32 164 17
33 38 1
33 40 15
33 70 20
33 71 12
33 76 3
33 77 11
33 81 19
33 87 10
33 106 18
33 118 15
33 120 14
33 121 14
33 145 1
33 160 8
33 176 15
33 190 17
33 191 20
34 37 14
34 42 15
34 44 8
34 59 14
34 65 3
34 87 2
34 117 2
34 121 6
34 130 20
34 148 11
34 150 12
34 154 12
34 174 2
34 179 6
34 185 13
35 46 5
35 71 8
35 77 13
35 106 11
35 113 16
35 123 7
35 129 16
35 131 12
35 134 9
35 142 18
35 151 20
35 179 16
35 199 16
35 200 1
36 54 3
36 56 9
36 78 8
36 81 4
36 118 8
36 123 5
36 129 18
36 132 4
36 137 10
36 139 20
36 155 15
36 158 3
36 180 2
36 200 19
37 51 6
37 56 18
37 67 19
37 70 19
37 81 17
37 82 18
37 88 7
37 100 13
37 104 8
37 107 10
37 111 7
37 117 14
37 125 18
37 132 16
37 141 14
37 142 5
37 147 1
37 155 12
37 159 18
37 163 4
37 169 1
37 178 9
37 183 3
37 195 3
38 46 17
38 63 20
38 66 3
38 68 19
38 74 1
38 86 13
38 88 3
38 94 7
38 102 5
38 105 4
38 113 5
38 121 5
38 149 2
38 152 9
38 160 1
38 168 2
38 195 2
39 51 20
39 60 18
39 64 9
39 66 4
39 72 16
39 77 3
39 89 18
39 100 5
39 104 9
39 125 6
39 130 15
39 131 10
39 149 19
39 157 3
39 163 8
39 172 15
39 190 5
40 44 9
40 49 18
40 83 16
40 100 11
40 114 6
40 141 5
40 148 16
40 163 18
40 169 9
40 170 8
40 180 1
40 188 15
40 191 13
40 194 3
40 196 12
41 53 9
41 55 3
41 59 10
41 65 3
41 70 11
41 94 2
41 99 14
41 103 19
41 118 12
41 121 11
41 132 18
41 141 8
41 145 7
41 155 11
41 159 11
41 164 3
41 165 10
41 166 15
41 175 13
41 176 5
41 180 11
41 184 5
41 198 8
42 45 7
42 46 20
42 62 6
42 64 5
42 93 12
42 101 15
42 107 13
42 116 18
42 127 5
42 139 14
42 143 9
42 149 1
42 153 17
42 175 19
42 180 5
43 47 7
43 57 19
43 60 8
43 77 17
43 83 8
43 90 5
43 96 19
43 102 7
43 103 6
43 110 17
43 134 19
43 138 13
43 140 12
43 147 10
43 151 7
43 155 17
43 159 17
43 171 16
43 173 3
43 186 11
43 197 7
44 46 6
44 50 11
44 55 20
44 58 16
44 69 7
44 71 2
44 80 12
44 95 9
44 101 19
44 106 2
44 114 8
44 116 18
44 137 13
44 151 3
44 173 14
44 174 14
44 176 16
44 184 16
44 185 4
44 196 3
45 47 15
45 61 13
45 69 19
45 73 16
45 76 9
45 78 8
45 80 16
45 95 4
45 97 20
45 127 14
45 129 2
45 173 14
45 179 13
45 191 10
46 54 3
46 57 17
46 63 6
46 85 7
46 106 1
46 114 7
46 128 6
46 129 3
46 145 2
46 146 10
46 153 11
46 180 9
46 187 2
47 56 6
47 78 1
47 82 17
47 85 19
47 90 10
47 92 11
47 128 16
47 138 13
47 142 11
47 154 14
47 168 12
48 58 3
48 59 10
48 67 16
48 69 15
48 78 12
48 79 5
48 87 20
48 91 4
48 94 1
48 96 20
48 105 6
48 118 8
48 128 9
48 138 14
48 155 5
48 162 13
48 166 16
48 168 5
48 182 3
48 183 11
48 196 20
48 198 17
49 52 20
49 53 20
49 57 5
49 63 17
49 86 15
49 104 16
49 109 12
49 113 3
49 119 11
49 121 20
49 123 10
49 129 4
49 132 16
49 139 13
49 158 15
49 163 20
49 169 5
49 183 8
49 186 19
49 191 3
49 193 10
49 200 11
50 55 15
50 58 15
50 64 11
50 70 5
50 81 3
50 89 1
50 116 9
50 119 15
50 149 2
50 150 8
50 161 1
50 163 2
50 168 13
50 173 10
50 179 3
50 185 1
50 199 17
51 55 13
51 56 5
51 63 20
51 70 4
51 76 9
51 99 17
51 123 4
51 144 7
51 154 7
51 172 8
51 176 20
51 185 15
51 199 17
52 69 14
52 70 4
52 74 4
52 82 3
52 87 5
52 102 5
52 120 6
52 151 18
52 159 4
52 170 12
52 195 7
52 199 1
53 60 9
53 62 17
53 69 14
53 84 9
53 92 8
53 93 8
53 94 16
53 106 3
53 115 17
53 132 12
53 136 1
53 139 17
53 140 16
53 145 7
53 153 9
53 180 3
53 200 15
54 59 10
54 66 4
54 67 5
54 79 15
54 87 9
54 94 12
54 98 3
54 111 13
54 116 13
54 117 11
54 119 8
54 121 18
54 132 19
54 143 15
54 149 16
54 162 12
54 163 11
54 166 11
54 177 17
54 198 18
54 200 11
55 60 10
55 94 18
55 100 11
55 103 9
55 124 10
55 131 19
55 140 6
55 146 1
55 159 14
55 160 19
55 163 17
55 166 8
55 167 1
55 168 15
55 173 10
55 174 2
55 179 5
55 192 13
56 65 17
56 75 5
56 82 18
56 100 14
56 127 1
56 128 6
56 130 6
56 167 4
56 176 1
56 177 6
56 192 19
57 58 8
57 68 19
57 69 18
57 72 11
57 74 12
57 77 12
57 80 5
57 82 11
57 83 3
57 84 7
57 85 18
57 92 20
57 94 15
57 103 15
57 115 2
57 122 10
57 123 5
57 131 7
57 148 2
57 171 6
57 185 9
57 189 12
57 192 11
58 63 14
58 64 18
58 77 11
58 98 16
58 99 5
58 106 18
58 114 5
58 128 19
58 145 16
58 163 15
58 167 11
58 183 11
58 187 3
58 196 7
59 67 15
59 69 11
59 72 20
59 78 17
59 80 7
59 84 16
59 88 19
59 108 1
59 117 20
59 131 17
59 143 5
59 169 11
59 174 4
59 175 16
59 186 5
59 196 3
59 199 16
60 63 18
60 66 13
60 88 6
60 99 13
60 110 15
60 118 15
60 123 18
60 142 18
60 157 8
60 159 3
60 165 11
60 169 16
60 179 19
60 196 5
61 64 3
61 66 10
61 69 13
61 92 7
61 94 7
61 105 2
61 114 9
61 154 10
61 161 20
61 166 2
61 170 5
61 178 3
61 191 15
62 71 11
62 74 20
62 78 5
62 89 18
62 102 4
62 105 12
62 108 6
62 117 7
62 119 4
62 123 8
62 146 5
62 154 15
62 161 5
62 163 14
62 168 16
62 196 13
62 198 20
63 93 4
63 102 20
63 113 17
63 151 14
63 153 17
63 178 18
63 184 13
63 187 14
63 188 8
63 200 9
64 68 8
64 69 5
64 92 10
64 95 8
64 96 9
64 104 1
64 107 3
64 112 14
64 125 1
64 137 6
64 155 13
64 159 3
64 160 1
64 175 19
64 181 2
64 187 20
64 193 18
64 199 20
65 68 4
65 69 2
65 80 4
65 81 20
65 82 5
65 95 7
65 123 1
65 133 17
65 141 6
65 161 18
65 162 1
65 167 19
65 168 20
65 199 10
66 72 20
66 78 8
66 86 3
66 108 13
66 128 16
66 138 19
66 145 18
66 151 8
66 153 20
66 170 15
66 195 3
67 88 1
67 93 13
67 95 15
67 99 19
67 114 3
67 122 18
67 124 16
67 130 16
67 145 15
67 174 11
67 187 17
67 191 16
67 192 10
67 194 8
68 71 19
68 82 10
68 83 1
68 113 13
68 114 7
68 123 12
68 130 11
68 136 20
68 157 15
68 162 16
68 166 18
68 171 19
68 172 13
68 175 20
68 182 9
68 189 13
69 75 4
69 83 8
69 94 2
69 102 17
69 103 3
69 104 12
69 121 3
69 124 18
69 146 8
69 149 2
69 163 11
69 165 18
70 73 9
70 83 5
70 113 7
70 124 5
70 129 7
70 130 11
70 149 2
70 164 14
70 165 3
70 166 15
70 170 14
70 177 7
70 179 8
70 186 6
70 189 15
70 198 12
71 75 5
71 93 1
71 98 1
71 105 1
71 107 12
71 112 11
71 124 14
71 128 6
71 136 7
71 144 8
71 145 7
71 158 3
71 163 10
71 173 13
71 175 20
71 179 9
72 74 6
72 77 9
72 82 3
72 88 4
72 101 9
72 107 8
72 112 12
72 116 12
72 130 16
72 133 1
72 145 20
72 163 4
72 164 8
72 165 2
72 169 1
72 175 20
73 75 4
73 91 15
73 109 17
73 131 2
73 141 3
73 159 2
73 186 14
73 195 6
74 77 1
74 88 11
74 134 19
74 137 10
74 143 3
74 165 7
74 175 9
74 182 17
74 194 19
74 197 14
75 81 3
75 99 13
75 134 9
75 142 1
75 144 16
75 151 18
75 158 18
75 171 8
75 190 16
75 200 10
76 95 16
76 98 8
76 109 17
76 111 10
76 117 1
76 118 9
76 127 10
76 136 16
76 161 2
76 163 7
76 164 2
76 184 16
76 193 8
77 83 1
77 113 7
77 117 8
77 124 3
77 127 6
77 132 3
77 137 14
77 148 7
77 152 10
77 174 3
77 175 9
77 177 1
77 186 8
77 194 13
78 93 4
78 100 12
78 107 5
78 108 16
78 109 16
78 113 3
78 122 7
78 155 20
78 180 4
78 195 16
79 86 3
79 91 3
79 96 6
79 131 18
79 145 2
79 166 20
79 174 6
79 193 3
79 196 10
80 84 6
80 96 20
80 107 16
80 126 17
80 135 6
80 151 18
80 152 13
80 153 1
80 154 19
80 165 19
80 168 17
80 182 10
80 199 9
81 83 13
81 104 6
81 119 10
81 145 6
81 151 16
81 152 8
81 171 15
81 175 14
81 179 1
81 189 19
82 94 20
82 97 1
82 102 14
82 125 13
82 141 1
82 142 10
82 155 17
82 161 3
82 167 3
82 190 19
82 192 10
83 86 2
83 104 15
83 108 7
83 112 3
83 124 12
83 125 16
83 133 8
83 135 15
83 139 6
83 143 7
83 153 11
83 161 10
83 166 7
83 167 19
83 170 6
83 172 13
83 178 13
83 189 16
84 94 16
84 109 10
84 119 15
84 129 16
84 150 1
84 154 8
84 170 8
84 200 18
85 94 6
85 114 8
85 116 17
85 121 15
85 156 7
85 171 19
85 172 11
85 178 5
85 179 15
85 185 1
85 187 20
85 191 15
85 193 15
86 101 16
86 118 7
86 119 15
86 128 18
86 135 18
86 137 10
86 141 19
86 143 20
86 150 7
86 173 20
86 176 8
86 195 8
86 198 1
87 99 14
87 106 9
87 109 6
87 123 3
87 128 1
87 136 18
87 146 3
87 170 2
88 91 3
88 104 5
88 109 3
88 110 15
88 112 15
88 116 14
88 121 18
88 158 7
88 159 19
88 168 12
88 176 4
88 189 18
88 190 5
88 196 9
88 197 17
89 90 19
89 93 4
89 112 6
89 128 19
89 133 12
89 146 20
89 162 12
89 166 9
89 173 9
89 199 20
90 92 6
90 97 7
90 99 1
90 108 1
90 113 3
90 118 19
90 119 12
90 124 20
90 146 2
90 162 15
90 198 8
91 93 11
91 96 15
91 98 3
91 100 19
91 102 8
91 130 1
91 131 2
91 147 2
91 160 3
91 161 2
91 182 17
91 195 3
91 197 19
92 94 1
92 105 18
92 110 6
92 115 5
92 124 10
92 132 11
92 148 8
92 153 8
92 165 6
92 166 2
92 178 6
92 197 4
92 198 19
93 99 7
93 109 3
93 113 3
93 114 18
93 116 6
93 135 2
93 140 20
93 147 7
93 160 4
93 177 11
93 187 1
93 192 16
94 113 14
94 119 11
94 137 9
94 150 20
94 156 10
94 174 8
94 176 12
94 181 11
94 187 16
95 110 6
95 120 1
95 138 14
95 153 19
95 159 8
95 162 4
95 170 16
95 174 8
95 177 14
95 179 18
95 200 2
96 107 10
96 109 5
96 119 12
96 130 6
96 144 13
96 147 7
96 148 12
96 152 18
96 156 16
96 158 14
96 159 2
96 161 12
96 176 9
96 186 4
96 197 1
96 200 5
97 99 20
97 116 14
97 132 17
97 160 11
97 172 19
97 173 15
97 188 15
97 191 8
97 193 3
97 196 17
97 200 16
98 106 3
98 116 14
98 119 14
98 132 8
98 135 11
98 137 16
98 140 9
98 154 9
98 158 19
98 162 4
98 165 9
98 176 16
98 177 9
98 184 3
98 191 16
98 192 12
98 199 8
98 200 5
99 110 1
99 112 11
99 115 16
99 127 19
99 136 17
99 148 20
99 160 18
99 179 19
99 194 15
99 198 11
100 101 17
100 125 15
100 127 10
100 130 20
100 151 4
100 154 13
100 159 11
100 169 9
100 172 18
100 177 12
100 178 18
100 189 16
100 190 13
100 196 2
100 197 17
101 102 1
101 105 20
101 121 16
101 122 1
101 123 1
101 124 8
101 130 14
101 134 6
101 137 18
101 142 7
101 162 15
101 171 17
101 175 17
101 196 17
102 138 15
102 140 17
102 144 12
102 169 5
102 189 2
102 193 4
103 107 11
103 108 2
103 118 20
103 121 11
103 129 6
103 136 20
103 138 10
103 145 12
103 167 17
104 105 19
104 114 17
104 116 10
104 118 17
104 135 12
104 141 5
104 152 4
104 162 20
104 178 14
104 191 6
105 113 13
105 116 9
105 127 14
105 130 9
105 140 15
105 151 1
105 152 2
105 160 2
105 166 14
105 167 12
105 174 14
105 179 19
105 186 6
105 199 13
105 200 12
106 108 11
106 112 4
106 120 10
106 125 8
106 129 6
106 151 2
106 154 15
106 156 10
106 160 3
106 164 6
106 173 18
106 183 19
106 185 12
106 190 16
106 199 11
107 108 6
107 111 14
107 122 18
107 134 14
107 137 15
107 141 8
107 150 1
107 153 8
107 181 14
107 198 10
108 121 17
108 149 19
108 169 1
108 187 15
108 190 2
108 197 19
109 124 15
109 131 13
109 132 11
109 146 19
109 168 6
109 182 5
109 184 18
110 121 16
110 123 19
110 130 4
110 144 3
110 151 13
110 154 9
110 162 9
110 178 13
110 180 7
110 190 1
110 194 12
110 198 10
111 113 13
111 115 17
111 123 5
111 129 20
111 152 11
111 197 13
112 119 16
112 120 6
112 132 17
112 158 14
112 164 16
113 117 5
113 122 9
113 132 15
113 145 15
113 150 15
113 154 8
113 156 2
113 158 13
113 166 14
113 167 9
113 169 18
113 173 13
113 174 19
113 187 1
113 189 13
113 190 16
114 116 15
114 135 10
114 145 16
114 150 16
114 153 2
114 156 2
114 157 10
114 158 9
114 165 5
114 166 1
114 173 19
114 180 14
114 182 19
115 116 8
115 117 2
115 118 15
115 129 8
115 132 8
115 142 9
115 143 19
115 174 6
115 194 1
115 200 8
116 117 11
116 140 15
116 143 3
116 144 8
116 151 17
116 154 20
116 168 19
116 170 17
116 175 12
116 176 16
116 181 3
116 187 12
116 189 14
116 192 19
116 198 20
117 121 12
117 156 7
117 162 3
117 163 12
117 176 18
117 196 7
118 128 15
118 132 15
118 133 20
118 147 14
118 150 18
118 151 18
118 152 15
118 155 10
118 163 7
118 179 16
118 180 13
118 182 13
118 188 3
119 134 8
119 140 1
119 151 20
119 162 6
119 190 5
119 191 6
119 195 8
120 131 14
120 132 17
120 141 15
120 143 7
120 147 7
120 148 13
120 151 9
120 162 18
120 173 2
120 177 17
120 180 12
120 184 14
120 186 19
120 188 2
120 191 13
120 192 4
120 200 6
121 139 1
121 146 19
121 157 19
121 169 14
121 175 1
121 180 4
121 191 7
122 123 3
122 128 6
122 135 6
122 147 18
122 149 16
122 158 15
122 159 19
122 170 2
122 180 17
122 183 1
122 186 13
123 149 4
123 160 19
123 171 11
123 177 1
123 182 13
123 195 19
124 132 18
124 173 15
124 184 1
124 196 18
125 142 12
125 144 18
125 152 4
125 156 6
125 161 4
125 177 10
125 189 9
125 191 5
125 196 18
125 197 6
126 149 20
126 151 8
126 170 9
126 176 8
126 188 8
126 199 6
127 133 9
127 151 12
127 153 4
127 171 4
127 174 14
127 183 17
128 136 18
128 139 13
128 141 11
128 143 15
128 156 6
128 158 11
128 172 20
128 173 10
128 177 4
128 180 8
128 185 13
128 193 12
128 194 3
128 199 14
129 135 1
129 137 20
129 145 10
129 150 1
129 153 15
129 157 14
129 174 4
129 175 8
129 194 3
130 151 4
130 152 17
130 156 10
130 187 18
130 198 3
130 199 3
131 144 10
131 150 10
131 154 2
131 155 19
131 185 17
132 134 7
132 144 18
132 160 4
132 161 11
132 175 19
132 178 9
132 182 9
132 188 15
132 198 12
133 141 4
133 156 18
133 166 9
133 190 14
133 194 12
133 196 7
134 140 8
134 142 6
134 151 3
134 158 11
134 188 11
135 139 5
135 149 7
135 173 9
135 185 3
135 195 2
135 197 2
135 200 2
136 140 1
136 163 4
136 173 1
136 182 2
136 196 2
137 142 3
137 152 8
137 158 16
137 177 1
137 182 9
137 185 19
138 141 11
138 154 11
138 155 4
138 157 4
138 163 2
138 168 13
138 181 12
138 183 1
138 190 6
138 197 8
139 161 10
139 194 4
140 143 1
140 144 13
140 146 4
140 161 10
140 174 3
140 178 18
140 188 9
141 142 15
141 160 19
141 162 4
141 176 9
141 185 14
141 195 20
141 199 3
142 144 6
142 148 17
142 171 9
142 172 19
142 173 10
142 176 1
142 181 11
142 183 7
143 156 10
143 167 12
143 193 2
143 199 20
143 200 16
144 166 5
144 193 14
145 146 7
145 150 13
145 156 6
145 166 8
145 167 14
145 173 20
145 199 10
147 150 17
147 168 19
147 174 5
147 199 5
148 168 14
148 172 16
148 190 10
148 195 8
149 167 6
149 168 6
149 172 13
149 192 11
150 186 1
150 189 10
151 155 15
151 193 4
152 190 7
152 198 4
153 169 1
153 171 7
153 192 20
154 156 6
154 194 2
154 200 8
155 162 8
155 163 1
155 167 14
155 168 19
155 171 20
155 173 9
155 176 15
155 179 3
155 180 8
156 177 17
156 189 7
157 162 10
157 176 11
157 180 11
157 184 19
158 168 15
158 187 10
158 194 5
160 167 2
160 185 7
161 165 18
161 167 20
161 173 20
161 177 6
161 178 20
162 166 14
162 186 14
162 188 14
163 173 13
163 177 20
164 168 12
164 171 1
164 185 20
165 172 12
165 182 3
165 198 7
166 167 13
166 185 13
166 193 10
167 170 6
167 175 18
167 181 9
167 186 5
167 189 9
168 174 9
168 176 16
168 179 18
168 183 5
168 193 19
169 175 11
169 194 7
170 180 12
171 188 6
172 189 19
172 191 10
172 192 15
172 200 10
173 181 16
173 183 14
173 191 12
174 175 14
174 176 11
174 180 2
174 187 20
174 190 15
174 195 18
174 197 7
175 183 16
175 188 6
176 189 1
179 186 19
179 195 9
179 196 6
180 193 17
181 186 17
181 190 16
181 198 9
181 200 6
183 187 7
183 188 2
183 197 15
183 198 12
183 200 10
184 188 16
184 190 13
184 191 11
184 197 20
185 198 18
187 197 10
188 197 7
189 196 6
190 193 11
193 199 11
196 199 20
