400 7946
1 17 44
1 21 10
1 29 15
1 44 31
1 49 72
1 51 7
1 57 30
1 60 55
1 63 30
1 67 49
1 108 44
1 111 41
1 113 68
1 150 17
1 156 73
1 195 21
1 201 16
1 221 61
1 229 37
1 230 59
1 232 31
1 235 56
1 242 41
1 250 11
1 253 58
1 269 7
1 272 59
1 279 33
1 285 1
1 292 52
1 293 34
1 305 38
1 329 13
1 332 32
1 347 55
1 351 72
1 355 77
1 362 24
1 385 50
2 10 50
2 14 5
2 16 18
2 18 12
2 40 66
2 44 61
2 48 31
2 69 56
2 83 25
2 99 34
2 108 17
2 115 19
2 120 79
2 131 79
2 140 32
2 143 59
2 148 23
2 153 44
2 164 75
2 175 36
2 177 36
2 182 29
2 184 62
2 194 23
2 203 10
2 224 55
2 225 28
2 226 47
2 231 31
2 243 35
2 245 22
2 247 46
2 251 75
2 260 39
2 299 32
2 308 48
2 313 75
2 326 54
2 335 71
2 339 59
2 351 19
2 370 28
2 399 15
3 17 34
3 24 23
3 25 5
3 31 32
3 49 14
3 75 43
3 76 47
3 91 6
3 93 53
3 96 9
3 102 5
3 122 40
3 127 17
3 144 74
3 148 12
3 152 35
3 157 41
3 158 37
3 184 57
3 205 55
3 206 73
3 207 55
3 212 66
3 220 75
3 222 22
3 225 56
3 237 29
3 249 76
3 251 43
3 284 7
3 287 71
3 306 24
3 345 39
3 355 23
4 17 55
4 24 77
4 48 28
4 55 15
4 71 38
4 87 61
4 88 31
4 119 50
4 123 34
4 162 56
4 188 31
4 189 24
4 192 44
4 201 39
4 216 10
4 227 5
4 239 25
4 240 70
4 242 38
4 257 25
4 262 15
4 266 54
4 269 28
4 280 38
4 283 63
4 289 12
4 341 55
4 345 37
4 347 36
4 368 39
4 379 41
4 380 11
5 9 13
5 11 2
5 12 61
5 29 17
5 30 50
5 36 43
5 49 7
5 76 1
5 91 43
5 94 65
5 108 2
5 112 15
5 115 55
5 119 39
5 129 22
5 132 71
5 143 59
5 150 15
5 151 49
5 153 7
5 178 40
5 191 79
5 194 10
5 202 55
5 215 59
5 222 40
5 229 14
5 260 64
5 284 56
5 291 60
5 296 30
5 319 4
5 324 10
5 342 12
5 348 14
5 357 59
5 367 3
5 371 32
5 372 6
5 385 74
5 399 22
6 8 79
6 9 3
6 17 32
6 41 9
6 60 51
6 62 2
6 74 80
6 82 56
6 123 21
6 137 61
6 140 68
6 146 59
6 149 16
6 168 4
6 169 19
6 172 75
6 182 50
6 183 45
6 191 62
6 197 10
6 198 29
6 205 19
6 211 54
6 218 55
6 239 52
6 247 26
6 250 4
6 263 56
6 268 22
6 279 41
6 280 11
6 293 55
6 297 15
6 312 3
6 316 65
6 336 50
6 340 4
6 342 59
6 351 35
6 361 64
6 363 49
6 378 18
6 388 45
7 31 56
7 44 16
7 73 33
7 74 60
7 79 74
7 90 50
7 118 70
7 133 52
7 144 12
7 150 68
7 152 63
7 166 51
7 175 33
7 183 57
7 189 8
7 218 74
7 222 47
7 227 46
7 245 22
7 281 40
7 292 16
7 295 74
7 322 8
7 354 69
7 368 38
7 372 26
7 373 22
7 386 72
7 388 34
8 9 41
8 13 43
8 34 48
8 35 58
8 39 71
8 46 37
8 53 26
8 61 55
8 62 27
8 70 5
8 71 54
8 72 15
8 80 19
8 84 52
8 98 9
8 99 50
8 107 75
8 120 56
8 122 20
8 127 56
8 137 71
8 142 70
8 144 5
8 172 21
8 193 58
8 198 2
8 229 5
8 243 59
8 262 52
8 266 13
8 275 9
8 295 70
8 309 10
8 318 18
8 340 31
8 350 42
8 359 35
8 365 41
8 373 23
8 394 5
9 14 60
9 17 37
9 38 18
9 47 54
9 54 38
9 61 23
9 69 69
9 76 12
9 84 72
9 114 8
9 129 3
9 132 62
9 144 70
9 152 10
9 159 4
9 165 65
9 168 15
9 170 71
9 179 11
9 180 31
9 183 30
9 186 51
9 195 23
9 199 4
9 203 70
9 204 34
9 207 78
9 208 38
9 211 29
9 213 73
9 222 71
9 240 24
9 243 68
9 264 61
9 270 51
9 278 77
9 279 31
9 286 57
9 287 36
9 293 54
9 325 2
9 341 4
9 345 31
9 346 52
9 348 36
9 350 7
9 351 64
9 360 33
9 367 41
9 369 8
9 380 24
9 386 29
9 391 17
9 397 24
10 31 41
10 58 49
10 60 12
10 76 13
10 79 68
10 82 13
10 87 46
10 89 25
10 94 78
10 112 68
10 133 27
10 147 60
10 153 31
10 162 76
10 167 25
10 168 35
10 169 53
10 188 49
10 191 42
10 198 24
10 217 75
10 229 50
10 231 75
10 232 3
10 249 14
10 251 67
10 262 31
10 263 60
10 276 7
10 279 52
10 290 28
10 309 42
10 317 59
10 318 17
10 322 52
10 328 70
10 341 3
10 348 34
10 364 45
10 367 19
10 368 29
10 370 13
10 382 64
10 391 60
10 395 24
10 400 2
11 18 53
11 25 76
11 37 8
11 38 30
11 59 70
11 61 2
11 64 6
11 83 70
11 84 25
11 104 57
11 105 45
11 110 29
11 111 27
11 128 33
11 135 38
11 145 80
11 158 79
11 166 67
11 190 56
11 191 5
11 192 11
11 221 19
11 231 79
11 241 74
11 251 29
11 262 39
11 271 14
11 279 48
11 288 46
11 305 42
11 328 61
11 347 60
11 349 48
11 353 57
11 354 23
11 391 42
11 394 59
11 399 29
11 400 47
12 23 14
12 36 78
12 43 76
12 52 29
12 67 11
12 78 25
12 80 55
12 81 67
12 85 53
12 102 31
12 103 42
12 108 34
12 110 36
12 133 44
12 137 30
12 140 25
12 142 49
12 143 38
12 156 20
12 164 8
12 167 29
12 169 56
12 178 43
12 196 74
12 198 27
12 212 60
12 215 69
12 218 77
12 232 62
12 250 42
12 266 19
12 268 60
12 269 56
12 271 38
12 299 47
12 301 31
12 302 46
12 303 55
12 325 25
12 327 33
12 329 65
12 333 5
12 337 16
12 351 76
12 353 51
12 365 16
12 369 19
12 383 54
13 17 54
13 20 1
13 21 52
13 28 48
13 31 58
13 43 9
13 46 40
13 50 50
13 58 56
13 63 44
13 64 68
13 73 25
13 94 49
13 107 55
13 114 32
13 154 22
13 158 46
13 169 60
13 172 79
13 177 28
13 180 31
13 190 13
13 192 58
13 212 1
13 215 63
13 219 26
13 243 37
13 250 60
13 254 54
13 283 7
13 289 27
13 296 71
13 314 30
13 319 36
13 320 25
13 323 3
13 352 3
13 365 21
13 367 44
13 378 1
13 398 5
13 399 59
14 16 55
14 57 64
14 72 26
14 75 58
14 106 55
14 131 43
14 166 67
14 171 64
14 182 68
14 186 67
14 200 5
14 206 56
14 210 7
14 215 55
14 225 44
14 226 68
14 233 58
14 261 33
14 294 1
14 350 12
14 351 72
14 354 61
14 356 37
14 357 66
14 367 5
14 370 21
14 374 19
14 376 7
14 387 68
15 28 28
15 32 28
15 48 2
15 68 14
15 70 60
15 93 60
15 102 54
15 107 8
15 108 53
15 109 76
15 123 75
15 125 12
15 129 35
15 130 68
15 151 47
15 158 41
15 177 19
15 195 22
15 197 55
15 202 6
15 212 41
15 216 12
15 244 14
15 256 59
15 258 24
15 260 61
15 262 42
15 263 59
15 264 42
15 265 38
15 281 21
15 287 31
15 296 37
15 297 4
15 302 60
15 303 49
15 312 9
15 315 61
15 323 63
15 325 51
15 336 70
15 337 57
15 348 1
15 355 52
15 357 27
16 18 42
16 104 47
16 109 79
16 110 37
16 131 29
16 133 72
16 134 33
16 140 69
16 146 9
16 148 8
16 152 36
16 154 42
16 175 14
16 208 61
16 231 52
16 240 5
16 265 61
16 271 50
16 284 80
16 288 37
16 292 25
16 309 53
16 335 67
16 341 3
16 351 30
16 354 55
16 357 45
16 359 35
16 368 60
16 373 6
16 395 62
17 32 5
17 34 30
17 35 28
17 37 72
17 42 18
17 56 12
17 62 52
17 70 44
17 78 79
17 86 49
17 91 21
17 92 29
17 93 13
17 118 42
17 134 35
17 135 8
17 143 44
17 148 52
17 149 65
17 151 33
17 164 4
17 165 28
17 168 15
17 172 59
17 178 1
17 194 74
17 206 30
17 215 69
17 225 70
17 226 67
17 231 49
17 232 65
17 238 29
17 244 17
17 245 69
17 248 48
17 253 59
17 269 47
17 273 11
17 297 14
17 306 28
17 307 78
17 309 50
17 317 41
17 337 3
17 351 21
17 363 72
17 364 31
17 368 42
17 381 57
17 397 59
17 399 37
18 39 65
18 41 34
18 47 55
18 49 3
18 64 64
18 73 74
18 74 48
18 75 55
18 89 27
18 110 79
18 130 43
18 171 46
18 209 23
18 214 63
18 220 13
18 244 65
18 249 15
18 263 62
18 281 77
18 295 55
18 316 43
18 323 46
18 339 43
18 342 47
18 355 21
18 380 34
18 385 37
19 26 33
19 28 77
19 34 12
19 38 17
19 79 62
19 83 17
19 84 51
19 98 57
19 118 18
19 125 35
19 129 28
19 140 56
19 150 45
19 157 77
19 165 16
19 178 25
19 183 23
19 185 42
19 245 64
19 256 37
19 261 21
19 262 36
19 266 16
19 274 8
19 282 47
19 292 33
19 295 48
19 303 62
19 321 45
19 341 47
19 350 79
19 368 59
19 378 70
20 29 29
20 31 24
20 38 68
20 42 15
20 49 3
20 58 18
20 63 37
20 71 43
20 74 77
20 103 35
20 120 47
20 134 64
20 144 20
20 148 42
20 153 3
20 157 36
20 172 29
20 180 23
20 192 71
20 194 75
20 203 12
20 230 13
20 233 71
20 234 32
20 238 33
20 245 2
20 253 41
20 262 69
20 263 12
20 282 47
20 286 73
20 287 75
20 288 68
20 294 42
20 298 16
20 303 6
20 309 52
20 311 32
20 325 67
20 342 39
20 344 13
20 348 54
20 355 45
20 361 4
20 365 48
20 382 77
20 388 74
20 391 68
21 28 65
21 29 18
21 32 63
21 42 6
21 43 47
21 68 79
21 82 39
21 84 32
21 112 47
21 114 21
21 124 31
21 137 65
21 147 80
21 155 24
21 184 25
21 185 32
21 187 49
21 189 21
21 190 67
21 198 3
21 205 28
21 215 2
21 228 29
21 242 20
21 261 4
21 277 39
21 280 57
21 298 31
21 301 70
21 302 49
21 323 1
21 355 33
21 363 7
21 370 6
21 375 73
21 387 12
21 400 17
22 37 64
22 60 76
22 71 56
22 90 11
22 95 26
22 100 5
22 101 67
22 122 46
22 124 32
22 143 32
22 144 5
22 152 52
22 156 18
22 157 69
22 162 28
22 163 14
22 178 46
22 180 78
22 199 55
22 208 5
22 217 38
22 231 56
22 235 74
22 236 19
22 242 36
22 279 25
22 287 66
22 325 34
22 327 39
22 335 31
22 338 45
22 365 73
22 368 22
22 382 53
22 383 78
22 392 63
23 44 75
23 62 19
23 75 21
23 100 5
23 116 32
23 124 48
23 130 42
23 134 76
23 137 38
23 172 38
23 180 49
23 190 79
23 202 43
23 206 22
23 221 12
23 223 24
23 258 29
23 266 48
23 268 55
23 281 60
23 289 74
23 291 69
23 304 6
23 312 38
23 322 41
23 323 73
23 355 37
23 365 16
23 372 1
23 380 2
23 387 18
23 388 67
24 41 30
24 43 20
24 44 51
24 45 33
24 73 4
24 95 12
24 103 56
24 107 74
24 121 1
24 145 34
24 154 59
24 167 66
24 168 6
24 170 38
24 173 44
24 174 17
24 188 39
24 201 24
24 233 5
24 241 70
24 242 75
24 251 61
24 252 9
24 256 6
24 273 75
24 277 52
24 281 31
24 306 71
24 309 39
24 323 3
24 333 61
24 335 58
24 371 65
25 34 65
25 37 66
25 59 14
25 73 42
25 76 35
25 83 73
25 91 37
25 93 49
25 98 59
25 105 13
25 120 34
25 135 40
25 142 35
25 150 6
25 151 59
25 163 25
25 164 8
25 166 80
25 170 27
25 177 11
25 191 71
25 193 38
25 199 74
25 202 15
25 203 33
25 208 21
25 209 68
25 223 59
25 256 28
25 257 27
25 260 36
25 274 63
25 281 77
25 285 54
25 291 75
25 295 61
25 297 46
25 301 64
25 305 56
25 338 22
25 342 80
25 349 61
25 355 78
25 364 37
25 371 45
25 388 1
25 398 49
26 31 75
26 46 38
26 64 59
26 77 57
26 78 21
26 91 62
26 96 57
26 173 6
26 178 75
26 196 34
26 233 33
26 284 25
26 287 27
26 290 76
26 294 76
26 302 78
26 315 43
26 325 6
26 333 47
26 372 60
26 375 76
26 376 66
26 379 7
26 383 24
26 387 58
26 392 7
27 72 68
27 75 22
27 116 1
27 120 9
27 124 53
27 135 28
27 142 78
27 170 29
27 202 70
27 206 54
27 226 38
27 238 51
27 239 51
27 286 63
27 318 20
27 326 7
27 333 72
27 338 77
27 341 48
27 344 51
27 348 6
27 350 27
27 361 4
27 365 37
27 370 25
27 371 4
27 381 57
27 394 26
27 397 57
28 30 51
28 31 66
28 48 2
28 49 25
28 56 28
28 70 57
28 79 50
28 94 78
28 104 5
28 134 17
28 150 77
28 152 43
28 157 48
28 162 33
28 163 73
28 180 17
28 223 80
28 229 40
28 248 53
28 252 24
28 264 35
28 266 48
28 271 48
28 281 53
28 295 26
28 323 61
28 324 67
28 335 34
28 352 68
28 359 9
28 361 45
28 366 27
28 370 37
28 375 47
28 377 45
29 31 34
29 38 44
29 42 62
29 81 11
29 82 21
29 83 46
29 94 1
29 97 11
29 109 35
29 130 22
29 150 30
29 156 60
29 170 40
29 171 6
29 181 6
29 185 71
29 195 17
29 216 54
29 248 19
29 251 15
29 260 38
29 267 69
29 291 51
29 303 56
29 319 32
29 327 7
29 332 68
29 338 1
29 344 57
29 356 29
29 377 61
29 391 74
30 74 78
30 86 56
30 90 21
30 105 48
30 127 47
30 130 16
30 134 7
30 143 26
30 144 73
30 148 3
30 155 37
30 180 15
30 221 61
30 241 50
30 247 4
30 253 63
30 266 80
30 273 36
30 286 26
30 291 6
30 296 1
30 305 43
30 306 9
30 316 50
30 317 61
30 333 71
30 336 12
30 337 64
30 339 63
30 340 7
30 343 77
30 372 14
30 385 31
30 390 37
30 391 29
30 398 48
31 37 59
31 44 35
31 55 58
31 71 68
31 97 1
31 124 48
31 135 22
31 150 21
31 169 14
31 177 13
31 182 20
31 185 50
31 192 50
31 193 73
31 194 26
31 202 56
31 204 72
31 244 18
31 272 61
31 278 76
31 311 11
31 334 36
31 337 25
31 340 17
31 356 27
31 380 10
31 384 61
31 388 35
31 390 15
31 396 61
31 400 80
32 53 17
32 77 20
32 78 24
32 81 37
32 107 70
32 116 14
32 119 10
32 132 4
32 133 21
32 137 31
32 159 75
32 162 25
32 166 47
32 178 36
32 185 69
32 192 62
32 197 47
32 205 27
32 209 46
32 226 44
32 228 80
32 236 11
32 243 60
32 254 11
32 255 23
32 258 68
32 276 76
32 278 31
32 295 54
32 296 10
32 311 10
32 322 3
32 332 3
32 338 23
32 364 25
32 365 41
32 369 17
32 375 59
32 397 68
33 49 7
33 59 28
33 60 19
33 63 41
33 74 79
33 76 49
33 77 8
33 95 79
33 115 25
33 145 71
33 148 52
33 149 25
33 160 69
33 169 25
33 170 49
33 182 79
33 185 16
33 188 55
33 193 34
33 199 34
33 203 5
33 210 56
33 229 59
33 230 13
33 231 74
33 250 70
33 259 9
33 281 75
33 285 30
33 288 56
33 334 72
33 339 17
33 350 75
33 363 46
33 364 33
33 366 54
33 374 42
33 375 50
33 396 49
33 398 33
33 399 23
34 68 42
34 75 13
34 88 36
34 101 42
34 118 71
34 130 1
34 135 37
34 141 13
34 162 20
34 173 72
34 182 74
34 191 13
34 214 42
34 215 5
34 236 35
34 239 45
34 248 41
34 254 43
34 306 70
34 308 47
34 311 12
34 316 19
34 318 25
34 319 65
34 327 65
34 341 57
34 366 77
34 367 12
34 373 65
34 375 14
34 382 67
34 389 78
34 395 19
34 397 76
35 36 3
35 43 15
35 49 19
35 53 32
35 60 73
35 62 34
35 75 19
35 84 76
35 89 29
35 97 57
35 105 41
35 147 67
35 173 53
35 189 5
35 202 26
35 206 31
35 207 31
35 209 24
35 226 24
35 267 44
35 273 56
35 292 35
35 297 64
35 301 62
35 312 26
35 338 76
35 358 31
35 378 77
35 391 37
36 49 73
36 89 58
36 98 17
36 99 76
36 105 51
36 114 71
36 139 27
36 146 50
36 149 18
36 155 5
36 168 52
36 178 35
36 182 13
36 192 47
36 206 39
36 213 37
36 222 9
36 229 18
36 231 25
36 234 12
36 237 34
36 264 56
36 266 31
36 275 80
36 290 9
36 301 14
36 314 61
36 315 24
36 317 43
36 322 80
36 337 65
36 361 47
36 374 73
36 382 65
37 50 17
37 55 27
37 97 68
37 105 45
37 109 52
37 111 13
37 125 8
37 128 37
37 138 19
37 158 75
37 170 50
37 207 36
37 212 57
37 217 46
37 230 71
37 237 3
37 243 64
37 248 11
37 254 5
37 261 45
37 269 25
37 281 49
37 295 78
37 301 69
37 304 49
37 316 20
37 327 65
37 328 10
37 351 25
37 383 44
37 394 50
37 399 41
37 400 20
38 52 68
38 78 57
38 84 5
38 89 69
38 96 67
38 135 73
38 151 31
38 161 40
38 173 31
38 207 15
38 212 48
38 221 76
38 224 75
38 243 34
38 267 64
38 271 47
38 278 17
38 284 58
38 287 52
38 304 79
38 321 4
38 331 49
38 334 62
38 343 61
38 356 6
38 379 18
38 383 77
38 386 24
39 41 11
39 59 80
39 65 24
39 67 43
39 84 51
39 86 69
39 124 77
39 135 28
39 147 61
39 162 3
39 163 53
39 176 7
39 178 42
39 181 66
39 189 5
39 208 7
39 214 68
39 217 70
39 222 19
39 227 79
39 246 72
39 258 77
39 265 46
39 285 31
39 298 57
39 312 58
39 316 36
39 334 14
39 337 48
39 341 43
39 342 75
39 352 12
39 360 19
39 367 53
39 387 34
40 50 72
40 60 37
40 61 32
40 81 66
40 86 74
40 89 75
40 91 66
40 94 41
40 113 70
40 120 33
40 125 8
40 128 10
40 133 30
40 139 7
40 141 61
40 143 67
40 154 72
40 165 39
40 180 69
40 181 38
40 200 79
40 211 54
40 223 48
40 234 67
40 249 78
40 258 25
40 263 65
40 282 30
40 329 62
40 367 50
40 393 21
40 395 22
40 397 24
41 47 65
41 51 39
41 74 35
41 79 53
41 83 69
41 94 43
41 97 42
41 107 19
41 113 68
41 122 52
41 132 15
41 162 55
41 167 78
41 172 75
41 178 18
41 194 20
41 195 44
41 208 76
41 212 1
41 213 36
41 217 10
41 220 79
41 225 18
41 228 51
41 241 58
41 266 37
41 275 74
41 280 39
41 288 65
41 293 53
41 301 39
41 305 54
41 313 46
41 327 67
41 337 52
41 349 19
41 350 42
41 362 66
41 363 4
41 371 14
41 380 13
41 385 27
41 388 35
41 399 79
42 46 15
42 59 39
42 71 64
42 74 50
42 82 67
42 83 68
42 90 22
42 102 76
42 107 71
42 110 38
42 147 57
42 161 26
42 163 77
42 165 72
42 168 64
42 171 21
42 192 36
42 193 14
42 201 67
42 206 21
42 239 42
42 242 54
42 245 4
42 252 70
42 257 47
42 272 5
42 276 29
42 280 42
42 303 35
42 331 73
42 333 28
42 370 70
42 380 2
42 385 49
43 44 48
43 48 4
43 51 49
43 87 51
43 95 77
43 125 12
43 149 11
43 152 48
43 168 48
43 173 45
43 190 3
43 224 58
43 237 74
43 247 2
43 250 41
43 278 58
43 284 8
43 293 72
43 294 56
43 307 11
43 315 7
43 334 16
43 337 60
43 345 27
43 361 59
43 399 68
44 47 68
44 54 61
44 56 55
44 57 26
44 59 25
44 76 30
44 79 34
44 85 49
44 91 50
44 99 22
44 103 21
44 106 10
44 110 43
44 113 28
44 124 28
44 141 43
44 145 12
44 149 5
44 152 60
44 153 60
44 157 14
44 164 33
44 167 5
44 191 40
44 197 12
44 198 45
44 200 68
44 205 39
44 276 36
44 284 60
44 305 51
44 319 4
44 320 16
44 326 20
44 327 62
44 329 30
44 334 7
44 355 15
44 376 30
44 380 62
45 76 78
45 78 54
45 113 64
45 134 52
45 148 68
45 150 29
45 159 64
45 187 12
45 210 48
45 221 62
45 231 60
45 233 79
45 236 79
45 257 27
45 260 67
45 266 52
45 275 49
45 288 80
45 309 27
45 319 26
45 324 1
45 327 7
45 346 42
45 359 20
45 369 2
45 375 68
45 381 4
45 391 38
46 47 50
46 50 78
46 53 54
46 54 80
46 64 15
46 77 32
46 99 17
46 114 17
46 122 49
46 161 12
46 173 37
46 177 32
46 186 71
46 190 52
46 199 9
46 209 9
46 219 45
46 223 60
46 243 67
46 267 74
46 274 76
46 278 65
46 287 46
46 306 59
46 327 72
46 336 42
46 338 33
46 350 12
46 351 51
46 353 69
46 358 12
46 361 47
46 365 41
46 367 76
46 386 11
46 388 13
47 63 8
47 75 79
47 90 42
47 91 28
47 92 7
47 114 40
47 121 46
47 122 25
47 124 39
47 126 5
47 132 78
47 137 72
47 145 13
47 146 26
47 157 53
47 159 47
47 161 27
47 185 1
47 188 29
47 199 32
47 204 22
47 206 64
47 211 8
47 224 38
47 229 8
47 239 1
47 257 62
47 274 65
47 284 32
47 285 21
47 289 72
47 291 30
47 304 33
47 310 65
47 357 25
47 360 48
47 361 59
47 394 57
47 400 70
48 69 13
48 77 28
48 88 43
48 102 80
48 119 38
48 121 21
48 123 1
48 126 49
48 127 53
48 134 38
48 146 62
48 160 68
48 169 33
48 171 57
48 188 25
48 208 17
48 210 10
48 214 59
48 218 36
48 259 49
48 261 6
48 267 21
48 271 1
48 273 30
48 280 59
48 289 61
48 298 26
48 300 33
48 301 47
48 304 15
48 312 79
48 324 33
48 333 71
48 338 13
48 343 42
48 347 43
48 348 28
48 355 21
48 396 67
49 71 17
49 99 76
49 101 26
49 108 32
49 155 74
49 173 18
49 192 80
49 196 40
49 199 39
49 226 71
49 231 70
49 250 68
49 252 66
49 253 56
49 258 66
49 265 30
49 271 16
49 272 49
49 275 11
49 286 16
49 304 57
49 312 64
49 316 54
49 319 2
49 326 68
49 334 29
49 337 69
49 339 32
49 340 65
49 345 6
49 353 57
49 369 12
49 373 17
49 380 27
49 382 52
49 391 50
50 54 25
50 66 3
50 74 15
50 95 35
50 101 56
50 126 68
50 138 76
50 145 29
50 154 21
50 211 23
50 225 12
50 234 6
50 252 18
50 255 9
50 262 37
50 264 33
50 268 57
50 297 15
50 304 51
50 319 5
50 326 40
50 329 24
50 338 69
50 349 26
50 353 25
50 358 75
50 362 63
50 377 46
50 378 13
50 384 78
50 390 20
51 63 71
51 68 77
51 104 64
51 128 20
51 139 56
51 140 21
51 148 46
51 176 26
51 182 5
51 191 14
51 193 41
51 198 25
51 220 11
51 226 77
51 228 21
51 235 53
51 242 15
51 259 44
51 266 2
51 280 48
51 282 30
51 293 12
51 294 77
51 304 79
51 316 73
51 330 18
51 331 23
51 361 75
51 365 3
51 366 14
51 387 23
51 390 20
51 400 37
52 57 67
52 81 49
52 85 49
52 91 60
52 101 16
52 106 69
52 112 78
52 118 68
52 121 30
52 123 68
52 134 77
52 136 56
52 137 61
52 164 31
52 168 20
52 176 31
52 177 14
52 178 41
52 184 5
52 185 9
52 186 64
52 194 80
52 203 53
52 209 62
52 225 44
52 244 41
52 266 34
52 275 71
52 301 9
52 305 7
52 323 10
52 324 4
52 335 38
52 344 29
52 352 35
52 356 45
52 358 77
52 359 19
52 363 80
52 367 26
52 371 46
52 375 80
52 377 64
52 386 17
52 393 45
53 84 77
53 86 34
53 93 54
53 96 1
53 98 64
53 100 77
53 101 14
53 111 5
53 114 78
53 131 73
53 133 16
53 140 8
53 186 33
53 188 46
53 206 67
53 213 22
53 219 30
53 229 36
53 237 58
53 245 8
53 269 68
53 270 65
53 284 21
53 285 22
53 314 53
53 320 52
53 330 47
53 339 55
53 345 80
53 362 74
53 373 78
53 386 77
53 393 20
53 395 6
54 58 20
54 129 6
54 132 59
54 142 72
54 153 37
54 156 24
54 161 34
54 173 74
54 184 69
54 202 18
54 213 9
54 220 74
54 224 55
54 234 51
54 236 67
54 237 68
54 240 20
54 243 6
54 266 66
54 272 12
54 281 78
54 289 56
54 293 20
54 302 20
54 306 19
54 311 53
54 318 41
54 336 64
54 363 57
54 366 26
54 373 33
54 375 54
54 380 9
55 67 24
55 101 75
55 114 54
55 133 24
55 146 44
55 148 38
55 151 13
55 165 4
55 167 19
55 210 7
55 213 62
55 217 40
55 226 13
55 233 4
55 235 45
55 237 59
55 238 51
55 246 15
55 247 36
55 257 3
55 287 48
55 316 14
55 334 45
55 355 27
55 364 12
55 374 66
56 62 66
56 72 23
56 81 29
56 90 41
56 96 79
56 98 6
56 104 29
56 112 1
56 136 34
56 139 34
56 147 64
56 149 14
56 151 75
56 153 40
56 159 1
56 172 21
56 181 75
56 190 59
56 203 27
56 205 80
56 207 80
56 212 77
56 216 44
56 226 67
56 227 2
56 248 19
56 251 63
56 261 79
56 262 67
56 308 58
56 309 17
56 329 33
56 332 47
56 356 65
56 366 24
56 381 73
56 383 28
56 395 55
57 74 33
57 81 75
57 86 74
57 130 16
57 154 54
57 174 7
57 175 74
57 179 4
57 192 19
57 196 53
57 205 4
57 213 54
57 215 43
57 216 78
57 217 33
57 219 54
57 224 45
57 226 36
57 259 63
57 268 13
57 273 64
57 286 5
57 287 47
57 302 6
57 304 32
57 305 58
57 312 1
57 315 1
57 322 56
57 323 49
57 352 24
57 357 41
57 366 24
57 373 75
57 375 21
57 392 16
57 395 44
58 59 75
58 69 60
58 83 51
58 86 67
58 97 42
58 109 30
58 137 25
58 147 42
58 153 49
58 158 14
58 192 19
58 196 42
58 199 34
58 203 76
58 215 28
58 243 22
58 251 18
58 281 34
58 287 34
58 292 48
58 297 32
58 303 44
58 327 37
58 336 36
58 337 20
58 350 40
58 361 67
58 365 14
58 367 58
58 373 51
58 375 54
58 377 77
58 394 44
59 76 42
59 84 25
59 85 6
59 87 52
59 102 21
59 108 7
59 116 71
59 119 7
59 124 3
59 125 58
59 130 67
59 139 14
59 157 27
59 212 5
59 217 32
59 224 17
59 241 6
59 249 67
59 256 21
59 261 42
59 269 74
59 272 73
59 275 45
59 278 21
59 286 74
59 295 22
59 323 52
59 329 41
59 332 33
59 335 45
59 339 27
59 345 32
59 348 60
59 374 30
59 387 43
60 66 27
60 85 67
60 107 23
60 110 59
60 111 42
60 116 32
60 122 47
60 127 58
60 129 69
60 131 45
60 133 42
60 148 7
60 150 80
60 163 75
60 173 36
60 181 6
60 190 11
60 192 24
60 214 17
60 249 47
60 262 13
60 266 8
60 267 25
60 269 37
60 277 62
60 279 11
60 281 52
60 283 72
60 291 80
60 321 16
60 339 6
60 341 33
60 346 72
60 352 2
60 357 26
60 360 11
60 387 63
61 71 7
61 83 50
61 85 77
61 86 53
61 87 22
61 91 29
61 96 13
61 99 37
61 102 3
61 105 68
61 107 37
61 117 45
61 134 51
61 142 18
61 143 71
61 147 6
61 148 64
61 154 20
61 165 2
61 167 41
61 173 22
61 174 10
61 187 16
61 193 23
61 196 71
61 215 36
61 220 51
61 232 38
61 233 75
61 237 36
61 238 17
61 260 38
61 266 10
61 276 60
61 295 63
61 300 47
61 302 8
61 314 62
61 315 75
61 323 38
61 324 37
61 346 9
61 356 63
61 361 38
61 362 7
61 365 41
61 375 77
61 388 44
61 400 41
62 64 75
62 84 37
62 93 30
62 94 39
62 99 7
62 110 44
62 112 79
62 135 41
62 144 77
62 152 77
62 157 80
62 208 42
62 217 73
62 222 34
62 226 2
62 232 44
62 237 32
62 240 9
62 248 48
62 252 13
62 257 74
62 269 55
62 272 58
62 274 3
62 275 55
62 280 45
62 293 70
62 295 42
62 303 35
62 307 77
62 317 19
62 323 13
62 324 70
62 327 34
62 340 51
62 342 40
62 357 36
62 365 7
62 386 80
63 73 44
63 78 33
63 87 15
63 101 74
63 112 20
63 123 38
63 127 78
63 147 33
63 155 71
63 164 6
63 171 62
63 179 76
63 200 54
63 203 65
63 205 74
63 208 70
63 235 55
63 243 33
63 245 55
63 246 32
63 254 10
63 265 67
63 270 7
63 271 57
63 279 43
63 283 7
63 288 49
63 296 37
63 301 47
63 302 5
63 317 69
63 319 76
63 322 62
63 343 41
63 359 55
63 361 14
63 370 6
63 372 9
63 385 9
63 393 10
64 71 62
64 76 16
64 81 68
64 89 45
64 98 23
64 103 45
64 104 13
64 151 2
64 160 11
64 171 41
64 172 31
64 206 14
64 210 55
64 218 14
64 228 29
64 234 63
64 246 26
64 269 16
64 272 79
64 293 62
64 331 25
64 339 12
64 365 40
64 381 45
64 385 52
65 71 59
65 107 1
65 129 22
65 150 31
65 152 2
65 155 11
65 163 36
65 166 67
65 169 75
65 178 65
65 180 35
65 206 29
65 233 6
65 251 55
65 276 68
65 292 70
65 295 41
65 302 27
65 305 68
65 312 67
65 317 11
65 392 21
66 71 68
66 78 68
66 84 13
66 101 26
66 107 29
66 115 16
66 119 7
66 144 49
66 150 8
66 151 33
66 155 21
66 164 4
66 165 25
66 168 61
66 187 15
66 189 35
66 198 46
66 199 71
66 205 4
66 206 22
66 207 1
66 208 62
66 215 54
66 218 55
66 221 62
66 235 43
66 243 36
66 251 23
66 259 25
66 273 65
66 291 30
66 301 49
66 304 61
66 334 44
66 350 77
66 355 43
66 358 64
66 364 58
66 369 20
66 373 66
66 379 50
66 385 5
66 389 66
66 391 32
66 399 25
67 73 68
67 75 26
67 77 20
67 83 18
67 91 71
67 92 5
67 100 67
67 113 50
67 129 52
67 148 75
67 158 69
67 161 57
67 164 37
67 180 35
67 197 69
67 203 27
67 205 64
67 213 51
67 237 15
67 244 57
67 258 77
67 272 55
67 273 72
67 292 67
67 294 46
67 298 11
67 317 47
67 318 20
67 322 32
67 330 80
67 332 40
67 346 1
67 360 6
67 375 27
67 384 1
67 397 36
68 69 76
68 105 65
68 107 57
68 117 33
68 125 39
68 129 38
68 134 70
68 141 37
68 148 56
68 181 21
68 192 71
68 208 47
68 211 2
68 216 59
68 228 71
68 237 1
68 252 26
68 258 64
68 265 39
68 266 17
68 272 18
68 273 24
68 278 11
68 302 2
68 306 69
68 316 66
68 317 28
68 318 19
68 321 53
68 329 33
68 333 47
68 337 78
68 400 8
69 73 50
69 100 67
69 105 73
69 114 29
69 122 63
69 125 72
69 129 32
69 140 7
69 145 9
69 155 54
69 183 44
69 191 47
69 202 77
69 232 5
69 243 75
69 244 63
69 250 43
69 263 40
69 268 22
69 270 51
69 271 71
69 285 67
69 286 66
69 289 22
69 303 19
69 312 52
69 314 5
69 323 8
69 332 5
69 345 49
69 355 24
69 360 71
69 373 47
69 399 1
70 81 68
70 108 59
70 132 56
70 138 23
70 145 77
70 151 47
70 193 8
70 208 48
70 211 51
70 218 65
70 246 64
70 283 11
70 297 6
70 299 76
70 306 64
70 318 49
70 322 12
70 337 2
70 338 32
70 386 27
71 81 3
71 92 67
71 118 42
71 123 38
71 127 50
71 150 35
71 152 26
71 162 6
71 165 24
71 166 54
71 197 4
71 224 50
71 239 26
71 248 61
71 253 32
71 269 47
71 272 10
71 277 65
71 294 5
71 313 21
71 323 52
71 338 68
71 369 77
71 392 27
71 399 49
72 75 79
72 77 19
72 89 50
72 95 65
72 107 70
72 109 75
72 133 6
72 151 24
72 166 3
72 172 55
72 177 14
72 182 11
72 185 56
72 201 58
72 202 69
72 229 34
72 234 44
72 248 26
72 256 51
72 268 74
72 280 32
72 285 74
72 288 60
72 296 58
72 300 55
72 309 36
72 314 12
72 318 30
72 319 28
72 350 51
72 353 29
72 361 80
72 368 14
72 380 29
72 398 65
72 400 22
73 82 5
73 102 39
73 131 40
73 137 49
73 141 25
73 147 60
73 153 57
73 158 33
73 165 15
73 195 75
73 200 72
73 204 52
73 219 23
73 226 69
73 263 32
73 289 75
73 290 16
73 302 20
73 314 48
73 323 21
73 325 48
73 327 23
73 338 24
73 348 32
73 353 60
73 361 33
73 366 73
73 369 8
73 383 80
73 385 14
73 396 46
74 97 48
74 101 21
74 118 25
74 167 21
74 177 23
74 180 67
74 201 10
74 238 5
74 252 28
74 264 70
74 266 76
74 269 31
74 276 19
74 293 64
74 295 77
74 303 9
74 316 16
74 320 27
74 327 14
74 339 50
74 343 55
74 344 61
74 350 6
74 379 21
74 386 69
75 99 32
75 113 14
75 132 77
75 136 22
75 145 37
75 151 26
75 156 75
75 177 51
75 181 23
75 182 48
75 186 7
75 193 64
75 212 77
75 221 1
75 223 14
75 246 69
75 249 80
75 276 73
75 292 37
75 295 45
75 302 13
75 303 11
75 305 30
75 312 33
75 322 66
75 324 25
75 345 26
75 357 56
75 362 49
75 378 58
75 396 51
75 398 76
76 78 66
76 80 12
76 91 67
76 97 31
76 106 46
76 109 35
76 111 67
76 125 37
76 165 4
76 172 35
76 174 34
76 189 62
76 191 42
76 200 45
76 209 28
76 212 77
76 229 55
76 236 36
76 262 58
76 268 75
76 270 62
76 278 14
76 279 32
76 284 4
76 287 5
76 293 12
76 298 29
76 317 39
76 323 46
76 325 77
76 334 14
76 337 17
76 349 49
76 374 57
76 377 31
76 393 13
77 80 47
77 82 44
77 86 52
77 89 80
77 107 8
77 125 10
77 132 44
77 148 36
77 169 60
77 180 50
77 183 47
77 202 41
77 206 3
77 211 33
77 232 47
77 242 8
77 259 21
77 260 76
77 281 41
77 287 23
77 302 70
77 303 20
77 312 64
77 315 78
77 336 56
77 361 33
77 376 32
78 89 22
78 95 5
78 96 54
78 99 7
78 105 49
78 117 18
78 121 52
78 127 56
78 145 26
78 151 12
78 167 11
78 182 8
78 189 21
78 194 20
78 204 4
78 209 69
78 214 63
78 229 56
78 233 60
78 239 68
78 242 32
78 251 22
78 253 51
78 262 1
78 268 52
78 271 3
78 273 27
78 276 46
78 279 48
78 290 24
78 292 33
78 318 28
78 322 80
78 350 71
78 363 44
78 370 35
78 371 19
78 380 56
78 382 60
78 390 46
79 82 29
79 91 17
79 100 28
79 109 10
79 114 6
79 133 5
79 134 27
79 176 66
79 199 13
79 200 7
79 202 71
79 204 17
79 222 77
79 235 19
79 243 76
79 252 38
79 262 80
79 265 71
79 271 71
79 274 45
79 285 13
79 290 61
79 310 14
79 322 56
79 325 17
79 338 39
79 341 48
79 343 63
79 345 66
79 348 21
79 352 15
79 361 16
79 365 42
79 368 38
79 372 72
79 381 40
79 395 65
80 115 54
80 117 30
80 121 37
80 128 25
80 139 80
80 153 67
80 154 21
80 156 31
80 172 28
80 185 46
80 202 47
80 231 11
80 251 61
80 257 59
80 264 4
80 267 54
80 271 55
80 282 38
80 285 68
80 292 56
80 308 34
80 317 13
80 326 47
80 330 24
80 334 7
80 339 17
80 350 72
80 351 26
80 356 41
80 363 79
80 366 5
80 368 12
80 380 72
80 383 37
80 389 50
80 399 22
81 88 76
81 120 15
81 122 16
81 153 76
81 196 76
81 200 33
81 201 52
81 204 36
81 205 20
81 216 38
81 228 74
81 245 16
81 249 60
81 270 25
81 286 4
81 290 38
81 292 35
81 301 55
81 305 40
81 325 3
81 328 62
81 329 78
81 333 50
81 346 80
81 349 33
81 351 16
81 352 28
81 374 65
81 375 23
81 383 29
81 400 23
82 84 32
82 96 1
82 121 77
82 133 26
82 138 53
82 157 77
82 185 37
82 205 71
82 210 40
82 222 57
82 233 4
82 249 8
82 276 12
82 283 19
82 287 73
82 293 8
82 297 53
82 328 21
82 340 47
82 353 75
83 103 47
83 135 10
83 161 49
83 163 21
83 202 1
83 206 41
83 218 27
83 221 12
83 251 14
83 270 3
83 272 42
83 286 24
83 302 49
83 317 9
83 322 47
83 323 29
83 328 44
83 330 76
83 331 65
83 334 75
83 344 77
83 345 3
83 346 48
83 348 23
83 352 34
83 363 68
83 366 9
83 377 67
83 379 7
83 381 14
83 386 33
83 391 62
83 392 70
83 394 72
84 89 4
84 93 36
84 104 12
84 110 74
84 121 22
84 143 46
84 160 46
84 163 4
84 173 14
84 174 17
84 175 9
84 197 78
84 200 71
84 212 21
84 214 65
84 222 41
84 223 54
84 235 7
84 243 70
84 249 1
84 252 46
84 254 27
84 262 62
84 268 49
84 282 31
84 306 5
84 313 27
84 344 4
84 346 59
85 91 11
85 98 19
85 106 16
85 126 50
85 132 67
85 140 31
85 143 21
85 149 11
85 159 23
85 168 34
85 213 47
85 225 29
85 229 68
85 240 71
85 265 59
85 275 78
85 278 63
85 298 40
85 312 48
85 317 46
85 332 20
85 350 44
85 358 37
85 360 76
85 362 39
85 371 33
85 390 58
85 400 68
86 91 74
86 97 59
86 112 46
86 117 27
86 139 32
86 146 27
86 157 64
86 168 23
86 169 25
86 186 15
86 193 1
86 194 68
86 198 26
86 207 52
86 209 8
86 219 16
86 229 80
86 232 78
86 257 18
86 265 45
86 268 70
86 272 21
86 274 63
86 290 30
86 291 62
86 297 3
86 298 33
86 315 5
86 336 14
86 362 11
86 374 20
86 377 74
86 385 32
86 389 23
86 394 15
86 396 53
86 397 10
87 88 57
87 95 37
87 98 13
87 110 54
87 122 65
87 134 77
87 135 71
87 144 51
87 146 1
87 153 36
87 170 12
87 196 21
87 239 48
87 247 36
87 248 49
87 265 55
87 280 79
87 291 25
87 299 9
87 311 17
87 312 44
87 324 59
87 331 25
87 334 54
87 341 2
87 344 47
87 352 48
87 368 16
87 392 28
87 394 79
88 114 48
88 130 39
88 136 31
88 138 8
88 148 67
88 167 70
88 184 2
88 186 47
88 195 74
88 203 62
88 204 69
88 265 11
88 297 76
88 368 26
89 98 46
89 99 3
89 101 6
89 103 67
89 117 58
89 131 4
89 135 74
89 137 64
89 143 65
89 145 20
89 155 64
89 158 6
89 176 70
89 181 74
89 182 6
89 187 2
89 194 73
89 204 49
89 206 69
89 217 42
89 227 45
89 241 13
89 245 79
89 257 31
89 289 23
89 307 69
89 323 54
89 341 39
89 364 8
89 368 21
89 374 69
90 93 69
90 107 4
90 129 30
90 136 40
90 166 60
90 167 70
90 176 51
90 186 9
90 198 41
90 218 19
90 223 71
90 232 48
90 241 57
90 245 74
90 248 36
90 279 72
90 283 24
90 288 4
90 293 27
90 294 58
90 321 39
90 332 9
90 336 20
90 338 54
90 340 43
90 341 33
90 355 15
90 357 61
90 361 21
90 371 27
90 375 20
90 384 58
91 92 49
91 103 53
91 120 12
91 122 25
91 126 35
91 155 11
91 157 41
91 168 33
91 171 77
91 172 56
91 174 20
91 177 71
91 180 35
91 183 12
91 205 65
91 218 23
91 221 70
91 235 26
91 237 7
91 267 21
91 280 5
91 286 75
91 287 38
91 290 51
91 295 19
91 303 73
91 304 32
91 309 73
91 312 38
91 316 13
91 318 51
91 328 35
91 331 67
91 333 3
91 335 54
91 340 37
91 346 70
91 355 47
91 360 42
91 361 69
91 375 6
91 389 59
91 394 19
92 106 24
92 115 5
92 120 49
92 135 7
92 141 80
92 149 6
92 169 13
92 191 77
92 203 59
92 205 62
92 255 11
92 276 12
92 278 14
92 284 19
92 290 17
92 309 41
92 319 55
92 335 74
92 338 30
92 346 17
92 365 65
92 379 52
92 391 55
93 97 67
93 125 65
93 134 11
93 149 59
93 151 21
93 156 44
93 159 37
93 163 48
93 173 66
93 174 2
93 176 70
93 194 78
93 196 42
93 201 61
93 203 69
93 220 8
93 226 52
93 235 72
93 240 27
93 246 47
93 276 29
93 312 57
93 327 5
93 336 39
93 343 38
93 350 64
93 359 37
93 365 79
93 369 38
93 382 2
93 383 38
94 101 48
94 111 33
94 126 71
94 130 21
94 143 60
94 148 10
94 164 40
94 167 37
94 172 7
94 183 45
94 197 76
94 198 67
94 203 37
94 210 66
94 222 77
94 229 4
94 238 66
94 247 39
94 250 70
94 255 79
94 278 53
94 290 54
94 310 51
94 324 68
94 326 71
94 329 57
94 330 37
94 332 78
94 350 43
94 358 71
94 364 46
94 379 16
94 380 78
94 381 33
94 388 33
94 394 53
94 397 44
95 96 38
95 108 22
95 120 2
95 135 46
95 138 2
95 144 42
95 149 1
95 151 1
95 155 72
95 166 22
95 181 27
95 210 69
95 218 45
95 236 16
95 238 32
95 240 22
95 241 23
95 255 42
95 273 72
95 278 9
95 307 63
95 318 35
95 321 48
95 329 43
95 345 43
95 352 46
95 359 22
95 362 38
95 376 48
95 377 58
95 386 77
96 106 33
96 108 36
96 112 26
96 122 70
96 125 73
96 128 11
96 133 28
96 139 38
96 141 27
96 158 33
96 175 65
96 193 40
96 199 64
96 217 3
96 220 65
96 222 70
96 225 47
96 226 13
96 248 80
96 258 26
96 280 30
96 285 31
96 291 33
96 298 65
96 324 59
96 326 44
96 335 4
96 350 56
96 360 69
96 361 45
96 364 28
96 369 68
96 376 6
97 109 53
97 110 5
97 126 68
97 135 75
97 147 50
97 149 57
97 156 23
97 176 73
97 179 45
97 183 44
97 198 13
97 202 8
97 215 17
97 218 63
97 219 56
97 233 13
97 234 68
97 237 20
97 244 5
97 247 49
97 255 46
97 271 37
97 273 45
97 284 79
97 285 18
97 296 67
97 325 38
97 333 32
97 336 15
97 345 51
97 373 27
97 375 29
97 376 27
97 385 8
97 387 77
97 391 62
97 400 67
98 103 58
98 106 44
98 117 63
98 130 72
98 138 28
98 140 77
98 146 29
98 163 77
98 168 50
98 183 78
98 189 54
98 191 66
98 194 42
98 195 77
98 203 75
98 205 29
98 208 10
98 218 75
98 232 19
98 244 55
98 249 71
98 257 51
98 260 50
98 263 50
98 272 73
98 279 9
98 283 76
98 309 29
98 325 26
98 330 68
98 331 3
98 335 10
98 343 15
98 346 3
98 350 1
98 382 57
98 385 12
98 386 4
98 398 64
98 399 51
99 124 7
99 151 17
99 185 17
99 215 69
99 222 48
99 269 46
99 271 54
99 282 72
99 286 80
99 294 80
99 298 38
99 317 37
99 324 42
99 325 68
99 337 32
99 341 8
99 343 24
99 381 71
99 386 60
99 396 55
99 397 19
100 110 61
100 115 14
100 121 27
100 122 28
100 134 32
100 140 54
100 145 24
100 151 26
100 153 66
100 159 47
100 162 10
100 185 71
100 195 76
100 199 61
100 214 12
100 232 59
100 248 65
100 250 71
100 264 28
100 270 51
100 286 52
100 287 16
100 301 27
100 305 7
100 310 70
100 318 72
100 360 39
100 361 21
100 372 74
100 376 45
100 383 74
100 388 58
100 393 6
101 111 47
101 132 75
101 145 75
101 154 25
101 165 42
101 172 49
101 174 25
101 180 28
101 196 42
101 198 4
101 199 33
101 213 6
101 225 8
101 234 53
101 243 10
101 244 36
101 270 14
101 275 10
101 281 69
101 283 50
101 299 23
101 301 18
101 323 18
101 324 30
101 327 40
101 334 8
101 336 79
101 338 14
101 344 10
101 346 10
101 352 71
101 355 79
101 357 15
101 363 24
101 373 71
101 395 34
102 112 19
102 118 14
102 134 62
102 146 39
102 147 10
102 155 21
102 156 7
102 161 51
102 169 53
102 177 42
102 190 8
102 192 65
102 197 50
102 199 46
102 200 21
102 203 51
102 211 10
102 214 28
102 233 25
102 239 40
102 252 40
102 257 48
102 267 55
102 283 50
102 294 32
102 310 32
102 317 56
102 330 55
102 333 31
102 338 38
102 355 17
102 359 78
102 369 67
102 377 3
102 391 66
103 106 7
103 109 46
103 113 49
103 115 77
103 120 7
103 128 78
103 155 71
103 179 61
103 186 1
103 196 18
103 202 37
103 206 73
103 210 1
103 212 79
103 233 8
103 249 49
103 252 24
103 256 26
103 265 35
103 271 38
103 274 71
103 344 8
103 355 59
104 125 25
104 138 65
104 165 14
104 168 8
104 195 26
104 201 66
104 203 26
104 221 8
104 224 45
104 229 25
104 253 7
104 256 76
104 257 53
104 266 20
104 272 25
104 276 72
104 281 6
104 292 39
104 326 71
104 341 30
104 348 39
104 365 27
104 385 6
104 387 28
105 130 56
105 141 3
105 142 70
105 144 30
105 161 54
105 204 8
105 207 66
105 224 57
105 227 20
105 244 79
105 258 74
105 267 13
105 268 3
105 272 69
105 313 25
105 318 71
105 323 41
105 364 67
105 366 9
105 371 78
105 381 59
105 383 50
105 400 22
106 109 60
106 110 62
106 130 51
106 155 23
106 160 74
106 167 59
106 175 34
106 177 44
106 191 41
106 197 70
106 198 45
106 206 33
106 216 23
106 230 1
106 234 62
106 269 7
106 282 63
106 285 57
106 289 8
106 295 38
106 298 6
106 300 3
106 352 38
106 357 68
106 377 18
106 380 75
106 393 11
106 397 35
107 108 61
107 130 22
107 132 58
107 138 70
107 157 78
107 162 73
107 176 47
107 181 6
107 185 58
107 200 20
107 204 12
107 205 61
107 217 64
107 221 53
107 262 47
107 264 8
107 266 60
107 271 79
107 273 9
107 274 2
107 280 62
107 288 22
107 301 15
107 303 53
107 314 73
107 321 44
107 323 35
107 356 10
107 365 53
107 369 54
107 370 21
107 382 4
107 389 40
108 111 53
108 113 58
108 119 37
108 124 80
108 131 12
108 139 21
108 140 14
108 142 21
108 148 59
108 173 46
108 203 40
108 215 24
108 231 6
108 233 35
108 237 48
108 261 57
108 309 34
108 336 7
108 346 38
108 351 12
108 353 24
108 378 37
108 382 44
108 384 77
108 387 51
108 389 14
108 395 14
109 110 35
109 115 21
109 136 29
109 139 27
109 177 34
109 196 26
109 197 47
109 198 39
109 204 57
109 208 61
109 217 73
109 220 50
109 222 36
109 226 59
109 245 80
109 247 16
109 261 57
109 262 47
109 271 65
109 290 27
109 295 6
109 305 20
109 310 44
109 320 57
109 331 41
109 335 54
109 359 23
109 367 1
109 376 31
109 400 60
110 124 44
110 167 59
110 180 21
110 186 1
110 187 65
110 194 4
110 205 11
110 207 6
110 216 79
110 217 76
110 220 17
110 226 52
110 253 21
110 271 14
110 272 39
110 274 19
110 276 35
110 285 76
110 307 25
110 308 5
110 310 23
110 322 69
110 324 39
110 338 55
110 365 62
110 370 65
110 376 10
110 379 49
110 380 21
110 398 5
111 112 75
111 113 14
111 120 71
111 129 76
111 150 38
111 153 38
111 163 46
111 166 4
111 178 10
111 189 14
111 200 18
111 210 52
111 212 70
111 223 25
111 241 53
111 248 79
111 264 62
111 268 62
111 271 79
111 273 54
111 281 55
111 288 64
111 289 46
111 323 73
111 331 39
111 335 47
111 336 43
111 338 26
111 348 58
111 353 2
111 355 29
111 359 38
111 361 54
111 374 27
111 380 59
111 385 1
111 390 44
112 120 10
112 130 36
112 138 60
112 141 74
112 144 76
112 147 56
112 154 26
112 163 68
112 171 71
112 176 73
112 177 13
112 201 77
112 204 55
112 205 26
112 208 45
112 213 8
112 214 79
112 222 72
112 234 47
112 245 25
112 270 34
112 271 64
112 291 28
112 296 13
112 318 23
112 341 61
112 359 42
112 367 1
112 378 39
112 381 29
112 400 28
113 115 42
113 134 37
113 137 51
113 139 65
113 146 75
113 147 62
113 156 73
113 166 32
113 170 15
113 177 65
113 179 47
113 186 76
113 196 44
113 231 53
113 236 80
113 238 24
113 249 66
113 251 58
113 261 53
113 262 80
113 271 22
113 273 5
113 290 17
113 296 23
113 299 27
113 309 71
113 330 56
113 338 44
113 346 46
113 358 36
113 359 60
113 364 26
113 375 53
114 121 64
114 122 76
114 134 59
114 145 70
114 157 76
114 160 55
114 164 19
114 178 67
114 186 42
114 190 60
114 202 4
114 203 37
114 210 46
114 211 15
114 212 49
114 221 78
114 225 56
114 242 9
114 258 52
114 266 72
114 267 47
114 269 64
114 272 73
114 273 64
114 284 53
114 290 65
114 331 32
114 332 67
114 338 65
114 343 17
114 344 18
114 354 21
114 372 36
114 375 39
114 383 47
114 391 21
114 392 16
114 395 11
114 396 42
114 398 24
115 119 31
115 123 45
115 146 76
115 148 7
115 160 13
115 165 67
115 168 2
115 170 12
115 171 9
115 175 28
115 178 12
115 193 47
115 200 33
115 201 41
115 211 35
115 217 41
115 219 63
115 225 9
115 229 1
115 230 73
115 233 65
115 251 62
115 252 1
115 257 4
115 282 24
115 283 72
115 288 6
115 289 52
115 298 53
115 300 29
115 302 14
115 308 22
115 321 64
115 339 2
115 340 25
115 345 54
115 351 4
115 377 27
115 379 8
115 393 39
116 138 40
116 171 31
116 173 13
116 179 77
116 182 47
116 183 37
116 188 59
116 202 69
116 212 40
116 213 73
116 214 73
116 221 75
116 222 41
116 237 78
116 244 27
116 261 12
116 279 4
116 293 28
116 299 26
116 307 27
116 309 8
116 314 45
116 316 68
116 328 13
116 336 77
116 338 5
116 340 20
116 348 42
116 366 76
116 367 21
116 376 75
116 395 78
117 133 38
117 139 3
117 145 6
117 149 10
117 172 56
117 175 53
117 176 8
117 179 62
117 198 71
117 209 28
117 217 2
117 219 43
117 232 54
117 271 9
117 284 38
117 290 19
117 296 40
117 305 4
117 308 16
117 311 28
117 328 12
117 345 18
117 357 34
117 368 21
117 374 11
117 388 4
118 122 73
118 161 7
118 162 4
118 168 15
118 174 38
118 181 53
118 187 9
118 189 70
118 216 68
118 233 22
118 254 68
118 255 32
118 259 78
118 260 79
118 261 32
118 267 47
118 285 42
118 291 28
118 297 15
118 298 18
118 299 33
118 306 39
118 318 33
118 332 34
118 336 76
118 354 33
118 361 76
118 374 37
118 400 16
119 122 8
119 124 18
119 131 58
119 148 35
119 150 49
119 161 80
119 163 3
119 168 49
119 171 15
119 178 64
119 182 19
119 185 54
119 190 75
119 196 73
119 217 19
119 223 10
119 246 15
119 286 17
119 328 78
119 331 46
119 348 79
119 350 35
119 353 5
119 367 16
119 374 28
119 376 42
119 386 61
119 388 46
119 394 69
120 145 60
120 164 7
120 182 66
120 194 36
120 195 33
120 198 35
120 207 66
120 211 3
120 214 58
120 226 34
120 240 67
120 271 59
120 276 52
120 278 18
120 286 62
120 294 16
120 295 67
120 301 75
120 307 11
120 309 4
120 335 51
120 356 18
120 371 79
120 391 66
120 394 55
120 396 5
121 125 56
121 129 54
121 132 67
121 142 7
121 145 65
121 168 56
121 182 50
121 190 74
121 193 60
121 194 8
121 216 67
121 228 71
121 240 5
121 241 78
121 245 44
121 299 64
121 312 28
121 314 19
121 319 20
121 322 50
121 328 33
121 333 47
121 338 26
121 353 23
121 358 37
121 369 74
121 378 76
121 381 57
121 382 50
121 387 16
121 389 47
121 399 55
122 129 35
122 133 77
122 136 50
122 139 39
122 146 35
122 161 27
122 162 27
122 195 11
122 206 53
122 215 35
122 217 74
122 228 32
122 231 38
122 240 8
122 243 7
122 247 7
122 261 31
122 280 21
122 299 79
122 304 20
122 328 63
122 332 20
122 359 51
122 360 27
122 368 19
122 381 47
122 386 32
122 396 65
123 124 48
123 145 53
123 154 25
123 167 3
123 168 2
123 182 44
123 188 75
123 192 50
123 193 51
123 198 32
123 204 33
123 212 24
123 236 69
123 238 11
123 250 36
123 253 28
123 254 34
123 284 72
123 292 35
123 296 25
123 345 41
124 144 20
124 151 6
124 156 70
124 172 24
124 176 62
124 213 72
124 215 56
124 218 12
124 226 19
124 227 5
124 242 18
124 243 67
124 251 48
124 252 2
124 265 70
124 273 60
124 282 32
124 284 42
124 286 14
124 322 16
124 343 20
124 347 69
124 367 79
124 397 59
125 137 8
125 143 70
125 148 14
125 176 5
125 181 73
125 186 28
125 195 63
125 203 42
125 206 24
125 218 77
125 231 13
125 233 37
125 241 17
125 279 64
125 286 15
125 292 65
125 305 13
125 325 46
125 330 9
125 333 24
125 337 2
125 345 3
125 375 42
125 377 57
125 378 16
125 383 57
126 134 67
126 154 62
126 155 37
126 167 25
126 170 25
126 172 8
126 203 62
126 206 48
126 211 63
126 216 14
126 224 14
126 227 34
126 241 67
126 261 64
126 273 32
126 278 57
126 287 56
126 322 33
126 324 23
126 328 24
126 383 68
126 392 1
127 133 76
127 136 53
127 138 41
127 140 49
127 155 62
127 161 66
127 163 33
127 167 48
127 179 75
127 183 25
127 198 14
127 203 72
127 205 48
127 224 74
127 228 25
127 229 17
127 233 36
127 234 77
127 242 39
127 254 1
127 258 14
127 268 37
127 277 65
127 281 21
127 293 24
127 295 58
127 298 32
127 324 13
127 338 48
127 339 1
127 354 26
127 356 23
127 358 5
127 359 79
127 385 50
127 388 10
127 392 27
127 393 17
127 396 34
127 398 35
127 399 30
128 129 70
128 134 6
128 151 28
128 159 49
128 168 56
128 186 17
128 199 5
128 223 60
128 229 21
128 243 22
128 251 51
128 252 67
128 258 16
128 271 58
128 291 56
128 293 26
128 294 67
128 295 52
128 296 17
128 298 39
128 306 28
128 333 15
128 362 67
128 364 79
128 370 19
129 132 28
129 135 21
129 139 76
129 141 7
129 142 8
129 172 48
129 176 29
129 177 2
129 179 33
129 180 58
129 183 22
129 187 21
129 192 38
129 194 79
129 197 4
129 214 22
129 248 67
129 251 63
129 253 22
129 254 48
129 257 70
129 263 25
129 271 38
129 278 34
129 284 63
129 285 9
129 290 26
129 298 26
129 300 67
129 314 31
129 354 59
129 356 23
129 364 65
129 366 20
129 382 53
129 389 10
129 396 59
130 143 52
130 145 32
130 155 64
130 160 7
130 172 23
130 177 58
130 179 53
130 187 40
130 190 76
130 206 63
130 208 63
130 209 22
130 221 8
130 239 35
130 241 39
130 253 30
130 263 70
130 274 47
130 313 25
130 317 27
130 334 26
130 348 58
130 355 30
130 359 39
130 374 76
130 384 25
130 390 49
130 391 68
131 146 37
131 156 31
131 174 58
131 193 58
131 202 32
131 207 50
131 224 79
131 241 40
131 248 65
131 263 2
131 264 64
131 301 74
131 310 30
131 311 80
131 313 38
131 332 18
131 351 56
131 359 44
131 365 25
131 367 10
131 368 12
131 369 51
131 375 75
131 376 54
131 384 24
131 392 75
132 141 51
132 166 27
132 174 74
132 175 77
132 185 79
132 201 40
132 233 28
132 234 4
132 236 33
132 242 7
132 251 70
132 285 80
132 300 40
132 313 33
132 315 37
132 316 39
132 326 16
132 333 56
132 340 2
132 353 44
132 384 3
132 385 56
132 391 16
133 137 73
133 139 35
133 143 63
133 152 39
133 156 49
133 157 79
133 180 36
133 182 50
133 185 18
133 194 68
133 203 62
133 206 38
133 225 6
133 258 69
133 263 34
133 273 45
133 276 74
133 284 17
133 290 60
133 301 39
133 302 39
133 305 5
133 321 75
133 323 33
133 325 47
133 334 41
133 350 13
133 354 9
133 372 64
133 386 36
133 396 76
134 136 31
134 138 35
134 141 9
134 151 22
134 157 49
134 159 13
134 198 63
134 206 77
134 209 25
134 218 10
134 228 52
134 235 54
134 242 27
134 262 44
134 263 61
134 273 6
134 287 11
134 288 55
134 291 62
134 292 30
134 307 64
134 311 34
134 319 8
134 348 23
134 359 51
134 364 71
134 373 53
134 378 52
134 382 31
134 383 80
135 141 46
135 151 63
135 159 79
135 168 5
135 177 58
135 187 12
135 189 67
135 194 21
135 218 30
135 233 22
135 234 16
135 245 25
135 263 13
135 268 24
135 271 37
135 282 38
135 292 10
135 293 25
135 294 44
135 330 48
135 349 4
135 358 36
135 361 36
135 365 48
135 367 35
135 378 8
135 380 31
135 392 43
135 396 68
136 141 63
136 159 17
136 182 17
136 199 12
136 202 77
136 205 65
136 209 43
136 229 18
136 241 50
136 258 53
136 259 60
136 269 19
136 271 29
136 272 27
136 280 80
136 284 33
136 299 23
136 302 23
136 319 62
136 320 29
136 321 19
136 344 61
136 349 71
136 352 20
136 365 48
136 370 71
136 383 25
136 384 2
136 395 42
137 141 32
137 153 69
137 155 25
137 187 33
137 190 55
137 197 40
137 212 6
137 226 66
137 227 4
137 230 10
137 232 30
137 248 4
137 258 9
137 271 37
137 281 58
137 286 39
137 300 23
137 307 52
137 316 80
137 319 77
137 330 45
137 348 55
137 351 19
137 353 21
137 360 8
137 364 41
137 389 62
138 141 52
138 148 37
138 152 37
138 163 31
138 164 76
138 170 80
138 177 50
138 182 61
138 224 80
138 238 39
138 248 73
138 251 79
138 254 49
138 255 62
138 259 61
138 261 29
138 264 21
138 269 8
138 273 56
138 279 41
138 283 32
138 288 79
138 290 77
138 295 43
138 298 40
138 310 16
138 318 43
138 329 22
138 339 28
138 341 36
138 343 74
138 351 57
138 363 46
138 379 20
138 387 28
139 143 58
139 148 61
139 149 6
139 168 63
139 169 28
139 215 25
139 229 7
139 258 13
139 268 77
139 283 33
139 303 38
139 308 22
139 310 65
139 321 46
139 337 51
139 356 31
139 382 39
139 389 43
139 396 6
140 144 67
140 151 41
140 158 46
140 164 41
140 168 62
140 174 80
140 194 64
140 200 66
140 205 25
140 207 48
140 218 69
140 244 22
140 264 5
140 286 33
140 290 50
140 292 70
140 296 38
140 310 8
140 323 60
140 324 44
140 325 34
140 327 17
140 328 66
140 342 28
140 369 47
140 378 67
140 386 27
140 396 29
141 158 71
141 176 49
141 182 24
141 184 46
141 191 12
141 200 61
141 211 9
141 216 28
141 220 19
141 225 11
141 238 43
141 240 23
141 253 67
141 262 34
141 270 4
141 272 10
141 285 44
141 288 78
141 292 62
141 297 43
141 305 57
141 329 45
141 345 53
141 377 25
141 378 56
141 390 72
142 186 71
142 192 56
142 194 14
142 200 4
142 204 62
142 209 42
142 212 36
142 227 41
142 229 42
142 258 68
142 262 51
142 275 59
142 278 56
142 282 28
142 292 24
142 304 45
142 308 46
142 310 8
142 321 21
142 327 13
142 329 78
142 338 22
142 348 47
142 349 47
142 353 45
142 354 76
142 364 16
142 375 66
142 377 27
142 379 54
142 393 78
142 396 28
143 145 28
143 155 26
143 176 70
143 188 46
143 189 61
143 193 11
143 240 48
143 260 29
143 279 48
143 306 1
143 316 62
143 333 54
143 344 76
143 353 76
143 357 16
143 377 44
143 379 38
143 391 78
143 394 74
143 397 19
144 149 30
144 150 22
144 157 71
144 161 51
144 170 64
144 183 20
144 184 38
144 191 12
144 210 31
144 226 40
144 230 61
144 238 71
144 248 70
144 255 52
144 296 59
144 302 13
144 307 67
144 311 26
144 315 80
144 327 32
144 349 30
144 350 43
144 357 34
144 362 41
144 367 42
144 372 32
144 376 34
144 397 21
144 399 19
145 156 17
145 161 26
145 174 51
145 176 22
145 204 66
145 211 70
145 214 41
145 228 28
145 235 26
145 252 20
145 254 50
145 263 55
145 269 2
145 276 75
145 280 20
145 290 42
145 319 73
145 338 67
145 344 76
145 347 33
145 360 61
145 372 45
145 382 47
145 386 1
145 394 71
145 397 20
146 147 60
146 204 78
146 220 15
146 235 4
146 236 8
146 239 10
146 242 55
146 254 29
146 255 5
146 277 40
146 290 73
146 295 67
146 321 43
146 371 78
146 374 69
146 378 14
146 391 42
147 161 35
147 169 23
147 187 22
147 190 25
147 195 41
147 200 62
147 205 48
147 209 74
147 211 29
147 220 9
147 223 25
147 262 15
147 274 44
147 292 19
147 303 27
147 304 24
147 305 7
147 322 77
147 327 55
147 345 72
147 362 34
147 388 51
148 174 54
148 176 26
148 184 62
148 199 29
148 201 45
148 207 75
148 208 35
148 211 26
148 239 54
148 279 42
148 291 62
148 331 43
148 356 45
148 370 71
148 399 26
149 156 68
149 171 18
149 188 25
149 211 70
149 218 20
149 224 9
149 232 57
149 251 7
149 257 39
149 266 4
149 268 59
149 279 47
149 281 48
149 287 7
149 293 5
149 298 43
149 305 60
149 310 5
149 313 46
149 321 75
149 337 70
149 338 28
149 347 69
149 352 46
149 355 21
149 361 46
149 379 28
149 387 45
149 388 79
150 161 18
150 178 13
150 179 80
150 191 2
150 192 11
150 195 34
150 204 61
150 214 33
150 229 55
150 234 18
150 236 12
150 256 72
150 266 49
150 277 33
150 289 32
150 296 65
150 301 63
150 309 55
150 312 78
150 334 50
150 337 21
150 358 3
150 359 70
150 365 59
150 369 60
150 376 14
150 384 8
150 396 13
150 400 77
151 250 38
151 253 45
151 265 68
151 272 37
151 278 45
151 287 4
151 292 77
151 301 44
151 306 69
151 313 28
151 315 33
151 325 68
151 326 76
151 362 21
151 366 11
151 386 33
151 389 49
151 391 26
151 395 12
152 156 73
152 197 55
152 272 13
152 274 14
152 295 52
152 296 41
152 298 33
152 309 18
152 314 51
152 337 79
152 341 15
152 346 6
152 365 53
152 369 50
152 387 8
152 392 66
152 395 54
153 157 32
153 168 73
153 189 77
153 195 30
153 199 29
153 204 48
153 210 48
153 211 62
153 223 43
153 225 39
153 236 34
153 241 80
153 242 58
153 255 10
153 263 57
153 275 22
153 277 9
153 282 65
153 284 52
153 289 77
153 298 39
153 300 75
153 301 55
153 313 72
153 324 57
153 329 63
153 336 53
153 343 80
153 362 68
153 370 58
153 379 50
153 399 80
154 165 53
154 167 24
154 170 38
154 173 22
154 178 60
154 208 76
154 211 39
154 217 39
154 235 31
154 236 61
154 238 42
154 239 3
154 245 20
154 249 70
154 252 12
154 254 67
154 269 39
154 271 2
154 277 56
154 278 18
154 285 23
154 290 8
154 294 24
154 302 3
154 307 69
154 316 55
154 326 44
154 332 34
154 338 52
154 347 24
154 350 62
154 353 30
154 361 11
154 365 18
154 368 79
154 376 68
154 380 20
154 385 20
154 390 63
154 396 8
155 160 27
155 185 66
155 202 67
155 207 47
155 213 41
155 218 76
155 227 35
155 235 68
155 261 66
155 266 13
155 267 36
155 274 59
155 286 25
155 287 12
155 303 14
155 314 46
155 338 5
155 340 21
155 346 62
155 349 15
155 353 34
155 357 2
155 363 8
155 367 57
155 369 76
155 383 13
155 391 20
156 161 28
156 174 68
156 197 7
156 199 75
156 232 37
156 233 19
156 259 52
156 266 48
156 272 68
156 277 73
156 290 70
156 293 80
156 300 72
156 315 65
156 324 22
156 345 11
156 348 9
156 381 50
157 158 41
157 159 62
157 161 3
157 170 72
157 176 67
157 189 28
157 204 66
157 207 55
157 235 58
157 239 41
157 243 64
157 287 66
157 296 55
157 297 32
157 319 80
157 338 24
157 352 57
157 356 46
157 358 73
157 361 33
157 367 3
157 382 74
157 385 31
157 391 13
157 395 26
158 160 50
158 171 54
158 200 8
158 220 53
158 242 22
158 251 25
158 264 52
158 271 49
158 279 49
158 285 36
158 303 75
158 355 60
158 358 74
158 359 11
158 364 65
158 383 48
158 390 10
159 168 13
159 189 45
159 202 2
159 205 4
159 224 27
159 230 1
159 235 50
159 246 67
159 258 32
159 263 3
159 265 3
159 272 51
159 303 37
159 334 4
159 346 41
159 350 32
159 359 24
159 362 50
159 383 63
159 388 14
159 389 74
159 399 9
159 400 76
160 174 7
160 183 27
160 184 20
160 191 26
160 200 68
160 207 61
160 215 8
160 217 9
160 229 4
160 235 15
160 272 52
160 274 66
160 294 30
160 295 60
160 297 29
160 300 68
160 305 26
160 312 39
160 324 5
160 329 6
160 331 29
160 332 59
160 341 15
160 345 29
160 346 16
160 364 54
160 400 66
161 185 44
161 205 28
161 220 75
161 228 7
161 235 37
161 269 74
161 290 49
161 299 31
161 303 53
161 304 7
161 313 45
161 338 5
161 351 1
161 358 62
161 365 70
161 367 25
161 377 68
161 388 20
161 391 62
162 166 35
162 184 25
162 191 69
162 204 57
162 224 62
162 245 20
162 249 69
162 259 18
162 264 49
162 287 64
162 288 41
162 293 52
162 333 71
162 362 35
162 364 67
162 367 67
162 379 58
162 385 26
162 397 6
163 168 30
163 171 71
163 173 55
163 177 45
163 186 63
163 201 44
163 210 77
163 220 7
163 221 54
163 228 3
163 230 40
163 231 79
163 241 77
163 249 32
163 251 43
163 262 60
163 263 26
163 266 48
163 273 65
163 281 66
163 282 12
163 284 32
163 289 35
163 301 6
163 303 2
163 309 22
163 310 49
163 319 61
163 324 29
163 331 45
163 348 31
163 352 15
163 368 13
163 382 40
163 386 13
163 392 55
164 169 68
164 176 9
164 178 68
164 180 14
164 181 23
164 192 9
164 196 38
164 217 59
164 224 32
164 225 7
164 228 52
164 230 50
164 231 58
164 239 65
164 244 1
164 248 53
164 255 4
164 265 61
164 276 16
164 278 24
164 291 12
164 298 41
164 329 28
164 331 45
164 333 75
164 338 61
164 351 9
164 353 51
164 386 17
164 400 14
165 171 23
165 172 78
165 176 31
165 178 20
165 185 37
165 188 56
165 199 52
165 201 54
165 205 57
165 228 39
165 270 37
165 375 74
165 378 5
165 382 54
165 394 23
166 187 49
166 189 1
166 192 16
166 214 29
166 226 15
166 242 42
166 243 33
166 249 80
166 257 9
166 260 15
166 261 12
166 282 56
166 289 19
166 309 43
166 315 40
166 337 4
166 346 27
166 356 79
166 373 73
166 386 68
167 169 7
167 174 40
167 178 29
167 183 31
167 190 63
167 214 64
167 231 62
167 232 67
167 246 26
167 273 73
167 309 23
167 312 39
167 325 23
167 330 10
167 336 6
167 390 23
167 395 14
168 169 79
168 185 58
168 193 28
168 201 43
168 216 11
168 266 43
168 275 12
168 284 69
168 289 16
168 297 11
168 306 75
168 309 18
168 314 37
168 325 80
168 326 45
168 339 63
168 349 64
168 356 16
168 377 17
168 383 21
168 386 8
168 400 31
169 172 20
169 181 47
169 183 36
169 186 74
169 193 23
169 204 3
169 205 55
169 206 10
169 209 36
169 216 13
169 253 2
169 261 7
169 277 27
169 284 37
169 288 17
169 292 32
169 300 65
169 301 3
169 307 61
169 315 38
169 318 30
169 337 80
169 342 58
169 343 76
169 345 44
169 362 22
169 378 36
170 178 63
170 182 33
170 188 4
170 190 41
170 194 1
170 204 22
170 215 7
170 227 12
170 230 53
170 255 34
170 257 5
170 271 67
170 291 76
170 302 24
170 331 17
170 333 67
170 336 61
170 355 63
170 357 37
170 360 50
170 361 29
170 368 62
170 375 7
170 393 78
170 397 22
171 174 44
171 181 78
171 205 72
171 207 76
171 226 24
171 244 26
171 278 5
171 286 56
171 288 75
171 297 8
171 298 65
171 299 58
171 316 53
171 317 60
171 319 14
171 353 43
171 373 67
171 390 28
172 180 73
172 199 45
172 205 34
172 220 73
172 224 46
172 234 22
172 242 45
172 249 75
172 254 41
172 256 70
172 276 30
172 282 77
172 288 22
172 291 38
172 300 58
172 315 40
172 356 15
172 357 56
172 377 51
172 379 58
173 180 38
173 187 2
173 189 61
173 190 42
173 194 33
173 196 61
173 200 42
173 206 40
173 210 50
173 215 50
173 216 35
173 217 22
173 219 50
173 241 37
173 251 23
173 290 1
173 292 65
173 301 14
173 303 22
173 311 56
173 375 70
173 380 62
173 389 15
174 189 44
174 230 74
174 242 75
174 246 27
174 248 12
174 255 77
174 258 47
174 272 64
174 275 8
174 284 77
174 304 58
174 332 62
174 340 7
174 344 40
174 354 3
174 362 15
174 364 35
174 375 54
175 190 7
175 199 36
175 204 77
175 209 3
175 212 22
175 214 56
175 227 58
175 237 54
175 238 32
175 239 68
175 247 78
175 255 44
175 256 76
175 263 79
175 277 64
175 280 27
175 281 66
175 302 57
175 311 71
175 312 11
175 313 58
175 325 66
175 345 35
175 380 12
175 390 44
175 395 45
176 179 3
176 194 29
176 200 23
176 209 24
176 213 20
176 214 21
176 233 64
176 243 18
176 251 58
176 257 7
176 296 70
176 308 12
176 319 20
176 320 31
176 333 43
176 352 12
176 380 26
176 397 32
177 178 68
177 186 8
177 198 12
177 207 32
177 221 14
177 223 56
177 226 58
177 229 14
177 232 43
177 238 15
177 249 52
177 253 72
177 255 28
177 267 48
177 270 45
177 274 78
177 310 61
177 317 29
177 328 41
177 330 59
177 336 14
177 350 25
177 361 24
177 371 32
177 374 59
177 376 7
178 190 31
178 191 38
178 194 29
178 206 60
178 207 17
178 209 36
178 217 15
178 231 37
178 239 35
178 254 30
178 278 46
178 282 7
178 291 27
178 320 52
178 328 68
178 329 50
178 336 2
178 353 16
178 359 60
179 180 54
179 185 65
179 191 51
179 201 78
179 205 10
179 232 34
179 242 20
179 251 57
179 253 16
179 264 10
179 274 34
179 330 57
179 334 26
179 340 43
179 356 36
179 359 49
179 391 26
180 199 65
180 208 49
180 215 63
180 224 41
180 227 58
180 281 9
180 283 9
180 286 68
180 292 77
180 302 1
180 311 36
180 312 31
180 318 3
180 322 52
180 340 32
180 348 58
180 355 74
180 358 69
180 363 18
180 378 62
180 391 80
180 394 57
180 399 56
181 186 13
181 209 41
181 214 72
181 237 39
181 243 55
181 246 63
181 249 74
181 253 62
181 261 62
181 282 10
181 286 73
181 287 66
181 300 79
181 312 8
181 313 42
181 319 13
181 320 35
181 336 22
181 337 17
181 340 50
181 342 58
181 345 68
181 360 47
181 381 7
181 395 3
182 187 72
182 191 73
182 194 4
182 213 33
182 218 68
182 220 55
182 234 50
182 242 14
182 245 23
182 253 72
182 261 54
182 265 38
182 266 19
182 271 37
182 274 5
182 287 68
182 293 23
182 300 36
182 325 52
182 326 71
182 330 15
182 336 78
182 339 65
182 343 11
182 347 68
182 351 56
182 355 63
182 357 2
182 372 61
182 376 25
182 395 21
183 200 62
183 209 74
183 213 50
183 214 29
183 228 8
183 234 55
183 235 57
183 253 67
183 266 68
183 277 2
183 278 32
183 293 49
183 295 51
183 317 67
183 322 45
183 329 17
183 390 16
184 199 80
184 200 5
184 202 68
184 204 72
184 231 33
184 248 70
184 257 69
184 262 22
184 268 3
184 269 16
184 281 1
184 284 22
184 285 59
184 298 5
184 299 65
184 301 68
184 312 35
184 314 79
184 319 65
184 324 39
184 327 73
184 335 8
184 345 71
184 352 65
184 353 39
185 223 22
185 235 57
185 243 42
185 273 20
185 280 73
185 322 29
185 329 46
185 333 21
185 335 10
185 336 50
185 340 5
185 346 4
185 350 54
185 376 59
185 385 5
185 392 56
185 396 35
186 188 7
186 214 20
186 230 26
186 231 2
186 258 52
186 270 31
186 278 71
186 315 61
186 388 18
186 394 8
187 196 4
187 199 22
187 200 66
187 209 42
187 219 71
187 250 50
187 254 2
187 272 60
187 273 39
187 300 51
187 304 9
187 324 32
187 333 68
187 335 32
187 355 1
187 360 32
187 362 19
187 365 15
187 374 5
187 376 5
187 378 19
187 386 21
188 202 42
188 212 60
188 214 47
188 215 32
188 222 19
188 232 19
188 269 52
188 270 76
188 271 36
188 279 30
188 288 74
188 289 58
188 306 16
188 312 44
188 313 18
188 319 30
188 329 76
188 332 73
188 348 17
188 368 21
188 384 25
188 385 4
188 387 44
188 391 17
189 195 24
189 197 62
189 215 59
189 223 25
189 231 8
189 234 74
189 236 59
189 240 5
189 252 9
189 267 23
189 298 19
189 316 77
189 324 72
189 351 41
189 359 70
189 361 56
189 363 63
189 384 12
189 387 33
190 192 79
190 193 67
190 195 38
190 198 17
190 204 30
190 230 37
190 231 63
190 237 15
190 257 17
190 263 37
190 264 48
190 279 67
190 297 40
190 300 42
190 302 29
190 304 2
190 324 72
190 328 45
190 337 26
190 361 25
190 371 78
190 372 43
190 376 17
190 385 65
190 392 54
190 399 58
191 196 16
191 217 38
191 242 61
191 246 32
191 253 41
191 266 9
191 269 12
191 270 6
191 273 49
191 286 42
191 291 5
191 294 44
191 308 36
191 340 41
191 341 26
191 349 51
191 361 23
191 370 71
191 392 32
192 195 78
192 196 16
192 203 46
192 216 42
192 224 16
192 230 19
192 237 80
192 250 67
192 274 71
192 290 29
192 297 65
192 339 72
192 344 52
192 350 22
192 357 54
192 360 76
192 374 12
192 376 70
192 388 12
192 389 73
192 400 80
193 208 58
193 214 77
193 221 7
193 250 21
193 259 27
193 265 1
193 295 13
193 296 1
193 312 37
193 328 1
193 331 29
193 332 25
193 333 70
193 335 42
193 344 23
193 345 20
193 356 76
193 378 61
193 394 8
193 396 23
193 398 61
194 201 13
194 211 58
194 214 11
194 220 47
194 224 72
194 239 44
194 253 52
194 281 38
194 282 59
194 296 55
194 304 30
194 309 45
194 317 19
194 325 48
194 333 66
194 335 22
194 342 71
194 354 14
194 364 51
194 370 20
194 371 67
194 373 75
194 374 57
194 382 20
194 390 74
194 391 80
195 197 9
195 201 43
195 209 72
195 215 39
195 219 11
195 228 24
195 236 50
195 245 20
195 247 67
195 254 42
195 269 75
195 278 22
195 279 64
195 291 47
195 292 58
195 300 6
195 318 67
195 321 2
195 347 18
195 368 78
195 383 76
195 392 41
195 395 8
196 236 80
196 253 67
196 259 75
196 260 14
196 266 51
196 274 16
196 294 21
196 304 8
196 305 76
196 306 60
196 310 58
196 319 80
196 337 28
196 339 11
196 348 43
196 358 6
196 379 20
196 392 25
197 202 11
197 205 29
197 206 55
197 227 64
197 236 79
197 240 75
197 258 19
197 263 75
197 284 45
197 288 66
197 304 78
197 321 1
197 332 54
197 336 65
197 363 61
197 376 30
197 380 63
197 390 28
197 393 40
198 200 33
198 205 21
198 210 8
198 211 2
198 231 11
198 234 71
198 243 66
198 268 58
198 278 42
198 288 24
198 297 79
198 299 33
198 300 54
198 302 17
198 304 54
198 314 33
198 316 12
198 325 31
198 336 44
198 341 69
198 343 19
198 346 62
198 347 52
198 353 74
198 366 53
198 377 23
198 389 27
199 200 13
199 202 35
199 209 50
199 222 16
199 231 28
199 254 53
199 281 35
199 289 37
199 290 11
199 295 2
199 297 9
199 311 35
199 325 75
199 333 65
199 337 42
199 363 36
199 369 6
199 370 72
199 372 76
199 377 29
199 392 55
200 212 10
200 224 15
200 238 13
200 261 46
200 275 48
200 311 57
200 340 79
200 342 76
200 343 3
200 345 7
200 348 75
200 365 34
200 375 21
200 379 51
200 394 10
201 213 6
201 223 40
201 236 37
201 239 8
201 241 48
201 261 51
201 277 1
201 289 20
201 293 20
201 297 73
201 317 31
201 320 61
201 354 74
201 358 59
201 397 13
202 203 24
202 216 58
202 222 10
202 247 80
202 249 23
202 251 16
202 252 30
202 258 78
202 270 15
202 278 18
202 305 59
202 346 18
202 348 50
202 349 46
202 351 69
202 352 32
202 362 13
202 363 53
202 372 31
202 391 60
203 207 43
203 208 36
203 224 52
203 236 19
203 267 38
203 271 43
203 283 15
203 287 51
203 301 4
203 309 58
203 318 21
203 332 67
203 337 22
203 340 13
203 345 5
203 348 7
203 356 26
203 357 48
203 363 62
203 367 48
203 371 32
203 383 72
204 206 42
204 221 76
204 227 30
204 244 58
204 260 26
204 266 8
204 269 59
204 276 19
204 284 20
204 301 17
204 305 59
204 316 53
204 330 7
204 346 18
204 353 32
204 354 23
204 372 55
204 378 43
204 393 45
205 217 65
205 220 20
205 250 14
205 254 49
205 295 35
205 300 33
205 314 70
205 335 31
205 346 33
205 351 15
205 357 27
205 359 12
205 375 57
205 400 70
206 216 19
206 225 44
206 284 49
206 285 23
206 309 36
206 323 34
206 330 22
206 331 44
206 338 73
206 383 62
206 389 28
207 208 3
207 232 56
207 233 51
207 260 76
207 268 52
207 274 38
207 317 22
207 329 51
207 343 12
207 361 23
207 363 36
207 371 64
207 379 4
207 381 78
207 384 23
207 393 76
208 216 11
208 217 71
208 232 70
208 235 77
208 238 19
208 239 41
208 243 41
208 253 7
208 260 53
208 264 76
208 288 58
208 289 29
208 301 63
208 323 22
208 324 59
208 329 44
208 345 33
208 363 58
208 367 45
208 384 52
208 387 18
208 389 1
209 227 36
209 229 55
209 248 79
209 272 26
209 276 48
209 278 26
209 280 56
209 304 12
209 309 76
209 316 54
209 324 35
209 341 79
209 356 25
209 357 30
209 373 22
209 382 1
209 400 74
210 239 41
210 241 60
210 243 40
210 244 79
210 246 38
210 250 5
210 252 21
210 253 53
210 267 60
210 268 69
210 274 3
210 276 20
210 277 26
210 287 59
210 296 20
210 302 27
210 305 56
210 315 75
210 320 11
210 325 15
210 333 40
210 337 63
210 339 4
210 353 14
210 373 39
210 400 40
211 215 22
211 226 73
211 248 67
211 257 11
211 260 9
211 269 48
211 287 73
211 292 5
211 294 67
211 328 24
211 332 71
211 335 40
211 339 24
211 341 5
211 344 23
211 376 67
211 379 16
211 389 24
211 390 52
211 392 73
212 218 23
212 238 56
212 244 40
212 254 50
212 262 8
212 265 51
212 271 36
212 275 32
212 286 37
212 293 15
212 297 72
212 321 71
212 326 10
212 333 59
212 334 70
212 343 30
212 347 66
212 367 28
212 383 29
212 400 14
213 234 60
213 235 7
213 238 26
213 239 62
213 251 12
213 255 64
213 263 21
213 266 17
213 284 12
213 290 17
213 320 42
213 334 30
213 339 48
213 355 37
213 385 44
213 389 3
213 399 67
214 215 35
214 220 22
214 231 35
214 233 41
214 261 55
214 263 33
214 273 80
214 287 13
214 319 40
214 321 41
214 330 43
214 338 8
214 351 31
214 355 79
214 356 22
214 366 29
214 371 29
214 373 59
214 374 19
214 375 54
215 245 45
215 254 63
215 265 67
215 274 26
215 283 30
215 284 27
215 288 65
215 297 58
215 305 76
215 306 46
215 307 23
215 309 74
215 311 15
215 315 77
215 324 68
215 329 30
215 336 40
215 343 64
215 345 18
215 359 52
215 368 31
215 376 28
215 388 54
215 395 64
215 396 10
216 226 50
216 229 27
216 248 28
216 265 24
216 269 28
216 272 13
216 280 80
216 284 75
216 285 53
216 290 23
216 312 43
216 323 19
216 341 20
216 348 14
216 352 55
216 355 67
216 365 32
216 366 30
216 393 49
216 399 10
217 220 59
217 230 64
217 236 57
217 261 80
217 286 23
217 288 6
217 289 40
217 306 28
217 321 30
217 329 78
217 333 25
217 335 74
217 336 79
217 346 41
217 354 42
217 361 45
217 386 76
218 238 65
218 242 64
218 249 9
218 250 80
218 254 63
218 265 54
218 272 9
218 277 46
218 284 66
218 293 70
218 307 19
218 313 56
218 343 70
218 346 62
218 365 67
218 366 30
218 367 25
218 397 61
219 225 28
219 230 25
219 239 59
219 241 62
219 242 7
219 257 27
219 262 80
219 264 23
219 277 13
219 278 39
219 290 3
219 292 74
219 301 60
219 307 37
219 343 55
219 350 75
219 353 17
219 379 4
219 381 54
219 395 68
220 228 42
220 237 32
220 252 14
220 262 1
220 279 60
220 292 62
220 294 10
220 321 15
220 323 73
220 331 61
220 353 36
220 366 67
220 370 23
220 385 24
221 226 41
221 227 35
221 233 53
221 234 77
221 245 18
221 247 66
221 263 3
221 273 16
221 277 74
221 289 42
221 292 62
221 304 37
221 324 9
221 344 6
221 346 11
221 352 60
221 365 11
221 393 4
221 399 6
222 230 1
222 246 51
222 247 39
222 250 29
222 279 41
222 284 40
222 285 24
222 314 62
222 317 61
222 318 11
222 319 72
222 331 18
222 356 76
222 357 45
222 358 45
222 384 29
222 388 76
223 226 51
223 230 75
223 232 57
223 234 10
223 237 21
223 269 58
223 271 9
223 282 67
223 292 72
223 299 30
223 308 15
223 310 56
223 318 78
223 331 40
223 332 24
223 341 56
223 360 17
223 367 6
223 379 79
223 384 49
223 389 17
223 395 24
224 230 23
224 234 14
224 235 26
224 236 28
224 255 1
224 272 58
224 278 61
224 285 61
224 323 52
224 336 68
224 371 27
224 386 68
224 398 23
225 234 49
225 245 20
225 258 35
225 261 1
225 267 71
225 268 68
225 274 68
225 276 47
225 285 36
225 287 71
225 291 76
225 294 46
225 299 16
225 300 75
225 301 46
225 302 20
225 308 74
225 309 67
225 327 55
225 333 14
225 361 49
225 376 68
225 382 17
225 395 71
226 230 14
226 236 30
226 239 78
226 252 13
226 264 41
226 266 11
226 284 22
226 296 68
226 302 48
226 306 69
226 309 6
226 317 33
226 325 23
226 329 48
226 336 9
226 338 59
226 349 21
226 369 24
226 392 71
227 233 32
227 242 58
227 262 25
227 264 52
227 276 30
227 296 76
227 304 34
227 312 7
227 323 54
227 328 6
227 330 3
227 338 15
227 364 16
227 366 7
227 372 49
227 373 8
227 376 6
227 380 6
227 399 78
228 273 28
228 301 46
228 312 68
228 316 1
228 319 78
228 321 7
228 330 46
228 335 80
228 342 59
228 360 25
228 391 44
228 393 72
229 240 17
229 250 14
229 262 68
229 283 24
229 286 23
229 287 24
229 293 5
229 296 5
229 306 39
229 308 80
229 323 67
229 329 27
229 345 60
229 366 45
229 387 66
229 391 5
229 396 9
230 235 10
230 252 12
230 257 24
230 272 52
230 273 18
230 276 46
230 279 50
230 284 42
230 292 9
230 298 45
230 307 52
230 308 29
230 309 21
230 311 73
230 323 46
230 349 75
230 358 26
230 360 19
230 370 80
230 381 11
230 387 16
231 232 13
231 237 22
231 249 27
231 263 66
231 275 77
231 284 45
231 285 16
231 297 48
231 346 59
231 348 40
231 356 4
231 358 62
231 371 30
231 379 28
231 380 78
231 390 47
231 397 54
232 236 23
232 242 10
232 245 50
232 250 78
232 256 64
232 275 61
232 276 24
232 297 51
232 339 59
232 341 71
232 375 6
232 380 61
232 388 73
232 394 4
233 238 31
233 244 40
233 251 13
233 252 75
233 254 9
233 269 5
233 277 59
233 289 32
233 324 30
233 342 2
233 344 66
233 356 74
233 358 32
233 359 48
233 364 80
233 367 23
233 376 63
233 382 79
233 389 45
234 235 44
234 239 3
234 244 13
234 267 22
234 280 17
234 293 8
234 317 74
234 327 41
234 334 38
234 335 52
234 337 22
234 345 46
234 356 53
234 363 3
235 259 8
235 266 46
235 277 19
235 288 80
235 290 76
235 300 64
235 304 61
235 337 33
235 339 40
235 344 16
235 352 2
235 354 45
235 366 36
235 384 61
236 238 36
236 248 78
236 253 48
236 266 44
236 274 50
236 275 56
236 289 66
236 290 63
236 302 15
236 311 51
236 321 35
236 330 43
236 341 5
236 342 2
236 359 47
236 366 63
236 376 52
236 387 38
236 399 26
237 243 13
237 246 9
237 251 22
237 257 48
237 258 66
237 274 20
237 276 63
237 286 74
237 292 8
237 302 7
237 304 57
237 338 36
237 355 24
237 356 4
237 361 10
237 373 68
237 378 32
238 241 36
238 264 4
238 295 62
238 301 61
238 305 32
238 310 14
238 317 30
238 321 18
238 322 20
238 336 4
238 342 73
238 343 36
238 346 62
238 356 9
238 372 71
238 386 30
238 395 69
239 246 36
239 255 23
239 285 55
239 288 57
239 296 35
239 328 42
239 331 14
239 332 55
239 338 23
239 342 36
239 344 74
239 368 63
239 384 7
240 244 32
240 261 21
240 265 7
240 283 46
240 289 21
240 310 26
240 319 26
240 321 2
240 333 11
240 334 10
240 341 23
240 346 34
240 358 45
240 367 51
240 377 48
240 392 7
240 398 36
241 263 12
241 264 75
241 274 33
241 295 70
241 304 19
241 315 73
241 322 20
241 334 54
241 348 1
241 381 61
241 389 27
241 391 23
241 393 16
241 394 72
241 398 67
242 248 31
242 259 60
242 263 21
242 267 27
242 274 3
242 281 75
242 287 65
242 296 74
242 302 45
242 309 6
242 346 23
242 350 25
242 352 44
242 355 38
242 358 50
242 379 48
242 394 67
243 293 75
243 308 2
243 312 4
243 332 18
243 336 33
243 340 74
243 343 10
243 349 6
243 376 7
243 392 42
244 245 18
244 259 64
244 278 44
244 282 60
244 283 67
244 291 26
244 293 15
244 372 21
244 373 79
244 377 38
244 384 45
244 397 46
245 307 13
245 312 74
245 321 78
245 322 67
245 328 34
245 344 21
245 347 4
245 352 46
245 357 66
245 359 27
245 384 75
245 400 43
246 259 23
246 260 41
246 264 42
246 265 52
246 285 48
246 301 55
246 306 52
246 311 30
246 313 57
246 317 56
246 319 53
246 323 75
246 345 77
246 358 58
246 388 1
246 396 22
247 248 61
247 254 58
247 266 78
247 270 76
247 288 35
247 312 79
247 313 1
247 321 70
247 329 14
247 344 22
247 346 32
247 348 5
247 364 23
247 367 64
247 369 54
247 377 80
247 383 41
247 395 75
248 275 22
248 290 21
248 303 5
248 312 52
248 318 9
248 327 15
248 336 34
248 340 35
248 343 79
248 345 31
248 350 37
248 372 78
248 395 71
249 253 27
249 255 33
249 262 29
249 273 60
249 281 28
249 287 57
249 315 78
249 320 10
249 327 2
249 331 40
249 332 28
249 333 49
249 340 78
249 363 15
249 394 37
249 397 41
250 252 51
250 259 38
250 278 29
250 286 54
250 295 58
250 301 78
250 307 18
250 315 42
250 326 68
250 336 14
250 337 20
250 344 48
251 263 36
251 274 2
251 285 68
251 288 60
251 301 38
251 304 1
251 333 32
251 334 13
251 339 3
251 362 29
251 386 67
251 390 53
251 396 56
252 260 74
252 262 18
252 263 52
252 297 45
252 305 75
252 313 58
252 327 39
252 361 35
252 393 43
253 254 46
253 269 60
253 270 17
253 279 18
253 281 27
253 293 1
253 304 46
253 307 68
253 313 6
253 333 46
253 344 9
253 349 54
253 360 33
253 368 7
253 370 41
253 375 54
253 378 38
253 381 15
253 391 72
254 257 20
254 272 13
254 276 68
254 283 39
254 285 8
254 311 74
254 326 6
254 334 49
254 338 44
254 340 65
254 363 9
254 372 26
254 388 59
254 395 35
254 396 43
255 279 26
255 284 77
255 296 75
255 324 7
255 326 19
255 336 18
255 337 18
255 360 37
255 366 65
255 379 35
255 385 66
255 386 52
255 387 62
255 396 14
255 397 2
255 398 53
256 275 69
256 276 20
256 289 48
256 309 59
256 324 7
256 325 11
256 333 68
256 336 5
256 348 74
256 355 72
256 366 35
256 374 25
256 382 69
256 389 62
257 281 45
257 298 54
257 331 30
257 334 71
257 335 12
257 369 45
257 370 20
257 381 29
257 389 21
257 399 37
258 264 4
258 272 57
258 275 56
258 287 21
258 295 79
258 299 35
258 323 51
258 345 22
258 357 2
258 365 18
258 368 40
258 376 66
258 383 36
258 390 53
259 282 67
259 283 41
259 297 79
259 308 31
259 320 59
259 327 53
259 338 17
259 346 45
259 358 36
259 361 46
259 400 4
260 261 7
260 264 47
260 278 3
260 284 76
260 286 30
260 289 67
260 299 80
260 300 21
260 311 80
260 323 41
260 342 73
260 352 1
260 358 70
260 365 46
260 386 45
260 393 24
260 394 71
261 271 14
261 275 35
261 277 57
261 279 65
261 286 47
261 297 41
261 298 21
261 299 15
261 328 18
261 337 25
261 340 39
261 346 46
261 348 80
261 357 76
261 360 9
261 364 54
261 371 54
261 383 2
261 389 6
262 266 58
262 280 49
262 294 58
262 303 7
262 305 34
262 307 80
262 311 46
262 319 67
262 328 76
262 334 70
262 335 47
262 358 3
262 376 46
262 396 44
262 397 73
263 264 29
263 266 23
263 270 5
263 282 38
263 284 70
263 304 2
263 309 2
263 335 7
263 360 66
263 373 55
263 377 34
264 274 75
264 275 49
264 282 29
264 283 24
264 293 42
264 301 20
264 313 67
264 349 78
264 360 72
264 366 28
264 367 74
265 275 29
265 290 14
265 293 13
265 295 61
265 296 23
265 299 44
265 302 3
265 307 68
265 309 73
265 316 53
265 341 54
265 367 34
265 369 25
265 381 68
265 383 16
265 384 48
266 280 80
266 286 53
266 290 14
266 301 5
266 304 74
266 313 80
266 326 17
266 330 80
266 349 80
266 371 32
266 381 34
266 390 52
267 275 19
267 287 21
267 295 11
267 307 64
267 311 70
267 324 1
267 325 32
267 335 54
267 357 54
267 366 48
267 390 47
267 391 64
268 291 31
268 330 9
268 338 60
268 353 70
268 357 63
268 358 33
268 361 51
268 365 26
268 369 76
268 373 10
268 375 68
268 381 53
268 393 67
268 398 50
269 276 38
269 291 28
269 294 16
269 297 51
269 307 12
269 320 11
269 321 15
269 333 31
269 335 73
269 336 17
269 337 79
269 347 53
269 356 19
269 368 1
269 369 46
269 371 9
269 372 60
269 374 16
269 378 21
270 285 18
270 297 8
270 303 1
270 333 61
270 335 53
270 344 23
270 350 42
270 353 46
270 364 47
270 380 1
270 383 71
271 275 51
271 287 40
271 288 58
271 300 39
271 309 53
271 323 40
271 328 37
271 363 22
271 372 41
271 379 39
271 394 80
271 395 26
271 396 24
272 275 55
272 299 5
272 306 52
272 311 6
272 318 3
272 329 37
272 331 51
272 342 19
272 346 51
272 355 59
272 369 56
272 370 45
272 373 15
272 376 54
272 381 20
272 398 70
273 276 14
273 282 9
273 284 23
273 329 66
273 336 71
273 348 73
273 351 41
273 357 61
273 360 62
273 368 68
273 386 60
273 394 74
274 286 6
274 287 56
274 288 70
274 297 52
274 300 18
274 303 16
274 306 61
274 324 25
274 340 60
274 344 5
274 345 60
274 351 54
274 361 7
274 369 61
274 370 65
274 375 10
274 385 39
275 277 34
275 287 39
275 288 39
275 291 78
275 302 24
275 311 13
275 331 57
275 343 6
275 355 70
275 361 44
275 362 62
275 363 35
275 364 2
275 367 55
275 368 72
275 396 31
276 295 64
276 320 51
276 338 53
276 349 62
276 356 32
276 364 2
276 367 47
276 378 1
276 385 22
276 387 32
276 392 77
277 305 29
277 309 13
277 340 14
277 349 50
277 350 13
277 368 14
277 380 75
277 385 61
277 399 3
278 291 42
278 342 31
278 349 64
278 355 23
278 378 33
278 380 4
278 387 55
279 288 41
279 328 50
279 330 24
279 355 50
279 362 36
279 366 15
279 375 43
279 391 45
279 392 12
279 397 40
280 283 13
280 285 27
280 293 22
280 302 54
280 304 79
280 306 76
280 321 33
280 329 45
280 342 63
280 363 62
280 385 28
280 396 43
280 397 34
281 306 39
281 327 42
281 338 3
281 352 74
281 364 51
281 365 78
281 368 80
281 388 4
281 397 75
281 398 66
282 293 64
282 305 19
282 307 22
282 329 6
282 344 35
282 366 13
282 373 67
282 380 73
282 381 9
282 388 32
282 392 3
283 285 26
283 308 4
283 311 66
283 319 64
283 348 46
283 353 35
283 355 53
283 359 42
283 395 5
283 400 24
284 303 26
284 309 34
284 310 44
284 314 57
284 316 9
284 331 47
284 339 64
284 348 68
284 367 22
284 379 16
284 391 20
284 393 48
285 287 33
285 299 71
285 322 75
285 350 5
285 360 43
285 380 27
285 389 75
285 400 56
286 288 36
286 292 50
286 298 4
286 304 80
286 306 26
286 329 32
286 340 76
286 348 79
286 349 25
286 361 9
286 369 68
286 380 12
286 381 11
286 387 1
286 390 22
287 288 41
287 299 39
287 302 46
287 310 54
287 370 27
287 373 10
287 381 11
287 385 70
287 387 54
287 388 31
287 398 72
287 399 34
288 295 9
288 304 40
288 315 32
288 335 54
288 344 49
288 359 7
288 366 42
288 373 71
288 379 25
288 400 21
289 306 61
289 307 54
289 345 64
289 349 79
289 379 5
289 390 75
290 293 45
290 306 44
290 308 26
290 309 77
290 312 19
290 322 15
290 347 52
290 370 60
290 400 46
291 296 48
291 297 18
291 305 33
291 328 3
291 343 68
291 345 29
291 349 36
291 358 42
291 369 1
291 376 77
291 386 49
291 395 71
292 294 22
292 338 77
292 360 33
292 369 65
292 382 31
292 394 58
293 304 59
293 306 17
293 331 12
293 339 31
293 344 47
293 348 18
293 354 34
293 392 29
293 394 45
293 399 41
294 301 31
294 306 8
294 325 32
294 342 49
294 343 18
294 344 27
294 349 34
294 351 45
294 379 15
294 394 16
294 396 57
295 300 39
295 313 24
295 321 10
295 332 35
295 345 78
295 378 64
295 381 8
296 327 73
296 340 79
296 350 50
296 352 47
296 360 63
296 361 44
296 370 19
296 383 23
296 399 57
297 307 77
297 320 77
297 325 72
297 332 5
297 337 73
297 353 41
297 362 72
297 364 50
297 370 54
297 393 44
297 397 64
297 398 39
298 306 48
298 313 68
298 317 52
298 329 31
298 351 27
298 360 36
298 361 45
298 365 9
298 373 20
298 376 61
298 378 1
298 379 39
298 393 57
299 300 65
299 318 70
299 321 57
299 334 7
299 340 79
299 361 12
299 371 49
299 378 44
299 387 16
300 305 8
300 310 75
300 333 67
300 335 7
300 340 10
300 344 52
300 357 5
300 358 76
300 375 66
301 310 14
301 323 78
301 327 61
301 330 49
301 331 4
301 339 57
301 345 22
301 361 3
301 372 22
301 394 58
302 305 66
302 331 50
302 336 73
302 377 65
302 386 61
302 389 51
303 314 38
303 319 17
303 324 34
303 330 21
303 345 4
303 360 58
303 365 20
303 370 39
303 375 11
304 305 55
304 313 77
304 326 53
304 336 9
304 338 56
304 352 50
304 361 48
304 363 4
304 386 22
304 388 3
304 396 2
305 309 24
305 322 51
305 335 2
305 341 3
305 357 76
305 359 59
305 367 17
305 368 63
305 376 78
305 378 36
306 331 45
306 344 54
306 360 33
306 380 78
306 392 73
306 393 22
306 398 74
307 314 16
307 316 11
307 337 62
307 339 4
307 356 1
307 361 71
308 313 25
308 314 34
308 360 52
308 373 61
308 374 6
308 386 9
309 315 17
309 321 63
309 328 35
309 330 59
309 332 69
309 339 1
309 348 42
309 366 76
309 374 41
309 375 77
309 383 58
309 386 60
309 390 43
309 397 49
309 398 56
310 311 11
310 329 20
310 331 80
310 341 26
310 345 58
310 350 23
310 357 38
310 375 43
310 381 14
310 383 7
310 391 69
310 396 51
310 397 34
311 322 29
311 347 31
311 359 69
311 379 21
311 381 45
311 384 52
311 395 45
311 398 25
312 314 46
312 318 44
312 320 14
312 330 10
312 340 1
312 343 67
312 377 4
312 382 72
313 318 21
313 338 53
313 377 29
314 321 36
314 326 68
314 328 41
314 336 53
314 360 9
314 362 11
314 391 63
314 393 27
314 400 59
315 324 21
315 333 40
315 336 70
315 343 63
315 364 1
315 370 43
315 371 45
315 379 26
316 326 23
316 332 22
316 340 8
316 343 60
316 358 39
316 371 74
316 375 59
316 379 40
316 386 3
316 388 25
316 392 57
316 397 10
316 399 71
317 326 73
317 338 63
317 351 40
317 353 37
317 354 56
317 358 78
317 360 69
317 377 80
317 378 14
317 380 31
317 383 11
317 387 20
318 336 40
318 345 53
318 346 67
318 379 49
318 384 19
318 390 19
319 327 73
319 345 24
319 353 78
319 364 41
319 369 60
319 372 77
319 373 26
319 387 39
319 393 32
320 323 48
320 331 57
320 336 62
320 367 48
320 383 14
320 384 46
320 385 21
321 324 79
321 333 30
321 335 12
321 343 71
321 376 5
321 383 47
321 390 74
321 396 21
322 340 45
322 352 21
322 358 27
322 370 46
322 376 34
322 396 34
323 361 11
323 366 75
323 367 37
323 378 20
323 384 71
323 386 19
323 396 57
323 397 2
324 326 61
324 327 64
324 338 67
324 352 52
324 381 24
324 399 49
325 329 67
325 333 76
325 358 41
325 359 35
325 384 9
325 394 46
326 335 17
326 358 32
326 372 65
326 388 25
326 394 46
327 328 36
327 339 41
327 345 10
327 346 67
327 348 23
327 353 69
327 356 4
327 357 59
327 377 77
327 386 64
327 398 26
327 400 75
328 338 17
328 340 69
328 348 27
328 353 50
328 357 20
328 380 59
328 390 40
328 393 17
328 394 42
329 333 10
329 334 46
329 355 17
329 357 10
329 361 11
329 362 38
329 365 38
329 378 73
329 383 11
329 393 37
329 394 72
330 346 75
330 347 11
330 357 29
330 369 57
330 383 13
330 396 39
330 397 9
331 353 56
331 370 57
331 374 32
331 380 26
331 386 21
331 399 24
332 336 78
332 342 56
332 371 79
332 379 11
332 393 29
332 397 28
332 399 48
333 343 44
333 347 13
333 362 51
333 368 73
333 396 66
334 341 80
334 342 63
334 347 80
334 353 53
334 358 5
334 375 26
334 378 29
334 387 16
334 388 16
334 392 58
335 349 28
335 361 43
335 362 31
335 363 68
335 398 10
336 373 40
336 376 60
336 380 61
336 381 3
336 389 74
337 341 36
337 346 20
337 352 9
337 353 44
337 356 80
337 364 60
338 345 8
338 357 43
338 366 65
338 367 52
338 383 13
338 399 7
339 357 11
339 360 43
339 362 33
339 381 59
339 382 43
340 365 35
340 382 3
340 385 69
341 345 18
341 378 27
341 380 21
341 381 50
341 388 64
341 393 72
341 394 59
342 351 42
342 372 39
342 387 15
342 389 8
343 349 67
343 353 65
343 374 44
343 380 5
343 387 34
343 392 42
343 396 61
343 399 34
344 346 27
344 364 77
344 370 71
344 379 14
344 380 54
344 384 6
344 389 80
344 400 65
345 357 45
345 360 2
345 370 27
345 380 71
345 383 23
345 391 56
345 395 32
346 367 8
346 381 52
346 384 31
347 355 61
347 391 58
348 350 31
348 359 45
348 360 40
348 366 2
348 371 3
348 383 36
348 384 35
348 387 72
349 358 71
349 374 52
349 383 4
349 384 26
349 386 80
349 387 17
350 353 62
350 363 32
350 372 18
350 393 41
351 371 40
351 375 7
351 391 33
351 393 77
351 395 76
351 396 53
352 380 19
353 360 23
353 366 40
353 372 31
353 378 11
353 379 4
354 357 24
354 361 36
354 365 35
354 367 41
355 357 28
355 367 78
355 376 6
355 396 15
355 399 15
356 372 69
356 377 72
356 378 75
356 381 27
356 388 36
356 400 80
357 365 42
357 370 66
357 374 74
357 379 53
357 391 20
357 396 21
357 398 6
358 361 70
358 374 31
358 377 80
358 384 76
358 399 20
359 364 21
359 381 42
360 362 65
360 370 8
361 367 27
361 368 18
361 372 48
362 369 53
362 387 21
363 375 63
363 396 14
364 375 76
364 393 54
365 375 66
365 377 71
365 382 23
365 396 8
365 399 13
366 375 65
366 389 72
366 393 23
367 374 68
367 389 56
368 381 66
368 388 47
368 397 13
369 375 19
369 381 19
369 390 12
369 393 47
370 373 58
370 375 7
370 376 28
370 388 44
371 385 45
371 388 73
371 394 70
372 374 7
372 383 55
372 387 70
372 389 19
372 397 24
373 374 40
373 392 61
373 394 53
373 398 48
373 399 5
374 377 35
374 395 78
374 397 76
375 377 19
375 379 79
375 385 22
375 400 48
376 379 3
377 381 39
377 396 2
378 379 64
378 389 13
379 382 60
379 383 16
379 386 32
380 384 26
380 391 45
380 399 79
381 394 32
381 399 64
382 385 47
382 394 48
382 397 4
382 400 67
383 395 80
384 387 70
384 400 76
385 386 2
385 395 38
386 387 26
386 398 26
387 391 37
387 394 31
389 390 45
389 391 13
389 396 65
391 398 60
393 394 78
394 395 14
395 399 29
397 398 56
