100 1028
1 2 17
1 4 18
1 13 8
1 14 17
1 15 5
1 24 37
1 27 25
1 30 12
1 31 13
1 35 34
1 44 6
1 47 3
1 50 15
1 52 40
1 53 18
1 56 36
1 58 19
1 59 15
1 60 13
1 63 4
1 64 3
1 66 4
1 68 33
1 70 32
1 71 11
1 74 4
1 75 7
1 79 14
1 85 2
2 3 25
2 7 15
2 9 38
2 12 3
2 13 25
2 23 31
2 36 27
2 39 32
2 45 12
2 51 9
2 55 4
2 56 16
2 66 7
2 69 25
2 71 5
2 86 9
2 87 14
2 91 33
2 93 21
2 97 30
2 99 15
3 9 5
3 13 15
3 16 19
3 25 10
3 26 32
3 30 31
3 31 18
3 35 3
3 39 39
3 44 37
3 60 22
3 62 26
3 63 33
3 65 27
3 68 14
3 71 29
3 78 39
3 80 32
3 86 8
3 91 15
3 93 28
4 10 15
4 20 38
4 26 6
4 28 12
4 41 7
4 50 31
4 51 34
4 55 15
4 57 24
4 58 26
4 60 13
4 68 9
4 69 2
4 70 21
4 78 27
4 82 11
4 83 16
4 85 5
4 88 7
5 7 18
5 9 18
5 17 15
5 25 6
5 38 16
5 39 27
5 41 25
5 50 21
5 51 14
5 54 10
5 58 19
5 67 15
5 70 8
5 72 11
5 75 19
5 80 19
5 82 18
5 90 11
5 94 4
5 98 19
6 11 17
6 12 40
6 13 1
6 15 21
6 20 24
6 22 5
6 30 20
6 34 27
6 38 6
6 40 31
6 41 26
6 42 28
6 45 25
6 47 6
6 48 10
6 50 30
6 61 39
6 64 16
6 70 6
6 71 1
6 80 12
6 83 31
6 84 11
6 86 9
6 87 5
6 97 12
6 98 26
6 99 18
7 10 24
7 16 38
7 22 38
7 28 14
7 30 17
7 34 35
7 40 1
7 42 26
7 46 22
7 55 36
7 59 22
7 60 3
7 61 8
7 66 20
7 74 4
7 83 25
7 85 37
7 86 22
7 97 12
7 99 1
7 100 21
8 10 30
8 13 40
8 17 1
8 18 17
8 24 40
8 29 18
8 31 29
8 37 32
8 47 24
8 49 37
8 53 2
8 56 15
8 58 2
8 59 35
8 66 25
8 74 33
8 81 2
8 86 32
8 96 10
8 98 21
9 13 17
9 19 23
9 26 30
9 30 6
9 37 32
9 40 22
9 48 24
9 57 19
9 66 33
9 74 26
9 76 11
9 77 26
9 84 39
9 93 1
9 98 3
9 99 7
10 20 14
10 26 22
10 29 17
10 43 16
10 45 39
10 48 4
10 53 17
10 55 39
10 56 10
10 57 2
10 61 29
10 62 12
10 67 35
10 77 14
10 81 14
10 96 3
11 25 29
11 26 8
11 28 26
11 44 4
11 45 31
11 75 13
11 76 32
11 78 11
11 81 39
11 82 23
11 86 6
11 88 32
11 94 16
11 97 14
12 15 4
12 21 35
12 23 20
12 34 3
12 35 30
12 39 13
12 43 25
12 45 30
12 48 26
12 49 7
12 50 6
12 51 27
12 64 37
12 65 16
12 67 5
12 71 15
12 72 40
12 73 21
12 78 8
13 15 3
13 16 22
13 19 2
13 20 20
13 21 24
13 24 12
13 27 16
13 30 3
13 35 12
13 39 18
13 44 29
13 55 19
13 56 26
13 63 14
13 69 5
13 74 13
13 75 23
13 77 13
13 93 2
13 97 21
14 19 28
14 27 12
14 28 1
14 30 37
14 39 18
14 42 22
14 49 18
14 54 19
14 55 37
14 58 1
14 63 36
14 67 12
14 70 29
14 71 24
15 17 5
15 18 25
15 22 8
15 24 2
15 28 32
15 29 22
15 30 8
15 38 30
15 44 11
15 45 16
15 54 24
15 65 40
15 69 23
15 70 38
15 75 15
15 76 38
15 80 3
15 83 17
15 84 6
15 86 28
15 95 22
15 96 27
15 98 23
16 19 4
16 21 29
16 27 29
16 37 39
16 38 19
16 40 2
16 48 40
16 51 16
16 60 37
16 61 8
16 62 16
16 67 21
16 70 4
16 71 13
16 83 16
16 85 20
16 86 8
16 88 18
16 89 1
16 94 7
16 97 21
16 100 40
17 20 11
17 21 7
17 24 13
17 29 22
17 30 11
17 43 6
17 44 26
17 47 25
17 53 35
17 54 1
17 60 36
17 68 33
17 75 26
17 82 7
17 83 37
17 92 22
17 93 14
17 96 13
17 97 3
18 24 28
18 26 17
18 27 23
18 30 29
18 31 12
18 32 9
18 36 37
18 37 21
18 44 18
18 45 3
18 49 34
18 58 37
18 59 38
18 62 9
18 63 29
18 67 30
18 75 15
18 76 6
18 78 26
18 80 21
18 88 31
18 89 12
18 90 34
18 92 5
18 100 33
19 21 17
19 32 22
19 33 13
19 34 17
19 36 14
19 66 29
19 70 1
19 79 32
19 82 39
19 83 9
19 86 5
19 95 5
20 25 4
20 28 13
20 39 24
20 40 40
20 43 27
20 46 18
20 50 33
20 54 8
20 56 7
20 61 25
20 62 27
20 65 32
20 67 3
20 74 35
20 79 14
20 85 36
20 87 10
20 92 4
21 24 27
21 28 8
21 32 33
21 33 13
21 34 35
21 39 21
21 44 1
21 66 30
21 73 27
21 78 34
21 79 26
21 82 37
21 87 11
21 88 35
21 91 34
21 95 21
21 100 24
22 23 37
22 27 16
22 32 33
22 39 35
22 40 38
22 43 38
22 44 18
22 45 14
22 48 3
22 57 25
22 61 6
22 62 26
22 68 19
22 71 8
22 81 37
22 82 16
22 89 16
22 90 10
22 94 4
22 95 14
22 97 7
22 100 34
23 25 14
23 32 33
23 33 9
23 49 23
23 54 2
23 72 2
23 74 33
23 79 26
23 81 5
23 94 21
23 97 5
24 28 22
24 30 35
24 36 32
24 37 27
24 58 37
24 59 16
24 69 20
24 73 34
24 76 25
24 84 39
24 92 29
24 93 26
24 95 39
24 96 17
24 97 22
24 98 30
24 99 7
25 32 18
25 34 26
25 42 22
25 44 10
25 45 13
25 53 29
25 63 28
25 71 32
25 76 3
25 77 16
25 80 4
25 99 14
25 100 24
26 31 11
26 32 6
26 35 34
26 37 13
26 43 1
26 46 23
26 47 17
26 60 25
26 66 29
26 73 40
26 75 31
26 80 27
26 82 31
26 84 3
26 86 29
26 96 10
27 33 13
27 39 13
27 43 8
27 44 26
27 45 17
27 49 29
27 53 15
27 62 30
27 63 26
27 70 7
27 72 28
27 79 38
27 82 19
27 83 8
27 86 11
27 89 23
27 93 9
27 97 25
27 98 19
28 31 22
28 37 17
28 42 17
28 43 15
28 44 7
28 50 19
28 56 15
28 57 11
28 59 17
28 62 19
28 63 9
28 66 22
28 70 4
28 84 18
28 91 40
28 95 37
28 100 1
29 30 5
29 34 23
29 35 15
29 44 40
29 47 29
29 56 20
29 59 18
29 64 9
29 65 30
29 76 8
29 78 22
29 90 30
29 96 35
29 97 34
29 99 2
30 34 17
30 46 31
30 47 39
30 55 24
30 64 5
30 71 6
30 72 7
30 74 20
30 75 6
30 82 27
30 87 4
30 88 14
30 90 17
30 91 32
30 98 31
31 33 38
31 41 14
31 43 1
31 46 15
31 47 9
31 58 32
31 63 9
31 64 17
31 66 27
31 76 26
31 92 5
31 93 36
31 99 7
32 43 39
32 48 38
32 59 13
32 65 40
32 68 26
32 72 4
32 77 23
32 81 9
32 96 17
32 99 37
32 100 36
33 38 18
33 45 22
33 46 35
33 52 3
33 59 39
33 60 6
33 63 38
33 64 29
33 65 29
33 66 10
33 70 34
33 73 3
33 76 5
33 80 38
33 87 16
33 90 17
33 95 18
33 100 33
34 37 28
34 38 12
34 41 1
34 42 9
34 44 27
34 70 30
34 71 29
34 79 2
34 90 40
34 91 18
35 42 2
35 50 8
35 52 4
35 55 38
35 60 28
35 62 24
35 63 32
35 66 13
35 69 8
35 70 34
35 73 3
35 76 5
35 82 2
35 84 2
35 87 20
35 98 30
36 38 5
36 39 34
36 41 6
36 43 21
36 49 3
36 51 9
36 61 23
36 71 3
36 72 14
36 75 17
36 81 8
36 91 37
36 97 18
37 40 35
37 52 16
37 54 22
37 57 15
37 60 2
37 63 6
37 66 39
37 68 15
37 71 3
37 72 28
37 77 29
37 78 17
37 82 37
37 87 29
38 47 27
38 56 6
38 57 29
38 62 34
38 65 11
38 66 22
38 68 6
38 79 24
38 86 33
38 92 33
38 95 40
39 41 34
39 54 16
39 67 8
39 70 29
39 81 36
39 96 38
39 99 30
40 51 17
40 64 34
40 65 25
40 70 27
40 79 3
40 85 6
40 86 16
40 99 10
41 48 40
41 59 23
41 63 2
41 64 24
41 67 26
41 69 14
41 71 36
41 72 28
41 73 39
41 75 20
41 83 1
42 59 8
42 60 31
42 73 16
42 74 20
42 78 23
42 80 27
42 81 23
42 89 17
43 48 15
43 54 27
43 56 27
43 64 26
43 68 27
43 75 38
43 79 22
43 80 23
43 83 28
43 87 13
43 91 29
43 92 32
43 95 2
43 97 14
43 99 8
44 55 37
44 61 3
44 66 18
44 70 3
44 80 34
44 94 39
44 96 23
44 100 4
45 51 13
45 56 7
45 66 25
45 74 9
45 76 34
45 77 12
45 82 27
45 96 28
45 97 32
45 99 2
46 51 27
46 54 2
46 58 11
46 64 7
46 69 18
46 71 14
46 73 11
46 76 12
46 77 39
46 78 2
46 79 33
46 83 1
46 87 10
46 88 16
46 92 38
46 93 19
46 100 8
47 53 34
47 58 37
47 63 30
47 66 22
47 77 1
47 79 23
47 96 18
48 49 18
48 50 19
48 68 8
48 70 11
48 71 16
48 77 30
48 79 26
48 85 28
48 88 2
48 90 5
48 98 2
49 51 2
49 56 2
49 57 8
49 69 28
49 71 35
49 78 16
49 80 33
49 82 13
49 83 26
50 52 25
50 56 39
50 62 22
50 83 7
50 84 25
50 85 22
50 92 38
50 97 28
51 52 40
51 74 10
51 76 9
51 82 2
51 84 15
51 87 27
51 90 6
52 64 9
52 65 39
52 67 24
52 71 9
52 73 37
52 76 3
52 80 38
52 84 10
52 98 32
53 55 22
53 57 25
53 74 39
53 76 7
53 84 30
53 86 34
53 88 12
53 91 37
53 95 22
54 56 8
54 62 21
54 76 4
54 82 32
54 90 6
54 91 23
54 93 39
55 58 31
55 64 2
55 72 6
55 78 7
55 79 37
55 83 18
55 84 39
55 94 22
56 57 20
56 61 25
56 64 31
56 72 10
56 78 27
56 85 34
56 87 2
56 89 14
56 90 12
56 100 36
57 72 31
57 74 15
57 87 33
57 95 10
57 100 35
58 65 12
58 68 24
58 86 27
58 87 12
58 88 25
58 93 19
58 96 37
59 60 27
59 63 27
59 73 28
59 82 5
59 83 10
59 88 37
59 95 40
59 99 6
60 67 38
60 70 38
60 84 26
60 87 3
61 66 30
61 70 20
61 73 11
61 75 19
61 76 40
61 80 4
61 86 28
61 88 39
61 89 34
61 98 25
62 63 38
62 68 26
62 69 7
62 77 20
62 79 39
62 81 14
62 86 36
62 93 32
62 95 18
62 98 12
63 74 23
63 75 39
63 79 10
63 81 27
63 83 40
63 87 28
63 88 2
63 94 8
63 97 21
64 70 22
64 72 11
64 73 27
64 76 37
64 87 27
64 89 15
64 97 28
64 98 4
65 68 17
65 70 25
65 72 20
65 76 30
65 80 23
65 85 1
65 89 9
65 99 33
65 100 10
66 69 21
66 75 2
66 77 21
66 87 6
66 92 38
66 97 11
66 98 25
67 74 16
67 79 13
67 81 5
67 86 40
67 87 4
67 93 17
67 99 15
68 70 16
68 73 32
68 76 18
68 80 10
68 84 35
68 87 15
68 89 39
68 91 17
68 93 13
68 97 39
69 71 19
69 73 15
69 85 32
69 90 15
69 94 12
69 97 11
69 98 31
70 71 22
70 75 10
70 79 40
70 84 10
70 86 26
70 92 32
71 74 17
71 75 17
71 79 13
71 83 7
71 84 36
71 95 6
71 96 28
72 79 4
72 94 20
72 95 18
72 96 19
72 97 24
72 99 1
73 80 13
73 90 16
73 94 3
73 95 32
73 97 37
74 76 33
74 77 2
74 79 34
74 80 25
74 96 38
74 97 29
74 99 27
75 85 30
75 94 5
76 85 37
76 86 18
76 88 38
76 90 36
76 91 13
76 100 17
77 79 4
77 92 18
77 98 7
77 99 25
77 100 2
78 79 29
78 81 37
78 93 7
78 100 16
79 81 4
79 89 23
79 90 40
79 91 12
79 96 29
79 98 14
80 82 9
80 89 15
80 93 32
80 94 12
80 96 8
81 85 39
81 89 26
81 90 32
82 89 14
82 92 21
82 93 3
82 94 20
82 99 28
83 92 37
83 98 8
84 85 19
84 98 8
85 87 21
85 90 6
85 91 22
85 100 29
86 88 34
86 92 24
87 89 5
87 91 26
87 97 30
88 91 29
88 96 27
89 92 32
89 96 40
89 98 10
90 100 36
91 94 40
91 97 25
92 97 21
92 99 13
94 95 33
95 96 11
97 99 9
