50 261
1 3 238
1 8 53
1 14 105
1 15 15
1 20 224
1 21 172
1 24 55
1 36 215
1 43 286
1 44 23
2 7 7
2 13 312
2 17 61
2 33 263
2 39 176
2 41 188
2 42 218
2 43 89
2 44 122
2 45 83
2 48 154
3 7 58
3 8 6
3 10 3
3 17 208
3 34 204
3 36 152
3 37 235
3 47 12
4 9 182
4 10 21
4 16 172
4 21 165
4 24 187
4 28 136
4 38 148
4 39 129
4 41 14
4 42 220
4 49 20
5 6 194
5 11 234
5 13 174
5 24 52
5 31 306
5 37 116
5 41 318
5 42 111
5 43 125
5 50 198
6 11 126
6 13 81
6 14 288
6 15 240
6 18 213
6 22 179
6 27 196
6 28 124
6 35 135
6 42 228
6 45 118
6 47 135
7 11 195
7 12 17
7 14 298
7 18 190
7 19 192
7 21 185
7 22 193
7 26 63
7 32 178
7 47 41
7 48 253
7 50 15
8 9 15
8 19 6
8 23 308
8 27 193
8 34 271
8 40 304
8 41 10
8 45 21
8 47 177
9 11 296
9 12 20
9 17 27
9 24 193
9 26 143
9 27 67
9 35 20
9 36 98
9 38 193
9 40 197
9 41 221
9 45 279
10 26 151
10 38 211
10 46 198
11 13 109
11 15 242
11 19 318
11 23 121
11 26 227
11 27 235
11 31 319
11 38 161
11 41 125
11 44 276
11 45 218
12 24 279
12 27 279
12 32 265
12 36 294
12 40 94
12 41 178
13 14 104
13 16 276
13 25 185
13 30 76
13 36 299
13 44 243
13 47 233
13 48 298
14 15 271
14 25 140
14 26 99
14 29 117
14 36 167
14 44 33
15 24 310
15 25 124
15 27 92
15 36 156
15 40 200
15 41 289
15 45 4
15 47 57
15 49 82
16 19 128
16 20 152
16 30 124
16 39 171
16 40 107
16 50 36
17 18 123
17 20 221
17 22 192
17 24 19
17 26 205
17 28 262
17 31 263
17 33 68
17 41 134
18 22 280
18 26 302
18 28 49
18 31 12
18 45 68
18 48 31
19 29 169
19 44 160
19 45 37
19 50 69
20 29 228
20 35 261
20 41 235
20 42 107
20 50 282
21 23 288
21 27 315
21 28 124
21 34 233
21 35 39
21 39 82
21 40 208
21 42 132
21 43 62
21 44 250
22 23 88
22 29 70
22 31 157
22 37 88
22 38 242
22 40 4
22 42 119
23 24 288
23 33 277
23 49 179
24 26 114
24 28 299
24 32 35
24 33 294
24 37 247
24 38 178
24 40 280
24 49 147
25 26 267
25 27 142
25 33 177
25 35 45
25 38 279
25 43 232
25 45 29
26 29 234
26 31 132
26 47 114
26 48 200
27 34 44
27 48 157
28 30 136
28 32 149
28 35 245
28 36 49
28 38 236
28 46 162
29 31 81
29 34 55
29 35 185
29 39 208
29 47 85
30 48 137
32 37 295
32 40 286
32 42 37
32 44 82
32 47 58
33 45 254
33 49 300
34 37 214
34 38 233
34 41 310
35 37 67
35 41 275
35 43 165
35 48 83
36 38 265
36 45 233
36 49 129
37 43 149
37 44 135
37 46 215
37 49 41
38 39 219
38 40 164
38 42 226
38 45 226
38 46 198
39 46 168
40 46 28
40 49 49
41 48 74
41 49 247
41 50 280
42 45 1
42 47 91
43 46 191
44 49 214
46 48 261
46 50 82
47 49 285
49 50 67
