100 3956
1 2 5
1 3 5
1 5 3
1 6 3
1 8 4
1 10 10
1 12 9
1 14 5
1 15 3
1 16 8
1 17 7
1 18 4
1 20 9
1 21 2
1 22 6
1 24 5
1 26 1
1 27 10
1 28 4
1 29 1
1 30 9
1 31 3
1 32 7
1 33 2
1 36 3
1 37 2
1 38 8
1 39 3
1 40 2
1 41 2
1 42 3
1 43 9
1 44 1
1 46 9
1 47 7
1 48 8
1 49 3
1 50 1
1 51 5
1 52 6
1 54 4
1 55 2
1 57 9
1 58 4
1 59 3
1 60 2
1 61 1
1 63 3
1 64 4
1 65 8
1 66 9
1 67 9
1 68 3
1 69 5
1 70 5
1 71 2
1 72 1
1 73 4
1 74 7
1 75 3
1 76 2
1 77 9
1 78 1
1 79 7
1 81 2
1 82 6
1 83 8
1 84 5
1 85 8
1 86 3
1 87 10
1 88 6
1 89 10
1 90 5
1 92 6
1 93 9
1 94 5
1 95 7
1 96 4
1 97 5
1 98 1
1 99 10
1 100 3
2 3 6
2 7 8
2 8 10
2 9 9
2 10 6
2 12 1
2 13 4
2 16 6
2 19 1
2 21 10
2 22 2
2 24 8
2 25 8
2 26 8
2 27 9
2 29 9
2 30 7
2 31 10
2 32 8
2 34 4
2 35 5
2 36 3
2 40 7
2 43 9
2 44 6
2 46 10
2 47 3
2 48 2
2 49 10
2 51 2
2 52 10
2 53 8
2 54 1
2 55 8
2 56 8
2 57 8
2 58 2
2 60 10
2 61 3
2 62 6
2 63 1
2 64 3
2 65 6
2 66 3
2 67 5
2 68 3
2 69 6
2 70 6
2 71 1
2 72 9
2 74 9
2 75 5
2 76 7
2 77 2
2 78 7
2 80 8
2 81 7
2 83 8
2 84 8
2 85 8
2 86 1
2 87 6
2 88 7
2 89 10
2 90 3
2 91 3
2 92 7
2 94 9
2 97 3
2 98 7
2 99 10
3 4 8
3 6 10
3 8 1
3 9 10
3 10 5
3 11 7
3 12 9
3 13 2
3 14 5
3 15 9
3 16 8
3 17 8
3 18 3
3 19 9
3 20 4
3 21 1
3 22 6
3 23 2
3 25 9
3 26 7
3 27 10
3 28 5
3 29 9
3 30 8
3 31 7
3 33 6
3 34 7
3 36 10
3 37 10
3 38 4
3 39 3
3 40 10
3 42 8
3 43 3
3 44 7
3 45 8
3 46 10
3 47 3
3 50 6
3 51 10
3 52 9
3 53 1
3 54 7
3 55 5
3 58 4
3 59 7
3 60 6
3 63 8
3 64 6
3 66 1
3 67 6
3 68 1
3 69 8
3 70 4
3 71 8
3 72 10
3 73 6
3 75 10
3 76 10
3 77 4
3 78 9
3 80 6
3 81 9
3 82 3
3 83 3
3 84 1
3 85 2
3 86 5
3 87 7
3 88 8
3 89 8
3 90 5
3 91 2
3 93 4
3 94 10
3 95 2
3 96 10
3 97 1
3 98 1
3 99 4
4 5 9
4 6 8
4 8 1
4 9 10
4 10 4
4 11 8
4 13 6
4 14 9
4 15 10
4 16 8
4 18 3
4 19 5
4 20 5
4 22 1
4 23 5
4 24 10
4 25 9
4 26 3
4 27 1
4 30 3
4 31 6
4 32 7
4 33 9
4 34 2
4 36 3
4 37 2
4 38 2
4 39 1
4 41 10
4 42 3
4 44 5
4 45 5
4 46 2
4 47 9
4 48 6
4 49 4
4 50 4
4 51 6
4 53 5
4 54 1
4 55 1
4 56 7
4 57 10
4 58 5
4 59 4
4 61 3
4 62 10
4 64 5
4 65 1
4 66 8
4 67 6
4 68 3
4 69 6
4 70 9
4 71 7
4 72 6
4 73 3
4 76 8
4 77 7
4 79 3
4 81 3
4 83 5
4 84 2
4 85 10
4 86 8
4 87 4
4 88 4
4 89 9
4 90 1
4 91 3
4 93 4
4 95 6
4 96 8
4 97 9
4 98 3
5 7 3
5 8 1
5 9 8
5 12 7
5 14 10
5 15 4
5 18 2
5 19 7
5 20 5
5 21 2
5 23 2
5 24 10
5 25 5
5 27 5
5 29 2
5 30 1
5 31 6
5 33 3
5 34 6
5 35 5
5 37 7
5 40 8
5 41 5
5 42 7
5 43 9
5 44 4
5 45 7
5 46 5
5 47 3
5 48 1
5 49 2
5 50 7
5 51 9
5 52 10
5 53 8
5 54 7
5 55 3
5 56 4
5 59 6
5 60 3
5 62 1
5 63 3
5 64 5
5 66 2
5 67 8
5 68 5
5 69 5
5 70 1
5 71 7
5 72 6
5 73 2
5 74 3
5 76 5
5 77 5
5 79 7
5 80 8
5 81 1
5 82 1
5 83 3
5 84 6
5 86 8
5 87 8
5 88 10
5 89 9
5 90 9
5 91 3
5 92 8
5 93 1
5 94 3
5 95 7
5 98 10
5 100 9
6 7 4
6 8 3
6 10 8
6 11 3
6 12 3
6 15 9
6 17 5
6 18 3
6 19 2
6 20 9
6 21 10
6 22 2
6 23 7
6 24 9
6 25 7
6 28 1
6 29 2
6 30 3
6 31 6
6 32 9
6 33 9
6 34 3
6 35 7
6 36 6
6 37 10
6 38 5
6 39 3
6 40 5
6 41 4
6 42 8
6 43 3
6 44 1
6 45 8
6 46 6
6 47 3
6 48 10
6 49 4
6 50 6
6 51 10
6 52 5
6 53 1
6 55 10
6 57 7
6 58 10
6 59 7
6 60 6
6 61 1
6 62 9
6 63 1
6 64 4
6 66 3
6 67 1
6 68 6
6 69 5
6 71 5
6 72 7
6 73 4
6 74 10
6 75 7
6 76 3
6 78 7
6 79 4
6 80 4
6 82 2
6 83 1
6 84 2
6 85 5
6 86 4
6 87 3
6 89 1
6 93 10
6 94 9
6 96 8
6 97 7
6 98 8
6 99 10
7 8 2
7 10 10
7 11 10
7 13 4
7 14 10
7 15 9
7 16 8
7 18 1
7 20 7
7 21 6
7 22 9
7 24 4
7 27 10
7 29 4
7 30 5
7 31 4
7 32 9
7 34 8
7 35 4
7 36 6
7 38 4
7 39 4
7 40 9
7 41 5
7 42 7
7 43 6
7 44 1
7 45 6
7 46 5
7 47 5
7 48 8
7 49 9
7 50 1
7 51 9
7 52 3
7 54 10
7 55 2
7 56 6
7 58 1
7 59 3
7 62 9
7 63 2
7 64 9
7 65 2
7 67 4
7 68 7
7 70 3
7 72 8
7 73 3
7 74 3
7 75 2
7 76 1
7 78 6
7 79 9
7 80 2
7 81 7
7 82 3
7 83 7
7 84 6
7 85 8
7 87 2
7 88 5
7 89 10
7 90 10
7 91 10
7 92 6
7 93 10
7 94 4
7 96 1
7 97 5
7 99 10
8 9 9
8 11 8
8 12 2
8 13 7
8 14 1
8 15 6
8 17 2
8 18 8
8 19 3
8 20 9
8 21 8
8 22 3
8 23 9
8 24 7
8 25 6
8 26 8
8 27 4
8 28 1
8 29 7
8 30 6
8 31 8
8 32 6
8 33 10
8 34 10
8 36 4
8 38 5
8 40 8
8 41 2
8 42 3
8 43 6
8 44 1
8 45 7
8 47 5
8 48 7
8 50 9
8 51 8
8 52 2
8 53 9
8 54 6
8 55 8
8 56 3
8 58 1
8 59 10
8 60 6
8 61 1
8 62 10
8 64 7
8 66 6
8 67 4
8 68 7
8 70 1
8 71 7
8 72 1
8 73 9
8 74 2
8 75 7
8 76 5
8 77 7
8 78 8
8 80 1
8 81 8
8 82 5
8 83 8
8 85 5
8 87 5
8 88 5
8 89 3
8 90 7
8 91 10
8 93 5
8 94 2
8 95 10
8 97 8
8 98 5
8 99 2
8 100 1
9 10 7
9 13 2
9 14 6
9 15 3
9 16 8
9 17 1
9 18 4
9 20 3
9 21 8
9 24 1
9 28 5
9 29 3
9 31 8
9 32 1
9 33 10
9 34 9
9 35 10
9 37 5
9 39 2
9 40 5
9 41 8
9 42 7
9 43 7
9 44 5
9 45 5
9 46 3
9 47 10
9 48 10
9 49 1
9 50 4
9 51 5
9 52 1
9 54 5
9 55 2
9 56 5
9 57 3
9 58 10
9 61 3
9 63 5
9 66 3
9 67 1
9 68 7
9 69 2
9 70 3
9 71 1
9 74 9
9 75 10
9 76 3
9 77 9
9 78 6
9 79 9
9 80 8
9 81 7
9 82 6
9 83 8
9 84 1
9 85 4
9 86 2
9 88 1
9 89 1
9 90 6
9 91 3
9 92 1
9 93 8
9 94 6
9 95 1
9 96 9
9 97 6
9 98 3
9 99 5
9 100 2
10 13 6
10 14 8
10 15 5
10 18 4
10 19 6
10 20 1
10 21 3
10 22 2
10 23 7
10 24 2
10 26 7
10 27 5
10 29 5
10 30 3
10 32 7
10 34 9
10 35 4
10 36 4
10 37 3
10 38 5
10 39 2
10 40 4
10 41 5
10 43 3
10 44 7
10 45 3
10 46 8
10 47 5
10 49 2
10 51 6
10 52 8
10 55 6
10 56 1
10 57 8
10 58 4
10 61 6
10 62 6
10 63 5
10 64 5
10 65 6
10 66 7
10 68 6
10 69 3
10 70 9
10 71 7
10 72 5
10 73 8
10 74 6
10 75 4
10 76 2
10 77 9
10 80 1
10 82 2
10 83 3
10 84 10
10 85 2
10 87 6
10 88 5
10 91 3
10 92 9
10 93 2
10 94 6
10 95 1
10 99 8
10 100 9
11 12 3
11 13 5
11 14 6
11 16 3
11 17 4
11 18 3
11 19 6
11 20 7
11 21 1
11 22 2
11 23 6
11 24 2
11 29 2
11 30 6
11 31 7
11 33 2
11 34 8
11 35 6
11 38 5
11 39 3
11 40 8
11 41 5
11 42 8
11 43 7
11 44 2
11 45 6
11 46 10
11 47 8
11 48 7
11 50 2
11 52 1
11 53 2
11 54 8
11 55 10
11 56 1
11 57 6
11 58 2
11 61 7
11 62 1
11 64 2
11 65 3
11 66 6
11 67 2
11 71 5
11 72 8
11 73 2
11 74 1
11 75 8
11 76 3
11 77 2
11 79 3
11 80 4
11 81 2
11 82 4
11 83 2
11 85 6
11 87 6
11 88 6
11 89 7
11 90 6
11 91 6
11 92 7
11 93 5
11 94 4
11 96 5
11 97 3
11 100 10
12 13 4
12 14 6
12 15 8
12 16 1
12 17 3
12 19 4
12 21 3
12 22 7
12 23 1
12 24 5
12 25 9
12 26 6
12 27 10
12 28 5
12 30 3
12 31 2
12 32 1
12 33 10
12 35 5
12 36 8
12 37 9
12 38 8
12 39 6
12 40 1
12 41 3
12 43 3
12 44 10
12 45 8
12 47 4
12 48 8
12 49 9
12 50 5
12 51 5
12 52 4
12 54 6
12 55 6
12 56 2
12 57 7
12 58 3
12 59 2
12 60 5
12 61 9
12 63 10
12 64 9
12 65 2
12 66 10
12 67 7
12 68 4
12 69 3
12 70 5
12 71 4
12 72 1
12 73 9
12 74 4
12 76 1
12 77 2
12 78 9
12 80 8
12 82 2
12 83 10
12 85 9
12 86 2
12 89 6
12 90 6
12 91 3
12 92 4
12 93 4
12 95 5
12 96 10
12 97 4
12 98 9
12 100 4
13 14 8
13 15 2
13 16 7
13 17 7
13 18 10
13 19 2
13 21 9
13 22 6
13 23 10
13 24 10
13 25 7
13 26 5
13 28 1
13 29 6
13 30 8
13 32 6
13 33 7
13 35 5
13 37 3
13 40 2
13 41 4
13 42 1
13 43 8
13 44 10
13 45 10
13 46 8
13 47 10
13 49 5
13 50 9
13 51 1
13 53 1
13 54 5
13 55 1
13 56 5
13 57 1
13 58 7
13 59 5
13 60 3
13 63 2
13 64 5
13 66 7
13 67 4
13 68 6
13 69 7
13 70 2
13 72 8
13 73 5
13 74 6
13 75 4
13 76 9
13 80 8
13 81 4
13 82 2
13 84 5
13 86 5
13 87 5
13 89 2
13 90 2
13 91 8
13 92 9
13 93 3
13 94 8
13 95 8
13 96 5
13 98 7
13 99 8
13 100 6
14 15 7
14 18 4
14 19 8
14 21 4
14 23 9
14 24 2
14 25 7
14 26 8
14 27 8
14 28 2
14 29 6
14 32 7
14 33 4
14 34 9
14 35 1
14 36 9
14 38 4
14 39 1
14 41 2
14 42 7
14 45 8
14 46 5
14 47 2
14 48 6
14 49 1
14 51 8
14 53 6
14 54 9
14 55 7
14 56 2
14 57 1
14 60 2
14 61 2
14 62 5
14 63 2
14 64 6
14 65 5
14 67 10
14 68 1
14 69 10
14 70 7
14 71 9
14 74 1
14 76 6
14 77 6
14 78 6
14 79 5
14 81 4
14 82 1
14 83 3
14 84 6
14 86 9
14 88 10
14 89 1
14 90 4
14 91 1
14 92 4
14 93 4
14 94 7
14 95 1
14 96 2
14 97 9
14 98 7
14 99 7
14 100 8
15 17 2
15 18 3
15 19 5
15 20 1
15 22 5
15 23 5
15 24 5
15 25 10
15 26 10
15 27 8
15 31 7
15 33 1
15 35 9
15 36 3
15 37 5
15 38 4
15 39 8
15 40 4
15 41 5
15 43 10
15 44 5
15 45 2
15 46 3
15 47 8
15 48 3
15 49 8
15 50 2
15 51 6
15 52 9
15 53 7
15 54 1
15 55 5
15 56 6
15 57 1
15 59 4
15 60 7
15 61 7
15 62 2
15 64 10
15 65 10
15 66 7
15 67 9
15 68 2
15 70 2
15 72 8
15 73 7
15 74 4
15 75 7
15 76 2
15 78 5
15 79 4
15 80 3
15 81 9
15 83 3
15 84 6
15 85 1
15 86 7
15 87 7
15 89 5
15 90 6
15 92 8
15 93 10
15 94 9
15 95 7
15 96 1
15 97 2
15 99 3
15 100 9
16 18 4
16 19 8
16 21 2
16 23 4
16 25 1
16 26 3
16 27 7
16 28 9
16 29 9
16 30 9
16 31 1
16 32 4
16 33 1
16 34 2
16 35 8
16 36 4
16 37 3
16 38 2
16 39 4
16 40 2
16 41 9
16 42 4
16 43 5
16 44 4
16 45 10
16 46 6
16 47 1
16 48 4
16 49 3
16 50 1
16 51 2
16 52 7
16 53 2
16 54 7
16 55 5
16 56 8
16 57 5
16 58 9
16 59 1
16 61 6
16 63 3
16 64 9
16 65 1
16 66 9
16 67 6
16 68 8
16 69 10
16 70 8
16 71 2
16 72 9
16 73 8
16 75 2
16 76 10
16 77 10
16 78 6
16 79 3
16 80 1
16 82 7
16 84 4
16 85 8
16 86 8
16 87 9
16 88 6
16 89 4
16 91 7
16 92 9
16 94 8
16 95 4
16 96 8
16 97 8
16 98 2
16 99 2
17 18 9
17 19 2
17 20 9
17 21 6
17 22 1
17 23 9
17 24 4
17 25 7
17 26 4
17 27 1
17 28 2
17 29 7
17 30 5
17 32 6
17 34 1
17 35 6
17 37 8
17 38 3
17 39 7
17 40 5
17 41 7
17 42 4
17 43 7
17 44 5
17 45 4
17 46 4
17 47 1
17 49 2
17 50 7
17 51 3
17 52 6
17 54 6
17 55 9
17 56 3
17 57 6
17 58 8
17 59 6
17 60 2
17 61 4
17 62 3
17 63 10
17 64 5
17 65 3
17 66 3
17 67 3
17 68 1
17 69 8
17 70 6
17 72 7
17 73 7
17 75 3
17 76 8
17 77 6
17 78 4
17 79 6
17 80 7
17 83 8
17 84 1
17 85 6
17 86 2
17 87 3
17 88 6
17 90 3
17 91 2
17 92 9
17 94 1
17 95 9
17 96 2
17 97 3
17 98 2
17 99 7
18 19 7
18 20 1
18 21 4
18 23 9
18 25 5
18 26 1
18 27 6
18 29 8
18 30 8
18 31 6
18 33 5
18 34 5
18 35 5
18 36 7
18 37 8
18 39 3
18 40 7
18 41 10
18 42 8
18 43 7
18 46 10
18 47 6
18 48 8
18 49 8
18 51 1
18 52 10
18 54 10
18 55 10
18 56 8
18 57 6
18 58 4
18 60 10
18 63 2
18 64 4
18 66 10
18 67 4
18 68 4
18 69 9
18 71 6
18 72 9
18 73 4
18 75 4
18 76 4
18 77 1
18 79 5
18 81 8
18 82 5
18 84 8
18 85 4
18 86 7
18 87 10
18 88 2
18 89 2
18 90 8
18 93 2
18 95 3
18 96 2
18 97 2
18 100 3
19 20 1
19 21 2
19 22 9
19 23 5
19 24 2
19 25 8
19 26 9
19 29 2
19 30 1
19 32 6
19 33 3
19 35 1
19 36 1
19 37 5
19 38 8
19 39 7
19 40 5
19 41 8
19 42 2
19 43 1
19 44 5
19 45 4
19 46 10
19 48 5
19 49 8
19 50 6
19 51 6
19 52 7
19 55 10
19 56 1
19 57 6
19 58 6
19 60 2
19 61 6
19 62 7
19 63 10
19 64 5
19 66 5
19 67 10
19 69 10
19 71 3
19 72 8
19 73 1
19 75 1
19 76 2
19 78 1
19 79 9
19 80 6
19 81 8
19 82 6
19 84 6
19 85 4
19 86 1
19 87 2
19 88 1
19 89 5
19 90 1
19 91 10
19 92 6
19 93 5
19 95 3
19 96 5
19 97 1
19 99 1
20 21 7
20 22 4
20 24 7
20 25 1
20 26 3
20 27 3
20 29 2
20 30 1
20 31 6
20 32 4
20 33 1
20 34 10
20 35 4
20 36 4
20 37 6
20 38 4
20 39 3
20 41 9
20 42 9
20 43 8
20 44 8
20 45 8
20 46 6
20 47 4
20 48 10
20 51 9
20 53 7
20 54 3
20 55 10
20 56 2
20 57 6
20 58 7
20 59 7
20 60 3
20 61 3
20 62 4
20 63 4
20 64 7
20 66 1
20 67 8
20 69 7
20 70 3
20 71 3
20 73 6
20 75 1
20 76 10
20 77 3
20 79 3
20 80 4
20 81 1
20 82 6
20 83 9
20 84 3
20 85 7
20 86 9
20 87 4
20 90 2
20 91 1
20 92 7
20 94 6
20 95 5
20 96 3
20 97 8
20 98 2
20 99 6
21 22 2
21 23 8
21 26 8
21 27 1
21 28 9
21 30 10
21 31 4
21 32 8
21 33 9
21 34 4
21 36 9
21 38 1
21 39 8
21 40 3
21 41 4
21 42 8
21 43 5
21 44 8
21 46 7
21 47 9
21 49 2
21 50 10
21 51 10
21 52 4
21 54 4
21 55 9
21 56 9
21 57 6
21 58 8
21 59 1
21 60 6
21 63 4
21 64 7
21 65 7
21 66 3
21 67 1
21 68 8
21 69 1
21 71 7
21 72 9
21 73 1
21 74 1
21 75 1
21 77 5
21 78 1
21 79 8
21 81 7
21 82 3
21 83 10
21 85 8
21 86 3
21 87 7
21 88 4
21 89 7
21 90 10
21 91 6
21 92 7
21 93 7
21 94 8
21 95 9
21 97 10
21 98 2
21 99 1
21 100 6
22 23 4
22 24 6
22 25 1
22 26 4
22 29 7
22 31 3
22 32 5
22 33 3
22 34 5
22 35 9
22 36 8
22 38 8
22 39 10
22 40 7
22 41 1
22 42 5
22 43 2
22 44 6
22 45 10
22 46 9
22 47 3
22 48 7
22 49 1
22 52 9
22 53 6
22 54 5
22 55 9
22 57 5
22 58 2
22 59 6
22 61 8
22 62 9
22 63 1
22 64 9
22 65 1
22 66 3
22 67 1
22 69 1
22 71 9
22 72 1
22 73 2
22 74 7
22 75 3
22 77 4
22 78 10
22 80 9
22 82 4
22 83 4
22 84 6
22 85 1
22 86 5
22 88 8
22 89 1
22 90 9
22 91 9
22 92 1
22 93 3
22 95 7
22 96 1
22 97 7
22 98 1
22 99 4
22 100 2
23 24 2
23 25 1
23 26 7
23 27 7
23 28 10
23 29 9
23 30 5
23 32 4
23 33 3
23 34 4
23 35 8
23 37 5
23 38 10
23 39 8
23 41 1
23 43 7
23 45 6
23 46 1
23 47 4
23 49 4
23 50 4
23 51 3
23 52 4
23 53 2
23 55 6
23 56 2
23 57 4
23 58 6
23 59 3
23 61 9
23 63 7
23 65 1
23 68 10
23 69 4
23 70 7
23 71 4
23 72 3
23 73 8
23 75 3
23 76 6
23 77 6
23 78 1
23 79 6
23 80 5
23 81 5
23 82 10
23 83 3
23 84 9
23 85 3
23 86 4
23 87 3
23 89 3
23 90 8
23 91 4
23 92 7
23 93 8
23 95 5
23 96 2
23 97 9
23 98 10
23 99 8
24 25 8
24 26 2
24 27 8
24 29 5
24 30 5
24 32 2
24 33 1
24 37 5
24 38 5
24 39 2
24 40 3
24 41 2
24 42 5
24 43 4
24 44 1
24 45 8
24 46 1
24 48 2
24 49 5
24 51 9
24 52 3
24 53 2
24 54 7
24 55 7
24 56 9
24 57 2
24 59 8
24 62 2
24 63 9
24 64 1
24 65 7
24 66 2
24 67 2
24 68 7
24 69 1
24 70 4
24 71 4
24 72 2
24 74 4
24 76 2
24 77 8
24 78 5
24 81 7
24 82 3
24 83 2
24 84 5
24 85 1
24 86 2
24 87 7
24 88 10
24 90 7
24 92 3
24 93 10
24 94 2
24 95 10
24 96 5
24 97 2
24 99 7
25 26 2
25 27 7
25 29 3
25 33 7
25 34 3
25 37 10
25 38 7
25 42 9
25 43 4
25 44 4
25 46 2
25 47 8
25 48 7
25 50 5
25 51 8
25 52 1
25 54 4
25 55 10
25 56 7
25 57 1
25 58 2
25 59 5
25 60 5
25 61 2
25 62 10
25 63 7
25 65 10
25 66 1
25 67 8
25 68 7
25 69 9
25 71 5
25 72 4
25 73 8
25 74 6
25 76 4
25 78 7
25 79 5
25 81 4
25 82 2
25 83 9
25 84 6
25 87 8
25 88 8
25 89 1
25 90 8
25 91 10
25 92 9
25 94 2
25 95 4
25 96 1
25 98 10
26 29 5
26 30 2
26 31 4
26 33 3
26 34 2
26 35 10
26 36 2
26 37 10
26 39 3
26 40 8
26 42 3
26 43 8
26 45 5
26 46 8
26 47 7
26 48 5
26 49 8
26 50 9
26 51 5
26 53 9
26 54 10
26 55 9
26 57 1
26 59 6
26 60 4
26 61 1
26 62 3
26 64 6
26 65 8
26 66 5
26 67 3
26 69 8
26 70 1
26 72 8
26 73 1
26 75 5
26 77 8
26 78 4
26 79 8
26 80 10
26 81 8
26 82 3
26 83 7
26 84 8
26 85 1
26 86 5
26 87 4
26 88 2
26 89 1
26 90 4
26 91 6
26 92 7
26 93 7
26 94 8
26 95 3
26 96 7
26 97 3
26 98 8
26 99 1
27 28 7
27 29 5
27 30 10
27 31 4
27 32 10
27 33 9
27 35 6
27 36 5
27 37 2
27 38 10
27 39 7
27 40 5
27 41 1
27 42 5
27 43 10
27 44 4
27 45 10
27 46 1
27 47 4
27 48 2
27 49 1
27 50 7
27 51 6
27 53 1
27 54 3
27 55 6
27 56 5
27 57 3
27 58 8
27 60 6
27 61 5
27 62 8
27 63 7
27 65 6
27 66 7
27 67 6
27 68 10
27 69 2
27 70 9
27 71 2
27 72 3
27 73 2
27 74 3
27 75 9
27 76 5
27 77 7
27 78 10
27 79 4
27 80 6
27 81 4
27 83 2
27 84 4
27 85 6
27 86 5
27 87 6
27 88 2
27 89 3
27 90 3
27 91 8
27 92 3
27 93 9
27 94 8
27 95 7
27 96 8
27 97 3
27 98 7
27 99 3
27 100 5
28 29 5
28 30 8
28 31 10
28 32 4
28 33 7
28 34 5
28 35 7
28 37 4
28 38 7
28 39 9
28 40 3
28 41 9
28 42 7
28 43 5
28 44 5
28 45 6
28 47 8
28 49 6
28 51 10
28 52 4
28 53 2
28 54 10
28 55 5
28 56 1
28 57 6
28 58 6
28 59 1
28 60 6
28 62 2
28 63 6
28 64 7
28 65 5
28 66 5
28 67 10
28 68 7
28 69 10
28 70 3
28 72 4
28 73 8
28 74 7
28 76 10
28 77 3
28 78 7
28 79 5
28 80 6
28 81 4
28 82 10
28 84 1
28 85 4
28 86 7
28 87 7
28 88 7
28 89 6
28 90 7
28 91 9
28 93 4
28 94 9
28 95 7
28 96 6
28 97 10
28 98 8
28 99 4
29 30 1
29 31 5
29 32 5
29 33 8
29 34 4
29 35 6
29 37 8
29 38 2
29 39 6
29 40 3
29 42 5
29 43 6
29 44 6
29 46 5
29 47 8
29 48 10
29 49 7
29 50 8
29 51 6
29 53 3
29 54 10
29 55 4
29 56 1
29 58 5
29 59 2
29 61 1
29 64 4
29 65 1
29 66 5
29 68 5
29 69 9
29 72 4
29 73 1
29 74 1
29 75 8
29 76 7
29 77 3
29 78 7
29 79 5
29 80 6
29 81 3
29 82 9
29 83 2
29 85 5
29 86 2
29 87 4
29 88 4
29 91 4
29 92 9
29 95 4
29 96 7
29 98 2
29 99 10
29 100 10
30 31 7
30 32 8
30 33 6
30 34 4
30 35 5
30 36 1
30 37 4
30 39 8
30 40 2
30 41 2
30 42 3
30 43 10
30 44 9
30 46 3
30 47 5
30 48 8
30 50 6
30 52 4
30 54 10
30 55 7
30 56 3
30 58 3
30 59 2
30 60 8
30 61 4
30 62 1
30 63 8
30 64 3
30 65 4
30 66 9
30 68 6
30 69 10
30 70 10
30 71 1
30 72 4
30 73 6
30 74 9
30 75 2
30 76 9
30 77 1
30 78 1
30 79 9
30 80 1
30 81 3
30 82 3
30 83 9
30 84 1
30 86 1
30 87 1
30 88 6
30 90 10
30 91 3
30 93 2
30 94 1
30 95 1
30 96 3
30 97 3
30 98 4
30 99 6
31 33 5
31 34 6
31 35 6
31 36 10
31 37 10
31 38 6
31 39 4
31 40 9
31 42 6
31 43 9
31 44 5
31 45 6
31 46 10
31 47 3
31 48 4
31 49 3
31 50 10
31 51 9
31 56 7
31 57 7
31 58 10
31 59 3
31 60 3
31 61 5
31 62 8
31 63 9
31 64 5
31 65 3
31 66 10
31 67 10
31 68 4
31 70 6
31 71 6
31 72 2
31 73 6
31 74 2
31 75 8
31 76 5
31 77 2
31 78 4
31 79 5
31 80 2
31 81 4
31 82 8
31 83 2
31 84 2
31 85 3
31 86 9
31 87 1
31 88 5
31 89 7
31 90 2
31 91 2
31 92 10
31 95 4
31 96 6
31 97 9
31 98 5
31 100 7
32 33 5
32 34 2
32 35 5
32 36 3
32 37 2
32 38 9
32 39 4
32 40 1
32 41 5
32 42 4
32 43 5
32 45 1
32 46 6
32 47 10
32 48 6
32 49 4
32 50 7
32 51 5
32 52 1
32 53 10
32 54 1
32 55 4
32 57 2
32 58 3
32 59 4
32 61 1
32 62 2
32 63 3
32 64 4
32 65 7
32 67 2
32 68 1
32 69 5
32 70 5
32 72 4
32 73 8
32 74 9
32 76 1
32 78 6
32 79 5
32 80 5
32 82 10
32 83 1
32 84 5
32 85 5
32 86 7
32 87 3
32 88 9
32 89 10
32 90 9
32 91 4
32 93 3
32 94 5
32 95 6
32 96 2
32 97 4
32 99 10
32 100 5
33 34 7
33 35 6
33 36 10
33 37 6
33 39 5
33 41 5
33 43 5
33 45 8
33 46 3
33 47 10
33 48 8
33 49 4
33 50 6
33 51 8
33 52 5
33 54 5
33 55 9
33 56 4
33 57 5
33 58 7
33 59 7
33 60 9
33 61 3
33 62 1
33 63 4
33 64 6
33 65 8
33 66 7
33 67 5
33 68 4
33 69 4
33 74 2
33 75 8
33 76 6
33 77 5
33 80 6
33 82 9
33 83 6
33 84 2
33 85 3
33 86 3
33 87 5
33 88 7
33 89 6
33 92 2
33 94 7
33 95 8
33 96 4
33 99 9
33 100 7
34 35 5
34 36 8
34 37 3
34 38 9
34 39 3
34 40 4
34 41 10
34 42 9
34 43 7
34 46 1
34 47 4
34 48 3
34 49 1
34 50 10
34 52 8
34 53 10
34 54 5
34 55 5
34 56 7
34 57 3
34 59 8
34 61 6
34 63 5
34 64 1
34 65 6
34 66 2
34 67 2
34 68 6
34 69 2
34 70 2
34 71 5
34 72 9
34 73 2
34 74 7
34 75 4
34 77 7
34 79 7
34 80 4
34 82 10
34 83 6
34 84 10
34 85 6
34 86 6
34 87 2
34 88 4
34 89 8
34 91 6
34 92 5
34 93 9
34 94 1
34 95 4
34 96 3
34 97 9
34 98 10
34 99 8
34 100 8
35 36 3
35 38 7
35 39 3
35 40 9
35 41 1
35 42 1
35 43 2
35 44 3
35 45 2
35 46 6
35 47 8
35 49 9
35 52 9
35 53 1
35 55 4
35 56 7
35 57 5
35 58 9
35 60 8
35 62 3
35 63 9
35 64 5
35 65 5
35 66 3
35 67 10
35 68 5
35 69 8
35 70 2
35 71 9
35 72 9
35 74 1
35 75 3
35 76 1
35 77 6
35 78 2
35 80 1
35 81 6
35 82 9
35 83 8
35 85 4
35 86 10
35 87 10
35 88 5
35 89 4
35 90 8
35 92 5
35 94 2
35 95 4
35 96 5
35 97 4
35 98 1
35 99 6
35 100 6
36 38 9
36 43 2
36 44 8
36 45 9
36 47 6
36 48 3
36 49 1
36 51 8
36 52 10
36 53 8
36 55 9
36 56 8
36 57 1
36 58 9
36 59 5
36 60 9
36 61 8
36 62 9
36 63 7
36 64 9
36 65 2
36 66 2
36 68 6
36 69 6
36 70 4
36 71 1
36 72 8
36 75 8
36 76 7
36 77 2
36 80 10
36 81 6
36 82 7
36 83 5
36 85 10
36 86 7
36 87 10
36 88 7
36 89 7
36 90 9
36 92 8
36 93 7
36 94 4
36 96 2
36 97 1
36 99 5
36 100 9
37 38 5
37 39 8
37 41 6
37 43 5
37 44 4
37 45 10
37 47 6
37 48 6
37 49 9
37 50 6
37 52 8
37 53 5
37 55 3
37 56 1
37 57 4
37 58 1
37 59 7
37 60 4
37 61 10
37 62 10
37 63 3
37 64 2
37 65 1
37 66 5
37 67 5
37 68 10
37 69 10
37 70 3
37 71 4
37 72 3
37 73 9
37 75 9
37 77 2
37 78 4
37 79 1
37 80 3
37 81 8
37 83 1
37 84 6
37 86 2
37 87 4
37 88 3
37 89 9
37 90 6
37 91 4
37 93 4
37 94 2
37 95 2
37 98 3
37 100 8
38 39 3
38 41 1
38 43 3
38 44 4
38 45 8
38 46 7
38 47 2
38 48 4
38 49 10
38 51 1
38 52 10
38 53 10
38 54 4
38 55 5
38 56 9
38 57 2
38 58 10
38 59 6
38 60 8
38 61 10
38 62 1
38 63 5
38 66 9
38 67 1
38 68 7
38 69 6
38 70 5
38 71 10
38 74 5
38 76 4
38 77 3
38 78 10
38 79 9
38 80 2
38 81 7
38 82 3
38 84 9
38 85 8
38 86 4
38 87 2
38 88 3
38 89 3
38 90 9
38 91 1
38 92 3
38 93 10
38 94 5
38 95 10
38 96 4
38 97 9
38 99 7
38 100 3
39 40 4
39 41 3
39 42 5
39 43 1
39 44 9
39 45 5
39 46 1
39 50 7
39 51 4
39 52 6
39 53 1
39 54 10
39 56 9
39 57 7
39 59 7
39 61 2
39 62 9
39 64 1
39 65 7
39 66 4
39 67 10
39 68 10
39 69 7
39 70 3
39 72 3
39 74 9
39 75 2
39 76 7
39 77 2
39 78 1
39 79 3
39 81 10
39 84 10
39 85 6
39 87 9
39 88 6
39 89 4
39 90 3
39 91 2
39 92 6
39 93 4
39 95 8
39 96 8
39 98 7
39 100 3
40 41 1
40 42 10
40 43 1
40 44 1
40 50 3
40 51 6
40 52 5
40 53 10
40 54 6
40 56 6
40 57 5
40 58 8
40 60 5
40 63 7
40 64 9
40 66 9
40 67 9
40 68 8
40 69 8
40 70 3
40 71 1
40 72 9
40 73 4
40 74 3
40 75 10
40 76 10
40 77 10
40 78 7
40 79 9
40 80 2
40 81 1
40 82 1
40 83 2
40 84 4
40 85 9
40 86 5
40 87 4
40 88 3
40 89 3
40 90 2
40 91 8
40 92 2
40 94 10
40 95 6
40 98 5
40 99 3
40 100 7
41 43 9
41 44 6
41 45 3
41 46 3
41 48 2
41 49 2
41 50 10
41 51 10
41 52 10
41 53 4
41 55 10
41 56 2
41 57 10
41 58 6
41 59 1
41 60 8
41 61 1
41 62 10
41 63 2
41 65 10
41 66 8
41 67 5
41 68 6
41 69 8
41 70 8
41 71 3
41 72 2
41 73 4
41 75 9
41 77 9
41 78 4
41 79 3
41 80 3
41 82 1
41 83 2
41 84 1
41 85 3
41 86 6
41 87 10
41 88 6
41 89 2
41 90 4
41 91 5
41 92 1
41 93 1
41 94 5
41 96 10
41 97 9
41 98 6
41 99 8
41 100 5
42 44 9
42 45 1
42 46 2
42 48 10
42 49 7
42 50 3
42 51 7
42 52 6
42 54 6
42 55 3
42 56 4
42 57 9
42 59 8
42 60 7
42 61 6
42 62 3
42 63 9
42 64 2
42 65 6
42 66 10
42 67 4
42 68 6
42 69 3
42 70 6
42 72 7
42 73 7
42 74 1
42 75 7
42 76 9
42 77 1
42 79 1
42 80 3
42 81 6
42 82 1
42 83 7
42 84 3
42 85 1
42 86 4
42 87 6
42 88 10
42 89 4
42 90 2
42 91 1
42 93 4
42 94 5
42 96 1
42 97 8
42 98 8
42 99 10
42 100 9
43 44 9
43 45 5
43 46 8
43 47 9
43 48 3
43 50 3
43 51 3
43 52 5
43 53 8
43 54 9
43 58 7
43 59 8
43 60 5
43 62 2
43 63 5
43 64 8
43 65 10
43 66 4
43 67 9
43 68 1
43 69 3
43 71 5
43 72 1
43 73 8
43 74 7
43 75 1
43 76 1
43 77 9
43 81 8
43 82 9
43 83 9
43 84 7
43 85 6
43 86 7
43 88 1
43 89 5
43 92 10
43 93 9
43 95 5
43 96 7
43 97 3
43 98 4
43 100 1
44 46 3
44 47 5
44 48 6
44 49 1
44 50 1
44 51 5
44 52 9
44 53 2
44 54 5
44 55 6
44 57 10
44 58 3
44 59 10
44 60 6
44 61 9
44 62 6
44 64 5
44 65 8
44 66 9
44 67 1
44 68 2
44 69 6
44 70 4
44 71 1
44 72 7
44 73 1
44 74 7
44 75 2
44 76 9
44 77 10
44 78 8
44 79 5
44 80 10
44 81 9
44 82 2
44 85 4
44 86 1
44 87 3
44 89 5
44 90 4
44 91 6
44 93 3
44 94 3
44 95 7
44 97 7
44 98 4
44 99 6
44 100 4
45 46 9
45 47 4
45 48 8
45 49 7
45 50 4
45 51 4
45 52 9
45 53 6
45 54 3
45 55 9
45 56 9
45 57 8
45 58 3
45 59 7
45 60 6
45 61 5
45 62 5
45 63 5
45 64 6
45 66 4
45 67 10
45 68 7
45 69 7
45 70 3
45 71 3
45 72 10
45 73 9
45 74 1
45 75 1
45 76 1
45 77 7
45 78 3
45 79 8
45 81 7
45 82 7
45 83 4
45 84 7
45 85 1
45 86 8
45 87 2
45 88 5
45 89 3
45 90 2
45 91 7
45 92 5
45 93 9
45 94 6
45 95 9
45 96 3
45 97 8
45 98 10
45 99 9
45 100 2
46 47 7
46 49 2
46 50 2
46 52 6
46 54 4
46 55 5
46 56 10
46 57 10
46 58 5
46 59 10
46 61 5
46 64 6
46 65 7
46 66 2
46 67 8
46 68 2
46 69 5
46 70 5
46 71 2
46 72 5
46 73 2
46 74 4
46 75 9
46 76 5
46 77 2
46 78 2
46 79 3
46 80 5
46 81 10
46 82 5
46 83 4
46 84 6
46 85 3
46 86 10
46 87 2
46 88 6
46 91 3
46 93 7
46 94 3
46 95 2
46 99 8
47 48 7
47 49 4
47 50 5
47 51 7
47 52 6
47 53 8
47 54 1
47 55 3
47 56 3
47 57 8
47 58 4
47 59 6
47 60 3
47 62 10
47 63 3
47 64 6
47 65 9
47 67 4
47 68 8
47 69 4
47 70 5
47 71 5
47 73 8
47 74 10
47 75 2
47 76 3
47 77 5
47 80 8
47 82 4
47 84 6
47 85 6
47 86 4
47 87 7
47 88 9
47 89 7
47 90 3
47 92 6
47 93 9
47 94 6
47 95 8
47 96 1
47 98 1
47 99 9
48 49 9
48 50 5
48 51 2
48 53 6
48 54 4
48 55 6
48 57 8
48 59 8
48 60 7
48 61 4
48 63 7
48 64 7
48 65 4
48 66 4
48 67 8
48 68 4
48 69 5
48 70 10
48 71 3
48 72 7
48 73 4
48 74 2
48 75 6
48 76 6
48 77 2
48 78 2
48 79 6
48 81 3
48 82 7
48 83 6
48 84 4
48 85 5
48 86 7
48 87 6
48 88 1
48 89 2
48 90 3
48 91 9
48 92 4
48 93 1
48 94 8
48 95 6
48 96 7
48 97 8
48 98 2
48 99 5
48 100 2
49 50 8
49 51 9
49 52 7
49 53 4
49 54 9
49 55 1
49 56 4
49 57 8
49 58 8
49 59 10
49 60 10
49 63 3
49 64 5
49 65 1
49 66 8
49 67 5
49 69 4
49 71 8
49 73 7
49 74 1
49 75 7
49 76 7
49 77 10
49 78 3
49 80 8
49 82 6
49 83 9
49 84 8
49 86 2
49 87 4
49 88 7
49 90 1
49 91 8
49 92 10
49 93 9
49 94 10
49 95 3
49 96 9
49 97 9
49 98 2
49 99 6
49 100 9
50 51 1
50 53 3
50 54 4
50 56 7
50 59 3
50 60 10
50 61 4
50 63 1
50 64 1
50 65 9
50 66 6
50 67 5
50 68 5
50 69 1
50 71 4
50 72 1
50 73 4
50 74 1
50 75 9
50 76 10
50 77 2
50 78 7
50 79 10
50 80 6
50 83 6
50 84 6
50 85 1
50 86 3
50 87 5
50 88 3
50 89 5
50 90 9
50 91 9
50 92 6
50 93 10
50 94 5
50 95 4
50 96 9
50 97 2
50 98 5
51 54 3
51 55 9
51 56 7
51 57 3
51 58 1
51 59 1
51 60 6
51 61 1
51 62 1
51 63 10
51 64 8
51 65 8
51 66 3
51 67 3
51 68 4
51 69 7
51 70 9
51 71 3
51 72 4
51 74 3
51 75 7
51 78 3
51 80 4
51 81 1
51 82 5
51 83 2
51 84 8
51 85 8
51 86 4
51 87 7
51 90 1
51 91 7
51 92 8
51 93 5
51 94 7
51 95 7
51 96 8
51 97 7
51 98 6
51 99 6
52 53 7
52 54 5
52 55 10
52 56 7
52 57 3
52 58 10
52 61 3
52 62 8
52 65 3
52 67 4
52 68 6
52 69 3
52 70 1
52 73 7
52 74 10
52 75 7
52 76 1
52 77 3
52 78 2
52 79 3
52 80 1
52 81 7
52 82 8
52 83 6
52 84 9
52 85 8
52 86 9
52 87 6
52 88 7
52 89 1
52 90 5
52 91 10
52 92 6
52 93 2
52 95 10
52 96 3
52 97 7
52 99 5
52 100 4
53 54 2
53 55 9
53 56 5
53 59 9
53 60 1
53 61 8
53 62 7
53 63 5
53 64 2
53 65 4
53 66 3
53 67 1
53 68 8
53 70 2
53 73 4
53 74 1
53 75 4
53 76 3
53 77 2
53 78 6
53 79 4
53 81 7
53 88 5
53 89 9
53 90 9
53 91 3
53 92 9
53 93 4
53 94 8
53 95 9
53 96 10
53 98 5
53 99 1
53 100 7
54 55 1
54 57 10
54 58 8
54 60 8
54 62 7
54 65 3
54 66 4
54 67 10
54 68 4
54 70 5
54 71 10
54 72 7
54 73 2
54 74 2
54 75 1
54 76 10
54 77 4
54 78 7
54 79 9
54 81 4
54 83 7
54 84 8
54 85 7
54 86 7
54 87 1
54 88 3
54 92 2
54 93 3
54 94 1
54 95 1
54 96 8
54 97 7
54 98 1
54 99 2
54 100 6
55 56 6
55 57 8
55 58 7
55 59 10
55 62 6
55 63 10
55 64 9
55 65 1
55 66 2
55 67 4
55 68 5
55 70 7
55 71 2
55 73 9
55 74 7
55 75 3
55 76 6
55 77 5
55 78 6
55 79 6
55 80 5
55 81 1
55 82 7
55 84 8
55 85 1
55 86 6
55 87 10
55 88 1
55 89 3
55 90 5
55 91 6
55 92 5
55 94 9
55 95 1
55 96 2
55 97 6
55 99 1
55 100 4
56 58 1
56 60 2
56 61 1
56 62 8
56 63 6
56 64 8
56 65 2
56 66 5
56 68 9
56 69 10
56 70 3
56 71 3
56 72 9
56 73 1
56 74 4
56 75 4
56 76 6
56 77 9
56 84 5
56 85 6
56 86 9
56 87 5
56 88 6
56 89 8
56 91 7
56 93 6
56 94 2
56 95 10
56 97 3
56 98 6
56 99 7
56 100 9
57 58 6
57 60 4
57 61 8
57 62 10
57 63 3
57 64 9
57 65 10
57 66 1
57 67 9
57 68 5
57 69 4
57 70 4
57 71 7
57 72 8
57 73 2
57 76 9
57 79 1
57 80 3
57 81 7
57 82 8
57 83 5
57 84 3
57 87 6
57 88 9
57 89 9
57 90 9
57 92 5
57 93 2
57 95 9
57 96 1
57 98 6
57 99 10
57 100 4
58 59 7
58 60 1
58 61 3
58 62 3
58 63 5
58 64 4
58 65 5
58 66 3
58 67 4
58 68 5
58 69 7
58 71 3
58 72 3
58 73 2
58 74 3
58 76 1
58 77 5
58 79 1
58 81 8
58 82 9
58 84 8
58 85 5
58 87 9
58 88 5
58 89 3
58 91 1
58 93 10
58 94 1
58 95 10
58 98 3
58 100 4
59 61 7
59 62 8
59 64 8
59 66 6
59 67 9
59 68 6
59 69 3
59 70 7
59 71 1
59 75 10
59 77 4
59 78 4
59 79 10
59 80 4
59 81 10
59 82 1
59 83 7
59 84 8
59 85 4
59 86 8
59 87 7
59 88 10
59 89 1
59 90 9
59 91 1
59 92 6
59 93 6
59 95 9
59 96 10
59 97 6
59 98 8
59 99 8
59 100 1
60 61 9
60 62 7
60 64 10
60 65 5
60 66 8
60 67 10
60 69 10
60 71 2
60 72 10
60 74 9
60 76 2
60 77 10
60 78 8
60 80 5
60 81 3
60 84 7
60 86 5
60 87 1
60 88 1
60 89 4
60 91 10
60 92 7
60 93 2
60 94 10
60 95 10
60 97 6
60 98 4
60 100 4
61 62 7
61 64 8
61 67 6
61 68 4
61 69 2
61 70 6
61 71 5
61 72 3
61 73 3
61 74 6
61 77 3
61 79 1
61 80 1
61 81 9
61 82 10
61 83 8
61 84 6
61 85 5
61 86 10
61 87 1
61 88 2
61 90 6
61 91 4
61 92 5
61 93 1
61 94 5
61 95 1
61 96 2
61 97 1
61 99 5
61 100 4
62 63 7
62 65 2
62 66 8
62 68 4
62 70 2
62 71 10
62 72 4
62 74 3
62 75 1
62 76 4
62 78 2
62 80 6
62 81 8
62 83 4
62 84 2
62 85 9
62 87 8
62 88 4
62 89 8
62 91 1
62 92 4
62 94 2
62 95 1
62 96 5
62 97 7
62 98 7
62 99 9
62 100 9
63 64 1
63 65 10
63 66 10
63 67 5
63 68 10
63 69 8
63 70 10
63 71 5
63 72 4
63 73 9
63 74 3
63 76 2
63 77 2
63 79 10
63 80 5
63 81 8
63 83 3
63 84 7
63 85 10
63 86 6
63 88 3
63 89 4
63 90 3
63 91 5
63 93 9
63 95 3
63 97 5
63 98 4
63 99 9
64 65 6
64 66 8
64 67 6
64 68 6
64 69 8
64 70 10
64 71 4
64 73 10
64 76 10
64 77 9
64 78 6
64 79 1
64 80 1
64 82 10
64 83 10
64 84 4
64 87 6
64 88 10
64 89 10
64 90 7
64 91 4
64 92 6
64 93 3
64 95 7
64 96 10
64 97 7
64 98 1
64 99 1
65 66 3
65 68 3
65 69 5
65 70 7
65 71 2
65 72 2
65 74 6
65 75 8
65 76 8
65 77 6
65 79 6
65 80 10
65 82 4
65 83 2
65 84 1
65 85 3
65 86 1
65 87 6
65 88 8
65 89 9
65 90 6
65 91 9
65 92 2
65 93 5
65 96 9
65 97 1
65 98 7
65 99 7
65 100 10
66 67 10
66 72 7
66 73 10
66 74 2
66 75 3
66 76 6
66 77 2
66 79 6
66 80 4
66 81 3
66 82 8
66 83 4
66 84 4
66 85 7
66 86 6
66 87 7
66 89 1
66 90 2
66 91 5
66 92 4
66 93 6
66 94 8
66 95 10
66 96 1
66 97 8
66 98 7
66 99 1
66 100 5
67 68 9
67 69 8
67 70 4
67 72 8
67 74 8
67 75 6
67 77 5
67 80 6
67 81 4
67 82 6
67 83 8
67 84 2
67 85 9
67 87 10
67 92 2
67 93 4
67 94 7
67 95 7
67 96 5
67 97 1
67 98 2
67 99 7
68 71 6
68 72 2
68 73 1
68 74 5
68 76 6
68 77 6
68 78 6
68 79 5
68 80 2
68 81 2
68 82 10
68 83 5
68 85 10
68 86 2
68 87 7
68 88 7
68 89 7
68 90 5
68 92 1
68 93 3
68 94 9
68 95 1
68 96 7
68 97 6
68 100 10
69 70 5
69 71 7
69 72 7
69 73 6
69 74 7
69 75 4
69 76 9
69 77 10
69 78 6
69 79 1
69 80 5
69 82 3
69 83 3
69 84 5
69 85 10
69 86 6
69 87 5
69 88 4
69 89 1
69 90 5
69 91 9
69 92 3
69 93 8
69 94 4
69 95 8
69 96 2
69 97 4
69 98 9
69 99 2
69 100 9
70 71 9
70 72 2
70 73 4
70 74 5
70 75 8
70 76 5
70 79 8
70 80 1
70 81 6
70 82 5
70 84 6
70 87 9
70 88 10
70 89 9
70 90 9
70 91 7
70 92 4
70 93 5
70 94 5
70 95 7
70 96 3
70 97 4
70 98 1
70 99 5
70 100 8
71 72 10
71 73 6
71 74 5
71 76 5
71 78 5
71 79 10
71 80 7
71 81 8
71 82 10
71 83 2
71 84 3
71 85 5
71 86 6
71 87 8
71 88 6
71 90 6
71 92 8
71 93 9
71 94 10
71 95 5
71 96 7
71 97 5
71 98 10
71 99 8
71 100 6
72 74 9
72 76 5
72 77 5
72 78 9
72 79 10
72 80 7
72 81 5
72 82 6
72 83 9
72 84 7
72 85 8
72 86 7
72 87 6
72 88 4
72 90 7
72 91 10
72 92 4
72 93 8
72 97 4
72 98 1
72 99 5
72 100 10
73 74 9
73 75 10
73 77 8
73 78 2
73 79 10
73 80 9
73 81 9
73 83 7
73 84 9
73 85 3
73 86 2
73 87 3
73 88 2
73 89 5
73 90 5
73 91 7
73 93 7
73 94 8
73 96 6
73 97 2
73 98 3
73 99 9
73 100 6
74 75 2
74 76 8
74 77 7
74 78 9
74 79 2
74 81 3
74 82 1
74 83 4
74 84 8
74 85 2
74 86 9
74 87 8
74 88 1
74 89 8
74 91 4
74 92 2
74 93 10
74 96 4
74 97 7
74 98 1
74 99 4
74 100 8
75 76 1
75 77 5
75 78 7
75 79 3
75 81 10
75 82 3
75 83 4
75 84 6
75 85 10
75 86 7
75 88 7
75 89 9
75 90 9
75 91 6
75 94 1
75 95 9
75 97 1
75 99 10
75 100 1
76 77 1
76 78 10
76 79 3
76 81 3
76 82 8
76 83 1
76 84 4
76 85 5
76 86 10
76 87 10
76 88 2
76 89 5
76 90 10
76 91 7
76 92 7
76 93 4
76 94 1
76 95 5
76 97 10
76 98 1
76 99 10
77 79 6
77 82 10
77 84 8
77 86 8
77 87 6
77 89 7
77 91 3
77 92 9
77 93 2
77 94 8
77 95 7
77 97 4
77 98 2
77 99 1
77 100 7
78 79 6
78 80 9
78 81 4
78 82 8
78 83 4
78 84 6
78 86 2
78 87 3
78 88 9
78 89 7
78 90 1
78 91 10
78 92 5
78 93 6
78 95 5
78 96 8
78 97 4
78 99 10
78 100 5
79 80 1
79 81 7
79 82 8
79 83 1
79 84 6
79 85 3
79 86 7
79 87 6
79 88 7
79 89 10
79 90 2
79 91 3
79 92 10
79 93 9
79 95 10
79 96 9
79 97 8
79 98 3
79 99 10
79 100 4
80 81 1
80 82 6
80 83 7
80 84 1
80 85 10
80 88 5
80 89 8
80 90 5
80 91 4
80 92 3
80 93 2
80 94 7
80 95 4
80 96 5
80 97 7
80 98 2
80 99 10
80 100 9
81 82 2
81 83 10
81 84 4
81 85 2
81 86 10
81 87 5
81 88 7
81 90 3
81 91 10
81 92 5
81 94 2
81 96 2
81 97 5
81 98 8
81 99 3
81 100 2
82 83 6
82 84 5
82 86 7
82 88 8
82 89 6
82 90 6
82 91 4
82 92 8
82 93 6
82 94 1
82 95 3
82 96 2
82 98 10
82 99 5
82 100 3
83 84 6
83 85 6
83 86 7
83 89 4
83 90 3
83 91 1
83 92 8
83 93 7
83 94 2
83 96 4
83 97 8
83 98 4
83 99 3
83 100 5
84 85 9
84 86 10
84 88 8
84 89 2
84 91 8
84 92 1
84 94 2
84 96 10
84 97 4
84 98 6
84 99 9
84 100 10
85 86 3
85 87 9
85 89 10
85 90 3
85 92 2
85 94 9
85 95 4
85 96 9
85 97 5
85 99 8
85 100 5
86 87 9
86 88 9
86 91 2
86 92 6
86 93 10
86 94 8
86 96 3
86 97 8
86 99 2
86 100 9
87 88 5
87 89 1
87 91 7
87 92 8
87 93 8
87 94 6
87 95 9
87 96 2
87 97 2
87 99 4
87 100 4
88 89 6
88 90 6
88 91 6
88 92 2
88 93 4
88 95 2
88 96 6
88 97 7
88 98 8
88 99 8
89 91 9
89 92 2
89 93 3
89 97 1
89 98 4
89 99 9
89 100 2
90 91 8
90 92 2
90 93 5
90 95 9
90 97 2
90 98 6
90 99 6
90 100 7
91 92 6
91 93 6
91 94 9
91 95 8
91 96 5
91 98 1
91 99 1
92 95 6
92 96 8
92 98 6
93 94 2
93 95 9
93 96 4
93 97 3
93 98 8
93 99 3
93 100 2
94 95 2
94 97 4
94 98 8
94 99 5
94 100 6
95 96 2
95 98 9
95 99 5
95 100 1
96 97 10
96 98 8
96 99 4
96 100 9
97 98 10
97 99 8
98 99 6
98 100 4
99 100 7
